tick_number,elapsed_ns,tick_interval_ns,cache_hits_delta,bucket_hits_delta,word_executions_delta,hot_word_count,avg_word_heat,window_width,prefetch_hits_delta,jitter_ns,l8_mode,K_approx,K_deviation
0,493889,0,0,0,0,0,0.000000,16384,0,0,0,1.000000,0.000000
1,50030494,49536605,1477,1929,82710,0,0.000000,16384,70433,48536605,0,1.000000,0.000000
2,51104928,1074434,0,0,1864,0,0.000000,16384,1679,74434,0,1.000000,0.000000
3,52164738,1059810,0,0,1825,0,0.000000,16384,1606,59810,0,1.000000,0.000000
4,53222573,1057835,0,0,1820,0,0.000000,16384,1596,57835,0,1.000000,0.000000
5,54281108,1058535,0,0,1814,0,0.000000,16384,1630,58535,4,1.000000,0.000000
6,55338991,1057883,0,0,1831,0,0.000000,16384,1655,57883,4,1.000000,0.000000
7,56426425,1087434,0,0,1916,0,0.000000,16384,1716,87434,4,1.000000,0.000000
8,57515505,1089080,0,0,1962,0,0.000000,16384,1738,89080,4,1.000000,0.000000
9,58604945,1089440,0,0,1981,0,0.000000,16384,1757,89440,4,1.000000,0.000000
10,59696892,1091947,0,0,1920,0,0.000000,16384,1696,91947,4,1.000000,0.000000
11,60785066,1088174,0,0,1944,0,0.000000,16384,1720,88174,4,1.000000,0.000000
12,61847071,1062005,0,0,1931,0,0.000000,16384,1724,62005,4,1.000000,0.000000
13,62909279,1062208,0,0,1924,0,0.000000,16384,1726,62208,4,1.000000,0.000000
14,63971500,1062221,0,0,1915,0,0.000000,16384,1721,62221,4,1.000000,0.000000
15,65032338,1060838,0,0,1903,0,0.000000,16384,1710,60838,4,1.000000,0.000000
16,66091265,1058927,0,0,1836,0,0.000000,16384,1620,58927,4,1.000000,0.000000
17,67147901,1056636,0,0,1830,0,0.000000,16384,1606,56636,4,1.000000,0.000000
18,68206683,1058782,0,0,1698,0,0.000000,16384,1533,58782,4,1.000000,0.000000
19,69264346,1057663,0,0,1822,0,0.000000,16384,1645,57663,4,1.000000,0.000000
20,70320452,1056106,0,0,1835,0,0.000000,16384,1617,56106,4,1.000000,0.000000
21,71390056,1069604,0,0,1854,0,0.000000,16384,1630,69604,4,1.000000,0.000000
22,72446789,1056733,0,0,1829,0,0.000000,16384,1633,56733,4,1.000000,0.000000
23,73503753,1056964,0,0,1829,0,0.000000,16384,1653,56964,4,1.000000,0.000000
24,74559871,1056118,0,0,1815,0,0.000000,16384,1627,56118,4,1.000000,0.000000
25,75615738,1055867,0,0,1830,0,0.000000,16384,1605,55867,4,1.000000,0.000000
26,76672326,1056588,0,0,1777,0,0.000000,16384,1571,56588,4,1.000000,0.000000
27,77729088,1056762,0,0,1829,0,0.000000,16384,1653,56762,4,1.000000,0.000000
28,78786457,1057369,0,0,1822,0,0.000000,16384,1645,57369,4,1.000000,0.000000
29,79847269,1060812,0,0,1756,0,0.000000,16384,1532,60812,4,1.000000,0.000000
30,80908787,1061518,0,0,1842,0,0.000000,16384,1625,61518,4,1.000000,0.000000
31,81977013,1068226,0,0,1848,0,0.000000,16384,1665,68226,4,1.000000,0.000000
32,83033913,1056900,0,0,1833,0,0.000000,16384,1656,56900,4,1.000000,0.000000
33,84090440,1056527,0,0,1818,0,0.000000,16384,1611,56527,4,1.000000,0.000000
34,85146832,1056392,0,0,1734,0,0.000000,16384,1510,56392,4,1.000000,0.000000
35,86204862,1058030,0,0,1760,0,0.000000,16384,1597,58030,4,1.000000,0.000000
36,87261833,1056971,0,0,1831,0,0.000000,16384,1652,56971,4,1.000000,0.000000
37,88320827,1058994,0,0,1734,0,0.000000,16384,1516,58994,4,1.000000,0.000000
38,89377822,1056995,0,0,1776,0,0.000000,16384,1570,56995,4,1.000000,0.000000
39,90434967,1057145,0,0,1719,0,0.000000,16384,1565,57145,4,1.000000,0.000000
40,91493281,1058314,0,0,1673,0,0.000000,16384,1473,58314,4,1.000000,0.000000
41,92559609,1066328,0,0,1804,0,0.000000,16384,1587,66328,4,1.000000,0.000000
42,93615673,1056064,0,0,1827,0,0.000000,16384,1649,56064,4,1.000000,0.000000
43,94671261,1055588,0,0,1808,0,0.000000,16384,1636,55588,4,1.000000,0.000000
44,95728083,1056822,0,0,1833,0,0.000000,16384,1616,56822,4,1.000000,0.000000
45,96784057,1055974,0,0,1831,0,0.000000,16384,1606,55974,4,1.000000,0.000000
46,97840078,1056021,0,0,1831,0,0.000000,16384,1639,56021,4,1.000000,0.000000
47,98896027,1055949,0,0,1832,0,0.000000,16384,1655,55949,4,1.000000,0.000000
48,99951886,1055859,0,0,1820,0,0.000000,16384,1630,55859,4,1.000000,0.000000
49,101007656,1055770,0,0,1829,0,0.000000,16384,1605,55770,4,1.000000,0.000000
50,102063549,1055893,0,0,1831,0,0.000000,16384,1615,55893,4,1.000000,0.000000
51,103136051,1072502,0,0,1858,0,0.000000,16384,1674,72502,4,1.000000,0.000000
52,104193542,1057491,0,0,1833,0,0.000000,16384,1656,57491,4,1.000000,0.000000
53,105249505,1055963,0,0,1814,0,0.000000,16384,1607,55963,4,1.000000,0.000000
54,106305322,1055817,0,0,1827,0,0.000000,16384,1603,55817,4,1.000000,0.000000
55,107361335,1056013,0,0,1813,0,0.000000,16384,1619,56013,4,1.000000,0.000000
56,108426592,1065257,0,0,1694,0,0.000000,16384,1544,65257,4,1.000000,0.000000
57,109489276,1062684,0,0,1639,0,0.000000,16384,1423,62684,4,1.000000,0.000000
58,110548502,1059226,0,0,1670,0,0.000000,16384,1505,59226,4,1.000000,0.000000
59,111637393,1088891,0,0,1835,0,0.000000,16384,1655,88891,4,1.000000,0.000000
60,112702843,1065450,0,0,1829,0,0.000000,16384,1614,65450,4,1.000000,0.000000
61,113779090,1076247,0,0,1836,0,0.000000,16384,1612,76247,4,1.000000,0.000000
62,114840432,1061342,0,0,1811,0,0.000000,16384,1621,61342,4,1.000000,0.000000
63,115903856,1063424,0,0,1803,0,0.000000,16384,1632,63424,4,1.000000,0.000000
64,116966882,1063026,0,0,1793,0,0.000000,16384,1594,63026,4,1.000000,0.000000
65,118028178,1061296,0,0,1679,0,0.000000,16384,1462,61296,4,1.000000,0.000000
66,119090274,1062096,0,0,1629,0,0.000000,16384,1493,62096,4,1.000000,0.000000
67,120154169,1063895,0,0,1606,0,0.000000,16384,1399,63895,4,1.000000,0.000000
68,121214330,1060161,0,0,1750,0,0.000000,16384,1564,60161,4,1.000000,0.000000
69,122271319,1056989,0,0,1827,0,0.000000,16384,1650,56989,4,1.000000,0.000000
70,123327813,1056494,0,0,1827,0,0.000000,16384,1630,56494,4,1.000000,0.000000
71,124395979,1068166,0,0,1832,0,0.000000,16384,1608,68166,4,1.000000,0.000000
72,125453289,1057310,0,0,1830,0,0.000000,16384,1619,57310,4,1.000000,0.000000
73,126509501,1056212,0,0,1815,0,0.000000,16384,1642,56212,4,1.000000,0.000000
74,127565615,1056114,0,0,1827,0,0.000000,16384,1651,56114,4,1.000000,0.000000
75,128624524,1058909,0,0,1754,0,0.000000,16384,1530,58909,4,1.000000,0.000000
76,129671213,1046689,0,0,1809,0,0.000000,16384,1597,46689,4,1.000000,0.000000
77,130729671,1058458,0,0,1826,0,0.000000,16384,1650,58458,4,1.000000,0.000000
78,131786684,1057013,0,0,1829,0,0.000000,16384,1651,57013,4,1.000000,0.000000
79,132843201,1056517,0,0,1825,0,0.000000,16384,1607,56517,4,1.000000,0.000000
80,133899484,1056283,0,0,1827,0,0.000000,16384,1602,56283,4,1.000000,0.000000
81,134965127,1065643,0,0,1841,0,0.000000,16384,1651,65643,4,1.000000,0.000000
82,136022350,1057223,0,0,1812,0,0.000000,16384,1639,57223,4,1.000000,0.000000
83,137078756,1056406,0,0,1829,0,0.000000,16384,1633,56406,4,1.000000,0.000000
84,138134679,1055923,0,0,1831,0,0.000000,16384,1607,55923,4,1.000000,0.000000
85,139190346,1055667,0,0,1827,0,0.000000,16384,1615,55667,4,1.000000,0.000000
86,140246338,1055992,0,0,1830,0,0.000000,16384,1653,55992,4,1.000000,0.000000
87,141302009,1055671,0,0,1831,0,0.000000,16384,1653,55671,4,1.000000,0.000000
88,142358667,1056658,0,0,1832,0,0.000000,16384,1615,56658,4,1.000000,0.000000
89,143414745,1056078,0,0,1830,0,0.000000,16384,1606,56078,4,1.000000,0.000000
90,144471452,1056707,0,0,1833,0,0.000000,16384,1641,56707,4,1.000000,0.000000
91,145534478,1063026,0,0,1731,0,0.000000,16384,1574,63026,4,1.000000,0.000000
92,146593032,1058554,0,0,1771,0,0.000000,16384,1559,58554,4,1.000000,0.000000
93,147651130,1058098,0,0,1819,0,0.000000,16384,1596,58098,4,1.000000,0.000000
94,148679344,1028214,0,0,1587,0,0.000000,16384,1454,28214,4,1.000000,0.000000
95,149745619,1066275,0,0,1833,0,0.000000,16384,1630,66275,4,1.000000,0.000000
96,150807360,1061741,0,0,1807,0,0.000000,16384,1583,61741,4,1.000000,0.000000
97,151865120,1057760,0,0,1835,0,0.000000,16384,1633,57760,4,1.000000,0.000000
98,152922570,1057450,0,0,1835,0,0.000000,16384,1657,57450,4,1.000000,0.000000
99,153978814,1056244,0,0,1831,0,0.000000,16384,1651,56244,4,1.000000,0.000000
100,155036944,1058130,0,0,1800,0,0.000000,16384,1576,58130,4,1.000000,0.000000
101,156103904,1066960,0,0,1838,0,0.000000,16384,1614,66960,4,1.000000,0.000000
102,157164164,1060260,0,0,1835,0,0.000000,16384,1656,60260,4,1.000000,0.000000
103,158224478,1060314,0,0,1839,0,0.000000,16384,1660,60314,4,1.000000,0.000000
104,159281241,1056763,0,0,1814,0,0.000000,16384,1612,56763,4,1.000000,0.000000
105,160337964,1056723,0,0,1785,0,0.000000,16384,1561,56723,4,1.000000,0.000000
106,161398560,1060596,0,0,1833,0,0.000000,16384,1639,60596,4,1.000000,0.000000
107,162460224,1061664,0,0,1842,0,0.000000,16384,1663,61664,4,1.000000,0.000000
108,163517624,1057400,0,0,1837,0,0.000000,16384,1650,57400,4,1.000000,0.000000
109,164573822,1056198,0,0,1820,0,0.000000,16384,1596,56198,4,1.000000,0.000000
110,165629966,1056144,0,0,1832,0,0.000000,16384,1609,56144,4,1.000000,0.000000
111,166671166,1041200,0,0,1804,0,0.000000,16384,1632,41200,4,1.000000,0.000000
112,167727614,1056448,0,0,1836,0,0.000000,16384,1658,56448,4,1.000000,0.000000
113,168786304,1058690,0,0,1722,0,0.000000,16384,1511,58690,4,1.000000,0.000000
114,169844524,1058220,0,0,1837,0,0.000000,16384,1613,58220,4,1.000000,0.000000
115,170900738,1056214,0,0,1835,0,0.000000,16384,1657,56214,4,1.000000,0.000000
116,171957380,1056642,0,0,1829,0,0.000000,16384,1652,56642,4,1.000000,0.000000
117,173013687,1056307,0,0,1835,0,0.000000,16384,1629,56307,4,1.000000,0.000000
118,174069657,1055970,0,0,1815,0,0.000000,16384,1592,55970,4,1.000000,0.000000
119,175125529,1055872,0,0,1825,0,0.000000,16384,1626,55872,4,1.000000,0.000000
120,176181747,1056218,0,0,1814,0,0.000000,16384,1640,56218,4,1.000000,0.000000
121,177246072,1064325,0,0,1843,0,0.000000,16384,1656,64325,4,1.000000,0.000000
122,178302056,1055984,0,0,1824,0,0.000000,16384,1600,55984,4,1.000000,0.000000
123,179359061,1057005,0,0,1822,0,0.000000,16384,1600,57005,4,1.000000,0.000000
124,180415138,1056077,0,0,1828,0,0.000000,16384,1650,56077,4,1.000000,0.000000
125,181471073,1055935,0,0,1825,0,0.000000,16384,1650,55935,4,1.000000,0.000000
126,182528210,1057137,0,0,1834,0,0.000000,16384,1625,57137,4,1.000000,0.000000
127,183584334,1056124,0,0,1837,0,0.000000,16384,1613,56124,4,1.000000,0.000000
128,184676041,1091707,0,0,1886,0,0.000000,16384,1673,91707,4,1.000000,0.000000
129,185708051,1032010,0,0,1767,0,0.000000,16384,1604,32010,4,1.000000,0.000000
130,186768997,1060946,0,0,1668,0,0.000000,16384,1484,60946,4,1.000000,0.000000
131,187838415,1069418,0,0,1821,0,0.000000,16384,1597,69418,4,1.000000,0.000000
132,188901206,1062791,0,0,1735,0,0.000000,16384,1564,62791,4,1.000000,0.000000
133,189961729,1060523,0,0,1675,0,0.000000,16384,1510,60523,4,1.000000,0.000000
134,191019025,1057296,0,0,1673,0,0.000000,16384,1449,57296,4,1.000000,0.000000
135,192075447,1056422,0,0,1779,0,0.000000,16384,1612,56422,4,1.000000,0.000000
136,193131917,1056470,0,0,1819,0,0.000000,16384,1643,56470,4,1.000000,0.000000
137,194187494,1055577,0,0,1833,0,0.000000,16384,1616,55577,4,1.000000,0.000000
138,195243573,1056079,0,0,1745,0,0.000000,16384,1525,56079,4,1.000000,0.000000
139,196299507,1055934,0,0,1838,0,0.000000,16384,1658,55934,4,1.000000,0.000000
140,197385876,1086369,0,0,1943,0,0.000000,16384,1743,86369,4,1.000000,0.000000
141,198485217,1099341,0,0,1979,0,0.000000,16384,1770,99341,4,1.000000,0.000000
142,199577954,1092737,0,0,1977,0,0.000000,16384,1770,92737,4,1.000000,0.000000
143,200665307,1087353,0,0,1979,0,0.000000,16384,1762,87353,4,1.000000,0.000000
144,201729507,1064200,0,0,1818,0,0.000000,16384,1595,64200,4,1.000000,0.000000
145,202791701,1062194,0,0,1934,0,0.000000,16384,1710,62194,4,1.000000,0.000000
146,203854011,1062310,0,0,1928,0,0.000000,16384,1712,62310,4,1.000000,0.000000
147,204916214,1062203,0,0,1908,0,0.000000,16384,1714,62203,4,1.000000,0.000000
148,205978539,1062325,0,0,1906,0,0.000000,16384,1715,62325,4,1.000000,0.000000
149,207038215,1059676,0,0,1835,0,0.000000,16384,1652,59676,4,1.000000,0.000000
150,208094914,1056699,0,0,1698,0,0.000000,16384,1474,56699,4,1.000000,0.000000
151,209160363,1065449,0,0,1742,0,0.000000,16384,1621,65449,4,1.000000,0.000000
152,210218185,1057822,0,0,1815,0,0.000000,16384,1591,57822,4,1.000000,0.000000
153,211275682,1057497,0,0,1774,0,0.000000,16384,1594,57497,4,1.000000,0.000000
154,212331993,1056311,0,0,1828,0,0.000000,16384,1651,56311,4,1.000000,0.000000
155,213388347,1056354,0,0,1823,0,0.000000,16384,1620,56354,4,1.000000,0.000000
156,214444627,1056280,0,0,1834,0,0.000000,16384,1610,56280,4,1.000000,0.000000
157,215500822,1056195,0,0,1829,0,0.000000,16384,1625,56195,4,1.000000,0.000000
158,216556490,1055668,0,0,1820,0,0.000000,16384,1645,55668,4,1.000000,0.000000
159,217612347,1055857,0,0,1823,0,0.000000,16384,1641,55857,4,1.000000,0.000000
160,218669570,1057223,0,0,1814,0,0.000000,16384,1591,57223,4,1.000000,0.000000
161,219744867,1075297,0,0,1759,0,0.000000,16384,1551,75297,4,1.000000,0.000000
162,220809197,1064330,0,0,1612,0,0.000000,16384,1479,64330,4,1.000000,0.000000
163,221869165,1059968,0,0,1790,0,0.000000,16384,1571,59968,4,1.000000,0.000000
164,222927757,1058592,0,0,1774,0,0.000000,16384,1559,58592,4,1.000000,0.000000
165,223985364,1057607,0,0,1757,0,0.000000,16384,1595,57607,4,1.000000,0.000000
166,225042418,1057054,0,0,1784,0,0.000000,16384,1601,57054,4,1.000000,0.000000
167,226098720,1056302,0,0,1769,0,0.000000,16384,1545,56302,4,1.000000,0.000000
168,227154446,1055726,0,0,1822,0,0.000000,16384,1620,55726,4,1.000000,0.000000
169,228210177,1055731,0,0,1828,0,0.000000,16384,1651,55731,4,1.000000,0.000000
170,229269462,1059285,0,0,1702,0,0.000000,16384,1521,59285,4,1.000000,0.000000
171,230339418,1069956,0,0,1713,0,0.000000,16384,1489,69956,4,1.000000,0.000000
172,231396071,1056653,0,0,1771,0,0.000000,16384,1607,56653,4,1.000000,0.000000
173,232452732,1056661,0,0,1827,0,0.000000,16384,1649,56661,4,1.000000,0.000000
174,233508904,1056172,0,0,1822,0,0.000000,16384,1604,56172,4,1.000000,0.000000
175,234565043,1056139,0,0,1796,0,0.000000,16384,1572,56139,4,1.000000,0.000000
176,235621422,1056379,0,0,1822,0,0.000000,16384,1642,56379,4,1.000000,0.000000
177,236672341,1050919,0,0,1797,0,0.000000,16384,1627,50919,4,1.000000,0.000000
178,237729248,1056907,0,0,1822,0,0.000000,16384,1612,56907,4,1.000000,0.000000
179,238785465,1056217,0,0,1827,0,0.000000,16384,1603,56217,4,1.000000,0.000000
180,239841314,1055849,0,0,1823,0,0.000000,16384,1628,55849,4,1.000000,0.000000
181,240902017,1060703,0,0,1830,0,0.000000,16384,1654,60703,4,1.000000,0.000000
182,241965253,1063236,0,0,1754,0,0.000000,16384,1565,63236,4,1.000000,0.000000
183,243060636,1095383,0,0,1524,0,0.000000,16384,1335,95383,4,1.000000,0.000000
184,244128446,1067810,0,0,1429,0,0.000000,16384,1282,67810,4,1.000000,0.000000
185,245203894,1075448,0,0,1415,0,0.000000,16384,1277,75448,4,1.000000,0.000000
186,246273573,1069679,0,0,1510,0,0.000000,16384,1312,69679,4,1.000000,0.000000
187,247345279,1071706,0,0,1378,0,0.000000,16384,1266,71706,4,1.000000,0.000000
188,248412593,1067314,0,0,1479,0,0.000000,16384,1288,67314,4,1.000000,0.000000
189,249475563,1062970,0,0,1532,0,0.000000,16384,1387,62970,4,1.000000,0.000000
190,250536571,1061008,0,0,1545,0,0.000000,16384,1355,61008,4,1.000000,0.000000
191,251618828,1082257,0,0,1694,0,0.000000,16384,1545,82257,4,1.000000,0.000000
192,252673093,1054265,0,0,1553,0,0.000000,16384,1332,54265,4,1.000000,0.000000
193,253733197,1060104,0,0,1491,0,0.000000,16384,1379,60104,4,1.000000,0.000000
194,254793712,1060515,0,0,1667,0,0.000000,16384,1443,60515,4,1.000000,0.000000
195,255851392,1057680,0,0,1663,0,0.000000,16384,1506,57680,4,1.000000,0.000000
196,256909557,1058165,0,0,1486,0,0.000000,16384,1306,58165,4,1.000000,0.000000
197,257974182,1064625,0,0,1610,0,0.000000,16384,1452,64625,4,1.000000,0.000000
198,259040174,1065992,0,0,1535,0,0.000000,16384,1358,65992,4,1.000000,0.000000
199,260106284,1066110,0,0,1628,0,0.000000,16384,1451,66110,4,1.000000,0.000000
200,261169584,1063300,0,0,1551,0,0.000000,16384,1392,63300,4,1.000000,0.000000
201,262246956,1077372,0,0,1637,0,0.000000,16384,1439,77372,4,1.000000,0.000000
202,263305520,1058564,0,0,1664,0,0.000000,16384,1521,58564,4,1.000000,0.000000
203,264362707,1057187,0,0,1660,0,0.000000,16384,1441,57187,4,1.000000,0.000000
204,265420006,1057299,0,0,1650,0,0.000000,16384,1488,57299,4,1.000000,0.000000
205,266483247,1063241,0,0,1684,0,0.000000,16384,1510,63241,4,1.000000,0.000000
206,267544982,1061735,0,0,1503,0,0.000000,16384,1318,61735,4,1.000000,0.000000
207,268603748,1058766,0,0,1649,0,0.000000,16384,1498,58766,4,1.000000,0.000000
208,269665379,1061631,0,0,1496,0,0.000000,16384,1299,61631,4,1.000000,0.000000
209,270734437,1069058,0,0,1446,0,0.000000,16384,1307,69058,4,1.000000,0.000000
210,271798572,1064135,0,0,1536,0,0.000000,16384,1358,64135,4,1.000000,0.000000
211,272891327,1092755,0,0,1600,0,0.000000,16384,1442,92755,4,1.000000,0.000000
212,273949647,1058320,0,0,1569,0,0.000000,16384,1375,58320,4,1.000000,0.000000
213,275007493,1057846,0,0,1660,0,0.000000,16384,1518,57846,4,1.000000,0.000000
214,276064662,1057169,0,0,1664,0,0.000000,16384,1440,57169,4,1.000000,0.000000
215,277121598,1056936,0,0,1667,0,0.000000,16384,1505,56936,4,1.000000,0.000000
216,278178231,1056633,0,0,1670,0,0.000000,16384,1496,56633,4,1.000000,0.000000
217,279234725,1056494,0,0,1670,0,0.000000,16384,1454,56494,4,1.000000,0.000000
218,280291242,1056517,0,0,1664,0,0.000000,16384,1521,56517,4,1.000000,0.000000
219,281347854,1056612,0,0,1664,0,0.000000,16384,1463,56612,4,1.000000,0.000000
220,282404407,1056553,0,0,1473,0,0.000000,16384,1328,56553,4,1.000000,0.000000
221,283466444,1062037,0,0,1682,0,0.000000,16384,1491,62037,4,1.000000,0.000000
222,284559649,1093205,0,0,1784,0,0.000000,16384,1559,93205,4,1.000000,0.000000
223,285650537,1090888,0,0,1834,0,0.000000,16384,1655,90888,4,1.000000,0.000000
224,286675226,1024689,0,0,1547,0,0.000000,16384,1391,24689,4,1.000000,0.000000
225,287733219,1057993,0,0,1667,0,0.000000,16384,1461,57993,4,1.000000,0.000000
226,288793566,1060347,0,0,1814,0,0.000000,16384,1641,60347,4,1.000000,0.000000
227,289859146,1065580,0,0,1620,0,0.000000,16384,1439,65580,4,1.000000,0.000000
228,290920997,1061851,0,0,1640,0,0.000000,16384,1448,61851,4,1.000000,0.000000
229,291978603,1057606,0,0,1611,0,0.000000,16384,1467,57606,4,1.000000,0.000000
230,293035686,1057083,0,0,1666,0,0.000000,16384,1442,57083,4,1.000000,0.000000
231,294108842,1073156,0,0,1689,0,0.000000,16384,1534,73156,4,1.000000,0.000000
232,295166052,1057210,0,0,1598,0,0.000000,16384,1417,57210,4,1.000000,0.000000
233,296222695,1056643,0,0,1643,0,0.000000,16384,1454,56643,4,1.000000,0.000000
234,297278962,1056267,0,0,1719,0,0.000000,16384,1565,56267,4,1.000000,0.000000
235,298336047,1057085,0,0,1801,0,0.000000,16384,1584,57085,4,1.000000,0.000000
236,299393039,1056992,0,0,1773,0,0.000000,16384,1553,56992,4,1.000000,0.000000
237,300449067,1056028,0,0,1806,0,0.000000,16384,1633,56028,4,1.000000,0.000000
238,301504921,1055854,0,0,1831,0,0.000000,16384,1654,55854,4,1.000000,0.000000
239,302561081,1056160,0,0,1826,0,0.000000,16384,1611,56160,4,1.000000,0.000000
240,303617745,1056664,0,0,1822,0,0.000000,16384,1599,56664,4,1.000000,0.000000
241,304670948,1053203,0,0,1811,0,0.000000,16384,1623,53203,4,1.000000,0.000000
242,305727546,1056598,0,0,1826,0,0.000000,16384,1649,56598,4,1.000000,0.000000
243,306783741,1056195,0,0,1825,0,0.000000,16384,1630,56195,4,1.000000,0.000000
244,307839654,1055913,0,0,1827,0,0.000000,16384,1603,55913,4,1.000000,0.000000
245,308895677,1056023,0,0,1821,0,0.000000,16384,1612,56023,4,1.000000,0.000000
246,309954286,1058609,0,0,1729,0,0.000000,16384,1573,58609,4,1.000000,0.000000
247,311011757,1057471,0,0,1831,0,0.000000,16384,1636,57471,4,1.000000,0.000000
248,312068532,1056775,0,0,1702,0,0.000000,16384,1478,56775,4,1.000000,0.000000
249,313125208,1056676,0,0,1827,0,0.000000,16384,1639,56676,4,1.000000,0.000000
250,314181783,1056575,0,0,1778,0,0.000000,16384,1612,56575,4,1.000000,0.000000
251,315246538,1064755,0,0,1811,0,0.000000,16384,1605,64755,4,1.000000,0.000000
252,316302753,1056215,0,0,1831,0,0.000000,16384,1607,56215,4,1.000000,0.000000
253,317358974,1056221,0,0,1832,0,0.000000,16384,1633,56221,4,1.000000,0.000000
254,318414904,1055930,0,0,1823,0,0.000000,16384,1648,55930,4,1.000000,0.000000
255,319470872,1055968,0,0,1822,0,0.000000,16384,1636,55968,4,1.000000,0.000000
256,320533291,1062419,0,0,1677,0,0.000000,16384,1453,62419,4,1.000000,0.000000
257,321595040,1061749,0,0,1794,0,0.000000,16384,1611,61749,4,1.000000,0.000000
258,322652355,1057315,0,0,1828,0,0.000000,16384,1652,57315,4,1.000000,0.000000
259,323672414,1020059,0,0,1758,0,0.000000,16384,1557,20059,4,1.000000,0.000000
260,324731741,1059327,0,0,1701,0,0.000000,16384,1489,59327,4,1.000000,0.000000
261,325812612,1080871,0,0,1712,0,0.000000,16384,1559,80871,4,1.000000,0.000000
262,326870623,1058011,0,0,1829,0,0.000000,16384,1634,58011,4,1.000000,0.000000
263,327926932,1056309,0,0,1829,0,0.000000,16384,1605,56309,4,1.000000,0.000000
264,328983122,1056190,0,0,1829,0,0.000000,16384,1616,56190,4,1.000000,0.000000
265,330040361,1057239,0,0,1764,0,0.000000,16384,1601,57239,4,1.000000,0.000000
266,331097250,1056889,0,0,1822,0,0.000000,16384,1638,56889,4,1.000000,0.000000
267,332153024,1055774,0,0,1823,0,0.000000,16384,1599,55774,4,1.000000,0.000000
268,333209215,1056191,0,0,1830,0,0.000000,16384,1607,56191,4,1.000000,0.000000
269,334265061,1055846,0,0,1810,0,0.000000,16384,1637,55846,4,1.000000,0.000000
270,335320712,1055651,0,0,1834,0,0.000000,16384,1656,55651,4,1.000000,0.000000
271,336385357,1064645,0,0,1796,0,0.000000,16384,1586,64645,4,1.000000,0.000000
272,337441602,1056245,0,0,1774,0,0.000000,16384,1550,56245,4,1.000000,0.000000
273,338497350,1055748,0,0,1778,0,0.000000,16384,1609,55748,4,1.000000,0.000000
274,339553084,1055734,0,0,1821,0,0.000000,16384,1646,55734,4,1.000000,0.000000
275,340608781,1055697,0,0,1823,0,0.000000,16384,1606,55697,4,1.000000,0.000000
276,341664494,1055713,0,0,1821,0,0.000000,16384,1598,55713,4,1.000000,0.000000
277,342723314,1058820,0,0,1816,0,0.000000,16384,1630,58820,4,1.000000,0.000000
278,343779003,1055689,0,0,1820,0,0.000000,16384,1645,55689,4,1.000000,0.000000
279,344835123,1056120,0,0,1733,0,0.000000,16384,1533,56120,4,1.000000,0.000000
280,345892865,1057742,0,0,1822,0,0.000000,16384,1599,57742,4,1.000000,0.000000
281,346955625,1062760,0,0,1772,0,0.000000,16384,1595,62760,4,1.000000,0.000000
282,348012197,1056572,0,0,1807,0,0.000000,16384,1635,56572,4,1.000000,0.000000
283,349067717,1055520,0,0,1822,0,0.000000,16384,1611,55520,4,1.000000,0.000000
284,350127277,1059560,0,0,1706,0,0.000000,16384,1490,59560,4,1.000000,0.000000
285,351185974,1058697,0,0,1774,0,0.000000,16384,1609,58697,4,1.000000,0.000000
286,352242364,1056390,0,0,1821,0,0.000000,16384,1642,56390,4,1.000000,0.000000
287,353299868,1057504,0,0,1737,0,0.000000,16384,1513,57504,4,1.000000,0.000000
288,354363943,1064075,0,0,1566,0,0.000000,16384,1412,64075,4,1.000000,0.000000
289,355428005,1064062,0,0,1732,0,0.000000,16384,1550,64062,4,1.000000,0.000000
290,356486736,1058731,0,0,1762,0,0.000000,16384,1538,58731,4,1.000000,0.000000
291,357559131,1072395,0,0,1856,0,0.000000,16384,1658,72395,4,1.000000,0.000000
292,358616618,1057487,0,0,1828,0,0.000000,16384,1651,57487,4,1.000000,0.000000
293,359673568,1056950,0,0,1823,0,0.000000,16384,1638,56950,4,1.000000,0.000000
294,360731083,1057515,0,0,1823,0,0.000000,16384,1599,57515,4,1.000000,0.000000
295,361791585,1060502,0,0,1799,0,0.000000,16384,1586,60502,4,1.000000,0.000000
296,362852384,1060799,0,0,1838,0,0.000000,16384,1658,60799,4,1.000000,0.000000
297,363909488,1057104,0,0,1833,0,0.000000,16384,1655,57104,4,1.000000,0.000000
298,364965771,1056283,0,0,1808,0,0.000000,16384,1595,56283,4,1.000000,0.000000
299,366021822,1056051,0,0,1823,0,0.000000,16384,1598,56051,4,1.000000,0.000000
300,367077861,1056039,0,0,1826,0,0.000000,16384,1638,56039,4,1.000000,0.000000
301,368141540,1063679,0,0,1836,0,0.000000,16384,1659,63679,4,1.000000,0.000000
302,369197690,1056150,0,0,1834,0,0.000000,16384,1640,56150,4,1.000000,0.000000
303,370257465,1059775,0,0,1689,0,0.000000,16384,1465,59775,4,1.000000,0.000000
304,371315286,1057821,0,0,1826,0,0.000000,16384,1640,57821,4,1.000000,0.000000
305,372371561,1056275,0,0,1824,0,0.000000,16384,1647,56275,4,1.000000,0.000000
306,373428019,1056458,0,0,1800,0,0.000000,16384,1603,56458,4,1.000000,0.000000
307,374485439,1057420,0,0,1826,0,0.000000,16384,1601,57420,4,1.000000,0.000000
308,375541627,1056188,0,0,1824,0,0.000000,16384,1623,56188,4,1.000000,0.000000
309,376598048,1056421,0,0,1820,0,0.000000,16384,1645,56421,4,1.000000,0.000000
310,377654488,1056440,0,0,1802,0,0.000000,16384,1619,56440,4,1.000000,0.000000
311,378731849,1077361,0,0,1848,0,0.000000,16384,1624,77361,4,1.000000,0.000000
312,379788309,1056460,0,0,1830,0,0.000000,16384,1606,56460,4,1.000000,0.000000
313,380844376,1056067,0,0,1831,0,0.000000,16384,1653,56067,4,1.000000,0.000000
314,381900408,1056032,0,0,1830,0,0.000000,16384,1654,56032,4,1.000000,0.000000
315,382956279,1055871,0,0,1813,0,0.000000,16384,1607,55871,4,1.000000,0.000000
316,384012223,1055944,0,0,1826,0,0.000000,16384,1602,55944,4,1.000000,0.000000
317,385068012,1055789,0,0,1808,0,0.000000,16384,1614,55789,4,1.000000,0.000000
318,386125540,1057528,0,0,1758,0,0.000000,16384,1596,57528,4,1.000000,0.000000
319,387182194,1056654,0,0,1646,0,0.000000,16384,1442,56654,4,1.000000,0.000000
320,388238164,1055970,0,0,1817,0,0.000000,16384,1607,55970,4,1.000000,0.000000
321,389298893,1060729,0,0,1832,0,0.000000,16384,1655,60729,4,1.000000,0.000000
322,390359309,1060416,0,0,1630,0,0.000000,16384,1457,60416,4,1.000000,0.000000
323,391418568,1059259,0,0,1665,0,0.000000,16384,1457,59259,4,1.000000,0.000000
324,392475672,1057104,0,0,1778,0,0.000000,16384,1612,57104,4,1.000000,0.000000
325,393531971,1056299,0,0,1812,0,0.000000,16384,1626,56299,4,1.000000,0.000000
326,394589178,1057207,0,0,1820,0,0.000000,16384,1596,57207,4,1.000000,0.000000
327,395650027,1060849,0,0,1807,0,0.000000,16384,1595,60849,4,1.000000,0.000000
328,396673318,1023291,0,0,1758,0,0.000000,16384,1596,23291,4,1.000000,0.000000
329,397730211,1056893,0,0,1824,0,0.000000,16384,1638,56893,4,1.000000,0.000000
330,398787304,1057093,0,0,1822,0,0.000000,16384,1598,57093,4,1.000000,0.000000
331,399851972,1064668,0,0,1835,0,0.000000,16384,1614,64668,4,1.000000,0.000000
332,400908022,1056050,0,0,1823,0,0.000000,16384,1646,56050,4,1.000000,0.000000
333,401963815,1055793,0,0,1822,0,0.000000,16384,1647,55793,4,1.000000,0.000000
334,403020543,1056728,0,0,1735,0,0.000000,16384,1524,56728,4,1.000000,0.000000
335,404076650,1056107,0,0,1765,0,0.000000,16384,1555,56107,4,1.000000,0.000000
336,405132488,1055838,0,0,1823,0,0.000000,16384,1648,55838,4,1.000000,0.000000
337,406188159,1055671,0,0,1822,0,0.000000,16384,1646,55671,4,1.000000,0.000000
338,407243861,1055702,0,0,1822,0,0.000000,16384,1598,55702,4,1.000000,0.000000
339,408299661,1055800,0,0,1822,0,0.000000,16384,1599,55800,4,1.000000,0.000000
340,409355842,1056181,0,0,1834,0,0.000000,16384,1650,56181,4,1.000000,0.000000
341,410417096,1061254,0,0,1756,0,0.000000,16384,1594,61254,4,1.000000,0.000000
342,411479101,1062005,0,0,1765,0,0.000000,16384,1550,62005,4,1.000000,0.000000
343,412540445,1061344,0,0,1786,0,0.000000,16384,1569,61344,4,1.000000,0.000000
344,413598139,1057694,0,0,1808,0,0.000000,16384,1636,57694,4,1.000000,0.000000
345,414655691,1057552,0,0,1826,0,0.000000,16384,1648,57552,4,1.000000,0.000000
346,415674440,1018749,0,0,1752,0,0.000000,16384,1536,18749,4,1.000000,0.000000
347,416731431,1056991,0,0,1752,0,0.000000,16384,1546,56991,4,1.000000,0.000000
348,417787950,1056519,0,0,1817,0,0.000000,16384,1643,56519,4,1.000000,0.000000
349,418847313,1059363,0,0,1783,0,0.000000,16384,1603,59363,4,1.000000,0.000000
350,419909595,1062282,0,0,1737,0,0.000000,16384,1513,62282,4,1.000000,0.000000
351,420986273,1076678,0,0,1749,0,0.000000,16384,1564,76678,4,1.000000,0.000000
352,422049809,1063536,0,0,1618,0,0.000000,16384,1466,63536,4,1.000000,0.000000
353,423109272,1059463,0,0,1721,0,0.000000,16384,1583,59463,4,1.000000,0.000000
354,424168699,1059427,0,0,1529,0,0.000000,16384,1322,59427,4,1.000000,0.000000
355,425226930,1058231,0,0,1685,0,0.000000,16384,1530,58231,4,1.000000,0.000000
356,426284198,1057268,0,0,1828,0,0.000000,16384,1648,57268,4,1.000000,0.000000
357,427340512,1056314,0,0,1817,0,0.000000,16384,1593,56314,4,1.000000,0.000000
358,428396446,1055934,0,0,1829,0,0.000000,16384,1605,55934,4,1.000000,0.000000
359,429453011,1056565,0,0,1825,0,0.000000,16384,1646,56565,4,1.000000,0.000000
360,430512026,1059015,0,0,1722,0,0.000000,16384,1565,59015,4,1.000000,0.000000
361,431581038,1069012,0,0,1838,0,0.000000,16384,1614,69012,4,1.000000,0.000000
362,432638301,1057263,0,0,1826,0,0.000000,16384,1602,57263,4,1.000000,0.000000
363,433671217,1032916,0,0,1770,0,0.000000,16384,1599,32916,4,1.000000,0.000000
364,434727753,1056536,0,0,1819,0,0.000000,16384,1645,56536,4,1.000000,0.000000
365,435784166,1056413,0,0,1808,0,0.000000,16384,1593,56413,4,1.000000,0.000000
366,436840439,1056273,0,0,1710,0,0.000000,16384,1500,56273,4,1.000000,0.000000
367,437896331,1055892,0,0,1825,0,0.000000,16384,1649,55892,4,1.000000,0.000000
368,438952042,1055711,0,0,1817,0,0.000000,16384,1643,55711,4,1.000000,0.000000
369,440007650,1055608,0,0,1828,0,0.000000,16384,1604,55608,4,1.000000,0.000000
370,441063518,1055868,0,0,1830,0,0.000000,16384,1606,55868,4,1.000000,0.000000
371,442134626,1071108,0,0,1831,0,0.000000,16384,1644,71108,4,1.000000,0.000000
372,443190802,1056176,0,0,1822,0,0.000000,16384,1647,56176,4,1.000000,0.000000
373,444246628,1055826,0,0,1832,0,0.000000,16384,1634,55826,4,1.000000,0.000000
374,445306213,1059585,0,0,1825,0,0.000000,16384,1601,59585,4,1.000000,0.000000
375,446366181,1059968,0,0,1758,0,0.000000,16384,1564,59968,4,1.000000,0.000000
376,447423519,1057338,0,0,1827,0,0.000000,16384,1650,57338,4,1.000000,0.000000
377,448482675,1059156,0,0,1733,0,0.000000,16384,1544,59156,4,1.000000,0.000000
378,449540463,1057788,0,0,1799,0,0.000000,16384,1575,57788,4,1.000000,0.000000
379,450598373,1057910,0,0,1753,0,0.000000,16384,1576,57910,4,1.000000,0.000000
380,451656024,1057651,0,0,1809,0,0.000000,16384,1636,57651,4,1.000000,0.000000
381,452724139,1068115,0,0,1848,0,0.000000,16384,1638,68115,4,1.000000,0.000000
382,453780734,1056595,0,0,1828,0,0.000000,16384,1604,56595,4,1.000000,0.000000
383,454838433,1057699,0,0,1809,0,0.000000,16384,1611,57699,4,1.000000,0.000000
384,455894405,1055972,0,0,1811,0,0.000000,16384,1639,55972,4,1.000000,0.000000
385,456950451,1056046,0,0,1819,0,0.000000,16384,1629,56046,4,1.000000,0.000000
386,458006417,1055966,0,0,1821,0,0.000000,16384,1597,55966,4,1.000000,0.000000
387,459062328,1055911,0,0,1808,0,0.000000,16384,1599,55911,4,1.000000,0.000000
388,460118005,1055677,0,0,1831,0,0.000000,16384,1654,55677,4,1.000000,0.000000
389,461173845,1055840,0,0,1825,0,0.000000,16384,1647,55840,4,1.000000,0.000000
390,462234482,1060637,0,0,1822,0,0.000000,16384,1602,60637,4,1.000000,0.000000
391,463302786,1068304,0,0,1768,0,0.000000,16384,1549,68304,4,1.000000,0.000000
392,464359762,1056976,0,0,1828,0,0.000000,16384,1649,56976,4,1.000000,0.000000
393,465415856,1056094,0,0,1824,0,0.000000,16384,1649,56094,4,1.000000,0.000000
394,466472167,1056311,0,0,1815,0,0.000000,16384,1604,56311,4,1.000000,0.000000
395,467528112,1055945,0,0,1825,0,0.000000,16384,1601,55945,4,1.000000,0.000000
396,468584075,1055963,0,0,1782,0,0.000000,16384,1598,55963,4,1.000000,0.000000
397,469639851,1055776,0,0,1825,0,0.000000,16384,1650,55776,4,1.000000,0.000000
398,470672104,1032253,0,0,1688,0,0.000000,16384,1486,32253,4,1.000000,0.000000
399,471729497,1057393,0,0,1829,0,0.000000,16384,1606,57393,4,1.000000,0.000000
400,472785801,1056304,0,0,1828,0,0.000000,16384,1649,56304,4,1.000000,0.000000
401,473848538,1062737,0,0,1833,0,0.000000,16384,1655,62737,4,1.000000,0.000000
402,474905464,1056926,0,0,1824,0,0.000000,16384,1621,56926,4,1.000000,0.000000
403,475962091,1056627,0,0,1809,0,0.000000,16384,1585,56627,4,1.000000,0.000000
404,477018440,1056349,0,0,1828,0,0.000000,16384,1630,56349,4,1.000000,0.000000
405,478074421,1055981,0,0,1830,0,0.000000,16384,1653,55981,4,1.000000,0.000000
406,479130543,1056122,0,0,1815,0,0.000000,16384,1630,56122,4,1.000000,0.000000
407,480186121,1055578,0,0,1828,0,0.000000,16384,1604,55578,4,1.000000,0.000000
408,481241997,1055876,0,0,1776,0,0.000000,16384,1567,55876,4,1.000000,0.000000
409,482297955,1055958,0,0,1826,0,0.000000,16384,1650,55958,4,1.000000,0.000000
410,483354512,1056557,0,0,1823,0,0.000000,16384,1648,56557,4,1.000000,0.000000
411,484414761,1060249,0,0,1830,0,0.000000,16384,1605,60249,4,1.000000,0.000000
412,485470969,1056208,0,0,1810,0,0.000000,16384,1587,56208,4,1.000000,0.000000
413,486528997,1058028,0,0,1795,0,0.000000,16384,1620,58028,4,1.000000,0.000000
414,487585898,1056901,0,0,1784,0,0.000000,16384,1616,56901,4,1.000000,0.000000
415,488641975,1056077,0,0,1825,0,0.000000,16384,1608,56077,4,1.000000,0.000000
416,489670502,1028527,0,0,1774,0,0.000000,16384,1550,28527,4,1.000000,0.000000
417,490729247,1058745,0,0,1724,0,0.000000,16384,1569,58745,4,1.000000,0.000000
418,491787161,1057914,0,0,1814,0,0.000000,16384,1632,57914,4,1.000000,0.000000
419,492843408,1056247,0,0,1822,0,0.000000,16384,1599,56247,4,1.000000,0.000000
420,493899618,1056210,0,0,1811,0,0.000000,16384,1592,56210,4,1.000000,0.000000
421,494975747,1076129,0,0,1741,0,0.000000,16384,1582,76129,4,1.000000,0.000000
422,496036328,1060581,0,0,1831,0,0.000000,16384,1649,60581,4,1.000000,0.000000
423,497093762,1057434,0,0,1828,0,0.000000,16384,1604,57434,4,1.000000,0.000000
424,498149811,1056049,0,0,1828,0,0.000000,16384,1604,56049,4,1.000000,0.000000
425,499207516,1057705,0,0,1831,0,0.000000,16384,1651,57705,4,1.000000,0.000000
426,500263591,1056075,0,0,1797,0,0.000000,16384,1627,56075,4,1.000000,0.000000
427,501319442,1055851,0,0,1821,0,0.000000,16384,1611,55851,4,1.000000,0.000000
428,502375140,1055698,0,0,1825,0,0.000000,16384,1601,55698,4,1.000000,0.000000
429,503430952,1055812,0,0,1831,0,0.000000,16384,1635,55812,4,1.000000,0.000000
430,504486891,1055939,0,0,1834,0,0.000000,16384,1657,55939,4,1.000000,0.000000
431,505550252,1063361,0,0,1833,0,0.000000,16384,1646,63361,4,1.000000,0.000000
432,506607821,1057569,0,0,1815,0,0.000000,16384,1591,57569,4,1.000000,0.000000
433,507668954,1061133,0,0,1702,0,0.000000,16384,1509,61133,4,1.000000,0.000000
434,508725953,1056999,0,0,1816,0,0.000000,16384,1642,56999,4,1.000000,0.000000
435,509782627,1056674,0,0,1826,0,0.000000,16384,1633,56674,4,1.000000,0.000000
436,510839197,1056570,0,0,1757,0,0.000000,16384,1533,56570,4,1.000000,0.000000
437,511901423,1062226,0,0,1819,0,0.000000,16384,1621,62226,4,1.000000,0.000000
438,512962779,1061356,0,0,1836,0,0.000000,16384,1658,61356,4,1.000000,0.000000
439,514019826,1057047,0,0,1831,0,0.000000,16384,1647,57047,4,1.000000,0.000000
440,515076822,1056996,0,0,1826,0,0.000000,16384,1601,56996,4,1.000000,0.000000
441,516142957,1066135,0,0,1829,0,0.000000,16384,1606,66135,4,1.000000,0.000000
442,517200297,1057340,0,0,1820,0,0.000000,16384,1644,57340,4,1.000000,0.000000
443,518256513,1056216,0,0,1827,0,0.000000,16384,1651,56216,4,1.000000,0.000000
444,519317384,1060871,0,0,1788,0,0.000000,16384,1580,60871,4,1.000000,0.000000
445,520377907,1060523,0,0,1662,0,0.000000,16384,1459,60523,4,1.000000,0.000000
446,521485613,1107706,0,0,1714,0,0.000000,16384,1560,107706,4,1.000000,0.000000
447,522551860,1066247,0,0,1605,0,0.000000,16384,1402,66247,4,1.000000,0.000000
448,523612894,1061034,0,0,1663,0,0.000000,16384,1491,61034,4,1.000000,0.000000
449,524707112,1094218,0,0,1747,0,0.000000,16384,1583,94218,4,1.000000,0.000000
450,525768106,1060994,0,0,1671,0,0.000000,16384,1447,60994,4,1.000000,0.000000
451,526842529,1074423,0,0,1817,0,0.000000,16384,1626,74423,4,1.000000,0.000000
452,527906235,1063706,0,0,1795,0,0.000000,16384,1626,63706,4,1.000000,0.000000
453,528969701,1063466,0,0,1785,0,0.000000,16384,1585,63466,4,1.000000,0.000000
454,530034140,1064439,0,0,1645,0,0.000000,16384,1437,64439,4,1.000000,0.000000
455,531098040,1063900,0,0,1654,0,0.000000,16384,1512,63900,4,1.000000,0.000000
456,532158779,1060739,0,0,1665,0,0.000000,16384,1454,60739,4,1.000000,0.000000
457,533216828,1058049,0,0,1668,0,0.000000,16384,1492,58049,4,1.000000,0.000000
458,534275937,1059109,0,0,1661,0,0.000000,16384,1502,59109,4,1.000000,0.000000
459,535333483,1057546,0,0,1663,0,0.000000,16384,1439,57546,4,1.000000,0.000000
460,536421214,1087731,0,0,1815,0,0.000000,16384,1638,87731,4,1.000000,0.000000
461,537521711,1100497,0,0,1961,0,0.000000,16384,1758,100497,4,1.000000,0.000000
462,538609617,1087906,0,0,1967,0,0.000000,16384,1761,87906,4,1.000000,0.000000
463,539704539,1094922,0,0,1966,0,0.000000,16384,1760,94922,4,1.000000,0.000000
464,540768450,1063911,0,0,1896,0,0.000000,16384,1680,63911,4,1.000000,0.000000
465,541830578,1062128,0,0,1928,0,0.000000,16384,1704,62128,4,1.000000,0.000000
466,542892959,1062381,0,0,1924,0,0.000000,16384,1700,62381,4,1.000000,0.000000
467,543953413,1060454,0,0,1791,0,0.000000,16384,1600,60454,4,1.000000,0.000000
468,545014270,1060857,0,0,1649,0,0.000000,16384,1504,60857,4,1.000000,0.000000
469,546073277,1059007,0,0,1663,0,0.000000,16384,1439,59007,4,1.000000,0.000000
470,547134026,1060749,0,0,1538,0,0.000000,16384,1408,60749,4,1.000000,0.000000
471,548215547,1081521,0,0,1758,0,0.000000,16384,1552,81521,4,1.000000,0.000000
472,549275333,1059786,0,0,1757,0,0.000000,16384,1538,59786,4,1.000000,0.000000
473,550334131,1058798,0,0,1690,0,0.000000,16384,1542,58798,4,1.000000,0.000000
474,551392123,1057992,0,0,1833,0,0.000000,16384,1640,57992,4,1.000000,0.000000
475,552448443,1056320,0,0,1829,0,0.000000,16384,1605,56320,4,1.000000,0.000000
476,553505562,1057119,0,0,1837,0,0.000000,16384,1620,57119,4,1.000000,0.000000
477,554562934,1057372,0,0,1835,0,0.000000,16384,1655,57372,4,1.000000,0.000000
478,555622983,1060049,0,0,1755,0,0.000000,16384,1592,60049,4,1.000000,0.000000
479,556677167,1054184,0,0,1611,0,0.000000,16384,1387,54184,4,1.000000,0.000000
480,557736742,1059575,0,0,1821,0,0.000000,16384,1638,59575,4,1.000000,0.000000
481,558809720,1072978,0,0,1697,0,0.000000,16384,1544,72978,4,1.000000,0.000000
482,559868559,1058839,0,0,1701,0,0.000000,16384,1477,58839,4,1.000000,0.000000
483,560926102,1057543,0,0,1836,0,0.000000,16384,1635,57543,4,1.000000,0.000000
484,561983081,1056979,0,0,1791,0,0.000000,16384,1622,56979,4,1.000000,0.000000
485,563039119,1056038,0,0,1775,0,0.000000,16384,1585,56038,4,1.000000,0.000000
486,564096044,1056925,0,0,1814,0,0.000000,16384,1590,56925,4,1.000000,0.000000
487,565151685,1055641,0,0,1827,0,0.000000,16384,1623,55641,4,1.000000,0.000000
488,566207208,1055523,0,0,1780,0,0.000000,16384,1614,55523,4,1.000000,0.000000
489,567262864,1055656,0,0,1827,0,0.000000,16384,1637,55656,4,1.000000,0.000000
490,568318530,1055666,0,0,1822,0,0.000000,16384,1598,55666,4,1.000000,0.000000
491,569380150,1061620,0,0,1834,0,0.000000,16384,1617,61620,4,1.000000,0.000000
492,570439967,1059817,0,0,1752,0,0.000000,16384,1591,59817,4,1.000000,0.000000
493,571499050,1059083,0,0,1810,0,0.000000,16384,1627,59083,4,1.000000,0.000000
494,572558008,1058958,0,0,1768,0,0.000000,16384,1545,58958,4,1.000000,0.000000
495,573615801,1057793,0,0,1828,0,0.000000,16384,1618,57793,4,1.000000,0.000000
496,574671834,1056033,0,0,1671,0,0.000000,16384,1527,56033,4,1.000000,0.000000
497,575728531,1056697,0,0,1814,0,0.000000,16384,1608,56697,4,1.000000,0.000000
498,576784828,1056297,0,0,1812,0,0.000000,16384,1588,56297,4,1.000000,0.000000
499,577840796,1055968,0,0,1823,0,0.000000,16384,1629,55968,4,1.000000,0.000000
500,578896410,1055614,0,0,1823,0,0.000000,16384,1648,55614,4,1.000000,0.000000
501,579960949,1064539,0,0,1828,0,0.000000,16384,1637,64539,4,1.000000,0.000000
502,581016721,1055772,0,0,1825,0,0.000000,16384,1601,55772,4,1.000000,0.000000
503,582072465,1055744,0,0,1813,0,0.000000,16384,1600,55744,4,1.000000,0.000000
504,583129215,1056750,0,0,1796,0,0.000000,16384,1626,56750,4,1.000000,0.000000
505,584185301,1056086,0,0,1781,0,0.000000,16384,1604,56086,4,1.000000,0.000000
506,585242060,1056759,0,0,1811,0,0.000000,16384,1587,56759,4,1.000000,0.000000
507,586299703,1057643,0,0,1823,0,0.000000,16384,1607,57643,4,1.000000,0.000000
508,587357674,1057971,0,0,1797,0,0.000000,16384,1627,57971,4,1.000000,0.000000
509,588415037,1057363,0,0,1802,0,0.000000,16384,1628,57363,4,1.000000,0.000000
510,589471607,1056570,0,0,1830,0,0.000000,16384,1606,56570,4,1.000000,0.000000
511,590535599,1063992,0,0,1743,0,0.000000,16384,1532,63992,4,1.000000,0.000000
512,591596707,1061108,0,0,1831,0,0.000000,16384,1654,61108,4,1.000000,0.000000
513,592653155,1056448,0,0,1820,0,0.000000,16384,1643,56448,4,1.000000,0.000000
514,593671654,1018499,0,0,1762,0,0.000000,16384,1543,18499,4,1.000000,0.000000
515,594728830,1057176,0,0,1833,0,0.000000,16384,1610,57176,4,1.000000,0.000000
516,595785247,1056417,0,0,1778,0,0.000000,16384,1614,56417,4,1.000000,0.000000
517,596841194,1055947,0,0,1823,0,0.000000,16384,1645,55947,4,1.000000,0.000000
518,597897360,1056166,0,0,1816,0,0.000000,16384,1597,56166,4,1.000000,0.000000
519,598955242,1057882,0,0,1823,0,0.000000,16384,1599,57882,4,1.000000,0.000000
520,600011763,1056521,0,0,1822,0,0.000000,16384,1639,56521,4,1.000000,0.000000
521,601084895,1073132,0,0,1856,0,0.000000,16384,1674,73132,4,1.000000,0.000000
522,602141076,1056181,0,0,1826,0,0.000000,16384,1630,56181,4,1.000000,0.000000
523,603196633,1055557,0,0,1832,0,0.000000,16384,1609,55557,4,1.000000,0.000000
524,604252565,1055932,0,0,1784,0,0.000000,16384,1581,55932,4,1.000000,0.000000
525,605308814,1056249,0,0,1814,0,0.000000,16384,1640,56249,4,1.000000,0.000000
526,606364967,1056153,0,0,1811,0,0.000000,16384,1628,56153,4,1.000000,0.000000
527,607421011,1056044,0,0,1821,0,0.000000,16384,1597,56044,4,1.000000,0.000000
528,608477087,1056076,0,0,1823,0,0.000000,16384,1605,56076,4,1.000000,0.000000
529,609535091,1058004,0,0,1770,0,0.000000,16384,1605,58004,4,1.000000,0.000000
530,610591853,1056762,0,0,1628,0,0.000000,16384,1451,56762,4,1.000000,0.000000
531,611699350,1107497,0,0,1850,0,0.000000,16384,1626,107497,4,1.000000,0.000000
532,612764307,1064957,0,0,1786,0,0.000000,16384,1600,64957,4,1.000000,0.000000
533,613828942,1064635,0,0,1801,0,0.000000,16384,1631,64635,4,1.000000,0.000000
534,614893203,1064261,0,0,1795,0,0.000000,16384,1591,64261,4,1.000000,0.000000
535,615956761,1063558,0,0,1789,0,0.000000,16384,1565,63558,4,1.000000,0.000000
536,617020224,1063463,0,0,1781,0,0.000000,16384,1601,63463,4,1.000000,0.000000
537,618080368,1060144,0,0,1670,0,0.000000,16384,1514,60144,4,1.000000,0.000000
538,619137676,1057308,0,0,1662,0,0.000000,16384,1438,57308,4,1.000000,0.000000
539,620194507,1056831,0,0,1664,0,0.000000,16384,1515,56831,4,1.000000,0.000000
540,621251508,1057001,0,0,1803,0,0.000000,16384,1616,57001,4,1.000000,0.000000
541,622321907,1070399,0,0,1743,0,0.000000,16384,1518,70399,4,1.000000,0.000000
542,623386567,1064660,0,0,1731,0,0.000000,16384,1554,64660,4,1.000000,0.000000
543,624447059,1060492,0,0,1707,0,0.000000,16384,1549,60492,4,1.000000,0.000000
544,625536733,1089674,0,0,1922,0,0.000000,16384,1698,89674,4,1.000000,0.000000
545,626597295,1060562,0,0,1820,0,0.000000,16384,1596,60562,4,1.000000,0.000000
546,627687119,1089824,0,0,1956,0,0.000000,16384,1736,89824,4,1.000000,0.000000
547,628746473,1059354,0,0,1809,0,0.000000,16384,1634,59354,4,1.000000,0.000000
548,629802957,1056484,0,0,1830,0,0.000000,16384,1656,56484,4,1.000000,0.000000
549,630862433,1059476,0,0,1836,0,0.000000,16384,1652,59476,4,1.000000,0.000000
550,631921760,1059327,0,0,1832,0,0.000000,16384,1655,59327,4,1.000000,0.000000
551,632989463,1067703,0,0,1846,0,0.000000,16384,1647,67703,4,1.000000,0.000000
552,634045869,1056406,0,0,1826,0,0.000000,16384,1602,56406,4,1.000000,0.000000
553,635102041,1056172,0,0,1825,0,0.000000,16384,1614,56172,4,1.000000,0.000000
554,636158219,1056178,0,0,1812,0,0.000000,16384,1640,56178,4,1.000000,0.000000
555,637215558,1057339,0,0,1785,0,0.000000,16384,1608,57339,4,1.000000,0.000000
556,638272354,1056796,0,0,1823,0,0.000000,16384,1599,56796,4,1.000000,0.000000
557,639328860,1056506,0,0,1825,0,0.000000,16384,1604,56506,4,1.000000,0.000000
558,640384641,1055781,0,0,1821,0,0.000000,16384,1644,55781,4,1.000000,0.000000
559,641440495,1055854,0,0,1823,0,0.000000,16384,1649,55854,4,1.000000,0.000000
560,642496828,1056333,0,0,1825,0,0.000000,16384,1613,56333,4,1.000000,0.000000
561,643557343,1060515,0,0,1832,0,0.000000,16384,1608,60515,4,1.000000,0.000000
562,644613352,1056009,0,0,1807,0,0.000000,16384,1616,56009,4,1.000000,0.000000
563,645676000,1062648,0,0,1816,0,0.000000,16384,1642,62648,4,1.000000,0.000000
564,646736826,1060826,0,0,1758,0,0.000000,16384,1563,60826,4,1.000000,0.000000
565,647794986,1058160,0,0,1809,0,0.000000,16384,1585,58160,4,1.000000,0.000000
566,648852195,1057209,0,0,1818,0,0.000000,16384,1626,57209,4,1.000000,0.000000
567,649909733,1057538,0,0,1818,0,0.000000,16384,1643,57538,4,1.000000,0.000000
568,650968875,1059142,0,0,1736,0,0.000000,16384,1543,59142,4,1.000000,0.000000
569,652025755,1056880,0,0,1805,0,0.000000,16384,1581,56880,4,1.000000,0.000000
570,653082489,1056734,0,0,1811,0,0.000000,16384,1624,56734,4,1.000000,0.000000
571,654158881,1076392,0,0,1860,0,0.000000,16384,1677,76392,4,1.000000,0.000000
572,655215662,1056781,0,0,1821,0,0.000000,16384,1631,56781,4,1.000000,0.000000
573,656271499,1055837,0,0,1826,0,0.000000,16384,1602,55837,4,1.000000,0.000000
574,657327807,1056308,0,0,1825,0,0.000000,16384,1611,56308,4,1.000000,0.000000
575,658383842,1056035,0,0,1822,0,0.000000,16384,1647,56035,4,1.000000,0.000000
576,659439712,1055870,0,0,1828,0,0.000000,16384,1649,55870,4,1.000000,0.000000
577,660495456,1055744,0,0,1828,0,0.000000,16384,1611,55744,4,1.000000,0.000000
578,661551206,1055750,0,0,1810,0,0.000000,16384,1587,55750,4,1.000000,0.000000
579,662612207,1061001,0,0,1826,0,0.000000,16384,1639,61001,4,1.000000,0.000000
580,663673589,1061382,0,0,1774,0,0.000000,16384,1609,61382,4,1.000000,0.000000
581,664739190,1065601,0,0,1839,0,0.000000,16384,1631,65601,4,1.000000,0.000000
582,665795591,1056401,0,0,1822,0,0.000000,16384,1598,56401,4,1.000000,0.000000
583,666851784,1056193,0,0,1807,0,0.000000,16384,1611,56193,4,1.000000,0.000000
584,667907676,1055892,0,0,1823,0,0.000000,16384,1648,55892,4,1.000000,0.000000
585,668963547,1055871,0,0,1821,0,0.000000,16384,1632,55871,4,1.000000,0.000000
586,670019515,1055968,0,0,1831,0,0.000000,16384,1607,55968,4,1.000000,0.000000
587,671078710,1059195,0,0,1747,0,0.000000,16384,1546,59195,4,1.000000,0.000000
588,672136377,1057667,0,0,1806,0,0.000000,16384,1634,57667,4,1.000000,0.000000
589,673192753,1056376,0,0,1826,0,0.000000,16384,1639,56376,4,1.000000,0.000000
590,674249005,1056252,0,0,1827,0,0.000000,16384,1603,56252,4,1.000000,0.000000
591,675312714,1063709,0,0,1834,0,0.000000,16384,1612,63709,4,1.000000,0.000000
592,676369679,1056965,0,0,1811,0,0.000000,16384,1637,56965,4,1.000000,0.000000
593,677426061,1056382,0,0,1812,0,0.000000,16384,1639,56382,4,1.000000,0.000000
594,678482159,1056098,0,0,1822,0,0.000000,16384,1607,56098,4,1.000000,0.000000
595,679538070,1055911,0,0,1822,0,0.000000,16384,1598,55911,4,1.000000,0.000000
596,680593731,1055661,0,0,1823,0,0.000000,16384,1635,55661,4,1.000000,0.000000
597,681649509,1055778,0,0,1822,0,0.000000,16384,1646,55778,4,1.000000,0.000000
598,682670245,1020736,0,0,1758,0,0.000000,16384,1562,20736,4,1.000000,0.000000
599,683726172,1055927,0,0,1824,0,0.000000,16384,1600,55927,4,1.000000,0.000000
600,684782213,1056041,0,0,1814,0,0.000000,16384,1621,56041,4,1.000000,0.000000
601,685842272,1060059,0,0,1824,0,0.000000,16384,1649,60059,4,1.000000,0.000000
602,686899199,1056927,0,0,1800,0,0.000000,16384,1607,56927,4,1.000000,0.000000
603,687956091,1056892,0,0,1823,0,0.000000,16384,1599,56892,4,1.000000,0.000000
604,689012135,1056044,0,0,1832,0,0.000000,16384,1624,56044,4,1.000000,0.000000
605,690068807,1056672,0,0,1817,0,0.000000,16384,1643,56672,4,1.000000,0.000000
606,691126738,1057931,0,0,1742,0,0.000000,16384,1565,57931,4,1.000000,0.000000
607,692184013,1057275,0,0,1786,0,0.000000,16384,1562,57275,4,1.000000,0.000000
608,693240101,1056088,0,0,1809,0,0.000000,16384,1608,56088,4,1.000000,0.000000
609,694295541,1055440,0,0,1819,0,0.000000,16384,1645,55440,4,1.000000,0.000000
610,695356048,1060507,0,0,1809,0,0.000000,16384,1624,60507,4,1.000000,0.000000
611,696424514,1068466,0,0,1842,0,0.000000,16384,1618,68466,4,1.000000,0.000000
612,697481529,1057015,0,0,1820,0,0.000000,16384,1600,57015,4,1.000000,0.000000
613,698538357,1056828,0,0,1807,0,0.000000,16384,1634,56828,4,1.000000,0.000000
614,699594569,1056212,0,0,1819,0,0.000000,16384,1644,56212,4,1.000000,0.000000
615,700650665,1056096,0,0,1824,0,0.000000,16384,1608,56096,4,1.000000,0.000000
616,701670503,1019838,0,0,1764,0,0.000000,16384,1540,19838,4,1.000000,0.000000
617,702726549,1056046,0,0,1814,0,0.000000,16384,1639,56046,4,1.000000,0.000000
618,703782671,1056122,0,0,1834,0,0.000000,16384,1657,56122,4,1.000000,0.000000
619,704839132,1056461,0,0,1836,0,0.000000,16384,1628,56461,4,1.000000,0.000000
620,705895135,1056003,0,0,1835,0,0.000000,16384,1611,56003,4,1.000000,0.000000
621,706955662,1060527,0,0,1841,0,0.000000,16384,1636,60527,4,1.000000,0.000000
622,708011616,1055954,0,0,1834,0,0.000000,16384,1657,55954,4,1.000000,0.000000
623,709067408,1055792,0,0,1835,0,0.000000,16384,1657,55792,4,1.000000,0.000000
624,710123860,1056452,0,0,1816,0,0.000000,16384,1592,56452,4,1.000000,0.000000
625,711180964,1057104,0,0,1648,0,0.000000,16384,1456,57104,4,1.000000,0.000000
626,712241636,1060672,0,0,1831,0,0.000000,16384,1653,60672,4,1.000000,0.000000
627,713302718,1061082,0,0,1840,0,0.000000,16384,1650,61082,4,1.000000,0.000000
628,714360783,1058065,0,0,1836,0,0.000000,16384,1612,58065,4,1.000000,0.000000
629,715417313,1056530,0,0,1834,0,0.000000,16384,1611,56530,4,1.000000,0.000000
630,716473612,1056299,0,0,1813,0,0.000000,16384,1639,56299,4,1.000000,0.000000
631,717546653,1073041,0,0,1860,0,0.000000,16384,1678,73041,4,1.000000,0.000000
632,718604217,1057564,0,0,1818,0,0.000000,16384,1613,57564,4,1.000000,0.000000
633,719661105,1056888,0,0,1837,0,0.000000,16384,1613,56888,4,1.000000,0.000000
634,720670672,1009567,0,0,1750,0,0.000000,16384,1564,9567,4,1.000000,0.000000
635,721727880,1057208,0,0,1837,0,0.000000,16384,1659,57208,4,1.000000,0.000000
636,722850506,1122626,0,0,1851,0,0.000000,16384,1655,122626,4,1.000000,0.000000
637,723913062,1062556,0,0,1621,0,0.000000,16384,1400,62556,4,1.000000,0.000000
638,724973500,1060438,0,0,1674,0,0.000000,16384,1529,60438,4,1.000000,0.000000
639,726030649,1057149,0,0,1722,0,0.000000,16384,1528,57149,4,1.000000,0.000000
640,727088481,1057832,0,0,1826,0,0.000000,16384,1602,57832,4,1.000000,0.000000
641,728154056,1065575,0,0,1848,0,0.000000,16384,1653,65575,4,1.000000,0.000000
642,729210577,1056521,0,0,1813,0,0.000000,16384,1640,56521,4,1.000000,0.000000
643,730266339,1055762,0,0,1834,0,0.000000,16384,1642,55762,4,1.000000,0.000000
644,731325390,1059051,0,0,1698,0,0.000000,16384,1473,59051,4,1.000000,0.000000
645,732383731,1058341,0,0,1674,0,0.000000,16384,1518,58341,4,1.000000,0.000000
646,733440949,1057218,0,0,1787,0,0.000000,16384,1607,57218,4,1.000000,0.000000
647,734496943,1055994,0,0,1835,0,0.000000,16384,1611,55994,4,1.000000,0.000000
648,735552966,1056023,0,0,1835,0,0.000000,16384,1612,56023,4,1.000000,0.000000
649,736608822,1055856,0,0,1750,0,0.000000,16384,1590,55856,4,1.000000,0.000000
650,737668761,1059939,0,0,1819,0,0.000000,16384,1643,59939,4,1.000000,0.000000
651,738733069,1064308,0,0,1838,0,0.000000,16384,1614,64308,4,1.000000,0.000000
652,739789506,1056437,0,0,1832,0,0.000000,16384,1608,56437,4,1.000000,0.000000
653,740845905,1056399,0,0,1813,0,0.000000,16384,1630,56399,4,1.000000,0.000000
654,741902275,1056370,0,0,1833,0,0.000000,16384,1655,56370,4,1.000000,0.000000
655,742962686,1060411,0,0,1831,0,0.000000,16384,1632,60411,4,1.000000,0.000000
656,744023695,1061009,0,0,1839,0,0.000000,16384,1615,61009,4,1.000000,0.000000
657,745082708,1059013,0,0,1770,0,0.000000,16384,1572,59013,4,1.000000,0.000000
658,746101189,1018481,0,0,1523,0,0.000000,16384,1384,18481,4,1.000000,0.000000
659,747171100,1069911,0,0,1443,0,0.000000,16384,1269,69911,4,1.000000,0.000000
660,748246193,1075093,0,0,1442,0,0.000000,16384,1281,75093,4,1.000000,0.000000
661,749340464,1094271,0,0,1503,0,0.000000,16384,1358,94271,4,1.000000,0.000000
662,750404325,1063861,0,0,1503,0,0.000000,16384,1312,63861,4,1.000000,0.000000
663,751471254,1066929,0,0,1448,0,0.000000,16384,1330,66929,4,1.000000,0.000000
664,753687712,2216458,0,0,2946,0,0.000000,16384,2616,1216458,4,1.000000,0.000000
665,754763597,1075885,0,0,1429,0,0.000000,16384,1256,75885,4,1.000000,0.000000
666,755839186,1075589,0,0,1363,0,0.000000,16384,1200,75589,4,1.000000,0.000000
667,757030389,1191203,0,0,1589,0,0.000000,16384,1445,191203,4,1.000000,0.000000
668,758096347,1065958,0,0,1547,0,0.000000,16384,1355,65958,4,1.000000,0.000000
669,759158574,1062227,0,0,1510,0,0.000000,16384,1371,62227,4,1.000000,0.000000
670,760223138,1064564,0,0,1549,0,0.000000,16384,1352,64564,4,1.000000,0.000000
671,761306862,1083724,0,0,1594,0,0.000000,16384,1443,83724,4,1.000000,0.000000
672,762365557,1058695,0,0,1537,0,0.000000,16384,1352,58695,4,1.000000,0.000000
673,763424134,1058577,0,0,1409,0,0.000000,16384,1286,58577,4,1.000000,0.000000
674,764530420,1106286,0,0,1683,0,0.000000,16384,1470,106286,4,1.000000,0.000000
675,765593047,1062627,0,0,1545,0,0.000000,16384,1393,62627,4,1.000000,0.000000
676,766651638,1058591,0,0,1656,0,0.000000,16384,1472,58591,4,1.000000,0.000000
677,767675137,1023499,0,0,1597,0,0.000000,16384,1409,23499,4,1.000000,0.000000
678,768736547,1061410,0,0,1664,0,0.000000,16384,1516,61410,4,1.000000,0.000000
679,769794989,1058442,0,0,1657,0,0.000000,16384,1433,58442,4,1.000000,0.000000
680,770856208,1061219,0,0,1567,0,0.000000,16384,1432,61219,4,1.000000,0.000000
681,771937027,1080819,0,0,1672,0,0.000000,16384,1471,80819,4,1.000000,0.000000
682,772995637,1058610,0,0,1819,0,0.000000,16384,1600,58610,4,1.000000,0.000000
683,774053859,1058222,0,0,1743,0,0.000000,16384,1584,58222,4,1.000000,0.000000
684,775110734,1056875,0,0,1727,0,0.000000,16384,1545,56875,4,1.000000,0.000000
685,776166934,1056200,0,0,1771,0,0.000000,16384,1547,56200,4,1.000000,0.000000
686,777224308,1057374,0,0,1800,0,0.000000,16384,1612,57374,4,1.000000,0.000000
687,778284261,1059953,0,0,1701,0,0.000000,16384,1551,59953,4,1.000000,0.000000
688,779341690,1057429,0,0,1820,0,0.000000,16384,1598,57429,4,1.000000,0.000000
689,780399645,1057955,0,0,1815,0,0.000000,16384,1590,57955,4,1.000000,0.000000
690,781457048,1057403,0,0,1814,0,0.000000,16384,1635,57403,4,1.000000,0.000000
691,782525155,1068107,0,0,1830,0,0.000000,16384,1654,68107,4,1.000000,0.000000
692,783581656,1056501,0,0,1813,0,0.000000,16384,1609,56501,4,1.000000,0.000000
693,784637609,1055953,0,0,1827,0,0.000000,16384,1603,55953,4,1.000000,0.000000
694,785670848,1033239,0,0,1773,0,0.000000,16384,1585,33239,4,1.000000,0.000000
695,786728080,1057232,0,0,1826,0,0.000000,16384,1650,57232,4,1.000000,0.000000
696,787784706,1056626,0,0,1649,0,0.000000,16384,1453,56626,4,1.000000,0.000000
697,788841169,1056463,0,0,1816,0,0.000000,16384,1598,56463,4,1.000000,0.000000
698,789897528,1056359,0,0,1798,0,0.000000,16384,1627,56359,4,1.000000,0.000000
699,790955983,1058455,0,0,1779,0,0.000000,16384,1607,58455,4,1.000000,0.000000
700,792015280,1059297,0,0,1638,0,0.000000,16384,1415,59297,4,1.000000,0.000000
701,793085372,1070092,0,0,1843,0,0.000000,16384,1652,70092,4,1.000000,0.000000
702,794144917,1059545,0,0,1825,0,0.000000,16384,1650,59545,4,1.000000,0.000000
703,795203851,1058934,0,0,1830,0,0.000000,16384,1636,58934,4,1.000000,0.000000
704,796260579,1056728,0,0,1827,0,0.000000,16384,1603,56728,4,1.000000,0.000000
705,797316630,1056051,0,0,1806,0,0.000000,16384,1597,56051,4,1.000000,0.000000
706,798373838,1057208,0,0,1735,0,0.000000,16384,1577,57208,4,1.000000,0.000000
707,799430531,1056693,0,0,1815,0,0.000000,16384,1622,56693,4,1.000000,0.000000
708,800486300,1055769,0,0,1828,0,0.000000,16384,1604,55769,4,1.000000,0.000000
709,801542183,1055883,0,0,1824,0,0.000000,16384,1614,55883,4,1.000000,0.000000
710,802599076,1056893,0,0,1822,0,0.000000,16384,1647,56893,4,1.000000,0.000000
711,803712575,1113499,0,0,1699,0,0.000000,16384,1524,113499,4,1.000000,0.000000
712,804779918,1067343,0,0,1446,0,0.000000,16384,1270,67343,4,1.000000,0.000000
713,805845751,1065833,0,0,1484,0,0.000000,16384,1324,65833,4,1.000000,0.000000
714,806911753,1066002,0,0,1560,0,0.000000,16384,1394,66002,4,1.000000,0.000000
715,807937908,1026155,0,0,1537,0,0.000000,16384,1367,26155,4,1.000000,0.000000
716,809000234,1062326,0,0,1676,0,0.000000,16384,1482,62326,4,1.000000,0.000000
717,810063077,1062843,0,0,1666,0,0.000000,16384,1524,62843,4,1.000000,0.000000
718,811125972,1062895,0,0,1664,0,0.000000,16384,1440,62895,4,1.000000,0.000000
719,812189312,1063340,0,0,1621,0,0.000000,16384,1467,63340,4,1.000000,0.000000
720,813251746,1062434,0,0,1670,0,0.000000,16384,1488,62434,4,1.000000,0.000000
721,814328355,1076609,0,0,1685,0,0.000000,16384,1474,76609,4,1.000000,0.000000
722,815386113,1057758,0,0,1664,0,0.000000,16384,1522,57758,4,1.000000,0.000000
723,816443755,1057642,0,0,1667,0,0.000000,16384,1460,57642,4,1.000000,0.000000
724,817501344,1057589,0,0,1664,0,0.000000,16384,1483,57589,4,1.000000,0.000000
725,818558043,1056699,0,0,1662,0,0.000000,16384,1507,56699,4,1.000000,0.000000
726,819615652,1057609,0,0,1722,0,0.000000,16384,1498,57609,4,1.000000,0.000000
727,820670768,1055116,0,0,1817,0,0.000000,16384,1624,55116,4,1.000000,0.000000
728,821727518,1056750,0,0,1820,0,0.000000,16384,1645,56750,4,1.000000,0.000000
729,822785426,1057908,0,0,1649,0,0.000000,16384,1457,57908,4,1.000000,0.000000
730,823847997,1062571,0,0,1533,0,0.000000,16384,1370,62571,4,1.000000,0.000000
731,824933383,1085386,0,0,1621,0,0.000000,16384,1447,85386,4,1.000000,0.000000
732,825992291,1058908,0,0,1662,0,0.000000,16384,1458,58908,4,1.000000,0.000000
733,827050083,1057792,0,0,1698,0,0.000000,16384,1547,57792,4,1.000000,0.000000
734,828107408,1057325,0,0,1827,0,0.000000,16384,1623,57325,4,1.000000,0.000000
735,829163594,1056186,0,0,1826,0,0.000000,16384,1602,56186,4,1.000000,0.000000
736,830219626,1056032,0,0,1820,0,0.000000,16384,1620,56032,4,1.000000,0.000000
737,831275661,1056035,0,0,1816,0,0.000000,16384,1642,56035,4,1.000000,0.000000
738,832334497,1058836,0,0,1640,0,0.000000,16384,1454,58836,4,1.000000,0.000000
739,833392610,1058113,0,0,1663,0,0.000000,16384,1467,58113,4,1.000000,0.000000
740,834449217,1056607,0,0,1775,0,0.000000,16384,1609,56607,4,1.000000,0.000000
741,835514352,1065135,0,0,1828,0,0.000000,16384,1630,65135,4,1.000000,0.000000
742,836570786,1056434,0,0,1834,0,0.000000,16384,1610,56434,4,1.000000,0.000000
743,837628066,1057280,0,0,1815,0,0.000000,16384,1608,57280,4,1.000000,0.000000
744,838674282,1046216,0,0,1787,0,0.000000,16384,1619,46216,4,1.000000,0.000000
745,839730464,1056182,0,0,1817,0,0.000000,16384,1632,56182,4,1.000000,0.000000
746,840786590,1056126,0,0,1834,0,0.000000,16384,1610,56126,4,1.000000,0.000000
747,841842286,1055696,0,0,1833,0,0.000000,16384,1608,55696,4,1.000000,0.000000
748,842898134,1055848,0,0,1797,0,0.000000,16384,1677,55848,4,1.000000,0.000000
749,843953970,1055836,0,0,1825,0,0.000000,16384,1601,55836,4,1.000000,0.000000
750,845009685,1055715,0,0,1831,0,0.000000,16384,1649,55715,4,1.000000,0.000000
751,846071025,1061340,0,0,1748,0,0.000000,16384,1588,61340,4,1.000000,0.000000
752,847129985,1058960,0,0,1669,0,0.000000,16384,1451,58960,4,1.000000,0.000000
753,848186940,1056955,0,0,1747,0,0.000000,16384,1560,56955,4,1.000000,0.000000
754,849242437,1055497,0,0,1747,0,0.000000,16384,1587,55497,4,1.000000,0.000000
755,850305668,1063231,0,0,1672,0,0.000000,16384,1459,63231,4,1.000000,0.000000
756,851374091,1068423,0,0,1661,0,0.000000,16384,1486,68423,4,1.000000,0.000000
757,852435615,1061524,0,0,1623,0,0.000000,16384,1462,61524,4,1.000000,0.000000
758,853494206,1058591,0,0,1765,0,0.000000,16384,1541,58591,4,1.000000,0.000000
759,854551512,1057306,0,0,1806,0,0.000000,16384,1621,57306,4,1.000000,0.000000
760,855608650,1057138,0,0,1804,0,0.000000,16384,1632,57138,4,1.000000,0.000000
761,856672879,1064229,0,0,1650,0,0.000000,16384,1447,64229,4,1.000000,0.000000
762,857730081,1057202,0,0,1789,0,0.000000,16384,1583,57202,4,1.000000,0.000000
763,858787209,1057128,0,0,1801,0,0.000000,16384,1630,57128,4,1.000000,0.000000
764,859845088,1057879,0,0,1750,0,0.000000,16384,1567,57879,4,1.000000,0.000000
765,860902059,1056971,0,0,1820,0,0.000000,16384,1596,56971,4,1.000000,0.000000
766,861961050,1058991,0,0,1715,0,0.000000,16384,1531,58991,4,1.000000,0.000000
767,863018351,1057301,0,0,1782,0,0.000000,16384,1615,57301,4,1.000000,0.000000
768,864074655,1056304,0,0,1791,0,0.000000,16384,1581,56304,4,1.000000,0.000000
769,865130729,1056074,0,0,1814,0,0.000000,16384,1590,56074,4,1.000000,0.000000
770,866187059,1056330,0,0,1747,0,0.000000,16384,1576,56330,4,1.000000,0.000000
771,867251323,1064264,0,0,1816,0,0.000000,16384,1643,64264,4,1.000000,0.000000
772,868307381,1056058,0,0,1824,0,0.000000,16384,1609,56058,4,1.000000,0.000000
773,869363523,1056142,0,0,1825,0,0.000000,16384,1601,56142,4,1.000000,0.000000
774,870419408,1055885,0,0,1820,0,0.000000,16384,1631,55885,4,1.000000,0.000000
775,871475657,1056249,0,0,1636,0,0.000000,16384,1489,56249,4,1.000000,0.000000
776,872533994,1058337,0,0,1761,0,0.000000,16384,1537,58337,4,1.000000,0.000000
777,873591862,1057868,0,0,1814,0,0.000000,16384,1610,57868,4,1.000000,0.000000
778,874648861,1056999,0,0,1811,0,0.000000,16384,1639,56999,4,1.000000,0.000000
779,875671717,1022856,0,0,1759,0,0.000000,16384,1575,22856,4,1.000000,0.000000
780,876729125,1057408,0,0,1787,0,0.000000,16384,1563,57408,4,1.000000,0.000000
781,877804546,1075421,0,0,1820,0,0.000000,16384,1620,75421,4,1.000000,0.000000
782,878860812,1056266,0,0,1827,0,0.000000,16384,1651,56266,4,1.000000,0.000000
783,879916884,1056072,0,0,1826,0,0.000000,16384,1642,56072,4,1.000000,0.000000
784,880972964,1056080,0,0,1813,0,0.000000,16384,1589,56080,4,1.000000,0.000000
785,882029349,1056385,0,0,1821,0,0.000000,16384,1603,56385,4,1.000000,0.000000
786,883094109,1064760,0,0,1650,0,0.000000,16384,1509,64760,4,1.000000,0.000000
787,884159880,1065771,0,0,1487,0,0.000000,16384,1286,65771,4,1.000000,0.000000
788,885221522,1061642,0,0,1629,0,0.000000,16384,1488,61642,4,1.000000,0.000000
789,886280237,1058715,0,0,1661,0,0.000000,16384,1466,58715,4,1.000000,0.000000
790,887338594,1058357,0,0,1617,0,0.000000,16384,1435,58357,4,1.000000,0.000000
791,888410096,1071502,0,0,1693,0,0.000000,16384,1539,71502,4,1.000000,0.000000
792,889500801,1090705,0,0,1835,0,0.000000,16384,1611,90705,4,1.000000,0.000000
793,890593569,1092768,0,0,1858,0,0.000000,16384,1634,92768,4,1.000000,0.000000
794,891617276,1023707,0,0,1698,0,0.000000,16384,1541,23707,4,1.000000,0.000000
795,892675564,1058288,0,0,1558,0,0.000000,16384,1379,58288,4,1.000000,0.000000
796,893735658,1060094,0,0,1650,0,0.000000,16384,1466,60094,4,1.000000,0.000000
797,894793780,1058122,0,0,1808,0,0.000000,16384,1635,58122,4,1.000000,0.000000
798,895851550,1057770,0,0,1738,0,0.000000,16384,1535,57770,4,1.000000,0.000000
799,896908200,1056650,0,0,1831,0,0.000000,16384,1607,56650,4,1.000000,0.000000
800,897964184,1055984,0,0,1809,0,0.000000,16384,1626,55984,4,1.000000,0.000000
801,899032775,1068591,0,0,1851,0,0.000000,16384,1671,68591,4,1.000000,0.000000
802,900088746,1055971,0,0,1829,0,0.000000,16384,1632,55971,4,1.000000,0.000000
803,901144695,1055949,0,0,1810,0,0.000000,16384,1586,55949,4,1.000000,0.000000
804,902200362,1055667,0,0,1824,0,0.000000,16384,1618,55667,4,1.000000,0.000000
805,903255778,1055416,0,0,1809,0,0.000000,16384,1637,55416,4,1.000000,0.000000
806,904315930,1060152,0,0,1728,0,0.000000,16384,1546,60152,4,1.000000,0.000000
807,905375313,1059383,0,0,1806,0,0.000000,16384,1582,59383,4,1.000000,0.000000
808,906431748,1056435,0,0,1827,0,0.000000,16384,1626,56435,4,1.000000,0.000000
809,907487671,1055923,0,0,1831,0,0.000000,16384,1654,55923,4,1.000000,0.000000
810,908543698,1056027,0,0,1831,0,0.000000,16384,1649,56027,4,1.000000,0.000000
811,909608094,1064396,0,0,1842,0,0.000000,16384,1618,64396,4,1.000000,0.000000
812,910663984,1055890,0,0,1802,0,0.000000,16384,1578,55890,4,1.000000,0.000000
813,911673718,1009734,0,0,1733,0,0.000000,16384,1577,9734,4,1.000000,0.000000
814,912732962,1059244,0,0,1606,0,0.000000,16384,1426,59244,4,1.000000,0.000000
815,913791556,1058594,0,0,1805,0,0.000000,16384,1581,58594,4,1.000000,0.000000
816,914848485,1056929,0,0,1812,0,0.000000,16384,1637,56929,4,1.000000,0.000000
817,915905114,1056629,0,0,1821,0,0.000000,16384,1646,56629,4,1.000000,0.000000
818,916961947,1056833,0,0,1810,0,0.000000,16384,1599,56833,4,1.000000,0.000000
819,918017767,1055820,0,0,1826,0,0.000000,16384,1603,55820,4,1.000000,0.000000
820,919074021,1056254,0,0,1810,0,0.000000,16384,1621,56254,4,1.000000,0.000000
821,920137226,1063205,0,0,1833,0,0.000000,16384,1656,63205,4,1.000000,0.000000
822,921193184,1055958,0,0,1824,0,0.000000,16384,1630,55958,4,1.000000,0.000000
823,922248785,1055601,0,0,1829,0,0.000000,16384,1605,55601,4,1.000000,0.000000
824,923305584,1056799,0,0,1807,0,0.000000,16384,1599,56799,4,1.000000,0.000000
825,924368562,1062978,0,0,1544,0,0.000000,16384,1416,62978,4,1.000000,0.000000
826,925429596,1061034,0,0,1622,0,0.000000,16384,1398,61034,4,1.000000,0.000000
827,926492996,1063400,0,0,1509,0,0.000000,16384,1396,63400,4,1.000000,0.000000
828,927554494,1061498,0,0,1559,0,0.000000,16384,1337,61498,4,1.000000,0.000000
829,928612006,1057512,0,0,1652,0,0.000000,16384,1512,57512,4,1.000000,0.000000
830,929671825,1059819,0,0,1663,0,0.000000,16384,1466,59819,4,1.000000,0.000000
831,930755177,1083352,0,0,1851,0,0.000000,16384,1627,83352,4,1.000000,0.000000
832,931892675,1137498,0,0,1918,0,0.000000,16384,1718,137498,4,1.000000,0.000000
833,932955342,1062667,0,0,1764,0,0.000000,16384,1601,62667,4,1.000000,0.000000
834,934011820,1056478,0,0,1825,0,0.000000,16384,1628,56478,4,1.000000,0.000000
835,935068064,1056244,0,0,1817,0,0.000000,16384,1593,56244,4,1.000000,0.000000
836,936124293,1056229,0,0,1826,0,0.000000,16384,1620,56229,4,1.000000,0.000000
837,937181149,1056856,0,0,1797,0,0.000000,16384,1627,56856,4,1.000000,0.000000
838,938238146,1056997,0,0,1814,0,0.000000,16384,1630,56997,4,1.000000,0.000000
839,939294401,1056255,0,0,1827,0,0.000000,16384,1603,56255,4,1.000000,0.000000
840,940350622,1056221,0,0,1827,0,0.000000,16384,1606,56221,4,1.000000,0.000000
841,941414345,1063723,0,0,1820,0,0.000000,16384,1644,63723,4,1.000000,0.000000
842,942470159,1055814,0,0,1824,0,0.000000,16384,1648,55814,4,1.000000,0.000000
843,943525912,1055753,0,0,1815,0,0.000000,16384,1604,55753,4,1.000000,0.000000
844,944581684,1055772,0,0,1814,0,0.000000,16384,1590,55772,4,1.000000,0.000000
845,945637483,1055799,0,0,1822,0,0.000000,16384,1633,55799,4,1.000000,0.000000
846,946670415,1032932,0,0,1779,0,0.000000,16384,1613,32932,4,1.000000,0.000000
847,947728294,1057879,0,0,1728,0,0.000000,16384,1522,57879,4,1.000000,0.000000
848,948785439,1057145,0,0,1822,0,0.000000,16384,1599,57145,4,1.000000,0.000000
849,949841637,1056198,0,0,1805,0,0.000000,16384,1629,56198,4,1.000000,0.000000
850,950897640,1056003,0,0,1815,0,0.000000,16384,1640,56003,4,1.000000,0.000000
851,951962164,1064524,0,0,1781,0,0.000000,16384,1572,64524,4,1.000000,0.000000
852,953025532,1063368,0,0,1649,0,0.000000,16384,1452,63368,4,1.000000,0.000000
853,954082541,1057009,0,0,1829,0,0.000000,16384,1652,57009,4,1.000000,0.000000
854,955138527,1055986,0,0,1827,0,0.000000,16384,1641,55986,4,1.000000,0.000000
855,956196852,1058325,0,0,1770,0,0.000000,16384,1546,58325,4,1.000000,0.000000
856,957254463,1057611,0,0,1834,0,0.000000,16384,1624,57611,4,1.000000,0.000000
857,958310341,1055878,0,0,1824,0,0.000000,16384,1648,55878,4,1.000000,0.000000
858,959366718,1056377,0,0,1817,0,0.000000,16384,1643,56377,4,1.000000,0.000000
859,960422886,1056168,0,0,1825,0,0.000000,16384,1601,56168,4,1.000000,0.000000
860,961478844,1055958,0,0,1823,0,0.000000,16384,1598,55958,4,1.000000,0.000000
861,962549899,1071055,0,0,1655,0,0.000000,16384,1510,71055,4,1.000000,0.000000
862,963626341,1076442,0,0,1439,0,0.000000,16384,1249,76442,4,1.000000,0.000000
863,964683230,1056889,0,0,1447,0,0.000000,16384,1335,56889,4,1.000000,0.000000
864,965749406,1066176,0,0,1495,0,0.000000,16384,1293,66176,4,1.000000,0.000000
865,966811591,1062185,0,0,1503,0,0.000000,16384,1369,62185,4,1.000000,0.000000
866,967871969,1060378,0,0,1540,0,0.000000,16384,1346,60378,4,1.000000,0.000000
867,968936578,1064609,0,0,1783,0,0.000000,16384,1616,64609,4,1.000000,0.000000
868,969997832,1061254,0,0,1667,0,0.000000,16384,1468,61254,4,1.000000,0.000000
869,971059302,1061470,0,0,1815,0,0.000000,16384,1596,61470,4,1.000000,0.000000
870,972120642,1061340,0,0,1730,0,0.000000,16384,1573,61340,4,1.000000,0.000000
871,973206825,1086183,0,0,1702,0,0.000000,16384,1517,86183,4,1.000000,0.000000
872,974265056,1058231,0,0,1815,0,0.000000,16384,1592,58231,4,1.000000,0.000000
873,975323061,1058005,0,0,1774,0,0.000000,16384,1590,58005,4,1.000000,0.000000
874,976380401,1057340,0,0,1816,0,0.000000,16384,1642,57340,4,1.000000,0.000000
875,977437679,1057278,0,0,1779,0,0.000000,16384,1577,57278,4,1.000000,0.000000
876,978494018,1056339,0,0,1824,0,0.000000,16384,1599,56339,4,1.000000,0.000000
877,979550022,1056004,0,0,1824,0,0.000000,16384,1631,56004,4,1.000000,0.000000
878,980605904,1055882,0,0,1825,0,0.000000,16384,1650,55882,4,1.000000,0.000000
879,981661862,1055958,0,0,1823,0,0.000000,16384,1632,55958,4,1.000000,0.000000
880,982674049,1012187,0,0,1740,0,0.000000,16384,1516,12187,4,1.000000,0.000000
881,983751970,1077921,0,0,1820,0,0.000000,16384,1624,77921,4,1.000000,0.000000
882,984808813,1056843,0,0,1754,0,0.000000,16384,1592,56843,4,1.000000,0.000000
883,985865495,1056682,0,0,1742,0,0.000000,16384,1540,56682,4,1.000000,0.000000
884,986922103,1056608,0,0,1743,0,0.000000,16384,1527,56608,4,1.000000,0.000000
885,987978163,1056060,0,0,1638,0,0.000000,16384,1500,56060,4,1.000000,0.000000
886,989034268,1056105,0,0,1816,0,0.000000,16384,1610,56105,4,1.000000,0.000000
887,990090107,1055839,0,0,1824,0,0.000000,16384,1599,55839,4,1.000000,0.000000
888,991145832,1055725,0,0,1822,0,0.000000,16384,1626,55725,4,1.000000,0.000000
889,992258415,1112583,0,0,1794,0,0.000000,16384,1625,112583,4,1.000000,0.000000
890,993320839,1062424,0,0,1560,0,0.000000,16384,1366,62424,4,1.000000,0.000000
891,994393602,1072763,0,0,1579,0,0.000000,16384,1426,72763,4,1.000000,0.000000
892,995451662,1058060,0,0,1557,0,0.000000,16384,1374,58060,4,1.000000,0.000000
893,996539197,1087535,0,0,1919,0,0.000000,16384,1695,87535,4,1.000000,0.000000
894,997631108,1091911,0,0,1965,0,0.000000,16384,1750,91911,4,1.000000,0.000000
895,998706905,1075797,0,0,1949,0,0.000000,16384,1746,75797,4,1.000000,0.000000
896,999769212,1062307,0,0,1913,0,0.000000,16384,1720,62307,4,1.000000,0.000000
897,1000894667,1125455,0,0,2030,0,0.000000,16384,1811,125455,4,1.000000,0.000000
898,1001957484,1062817,0,0,1891,0,0.000000,16384,1700,62817,4,1.000000,0.000000
899,1003019952,1062468,0,0,1836,0,0.000000,16384,1625,62468,4,1.000000,0.000000
900,1004081204,1061252,0,0,1834,0,0.000000,16384,1610,61252,4,1.000000,0.000000
901,1005148548,1067344,0,0,1851,0,0.000000,16384,1648,67344,4,1.000000,0.000000
902,1006204770,1056222,0,0,1810,0,0.000000,16384,1637,56222,4,1.000000,0.000000
903,1007261083,1056313,0,0,1824,0,0.000000,16384,1639,56313,4,1.000000,0.000000
904,1008318436,1057353,0,0,1792,0,0.000000,16384,1569,57353,4,1.000000,0.000000
905,1009376295,1057859,0,0,1810,0,0.000000,16384,1599,57859,4,1.000000,0.000000
906,1010463948,1087653,0,0,1922,0,0.000000,16384,1724,87653,4,1.000000,0.000000
907,1011552838,1088890,0,0,1969,0,0.000000,16384,1765,88890,4,1.000000,0.000000
908,1012617156,1064318,0,0,1750,0,0.000000,16384,1579,64318,4,1.000000,0.000000
909,1013672956,1055800,0,0,1818,0,0.000000,16384,1593,55800,4,1.000000,0.000000
910,1014730844,1057888,0,0,1811,0,0.000000,16384,1596,57888,4,1.000000,0.000000
911,1015799163,1068319,0,0,1843,0,0.000000,16384,1663,68319,4,1.000000,0.000000
912,1016856580,1057417,0,0,1831,0,0.000000,16384,1654,57417,4,1.000000,0.000000
913,1017912631,1056051,0,0,1818,0,0.000000,16384,1607,56051,4,1.000000,0.000000
914,1018968854,1056223,0,0,1828,0,0.000000,16384,1603,56223,4,1.000000,0.000000
915,1020024869,1056015,0,0,1826,0,0.000000,16384,1633,56015,4,1.000000,0.000000
916,1021080942,1056073,0,0,1829,0,0.000000,16384,1652,56073,4,1.000000,0.000000
917,1022136684,1055742,0,0,1828,0,0.000000,16384,1639,55742,4,1.000000,0.000000
918,1023192280,1055596,0,0,1828,0,0.000000,16384,1604,55596,4,1.000000,0.000000
919,1024248279,1055999,0,0,1829,0,0.000000,16384,1612,55999,4,1.000000,0.000000
920,1025308549,1060270,0,0,1595,0,0.000000,16384,1465,60270,4,1.000000,0.000000
921,1026383848,1075299,0,0,1660,0,0.000000,16384,1447,75299,4,1.000000,0.000000
922,1027448087,1064239,0,0,1637,0,0.000000,16384,1471,64239,4,1.000000,0.000000
923,1028507542,1059455,0,0,1665,0,0.000000,16384,1494,59455,4,1.000000,0.000000
924,1029564764,1057222,0,0,1794,0,0.000000,16384,1571,57222,4,1.000000,0.000000
925,1030622377,1057613,0,0,1815,0,0.000000,16384,1620,57613,4,1.000000,0.000000
926,1031674249,1051872,0,0,1820,0,0.000000,16384,1646,51872,4,1.000000,0.000000
927,1032732472,1058223,0,0,1724,0,0.000000,16384,1533,58223,4,1.000000,0.000000
928,1033790534,1058062,0,0,1837,0,0.000000,16384,1613,58062,4,1.000000,0.000000
929,1034846651,1056117,0,0,1825,0,0.000000,16384,1628,56117,4,1.000000,0.000000
930,1035902681,1056030,0,0,1811,0,0.000000,16384,1639,56030,4,1.000000,0.000000
931,1036968817,1066136,0,0,1842,0,0.000000,16384,1651,66136,4,1.000000,0.000000
932,1038025841,1057024,0,0,1810,0,0.000000,16384,1586,57024,4,1.000000,0.000000
933,1039082000,1056159,0,0,1829,0,0.000000,16384,1613,56159,4,1.000000,0.000000
934,1040138617,1056617,0,0,1826,0,0.000000,16384,1649,56617,4,1.000000,0.000000
935,1041194803,1056186,0,0,1805,0,0.000000,16384,1633,56186,4,1.000000,0.000000
936,1042250826,1056023,0,0,1824,0,0.000000,16384,1605,56023,4,1.000000,0.000000
937,1043306583,1055757,0,0,1825,0,0.000000,16384,1601,55757,4,1.000000,0.000000
938,1044362783,1056200,0,0,1828,0,0.000000,16384,1641,56200,4,1.000000,0.000000
939,1045432767,1069984,0,0,1484,0,0.000000,16384,1335,69984,4,1.000000,0.000000
940,1046497521,1064754,0,0,1552,0,0.000000,16384,1375,64754,4,1.000000,0.000000
941,1047597568,1100047,0,0,1852,0,0.000000,16384,1671,100047,4,1.000000,0.000000
942,1048658861,1061293,0,0,1753,0,0.000000,16384,1551,61293,4,1.000000,0.000000
943,1049672304,1013443,0,0,1736,0,0.000000,16384,1518,13443,4,1.000000,0.000000
944,1050729366,1057062,0,0,1826,0,0.000000,16384,1648,57062,4,1.000000,0.000000
945,1051785630,1056264,0,0,1807,0,0.000000,16384,1635,56264,4,1.000000,0.000000
946,1052845026,1059396,0,0,1704,0,0.000000,16384,1551,59396,4,1.000000,0.000000
947,1053907755,1062729,0,0,1688,0,0.000000,16384,1504,62729,4,1.000000,0.000000
948,1054969869,1062114,0,0,1828,0,0.000000,16384,1604,62114,4,1.000000,0.000000
949,1056034412,1064543,0,0,1775,0,0.000000,16384,1591,64543,4,1.000000,0.000000
950,1057095737,1061325,0,0,1695,0,0.000000,16384,1543,61325,4,1.000000,0.000000
951,1058170442,1074705,0,0,1857,0,0.000000,16384,1633,74705,4,1.000000,0.000000
952,1059228054,1057612,0,0,1827,0,0.000000,16384,1603,57612,4,1.000000,0.000000
953,1060285154,1057100,0,0,1827,0,0.000000,16384,1641,57100,4,1.000000,0.000000
954,1061341730,1056576,0,0,1831,0,0.000000,16384,1654,56576,4,1.000000,0.000000
955,1062397987,1056257,0,0,1825,0,0.000000,16384,1627,56257,4,1.000000,0.000000
956,1063458314,1060327,0,0,1807,0,0.000000,16384,1584,60327,4,1.000000,0.000000
957,1064519182,1060868,0,0,1833,0,0.000000,16384,1627,60868,4,1.000000,0.000000
958,1065576623,1057441,0,0,1816,0,0.000000,16384,1642,57441,4,1.000000,0.000000
959,1066633216,1056593,0,0,1773,0,0.000000,16384,1593,56593,4,1.000000,0.000000
960,1067670552,1037336,0,0,1797,0,0.000000,16384,1573,37336,4,1.000000,0.000000
961,1068735488,1064936,0,0,1850,0,0.000000,16384,1636,64936,4,1.000000,0.000000
962,1069791905,1056417,0,0,1825,0,0.000000,16384,1649,56417,4,1.000000,0.000000
963,1070848138,1056233,0,0,1835,0,0.000000,16384,1656,56233,4,1.000000,0.000000
964,1071904385,1056247,0,0,1836,0,0.000000,16384,1621,56247,4,1.000000,0.000000
965,1072962072,1057687,0,0,1766,0,0.000000,16384,1541,57687,4,1.000000,0.000000
966,1074019751,1057679,0,0,1825,0,0.000000,16384,1645,57679,4,1.000000,0.000000
967,1075076193,1056442,0,0,1821,0,0.000000,16384,1646,56442,4,1.000000,0.000000
968,1076132675,1056482,0,0,1827,0,0.000000,16384,1623,56482,4,1.000000,0.000000
969,1077189111,1056436,0,0,1810,0,0.000000,16384,1586,56436,4,1.000000,0.000000
970,1078245811,1056700,0,0,1672,0,0.000000,16384,1506,56700,4,1.000000,0.000000
971,1079313746,1067935,0,0,1695,0,0.000000,16384,1524,67935,4,1.000000,0.000000
972,1080372177,1058431,0,0,1657,0,0.000000,16384,1434,58431,4,1.000000,0.000000
973,1081428833,1056656,0,0,1773,0,0.000000,16384,1610,56656,4,1.000000,0.000000
974,1082485689,1056856,0,0,1817,0,0.000000,16384,1642,56856,4,1.000000,0.000000
975,1083542116,1056427,0,0,1822,0,0.000000,16384,1600,56427,4,1.000000,0.000000
976,1084598988,1056872,0,0,1826,0,0.000000,16384,1602,56872,4,1.000000,0.000000
977,1085655619,1056631,0,0,1831,0,0.000000,16384,1646,56631,4,1.000000,0.000000
978,1086670562,1014943,0,0,1736,0,0.000000,16384,1578,14943,4,1.000000,0.000000
979,1087727342,1056780,0,0,1805,0,0.000000,16384,1588,56780,4,1.000000,0.000000
980,1088783881,1056539,0,0,1821,0,0.000000,16384,1597,56539,4,1.000000,0.000000
981,1089845729,1061848,0,0,1829,0,0.000000,16384,1645,61848,4,1.000000,0.000000
982,1090901914,1056185,0,0,1828,0,0.000000,16384,1652,56185,4,1.000000,0.000000
983,1091957876,1055962,0,0,1808,0,0.000000,16384,1608,55962,4,1.000000,0.000000
984,1093015738,1057862,0,0,1774,0,0.000000,16384,1549,57862,4,1.000000,0.000000
985,1094073422,1057684,0,0,1801,0,0.000000,16384,1615,57684,4,1.000000,0.000000
986,1095130062,1056640,0,0,1825,0,0.000000,16384,1650,56640,4,1.000000,0.000000
987,1096186609,1056547,0,0,1828,0,0.000000,16384,1630,56547,4,1.000000,0.000000
988,1097243118,1056509,0,0,1810,0,0.000000,16384,1586,56509,4,1.000000,0.000000
989,1098298884,1055766,0,0,1811,0,0.000000,16384,1609,55766,4,1.000000,0.000000
990,1099355130,1056246,0,0,1820,0,0.000000,16384,1644,56246,4,1.000000,0.000000
991,1100429484,1074354,0,0,1842,0,0.000000,16384,1660,74354,4,1.000000,0.000000
992,1101486671,1057187,0,0,1828,0,0.000000,16384,1603,57187,4,1.000000,0.000000
993,1102543111,1056440,0,0,1816,0,0.000000,16384,1593,56440,4,1.000000,0.000000
994,1103603501,1060390,0,0,1824,0,0.000000,16384,1646,60390,4,1.000000,0.000000
995,1104664073,1060572,0,0,1827,0,0.000000,16384,1651,60572,4,1.000000,0.000000
996,1105724384,1060311,0,0,1801,0,0.000000,16384,1595,60311,4,1.000000,0.000000
997,1106785640,1061256,0,0,1811,0,0.000000,16384,1587,61256,4,1.000000,0.000000
998,1107849089,1063449,0,0,1786,0,0.000000,16384,1602,63449,4,1.000000,0.000000
999,1108912583,1063494,0,0,1786,0,0.000000,16384,1618,63494,4,1.000000,0.000000
1000,1109974538,1061955,0,0,1767,0,0.000000,16384,1559,61955,4,1.000000,0.000000
1001,1111045778,1071240,0,0,1680,0,0.000000,16384,1478,71240,4,1.000000,0.000000
1002,1112103079,1057301,0,0,1663,0,0.000000,16384,1519,57301,4,1.000000,0.000000
1003,1113161131,1058052,0,0,1651,0,0.000000,16384,1437,58052,4,1.000000,0.000000
1004,1114218101,1056970,0,0,1821,0,0.000000,16384,1620,56970,4,1.000000,0.000000
1005,1115274382,1056281,0,0,1823,0,0.000000,16384,1647,56281,4,1.000000,0.000000
1006,1116330710,1056328,0,0,1810,0,0.000000,16384,1627,56328,4,1.000000,0.000000
1007,1117386756,1056046,0,0,1823,0,0.000000,16384,1599,56046,4,1.000000,0.000000
1008,1118473505,1086749,0,0,1940,0,0.000000,16384,1716,86749,4,1.000000,0.000000
1009,1119536065,1062560,0,0,1831,0,0.000000,16384,1635,62560,4,1.000000,0.000000
1010,1120612918,1076853,0,0,1816,0,0.000000,16384,1642,76853,4,1.000000,0.000000
1011,1121674938,1062020,0,0,1664,0,0.000000,16384,1474,62020,4,1.000000,0.000000
1012,1122733438,1058500,0,0,1826,0,0.000000,16384,1602,58500,4,1.000000,0.000000
1013,1123789934,1056496,0,0,1822,0,0.000000,16384,1639,56496,4,1.000000,0.000000
1014,1124845801,1055867,0,0,1809,0,0.000000,16384,1637,55867,4,1.000000,0.000000
1015,1125905751,1059950,0,0,1566,0,0.000000,16384,1361,59950,4,1.000000,0.000000
1016,1126965920,1060169,0,0,1661,0,0.000000,16384,1501,60169,4,1.000000,0.000000
1017,1128023666,1057746,0,0,1795,0,0.000000,16384,1619,57746,4,1.000000,0.000000
1018,1129080692,1057026,0,0,1830,0,0.000000,16384,1606,57026,4,1.000000,0.000000
1019,1130137178,1056486,0,0,1824,0,0.000000,16384,1600,56486,4,1.000000,0.000000
1020,1131193610,1056432,0,0,1798,0,0.000000,16384,1626,56432,4,1.000000,0.000000
1021,1132260956,1067346,0,0,1759,0,0.000000,16384,1595,67346,4,1.000000,0.000000
1022,1133318924,1057968,0,0,1703,0,0.000000,16384,1479,57968,4,1.000000,0.000000
1023,1134376457,1057533,0,0,1834,0,0.000000,16384,1630,57533,4,1.000000,0.000000
1024,1135436394,1059937,0,0,1831,0,0.000000,16384,1655,59937,4,1.000000,0.000000
1025,1136497750,1061356,0,0,1836,0,0.000000,16384,1656,61356,4,1.000000,0.000000
1026,1137556322,1058572,0,0,1825,0,0.000000,16384,1601,58572,4,1.000000,0.000000
1027,1138612853,1056531,0,0,1792,0,0.000000,16384,1569,56531,4,1.000000,0.000000
1028,1139670710,1057857,0,0,1827,0,0.000000,16384,1651,57857,4,1.000000,0.000000
1029,1140728597,1057887,0,0,1811,0,0.000000,16384,1638,57887,4,1.000000,0.000000
1030,1141784945,1056348,0,0,1824,0,0.000000,16384,1612,56348,4,1.000000,0.000000
1031,1142850166,1065221,0,0,1839,0,0.000000,16384,1615,65221,4,1.000000,0.000000
1032,1143906345,1056179,0,0,1832,0,0.000000,16384,1635,56179,4,1.000000,0.000000
1033,1144962579,1056234,0,0,1717,0,0.000000,16384,1563,56234,4,1.000000,0.000000
1034,1146018627,1056048,0,0,1823,0,0.000000,16384,1614,56048,4,1.000000,0.000000
1035,1147076312,1057685,0,0,1802,0,0.000000,16384,1578,57685,4,1.000000,0.000000
1036,1148132942,1056630,0,0,1828,0,0.000000,16384,1636,56630,4,1.000000,0.000000
1037,1149191272,1058330,0,0,1731,0,0.000000,16384,1574,58330,4,1.000000,0.000000
1038,1150248001,1056729,0,0,1829,0,0.000000,16384,1618,56729,4,1.000000,0.000000
1039,1151304284,1056283,0,0,1827,0,0.000000,16384,1603,56283,4,1.000000,0.000000
1040,1152360341,1056057,0,0,1825,0,0.000000,16384,1630,56057,4,1.000000,0.000000
1041,1153437556,1077215,0,0,1778,0,0.000000,16384,1611,77215,4,1.000000,0.000000
1042,1154495876,1058320,0,0,1828,0,0.000000,16384,1630,58320,4,1.000000,0.000000
1043,1155558524,1062648,0,0,1775,0,0.000000,16384,1551,62648,4,1.000000,0.000000
1044,1156615695,1057171,0,0,1798,0,0.000000,16384,1606,57171,4,1.000000,0.000000
1045,1157671078,1055383,0,0,1704,0,0.000000,16384,1553,55383,4,1.000000,0.000000
1046,1158727309,1056231,0,0,1821,0,0.000000,16384,1604,56231,4,1.000000,0.000000
1047,1159783930,1056621,0,0,1820,0,0.000000,16384,1596,56621,4,1.000000,0.000000
1048,1160839747,1055817,0,0,1820,0,0.000000,16384,1634,55817,4,1.000000,0.000000
1049,1161895400,1055653,0,0,1827,0,0.000000,16384,1651,55653,4,1.000000,0.000000
1050,1162951614,1056214,0,0,1804,0,0.000000,16384,1605,56214,4,1.000000,0.000000
1051,1164015673,1064059,0,0,1844,0,0.000000,16384,1621,64059,4,1.000000,0.000000
1052,1165071505,1055832,0,0,1832,0,0.000000,16384,1624,55832,4,1.000000,0.000000
1053,1166127390,1055885,0,0,1803,0,0.000000,16384,1632,55885,4,1.000000,0.000000
1054,1167183807,1056417,0,0,1817,0,0.000000,16384,1636,56417,4,1.000000,0.000000
1055,1168239636,1055829,0,0,1824,0,0.000000,16384,1600,55829,4,1.000000,0.000000
1056,1169295409,1055773,0,0,1834,0,0.000000,16384,1610,55773,4,1.000000,0.000000
1057,1170350750,1055341,0,0,1832,0,0.000000,16384,1653,55341,4,1.000000,0.000000
1058,1171407596,1056846,0,0,1817,0,0.000000,16384,1643,56846,4,1.000000,0.000000
1059,1172463554,1055958,0,0,1832,0,0.000000,16384,1625,55958,4,1.000000,0.000000
1060,1173521826,1058272,0,0,1738,0,0.000000,16384,1514,58272,4,1.000000,0.000000
1061,1174586969,1065143,0,0,1767,0,0.000000,16384,1595,65143,4,1.000000,0.000000
1062,1175645601,1058632,0,0,1743,0,0.000000,16384,1579,58632,4,1.000000,0.000000
1063,1176671553,1025952,0,0,1766,0,0.000000,16384,1541,25952,4,1.000000,0.000000
1064,1177728029,1056476,0,0,1820,0,0.000000,16384,1612,56476,4,1.000000,0.000000
1065,1178784135,1056106,0,0,1831,0,0.000000,16384,1654,56106,4,1.000000,0.000000
1066,1179840205,1056070,0,0,1812,0,0.000000,16384,1638,56070,4,1.000000,0.000000
1067,1180896025,1055820,0,0,1817,0,0.000000,16384,1593,55820,4,1.000000,0.000000
1068,1181956875,1060850,0,0,1790,0,0.000000,16384,1570,60850,4,1.000000,0.000000
1069,1183017450,1060575,0,0,1841,0,0.000000,16384,1660,60575,4,1.000000,0.000000
1070,1184080193,1062743,0,0,1748,0,0.000000,16384,1589,62743,4,1.000000,0.000000
1071,1185145155,1064962,0,0,1751,0,0.000000,16384,1527,64962,4,1.000000,0.000000
1072,1186208517,1063362,0,0,1666,0,0.000000,16384,1484,63362,4,1.000000,0.000000
1073,1187278836,1070319,0,0,1436,0,0.000000,16384,1282,70319,4,1.000000,0.000000
1074,1188347110,1068274,0,0,1456,0,0.000000,16384,1315,68274,4,1.000000,0.000000
1075,1189423148,1076038,0,0,1436,0,0.000000,16384,1241,76038,4,1.000000,0.000000
1076,1190493064,1069916,0,0,1436,0,0.000000,16384,1324,69916,4,1.000000,0.000000
1077,1191563889,1070825,0,0,1452,0,0.000000,16384,1266,70825,4,1.000000,0.000000
1078,1192681193,1117304,0,0,1525,0,0.000000,16384,1375,117304,4,1.000000,0.000000
1079,1193753323,1072130,0,0,1378,0,0.000000,16384,1231,72130,4,1.000000,0.000000
1080,1194823296,1069973,0,0,1492,0,0.000000,16384,1303,69973,4,1.000000,0.000000
1081,1195900876,1077580,0,0,1599,0,0.000000,16384,1450,77580,4,1.000000,0.000000
1082,1196959204,1058328,0,0,1666,0,0.000000,16384,1479,58328,4,1.000000,0.000000
1083,1198022607,1063403,0,0,1638,0,0.000000,16384,1443,63403,4,1.000000,0.000000
1084,1199089909,1067302,0,0,1555,0,0.000000,16384,1413,67302,4,1.000000,0.000000
1085,1200153687,1063778,0,0,1531,0,0.000000,16384,1336,63778,4,1.000000,0.000000
1086,1201215017,1061330,0,0,1652,0,0.000000,16384,1512,61330,4,1.000000,0.000000
1087,1202274362,1059345,0,0,1636,0,0.000000,16384,1412,59345,4,1.000000,0.000000
1088,1203333487,1059125,0,0,1483,0,0.000000,16384,1364,59125,4,1.000000,0.000000
1089,1204421974,1088487,0,0,1657,0,0.000000,16384,1440,88487,4,1.000000,0.000000
1090,1205486666,1064692,0,0,1545,0,0.000000,16384,1402,64692,4,1.000000,0.000000
1091,1206602314,1115648,0,0,1728,0,0.000000,16384,1535,115648,4,1.000000,0.000000
1092,1207697360,1095046,0,0,1708,0,0.000000,16384,1493,95046,4,1.000000,0.000000
1093,1208762534,1065174,0,0,1658,0,0.000000,16384,1515,65174,4,1.000000,0.000000
1094,1209827054,1064520,0,0,1655,0,0.000000,16384,1453,64520,4,1.000000,0.000000
1095,1210891577,1064523,0,0,1651,0,0.000000,16384,1471,64523,4,1.000000,0.000000
1096,1211955973,1064396,0,0,1645,0,0.000000,16384,1489,64396,4,1.000000,0.000000
1097,1213020372,1064399,0,0,1579,0,0.000000,16384,1371,64399,4,1.000000,0.000000
1098,1214084391,1064019,0,0,1665,0,0.000000,16384,1521,64019,4,1.000000,0.000000
1099,1215144689,1060298,0,0,1667,0,0.000000,16384,1459,60298,4,1.000000,0.000000
1100,1216202520,1057831,0,0,1662,0,0.000000,16384,1483,57831,4,1.000000,0.000000
1101,1217272276,1069756,0,0,1681,0,0.000000,16384,1524,69756,4,1.000000,0.000000
1102,1218332622,1060346,0,0,1621,0,0.000000,16384,1397,60346,4,1.000000,0.000000
1103,1219390798,1058176,0,0,1666,0,0.000000,16384,1524,58176,4,1.000000,0.000000
1104,1220447462,1056664,0,0,1669,0,0.000000,16384,1475,56664,4,1.000000,0.000000
1105,1221504441,1056979,0,0,1670,0,0.000000,16384,1474,56979,4,1.000000,0.000000
1106,1222561323,1056882,0,0,1755,0,0.000000,16384,1594,56882,4,1.000000,0.000000
1107,1223617200,1055877,0,0,1832,0,0.000000,16384,1629,55877,4,1.000000,0.000000
1108,1224670749,1053549,0,0,1811,0,0.000000,16384,1587,53549,4,1.000000,0.000000
1109,1225730642,1059893,0,0,1543,0,0.000000,16384,1401,59893,4,1.000000,0.000000
1110,1226794126,1063484,0,0,1533,0,0.000000,16384,1339,63484,4,1.000000,0.000000
1111,1227866914,1072788,0,0,1666,0,0.000000,16384,1501,72788,4,1.000000,0.000000
1112,1228925484,1058570,0,0,1571,0,0.000000,16384,1400,58570,4,1.000000,0.000000
1113,1229983186,1057702,0,0,1690,0,0.000000,16384,1487,57702,4,1.000000,0.000000
1114,1231040863,1057677,0,0,1820,0,0.000000,16384,1645,57677,4,1.000000,0.000000
1115,1232097456,1056593,0,0,1821,0,0.000000,16384,1639,56593,4,1.000000,0.000000
1116,1233153786,1056330,0,0,1756,0,0.000000,16384,1532,56330,4,1.000000,0.000000
1117,1234211702,1057916,0,0,1681,0,0.000000,16384,1502,57916,4,1.000000,0.000000
1118,1235269519,1057817,0,0,1770,0,0.000000,16384,1605,57817,4,1.000000,0.000000
1119,1236325633,1056114,0,0,1827,0,0.000000,16384,1611,56114,4,1.000000,0.000000
1120,1237381747,1056114,0,0,1826,0,0.000000,16384,1601,56114,4,1.000000,0.000000
1121,1238448606,1066859,0,0,1823,0,0.000000,16384,1635,66859,4,1.000000,0.000000
1122,1239505228,1056622,0,0,1825,0,0.000000,16384,1649,56622,4,1.000000,0.000000
1123,1240569430,1064202,0,0,1809,0,0.000000,16384,1614,64202,4,1.000000,0.000000
1124,1241660427,1090997,0,0,1860,0,0.000000,16384,1636,90997,4,1.000000,0.000000
1125,1242705007,1044580,0,0,1798,0,0.000000,16384,1589,44580,4,1.000000,0.000000
1126,1243766910,1061903,0,0,1780,0,0.000000,16384,1613,61903,4,1.000000,0.000000
1127,1244832149,1065239,0,0,1785,0,0.000000,16384,1601,65239,4,1.000000,0.000000
1128,1245896279,1064130,0,0,1780,0,0.000000,16384,1556,64130,4,1.000000,0.000000
1129,1246959948,1063669,0,0,1795,0,0.000000,16384,1598,63669,4,1.000000,0.000000
1130,1248041895,1081947,0,0,1773,0,0.000000,16384,1607,81947,4,1.000000,0.000000
1131,1249120350,1078455,0,0,1777,0,0.000000,16384,1580,78455,4,1.000000,0.000000
1132,1250181306,1060956,0,0,1673,0,0.000000,16384,1459,60956,4,1.000000,0.000000
1133,1251238290,1056984,0,0,1754,0,0.000000,16384,1593,56984,4,1.000000,0.000000
1134,1252294551,1056261,0,0,1832,0,0.000000,16384,1647,56261,4,1.000000,0.000000
1135,1253350527,1055976,0,0,1828,0,0.000000,16384,1604,55976,4,1.000000,0.000000
1136,1254409035,1058508,0,0,1761,0,0.000000,16384,1550,58508,4,1.000000,0.000000
1137,1255467008,1057973,0,0,1833,0,0.000000,16384,1657,57973,4,1.000000,0.000000
1138,1256523906,1056898,0,0,1830,0,0.000000,16384,1651,56898,4,1.000000,0.000000
1139,1257580090,1056184,0,0,1821,0,0.000000,16384,1603,56184,4,1.000000,0.000000
1140,1258636212,1056122,0,0,1823,0,0.000000,16384,1599,56122,4,1.000000,0.000000
1141,1259672063,1035851,0,0,1767,0,0.000000,16384,1593,35851,4,1.000000,0.000000
1142,1260728779,1056716,0,0,1822,0,0.000000,16384,1647,56716,4,1.000000,0.000000
1143,1261785497,1056718,0,0,1801,0,0.000000,16384,1590,56718,4,1.000000,0.000000
1144,1262842910,1057413,0,0,1828,0,0.000000,16384,1604,57413,4,1.000000,0.000000
1145,1263899204,1056294,0,0,1809,0,0.000000,16384,1622,56294,4,1.000000,0.000000
1146,1264954917,1055713,0,0,1826,0,0.000000,16384,1667,55713,4,1.000000,0.000000
1147,1266011050,1056133,0,0,1825,0,0.000000,16384,1629,56133,4,1.000000,0.000000
1148,1267067077,1056027,0,0,1785,0,0.000000,16384,1617,56027,4,1.000000,0.000000
1149,1268124014,1056937,0,0,1830,0,0.000000,16384,1635,56937,4,1.000000,0.000000
1150,1269179719,1055705,0,0,1827,0,0.000000,16384,1603,55705,4,1.000000,0.000000
1151,1270242924,1063205,0,0,1805,0,0.000000,16384,1598,63205,4,1.000000,0.000000
1152,1271299794,1056870,0,0,1826,0,0.000000,16384,1650,56870,4,1.000000,0.000000
1153,1272355965,1056171,0,0,1830,0,0.000000,16384,1653,56171,4,1.000000,0.000000
1154,1273411904,1055939,0,0,1826,0,0.000000,16384,1602,55939,4,1.000000,0.000000
1155,1274470993,1059089,0,0,1655,0,0.000000,16384,1459,59089,4,1.000000,0.000000
1156,1275530138,1059145,0,0,1661,0,0.000000,16384,1520,59145,4,1.000000,0.000000
1157,1276587254,1057116,0,0,1795,0,0.000000,16384,1572,57116,4,1.000000,0.000000
1158,1277643965,1056711,0,0,1810,0,0.000000,16384,1587,56711,4,1.000000,0.000000
1159,1278670787,1026822,0,0,1762,0,0.000000,16384,1601,26822,4,1.000000,0.000000
1160,1279727094,1056307,0,0,1783,0,0.000000,16384,1607,56307,4,1.000000,0.000000
1161,1280795463,1068369,0,0,1843,0,0.000000,16384,1619,68369,4,1.000000,0.000000
1162,1281856514,1061051,0,0,1773,0,0.000000,16384,1559,61051,4,1.000000,0.000000
1163,1282918834,1062320,0,0,1670,0,0.000000,16384,1526,62320,4,1.000000,0.000000
1164,1283978437,1059603,0,0,1827,0,0.000000,16384,1625,59603,4,1.000000,0.000000
1165,1285037101,1058664,0,0,1821,0,0.000000,16384,1597,58664,4,1.000000,0.000000
1166,1286095255,1058154,0,0,1823,0,0.000000,16384,1619,58154,4,1.000000,0.000000
1167,1287153453,1058198,0,0,1753,0,0.000000,16384,1593,58198,4,1.000000,0.000000
1168,1288213540,1060087,0,0,1620,0,0.000000,16384,1424,60087,4,1.000000,0.000000
1169,1289271218,1057678,0,0,1834,0,0.000000,16384,1618,57678,4,1.000000,0.000000
1170,1290328123,1056905,0,0,1823,0,0.000000,16384,1646,56905,4,1.000000,0.000000
1171,1291401035,1072912,0,0,1835,0,0.000000,16384,1657,72912,4,1.000000,0.000000
1172,1292463310,1062275,0,0,1751,0,0.000000,16384,1538,62275,4,1.000000,0.000000
1173,1293521211,1057901,0,0,1830,0,0.000000,16384,1606,57901,4,1.000000,0.000000
1174,1294579850,1058639,0,0,1757,0,0.000000,16384,1594,58639,4,1.000000,0.000000
1175,1295637702,1057852,0,0,1834,0,0.000000,16384,1655,57852,4,1.000000,0.000000
1176,1296674764,1037062,0,0,1796,0,0.000000,16384,1578,37062,4,1.000000,0.000000
1177,1297733159,1058395,0,0,1804,0,0.000000,16384,1580,58395,4,1.000000,0.000000
1178,1298792705,1059546,0,0,1745,0,0.000000,16384,1586,59546,4,1.000000,0.000000
1179,1299849163,1056458,0,0,1830,0,0.000000,16384,1652,56458,4,1.000000,0.000000
1180,1300904782,1055619,0,0,1811,0,0.000000,16384,1588,55619,4,1.000000,0.000000
1181,1301970128,1065346,0,0,1846,0,0.000000,16384,1622,65346,4,1.000000,0.000000
1182,1303026151,1056023,0,0,1821,0,0.000000,16384,1637,56023,4,1.000000,0.000000
1183,1304082007,1055856,0,0,1835,0,0.000000,16384,1657,55856,4,1.000000,0.000000
1184,1305137832,1055825,0,0,1835,0,0.000000,16384,1637,55825,4,1.000000,0.000000
1185,1306194590,1056758,0,0,1826,0,0.000000,16384,1602,56758,4,1.000000,0.000000
1186,1307250421,1055831,0,0,1823,0,0.000000,16384,1614,55831,4,1.000000,0.000000
1187,1308306291,1055870,0,0,1809,0,0.000000,16384,1637,55870,4,1.000000,0.000000
1188,1309362509,1056218,0,0,1835,0,0.000000,16384,1656,56218,4,1.000000,0.000000
1189,1310418339,1055830,0,0,1834,0,0.000000,16384,1610,55830,4,1.000000,0.000000
1190,1311474169,1055830,0,0,1834,0,0.000000,16384,1610,55830,4,1.000000,0.000000
1191,1312543724,1069555,0,0,1857,0,0.000000,16384,1665,69555,4,1.000000,0.000000
1192,1313605411,1061687,0,0,1806,0,0.000000,16384,1634,61687,4,1.000000,0.000000
1193,1314669834,1064423,0,0,1725,0,0.000000,16384,1528,64423,4,1.000000,0.000000
1194,1315728071,1058237,0,0,1827,0,0.000000,16384,1604,58237,4,1.000000,0.000000
1195,1316785898,1057827,0,0,1814,0,0.000000,16384,1626,57827,4,1.000000,0.000000
1196,1317844390,1058492,0,0,1809,0,0.000000,16384,1637,58492,4,1.000000,0.000000
1197,1318901610,1057220,0,0,1826,0,0.000000,16384,1626,57220,4,1.000000,0.000000
1198,1319957495,1055885,0,0,1830,0,0.000000,16384,1606,55885,4,1.000000,0.000000
1199,1321013399,1055904,0,0,1834,0,0.000000,16384,1626,55904,4,1.000000,0.000000
1200,1322069637,1056238,0,0,1813,0,0.000000,16384,1640,56238,4,1.000000,0.000000
1201,1323134712,1065075,0,0,1839,0,0.000000,16384,1660,65075,4,1.000000,0.000000
1202,1324190605,1055893,0,0,1825,0,0.000000,16384,1601,55893,4,1.000000,0.000000
1203,1325248758,1058153,0,0,1819,0,0.000000,16384,1595,58153,4,1.000000,0.000000
1204,1326310119,1061361,0,0,1652,0,0.000000,16384,1507,61361,4,1.000000,0.000000
1205,1327374370,1064251,0,0,1555,0,0.000000,16384,1364,64251,4,1.000000,0.000000
1206,1328436008,1061638,0,0,1669,0,0.000000,16384,1494,61638,4,1.000000,0.000000
1207,1329495335,1059327,0,0,1665,0,0.000000,16384,1503,59327,4,1.000000,0.000000
1208,1330553602,1058267,0,0,1663,0,0.000000,16384,1440,58267,4,1.000000,0.000000
1209,1331612570,1058968,0,0,1661,0,0.000000,16384,1518,58968,4,1.000000,0.000000
1210,1332703438,1090868,0,0,1858,0,0.000000,16384,1665,90868,4,1.000000,0.000000
1211,1333780533,1077095,0,0,1686,0,0.000000,16384,1462,77095,4,1.000000,0.000000
1212,1334839224,1058691,0,0,1753,0,0.000000,16384,1576,58691,4,1.000000,0.000000
1213,1335896990,1057766,0,0,1826,0,0.000000,16384,1651,57766,4,1.000000,0.000000
1214,1336953577,1056587,0,0,1823,0,0.000000,16384,1615,56587,4,1.000000,0.000000
1215,1338011770,1058193,0,0,1770,0,0.000000,16384,1546,58193,4,1.000000,0.000000
1216,1339070834,1059064,0,0,1796,0,0.000000,16384,1615,59064,4,1.000000,0.000000
1217,1340127697,1056863,0,0,1822,0,0.000000,16384,1648,56863,4,1.000000,0.000000
1218,1341183817,1056120,0,0,1800,0,0.000000,16384,1595,56120,4,1.000000,0.000000
1219,1342240014,1056197,0,0,1821,0,0.000000,16384,1597,56197,4,1.000000,0.000000
1220,1343295959,1055945,0,0,1825,0,0.000000,16384,1631,55945,4,1.000000,0.000000
1221,1344360607,1064648,0,0,1838,0,0.000000,16384,1659,64648,4,1.000000,0.000000
1222,1345418554,1057947,0,0,1765,0,0.000000,16384,1578,57947,4,1.000000,0.000000
1223,1346475541,1056987,0,0,1705,0,0.000000,16384,1481,56987,4,1.000000,0.000000
1224,1347532683,1057142,0,0,1821,0,0.000000,16384,1640,57142,4,1.000000,0.000000
1225,1348591328,1058645,0,0,1767,0,0.000000,16384,1603,58645,4,1.000000,0.000000
1226,1349647938,1056610,0,0,1817,0,0.000000,16384,1602,56610,4,1.000000,0.000000
1227,1350670797,1022859,0,0,1769,0,0.000000,16384,1545,22859,4,1.000000,0.000000
1228,1351727676,1056879,0,0,1827,0,0.000000,16384,1649,56879,4,1.000000,0.000000
1229,1352783959,1056283,0,0,1801,0,0.000000,16384,1630,56283,4,1.000000,0.000000
1230,1353840398,1056439,0,0,1813,0,0.000000,16384,1602,56439,4,1.000000,0.000000
1231,1354911742,1071344,0,0,1608,0,0.000000,16384,1414,71344,4,1.000000,0.000000
1232,1355975402,1063660,0,0,1559,0,0.000000,16384,1417,63660,4,1.000000,0.000000
1233,1357038759,1063357,0,0,1670,0,0.000000,16384,1446,63357,4,1.000000,0.000000
1234,1358096756,1057997,0,0,1638,0,0.000000,16384,1501,57997,4,1.000000,0.000000
1235,1359154229,1057473,0,0,1810,0,0.000000,16384,1611,57473,4,1.000000,0.000000
1236,1360210763,1056534,0,0,1809,0,0.000000,16384,1585,56534,4,1.000000,0.000000
1237,1361266665,1055902,0,0,1803,0,0.000000,16384,1607,55902,4,1.000000,0.000000
1238,1362322628,1055963,0,0,1810,0,0.000000,16384,1637,55963,4,1.000000,0.000000
1239,1363379122,1056494,0,0,1705,0,0.000000,16384,1513,56494,4,1.000000,0.000000
1240,1364435963,1056841,0,0,1778,0,0.000000,16384,1555,56841,4,1.000000,0.000000
1241,1365521704,1085741,0,0,1803,0,0.000000,16384,1627,85741,4,1.000000,0.000000
1242,1366584561,1062857,0,0,1720,0,0.000000,16384,1560,62857,4,1.000000,0.000000
1243,1367644295,1059734,0,0,1818,0,0.000000,16384,1594,59734,4,1.000000,0.000000
1244,1368671520,1027225,0,0,1718,0,0.000000,16384,1519,27225,4,1.000000,0.000000
1245,1369728585,1057065,0,0,1811,0,0.000000,16384,1638,57065,4,1.000000,0.000000
1246,1370785353,1056768,0,0,1823,0,0.000000,16384,1635,56768,4,1.000000,0.000000
1247,1371841472,1056119,0,0,1815,0,0.000000,16384,1591,56119,4,1.000000,0.000000
1248,1372897539,1056067,0,0,1826,0,0.000000,16384,1611,56067,4,1.000000,0.000000
1249,1373953666,1056127,0,0,1813,0,0.000000,16384,1640,56127,4,1.000000,0.000000
1250,1375011757,1058091,0,0,1743,0,0.000000,16384,1571,58091,4,1.000000,0.000000
1251,1376081205,1069448,0,0,1844,0,0.000000,16384,1620,69448,4,1.000000,0.000000
1252,1377137862,1056657,0,0,1818,0,0.000000,16384,1599,56657,4,1.000000,0.000000
1253,1378195135,1057273,0,0,1820,0,0.000000,16384,1643,57273,4,1.000000,0.000000
1254,1379253051,1057916,0,0,1820,0,0.000000,16384,1645,57916,4,1.000000,0.000000
1255,1380310053,1057002,0,0,1827,0,0.000000,16384,1613,57002,4,1.000000,0.000000
1256,1381366222,1056169,0,0,1825,0,0.000000,16384,1602,56169,4,1.000000,0.000000
1257,1382422458,1056236,0,0,1809,0,0.000000,16384,1620,56236,4,1.000000,0.000000
1258,1383478218,1055760,0,0,1830,0,0.000000,16384,1653,55760,4,1.000000,0.000000
1259,1384534426,1056208,0,0,1741,0,0.000000,16384,1547,56208,4,1.000000,0.000000
1260,1385590980,1056554,0,0,1654,0,0.000000,16384,1448,56554,4,1.000000,0.000000
1261,1386658076,1067096,0,0,1839,0,0.000000,16384,1660,67096,4,1.000000,0.000000
1262,1387670465,1012389,0,0,1746,0,0.000000,16384,1571,12389,4,1.000000,0.000000
1263,1388727442,1056977,0,0,1805,0,0.000000,16384,1581,56977,4,1.000000,0.000000
1264,1389784219,1056777,0,0,1823,0,0.000000,16384,1613,56777,4,1.000000,0.000000
1265,1390841927,1057708,0,0,1811,0,0.000000,16384,1639,57708,4,1.000000,0.000000
1266,1391898588,1056661,0,0,1819,0,0.000000,16384,1641,56661,4,1.000000,0.000000
1267,1392959772,1061184,0,0,1685,0,0.000000,16384,1461,61184,4,1.000000,0.000000
1268,1394018808,1059036,0,0,1756,0,0.000000,16384,1571,59036,4,1.000000,0.000000
1269,1395078714,1059906,0,0,1733,0,0.000000,16384,1576,59906,4,1.000000,0.000000
1270,1396137723,1059009,0,0,1831,0,0.000000,16384,1612,59009,4,1.000000,0.000000
1271,1397206148,1068425,0,0,1841,0,0.000000,16384,1618,68425,4,1.000000,0.000000
1272,1398263918,1057770,0,0,1712,0,0.000000,16384,1544,57770,4,1.000000,0.000000
1273,1399321472,1057554,0,0,1774,0,0.000000,16384,1606,57554,4,1.000000,0.000000
1274,1400377492,1056020,0,0,1820,0,0.000000,16384,1596,56020,4,1.000000,0.000000
1275,1401433900,1056408,0,0,1822,0,0.000000,16384,1598,56408,4,1.000000,0.000000
1276,1402489764,1055864,0,0,1824,0,0.000000,16384,1646,55864,4,1.000000,0.000000
1277,1403545493,1055729,0,0,1826,0,0.000000,16384,1650,55729,4,1.000000,0.000000
1278,1404602668,1057175,0,0,1822,0,0.000000,16384,1616,57175,4,1.000000,0.000000
1279,1405661422,1058754,0,0,1746,0,0.000000,16384,1522,58754,4,1.000000,0.000000
1280,1406672286,1010864,0,0,1606,0,0.000000,16384,1470,10864,4,1.000000,0.000000
1281,1407738332,1066046,0,0,1837,0,0.000000,16384,1637,66046,4,1.000000,0.000000
1282,1408795667,1057335,0,0,1828,0,0.000000,16384,1604,57335,4,1.000000,0.000000
1283,1409852349,1056682,0,0,1823,0,0.000000,16384,1615,56682,4,1.000000,0.000000
1284,1410909231,1056882,0,0,1825,0,0.000000,16384,1649,56882,4,1.000000,0.000000
1285,1411964642,1055411,0,0,1829,0,0.000000,16384,1652,55411,4,1.000000,0.000000
1286,1413020392,1055750,0,0,1823,0,0.000000,16384,1600,55750,4,1.000000,0.000000
1287,1414077260,1056868,0,0,1642,0,0.000000,16384,1449,56868,4,1.000000,0.000000
1288,1415137989,1060729,0,0,1543,0,0.000000,16384,1400,60729,4,1.000000,0.000000
1289,1416197449,1059460,0,0,1560,0,0.000000,16384,1364,59460,4,1.000000,0.000000
1290,1417256412,1058963,0,0,1554,0,0.000000,16384,1414,58963,4,1.000000,0.000000
1291,1418335357,1078945,0,0,1741,0,0.000000,16384,1517,78945,4,1.000000,0.000000
1292,1419392628,1057271,0,0,1829,0,0.000000,16384,1636,57271,4,1.000000,0.000000
1293,1420449382,1056754,0,0,1827,0,0.000000,16384,1651,56754,4,1.000000,0.000000
1294,1421506225,1056843,0,0,1823,0,0.000000,16384,1632,56843,4,1.000000,0.000000
1295,1422562009,1055784,0,0,1821,0,0.000000,16384,1597,55784,4,1.000000,0.000000
1296,1423617877,1055868,0,0,1821,0,0.000000,16384,1609,55868,4,1.000000,0.000000
1297,1424670330,1052453,0,0,1822,0,0.000000,16384,1646,52453,4,1.000000,0.000000
1298,1425727025,1056695,0,0,1812,0,0.000000,16384,1638,56695,4,1.000000,0.000000
1299,1426783332,1056307,0,0,1826,0,0.000000,16384,1604,56307,4,1.000000,0.000000
1300,1427842021,1058689,0,0,1603,0,0.000000,16384,1417,58689,4,1.000000,0.000000
1301,1428909398,1067377,0,0,1840,0,0.000000,16384,1662,67377,4,1.000000,0.000000
1302,1429968656,1059258,0,0,1823,0,0.000000,16384,1627,59258,4,1.000000,0.000000
1303,1431027124,1058468,0,0,1826,0,0.000000,16384,1602,58468,4,1.000000,0.000000
1304,1432084766,1057642,0,0,1826,0,0.000000,16384,1616,57642,4,1.000000,0.000000
1305,1433140942,1056176,0,0,1823,0,0.000000,16384,1648,56176,4,1.000000,0.000000
1306,1434196765,1055823,0,0,1822,0,0.000000,16384,1647,55823,4,1.000000,0.000000
1307,1435253538,1056773,0,0,1765,0,0.000000,16384,1541,56773,4,1.000000,0.000000
1308,1436309912,1056374,0,0,1795,0,0.000000,16384,1584,56374,4,1.000000,0.000000
1309,1437370453,1060541,0,0,1828,0,0.000000,16384,1651,60541,4,1.000000,0.000000
1310,1438430547,1060094,0,0,1809,0,0.000000,16384,1636,60094,4,1.000000,0.000000
1311,1439496482,1065935,0,0,1826,0,0.000000,16384,1603,65935,4,1.000000,0.000000
1312,1440552884,1056402,0,0,1824,0,0.000000,16384,1600,56402,4,1.000000,0.000000
1313,1441610461,1057577,0,0,1808,0,0.000000,16384,1628,57577,4,1.000000,0.000000
1314,1442670354,1059893,0,0,1825,0,0.000000,16384,1649,59893,4,1.000000,0.000000
1315,1443728687,1058333,0,0,1812,0,0.000000,16384,1608,58333,4,1.000000,0.000000
1316,1444785431,1056744,0,0,1825,0,0.000000,16384,1601,56744,4,1.000000,0.000000
1317,1445842084,1056653,0,0,1806,0,0.000000,16384,1612,56653,4,1.000000,0.000000
1318,1446898055,1055971,0,0,1829,0,0.000000,16384,1652,55971,4,1.000000,0.000000
1319,1447956515,1058460,0,0,1721,0,0.000000,16384,1532,58460,4,1.000000,0.000000
1320,1449014012,1057497,0,0,1817,0,0.000000,16384,1593,57497,4,1.000000,0.000000
1321,1450077809,1063797,0,0,1840,0,0.000000,16384,1643,63797,4,1.000000,0.000000
1322,1451133844,1056035,0,0,1833,0,0.000000,16384,1656,56035,4,1.000000,0.000000
1323,1452189703,1055859,0,0,1833,0,0.000000,16384,1647,55859,4,1.000000,0.000000
1324,1453245384,1055681,0,0,1824,0,0.000000,16384,1600,55681,4,1.000000,0.000000
1325,1454301821,1056437,0,0,1825,0,0.000000,16384,1604,56437,4,1.000000,0.000000
1326,1455360990,1059169,0,0,1612,0,0.000000,16384,1480,59169,4,1.000000,0.000000
1327,1456420821,1059831,0,0,1783,0,0.000000,16384,1576,59831,4,1.000000,0.000000
1328,1457477875,1057054,0,0,1835,0,0.000000,16384,1610,57054,4,1.000000,0.000000
1329,1458534426,1056551,0,0,1835,0,0.000000,16384,1642,56551,4,1.000000,0.000000
1330,1459590946,1056520,0,0,1833,0,0.000000,16384,1656,56520,4,1.000000,0.000000
1331,1460654649,1063703,0,0,1829,0,0.000000,16384,1640,63703,4,1.000000,0.000000
1332,1461670474,1015825,0,0,1754,0,0.000000,16384,1530,15825,4,1.000000,0.000000
1333,1462726385,1055911,0,0,1828,0,0.000000,16384,1624,55911,4,1.000000,0.000000
1334,1463782520,1056135,0,0,1774,0,0.000000,16384,1609,56135,4,1.000000,0.000000
1335,1464838597,1056077,0,0,1824,0,0.000000,16384,1633,56077,4,1.000000,0.000000
1336,1465900304,1061707,0,0,1806,0,0.000000,16384,1582,61707,4,1.000000,0.000000
1337,1466962450,1062146,0,0,1785,0,0.000000,16384,1582,62146,4,1.000000,0.000000
1338,1468022363,1059913,0,0,1828,0,0.000000,16384,1652,59913,4,1.000000,0.000000
1339,1469080623,1058260,0,0,1836,0,0.000000,16384,1655,58260,4,1.000000,0.000000
1340,1470136953,1056330,0,0,1804,0,0.000000,16384,1579,56330,4,1.000000,0.000000
1341,1471210786,1073833,0,0,1850,0,0.000000,16384,1627,73833,4,1.000000,0.000000
1342,1472267489,1056703,0,0,1833,0,0.000000,16384,1712,56703,4,1.000000,0.000000
1343,1473323652,1056163,0,0,1834,0,0.000000,16384,1610,56163,4,1.000000,0.000000
1344,1474380053,1056401,0,0,1834,0,0.000000,16384,1638,56401,4,1.000000,0.000000
1345,1475465289,1085236,0,0,1769,0,0.000000,16384,1605,85236,4,1.000000,0.000000
1346,1476561723,1096434,0,0,1849,0,0.000000,16384,1649,96434,4,1.000000,0.000000
1347,1477654533,1092810,0,0,1866,0,0.000000,16384,1642,92810,4,1.000000,0.000000
1348,1478705844,1051311,0,0,1794,0,0.000000,16384,1582,51311,4,1.000000,0.000000
1349,1479769630,1063786,0,0,1821,0,0.000000,16384,1646,63786,4,1.000000,0.000000
1350,1480833039,1063409,0,0,1806,0,0.000000,16384,1633,63409,4,1.000000,0.000000
1351,1481904522,1071483,0,0,1807,0,0.000000,16384,1583,71483,4,1.000000,0.000000
1352,1482968097,1063575,0,0,1771,0,0.000000,16384,1556,63575,4,1.000000,0.000000
1353,1484031100,1063003,0,0,1773,0,0.000000,16384,1609,63003,4,1.000000,0.000000
1354,1485093146,1062046,0,0,1761,0,0.000000,16384,1580,62046,4,1.000000,0.000000
1355,1486152455,1059309,0,0,1722,0,0.000000,16384,1497,59309,4,1.000000,0.000000
1356,1487209632,1057177,0,0,1826,0,0.000000,16384,1636,57177,4,1.000000,0.000000
1357,1488267120,1057488,0,0,1811,0,0.000000,16384,1638,57488,4,1.000000,0.000000
1358,1489324388,1057268,0,0,1823,0,0.000000,16384,1626,57268,4,1.000000,0.000000
1359,1490410536,1086148,0,0,1951,0,0.000000,16384,1727,86148,4,1.000000,0.000000
1360,1491472926,1062390,0,0,1840,0,0.000000,16384,1617,62390,4,1.000000,0.000000
1361,1492569145,1096219,0,0,1971,0,0.000000,16384,1751,96219,4,1.000000,0.000000
1362,1493658571,1089426,0,0,1977,0,0.000000,16384,1769,89426,4,1.000000,0.000000
1363,1494676630,1018059,0,0,1791,0,0.000000,16384,1622,18059,4,1.000000,0.000000
1364,1495740176,1063546,0,0,1668,0,0.000000,16384,1481,63546,4,1.000000,0.000000
1365,1496804536,1064360,0,0,1822,0,0.000000,16384,1598,64360,4,1.000000,0.000000
1366,1497867837,1063301,0,0,1827,0,0.000000,16384,1640,63301,4,1.000000,0.000000
1367,1498931021,1063184,0,0,1909,0,0.000000,16384,1717,63184,4,1.000000,0.000000
1368,1499991493,1060472,0,0,1797,0,0.000000,16384,1616,60472,4,1.000000,0.000000
1369,1501049005,1057512,0,0,1833,0,0.000000,16384,1609,57512,4,1.000000,0.000000
1370,1502105382,1056377,0,0,1821,0,0.000000,16384,1601,56377,4,1.000000,0.000000
1371,1503171159,1065777,0,0,1833,0,0.000000,16384,1654,65777,4,1.000000,0.000000
1372,1504227344,1056185,0,0,1817,0,0.000000,16384,1643,56185,4,1.000000,0.000000
1373,1505283596,1056252,0,0,1834,0,0.000000,16384,1623,56252,4,1.000000,0.000000
1374,1506339574,1055978,0,0,1836,0,0.000000,16384,1612,55978,4,1.000000,0.000000
1375,1507395636,1056062,0,0,1832,0,0.000000,16384,1633,56062,4,1.000000,0.000000
1376,1508452217,1056581,0,0,1823,0,0.000000,16384,1647,56581,4,1.000000,0.000000
1377,1509508301,1056084,0,0,1815,0,0.000000,16384,1630,56084,4,1.000000,0.000000
1378,1510563935,1055634,0,0,1829,0,0.000000,16384,1605,55634,4,1.000000,0.000000
1379,1511619746,1055811,0,0,1828,0,0.000000,16384,1609,55811,4,1.000000,0.000000
1380,1512670391,1050645,0,0,1815,0,0.000000,16384,1639,50645,4,1.000000,0.000000
1381,1513733873,1063482,0,0,1834,0,0.000000,16384,1657,63482,4,1.000000,0.000000
1382,1514798697,1064824,0,0,1793,0,0.000000,16384,1581,64824,4,1.000000,0.000000
1383,1515858595,1059898,0,0,1762,0,0.000000,16384,1539,59898,4,1.000000,0.000000
1384,1516916241,1057646,0,0,1836,0,0.000000,16384,1658,57646,4,1.000000,0.000000
1385,1517972524,1056283,0,0,1833,0,0.000000,16384,1656,56283,4,1.000000,0.000000
1386,1519028976,1056452,0,0,1825,0,0.000000,16384,1619,56452,4,1.000000,0.000000
1387,1520085149,1056173,0,0,1823,0,0.000000,16384,1599,56173,4,1.000000,0.000000
1388,1521141079,1055930,0,0,1828,0,0.000000,16384,1629,55930,4,1.000000,0.000000
1389,1522196998,1055919,0,0,1808,0,0.000000,16384,1635,55919,4,1.000000,0.000000
1390,1523252825,1055827,0,0,1828,0,0.000000,16384,1640,55827,4,1.000000,0.000000
1391,1524327345,1074520,0,0,1859,0,0.000000,16384,1635,74520,4,1.000000,0.000000
1392,1525385251,1057906,0,0,1829,0,0.000000,16384,1605,57906,4,1.000000,0.000000
1393,1526442136,1056885,0,0,1818,0,0.000000,16384,1641,56885,4,1.000000,0.000000
1394,1527499607,1057471,0,0,1762,0,0.000000,16384,1598,57471,4,1.000000,0.000000
1395,1528562315,1062708,0,0,1499,0,0.000000,16384,1291,62708,4,1.000000,0.000000
1396,1529622475,1060160,0,0,1790,0,0.000000,16384,1621,60160,4,1.000000,0.000000
1397,1530671803,1049328,0,0,1811,0,0.000000,16384,1633,49328,4,1.000000,0.000000
1398,1531728509,1056706,0,0,1831,0,0.000000,16384,1607,56706,4,1.000000,0.000000
1399,1532785143,1056634,0,0,1833,0,0.000000,16384,1609,56634,4,1.000000,0.000000
1400,1533841906,1056763,0,0,1755,0,0.000000,16384,1591,56763,4,1.000000,0.000000
1401,1534911853,1069947,0,0,1650,0,0.000000,16384,1478,69947,4,1.000000,0.000000
1402,1535970288,1058435,0,0,1791,0,0.000000,16384,1566,58435,4,1.000000,0.000000
1403,1537026831,1056543,0,0,1818,0,0.000000,16384,1629,56543,4,1.000000,0.000000
1404,1538082864,1056033,0,0,1764,0,0.000000,16384,1600,56033,4,1.000000,0.000000
1405,1539139929,1057065,0,0,1726,0,0.000000,16384,1520,57065,4,1.000000,0.000000
1406,1540212962,1073033,0,0,1847,0,0.000000,16384,1623,73033,4,1.000000,0.000000
1407,1541274003,1061041,0,0,1668,0,0.000000,16384,1518,61041,4,1.000000,0.000000
1408,1542331661,1057658,0,0,1663,0,0.000000,16384,1477,57658,4,1.000000,0.000000
1409,1543420638,1088977,0,0,1808,0,0.000000,16384,1584,88977,4,1.000000,0.000000
1410,1544514879,1094241,0,0,1840,0,0.000000,16384,1654,94241,4,1.000000,0.000000
1411,1545619918,1105039,0,0,1681,0,0.000000,16384,1531,105039,4,1.000000,0.000000
1412,1546707690,1087772,0,0,1842,0,0.000000,16384,1617,87772,4,1.000000,0.000000
1413,1547772630,1064940,0,0,1801,0,0.000000,16384,1578,64940,4,1.000000,0.000000
1414,1548835983,1063353,0,0,1713,0,0.000000,16384,1560,63353,4,1.000000,0.000000
1415,1549900824,1064841,0,0,1787,0,0.000000,16384,1604,64841,4,1.000000,0.000000
1416,1550964635,1063811,0,0,1793,0,0.000000,16384,1569,63811,4,1.000000,0.000000
1417,1552025039,1060404,0,0,1673,0,0.000000,16384,1496,60404,4,1.000000,0.000000
1418,1553082265,1057226,0,0,1674,0,0.000000,16384,1514,57226,4,1.000000,0.000000
1419,1554139295,1057030,0,0,1673,0,0.000000,16384,1450,57030,4,1.000000,0.000000
1420,1555199326,1060031,0,0,1607,0,0.000000,16384,1469,60031,4,1.000000,0.000000
1421,1556272798,1073472,0,0,1622,0,0.000000,16384,1424,73472,4,1.000000,0.000000
1422,1557332516,1059718,0,0,1660,0,0.000000,16384,1481,59718,4,1.000000,0.000000
1423,1558390111,1057595,0,0,1661,0,0.000000,16384,1504,57595,4,1.000000,0.000000
1424,1559447894,1057783,0,0,1573,0,0.000000,16384,1364,57783,4,1.000000,0.000000
1425,1560505956,1058062,0,0,1723,0,0.000000,16384,1567,58062,4,1.000000,0.000000
1426,1561563086,1057130,0,0,1692,0,0.000000,16384,1497,57130,4,1.000000,0.000000
1427,1562619788,1056702,0,0,1791,0,0.000000,16384,1567,56702,4,1.000000,0.000000
1428,1563671688,1051900,0,0,1635,0,0.000000,16384,1499,51900,4,1.000000,0.000000
1429,1564728480,1056792,0,0,1797,0,0.000000,16384,1597,56792,4,1.000000,0.000000
1430,1565784456,1055976,0,0,1824,0,0.000000,16384,1599,55976,4,1.000000,0.000000
1431,1566848150,1063694,0,0,1838,0,0.000000,16384,1637,63694,4,1.000000,0.000000
1432,1567904208,1056058,0,0,1835,0,0.000000,16384,1657,56058,4,1.000000,0.000000
1433,1568960285,1056077,0,0,1798,0,0.000000,16384,1618,56077,4,1.000000,0.000000
1434,1570016008,1055723,0,0,1827,0,0.000000,16384,1603,55723,4,1.000000,0.000000
1435,1571071546,1055538,0,0,1824,0,0.000000,16384,1604,55538,4,1.000000,0.000000
1436,1572127270,1055724,0,0,1810,0,0.000000,16384,1635,55724,4,1.000000,0.000000
1437,1573183519,1056249,0,0,1751,0,0.000000,16384,1586,56249,4,1.000000,0.000000
1438,1574239156,1055637,0,0,1824,0,0.000000,16384,1600,55637,4,1.000000,0.000000
1439,1575304409,1065253,0,0,1634,0,0.000000,16384,1450,65253,4,1.000000,0.000000
1440,1576366455,1062046,0,0,1679,0,0.000000,16384,1527,62046,4,1.000000,0.000000
1441,1577448653,1082198,0,0,1681,0,0.000000,16384,1456,82198,4,1.000000,0.000000
1442,1578539834,1091181,0,0,1835,0,0.000000,16384,1641,91181,4,1.000000,0.000000
1443,1579634586,1094752,0,0,1859,0,0.000000,16384,1675,94752,4,1.000000,0.000000
1444,1580706297,1071711,0,0,1832,0,0.000000,16384,1651,71711,4,1.000000,0.000000
1445,1581770044,1063747,0,0,1817,0,0.000000,16384,1593,63747,4,1.000000,0.000000
1446,1582842496,1072452,0,0,1812,0,0.000000,16384,1591,72452,4,1.000000,0.000000
1447,1583899811,1057315,0,0,1787,0,0.000000,16384,1620,57315,4,1.000000,0.000000
1448,1584956599,1056788,0,0,1783,0,0.000000,16384,1611,56788,4,1.000000,0.000000
1449,1586013231,1056632,0,0,1698,0,0.000000,16384,1473,56632,4,1.000000,0.000000
1450,1587069483,1056252,0,0,1799,0,0.000000,16384,1606,56252,4,1.000000,0.000000
1451,1588132011,1062528,0,0,1839,0,0.000000,16384,1659,62528,4,1.000000,0.000000
1452,1589190339,1058328,0,0,1817,0,0.000000,16384,1631,58328,4,1.000000,0.000000
1453,1590246849,1056510,0,0,1830,0,0.000000,16384,1606,56510,4,1.000000,0.000000
1454,1591303038,1056189,0,0,1813,0,0.000000,16384,1598,56189,4,1.000000,0.000000
1455,1592359181,1056143,0,0,1822,0,0.000000,16384,1646,56143,4,1.000000,0.000000
1456,1593415774,1056593,0,0,1780,0,0.000000,16384,1611,56593,4,1.000000,0.000000
1457,1594471867,1056093,0,0,1824,0,0.000000,16384,1600,56093,4,1.000000,0.000000
1458,1595531161,1059294,0,0,1748,0,0.000000,16384,1537,59294,4,1.000000,0.000000
1459,1596589538,1058377,0,0,1831,0,0.000000,16384,1655,58377,4,1.000000,0.000000
1460,1597645633,1056095,0,0,1827,0,0.000000,16384,1648,56095,4,1.000000,0.000000
1461,1598671399,1025766,0,0,1761,0,0.000000,16384,1542,25766,4,1.000000,0.000000
1462,1599728352,1056953,0,0,1747,0,0.000000,16384,1543,56953,4,1.000000,0.000000
1463,1600785257,1056905,0,0,1793,0,0.000000,16384,1624,56905,4,1.000000,0.000000
1464,1601841394,1056137,0,0,1820,0,0.000000,16384,1634,56137,4,1.000000,0.000000
1465,1602897412,1056018,0,0,1820,0,0.000000,16384,1596,56018,4,1.000000,0.000000
1466,1603953301,1055889,0,0,1820,0,0.000000,16384,1604,55889,4,1.000000,0.000000
1467,1605009098,1055797,0,0,1808,0,0.000000,16384,1635,55797,4,1.000000,0.000000
1468,1606064577,1055479,0,0,1825,0,0.000000,16384,1648,55479,4,1.000000,0.000000
1469,1607120369,1055792,0,0,1826,0,0.000000,16384,1608,55792,4,1.000000,0.000000
1470,1608176154,1055785,0,0,1825,0,0.000000,16384,1601,55785,4,1.000000,0.000000
1471,1609236585,1060431,0,0,1831,0,0.000000,16384,1642,60431,4,1.000000,0.000000
1472,1610283280,1046695,0,0,1801,0,0.000000,16384,1630,46695,4,1.000000,0.000000
1473,1611345553,1062273,0,0,1657,0,0.000000,16384,1456,62273,4,1.000000,0.000000
1474,1612436617,1091064,0,0,1812,0,0.000000,16384,1598,91064,4,1.000000,0.000000
1475,1613528208,1091591,0,0,1836,0,0.000000,16384,1656,91591,4,1.000000,0.000000
1476,1614621447,1093239,0,0,1826,0,0.000000,16384,1651,93239,4,1.000000,0.000000
1477,1615675462,1054015,0,0,1653,0,0.000000,16384,1439,54015,4,1.000000,0.000000
1478,1616736173,1060711,0,0,1668,0,0.000000,16384,1496,60711,4,1.000000,0.000000
1479,1617793534,1057361,0,0,1665,0,0.000000,16384,1501,57361,4,1.000000,0.000000
1480,1618850822,1057288,0,0,1665,0,0.000000,16384,1442,57288,4,1.000000,0.000000
1481,1619922655,1071833,0,0,1806,0,0.000000,16384,1634,71833,4,1.000000,0.000000
1482,1620985079,1062424,0,0,1863,0,0.000000,16384,1680,62424,4,1.000000,0.000000
1483,1622046399,1061320,0,0,1815,0,0.000000,16384,1608,61320,4,1.000000,0.000000
1484,1623105215,1058816,0,0,1829,0,0.000000,16384,1606,58816,4,1.000000,0.000000
1485,1624161888,1056673,0,0,1832,0,0.000000,16384,1632,56673,4,1.000000,0.000000
1486,1625219239,1057351,0,0,1830,0,0.000000,16384,1654,57351,4,1.000000,0.000000
1487,1626276191,1056952,0,0,1800,0,0.000000,16384,1616,56952,4,1.000000,0.000000
1488,1627332334,1056143,0,0,1827,0,0.000000,16384,1603,56143,4,1.000000,0.000000
1489,1628393400,1061066,0,0,1697,0,0.000000,16384,1506,61066,4,1.000000,0.000000
1490,1629454491,1061091,0,0,1725,0,0.000000,16384,1569,61091,4,1.000000,0.000000
1491,1630531029,1076538,0,0,1834,0,0.000000,16384,1621,76538,4,1.000000,0.000000
1492,1631588803,1057774,0,0,1828,0,0.000000,16384,1604,57774,4,1.000000,0.000000
1493,1632645854,1057051,0,0,1822,0,0.000000,16384,1628,57051,4,1.000000,0.000000
1494,1633670746,1024892,0,0,1768,0,0.000000,16384,1604,24892,4,1.000000,0.000000
1495,1634726509,1055763,0,0,1823,0,0.000000,16384,1621,55763,4,1.000000,0.000000
1496,1635784730,1058221,0,0,1726,0,0.000000,16384,1502,58221,4,1.000000,0.000000
1497,1636842547,1057817,0,0,1832,0,0.000000,16384,1647,57817,4,1.000000,0.000000
1498,1637898551,1056004,0,0,1828,0,0.000000,16384,1652,56004,4,1.000000,0.000000
1499,1638955773,1057222,0,0,1786,0,0.000000,16384,1587,57222,4,1.000000,0.000000
1500,1640012418,1056645,0,0,1826,0,0.000000,16384,1602,56645,4,1.000000,0.000000
1501,1641075323,1062905,0,0,1835,0,0.000000,16384,1635,62905,4,1.000000,0.000000
1502,1642131416,1056093,0,0,1806,0,0.000000,16384,1634,56093,4,1.000000,0.000000
1503,1643187455,1056039,0,0,1796,0,0.000000,16384,1608,56039,4,1.000000,0.000000
1504,1644243254,1055799,0,0,1831,0,0.000000,16384,1607,55799,4,1.000000,0.000000
1505,1645299592,1056338,0,0,1671,0,0.000000,16384,1489,56338,4,1.000000,0.000000
1506,1646355761,1056169,0,0,1819,0,0.000000,16384,1645,56169,4,1.000000,0.000000
1507,1647412695,1056934,0,0,1801,0,0.000000,16384,1597,56934,4,1.000000,0.000000
1508,1648470938,1058243,0,0,1633,0,0.000000,16384,1428,58243,4,1.000000,0.000000
1509,1649529167,1058229,0,0,1774,0,0.000000,16384,1609,58229,4,1.000000,0.000000
1510,1650585997,1056830,0,0,1825,0,0.000000,16384,1635,56830,4,1.000000,0.000000
1511,1651648437,1062440,0,0,1825,0,0.000000,16384,1601,62440,4,1.000000,0.000000
1512,1652671098,1022661,0,0,1766,0,0.000000,16384,1563,22661,4,1.000000,0.000000
1513,1653727092,1055994,0,0,1822,0,0.000000,16384,1647,55994,4,1.000000,0.000000
1514,1654783159,1056067,0,0,1825,0,0.000000,16384,1643,56067,4,1.000000,0.000000
1515,1655840362,1057203,0,0,1733,0,0.000000,16384,1509,57203,4,1.000000,0.000000
1516,1656897658,1057296,0,0,1817,0,0.000000,16384,1613,57296,4,1.000000,0.000000
1517,1657953459,1055801,0,0,1824,0,0.000000,16384,1649,55801,4,1.000000,0.000000
1518,1659009196,1055737,0,0,1826,0,0.000000,16384,1645,55737,4,1.000000,0.000000
1519,1660065546,1056350,0,0,1823,0,0.000000,16384,1599,56350,4,1.000000,0.000000
1520,1661121142,1055596,0,0,1821,0,0.000000,16384,1597,55596,4,1.000000,0.000000
1521,1662182515,1061373,0,0,1830,0,0.000000,16384,1652,61373,4,1.000000,0.000000
1522,1663238324,1055809,0,0,1824,0,0.000000,16384,1649,55809,4,1.000000,0.000000
1523,1664294718,1056394,0,0,1694,0,0.000000,16384,1487,56394,4,1.000000,0.000000
1524,1665351922,1057204,0,0,1752,0,0.000000,16384,1548,57204,4,1.000000,0.000000
1525,1666408527,1056605,0,0,1815,0,0.000000,16384,1641,56605,4,1.000000,0.000000
1526,1667465176,1056649,0,0,1825,0,0.000000,16384,1643,56649,4,1.000000,0.000000
1527,1668521634,1056458,0,0,1825,0,0.000000,16384,1601,56458,4,1.000000,0.000000
1528,1669578151,1056517,0,0,1802,0,0.000000,16384,1584,56517,4,1.000000,0.000000
1529,1670634647,1056496,0,0,1823,0,0.000000,16384,1645,56496,4,1.000000,0.000000
1530,1671670392,1035745,0,0,1791,0,0.000000,16384,1622,35745,4,1.000000,0.000000
1531,1672730975,1060583,0,0,1837,0,0.000000,16384,1618,60583,4,1.000000,0.000000
1532,1673786822,1055847,0,0,1825,0,0.000000,16384,1601,55847,4,1.000000,0.000000
1533,1674842421,1055599,0,0,1823,0,0.000000,16384,1635,55599,4,1.000000,0.000000
1534,1675899569,1057148,0,0,1735,0,0.000000,16384,1578,57148,4,1.000000,0.000000
1535,1676956511,1056942,0,0,1795,0,0.000000,16384,1580,56942,4,1.000000,0.000000
1536,1678012798,1056287,0,0,1809,0,0.000000,16384,1585,56287,4,1.000000,0.000000
1537,1679069252,1056454,0,0,1823,0,0.000000,16384,1642,56454,4,1.000000,0.000000
1538,1680125775,1056523,0,0,1825,0,0.000000,16384,1661,56523,4,1.000000,0.000000
1539,1681181512,1055737,0,0,1827,0,0.000000,16384,1636,55737,4,1.000000,0.000000
1540,1682237771,1056259,0,0,1811,0,0.000000,16384,1638,56259,4,1.000000,0.000000
1541,1683307500,1069729,0,0,1846,0,0.000000,16384,1650,69729,4,1.000000,0.000000
1542,1684363757,1056257,0,0,1826,0,0.000000,16384,1602,56257,4,1.000000,0.000000
1543,1685420686,1056929,0,0,1811,0,0.000000,16384,1600,56929,4,1.000000,0.000000
1544,1686478823,1058137,0,0,1761,0,0.000000,16384,1598,58137,4,1.000000,0.000000
1545,1687535508,1056685,0,0,1831,0,0.000000,16384,1645,56685,4,1.000000,0.000000
1546,1688592789,1057281,0,0,1811,0,0.000000,16384,1587,57281,4,1.000000,0.000000
1547,1689649330,1056541,0,0,1828,0,0.000000,16384,1610,56541,4,1.000000,0.000000
1548,1690674191,1024861,0,0,1748,0,0.000000,16384,1588,24861,4,1.000000,0.000000
1549,1691730206,1056015,0,0,1813,0,0.000000,16384,1630,56015,4,1.000000,0.000000
1550,1692786406,1056200,0,0,1811,0,0.000000,16384,1588,56200,4,1.000000,0.000000
1551,1693848799,1062393,0,0,1843,0,0.000000,16384,1620,62393,4,1.000000,0.000000
1552,1694904883,1056084,0,0,1825,0,0.000000,16384,1649,56084,4,1.000000,0.000000
1553,1695962932,1058049,0,0,1767,0,0.000000,16384,1603,58049,4,1.000000,0.000000
1554,1697019773,1056841,0,0,1818,0,0.000000,16384,1596,56841,4,1.000000,0.000000
1555,1698075952,1056179,0,0,1738,0,0.000000,16384,1527,56179,4,1.000000,0.000000
1556,1699131884,1055932,0,0,1830,0,0.000000,16384,1653,55932,4,1.000000,0.000000
1557,1700187973,1056089,0,0,1834,0,0.000000,16384,1655,56089,4,1.000000,0.000000
1558,1701243593,1055620,0,0,1832,0,0.000000,16384,1616,55620,4,1.000000,0.000000
1559,1702299667,1056074,0,0,1823,0,0.000000,16384,1598,56074,4,1.000000,0.000000
1560,1703357259,1057592,0,0,1782,0,0.000000,16384,1601,57592,4,1.000000,0.000000
1561,1704420926,1063667,0,0,1835,0,0.000000,16384,1658,63667,4,1.000000,0.000000
1562,1705477464,1056538,0,0,1824,0,0.000000,16384,1623,56538,4,1.000000,0.000000
1563,1706533925,1056461,0,0,1823,0,0.000000,16384,1599,56461,4,1.000000,0.000000
1564,1707590364,1056439,0,0,1811,0,0.000000,16384,1609,56439,4,1.000000,0.000000
1565,1708646361,1055997,0,0,1824,0,0.000000,16384,1649,55997,4,1.000000,0.000000
1566,1709670498,1024137,0,0,1771,0,0.000000,16384,1588,24137,4,1.000000,0.000000
1567,1710726289,1055791,0,0,1810,0,0.000000,16384,1586,55791,4,1.000000,0.000000
1568,1711782077,1055788,0,0,1824,0,0.000000,16384,1616,55788,4,1.000000,0.000000
1569,1712838470,1056393,0,0,1830,0,0.000000,16384,1654,56393,4,1.000000,0.000000
1570,1713894985,1056515,0,0,1806,0,0.000000,16384,1630,56515,4,1.000000,0.000000
1571,1714954019,1059034,0,0,1832,0,0.000000,16384,1607,59034,4,1.000000,0.000000
1572,1716012189,1058170,0,0,1736,0,0.000000,16384,1528,58170,4,1.000000,0.000000
1573,1717069949,1057760,0,0,1800,0,0.000000,16384,1629,57760,4,1.000000,0.000000
1574,1718126173,1056224,0,0,1823,0,0.000000,16384,1643,56224,4,1.000000,0.000000
1575,1719182235,1056062,0,0,1821,0,0.000000,16384,1597,56062,4,1.000000,0.000000
1576,1720238352,1056117,0,0,1822,0,0.000000,16384,1598,56117,4,1.000000,0.000000
1577,1721293840,1055488,0,0,1821,0,0.000000,16384,1645,55488,4,1.000000,0.000000
1578,1722349314,1055474,0,0,1823,0,0.000000,16384,1647,55474,4,1.000000,0.000000
1579,1723405881,1056567,0,0,1789,0,0.000000,16384,1581,56567,4,1.000000,0.000000
1580,1724462336,1056455,0,0,1820,0,0.000000,16384,1595,56455,4,1.000000,0.000000
1581,1725525926,1063590,0,0,1831,0,0.000000,16384,1642,63590,4,1.000000,0.000000
1582,1726584038,1058112,0,0,1746,0,0.000000,16384,1586,58112,4,1.000000,0.000000
1583,1727641113,1057075,0,0,1815,0,0.000000,16384,1605,57075,4,1.000000,0.000000
1584,1728672161,1031048,0,0,1625,0,0.000000,16384,1426,31048,4,1.000000,0.000000
1585,1729732560,1060399,0,0,1538,0,0.000000,16384,1401,60399,4,1.000000,0.000000
1586,1730796983,1064423,0,0,1822,0,0.000000,16384,1598,64423,4,1.000000,0.000000
1587,1731854454,1057471,0,0,1807,0,0.000000,16384,1603,57471,4,1.000000,0.000000
1588,1732911490,1057036,0,0,1805,0,0.000000,16384,1633,57036,4,1.000000,0.000000
1589,1733968331,1056841,0,0,1816,0,0.000000,16384,1632,56841,4,1.000000,0.000000
1590,1735024278,1055947,0,0,1825,0,0.000000,16384,1601,55947,4,1.000000,0.000000
1591,1736117411,1093133,0,0,1780,0,0.000000,16384,1570,93133,4,1.000000,0.000000
1592,1737179452,1062041,0,0,1645,0,0.000000,16384,1505,62041,4,1.000000,0.000000
1593,1738238005,1058553,0,0,1665,0,0.000000,16384,1455,58553,4,1.000000,0.000000
1594,1739297773,1059768,0,0,1653,0,0.000000,16384,1477,59768,4,1.000000,0.000000
1595,1740371272,1073499,0,0,1426,0,0.000000,16384,1266,73499,4,1.000000,0.000000
1596,1741434399,1063127,0,0,1578,0,0.000000,16384,1421,63127,4,1.000000,0.000000
1597,1742493321,1058922,0,0,1588,0,0.000000,16384,1409,58922,4,1.000000,0.000000
1598,1743553368,1060047,0,0,1664,0,0.000000,16384,1471,60047,4,1.000000,0.000000
1599,1744644651,1091283,0,0,1835,0,0.000000,16384,1658,91283,4,1.000000,0.000000
1600,1745708966,1064315,0,0,1793,0,0.000000,16384,1603,64315,4,1.000000,0.000000
1601,1746795871,1086905,0,0,1844,0,0.000000,16384,1620,86905,4,1.000000,0.000000
1602,1747886276,1090405,0,0,1839,0,0.000000,16384,1623,90405,4,1.000000,0.000000
1603,1748947677,1061401,0,0,1817,0,0.000000,16384,1643,61401,4,1.000000,0.000000
1604,1750008139,1060462,0,0,1897,0,0.000000,16384,1705,60462,4,1.000000,0.000000
1605,1751070537,1062398,0,0,1896,0,0.000000,16384,1694,62398,4,1.000000,0.000000
1606,1752129914,1059377,0,0,1838,0,0.000000,16384,1613,59377,4,1.000000,0.000000
1607,1753186474,1056560,0,0,1832,0,0.000000,16384,1610,56560,4,1.000000,0.000000
1608,1754245979,1059505,0,0,1808,0,0.000000,16384,1635,59505,4,1.000000,0.000000
1609,1755309449,1063470,0,0,1548,0,0.000000,16384,1384,63470,4,1.000000,0.000000
1610,1756381913,1072464,0,0,1397,0,0.000000,16384,1255,72464,4,1.000000,0.000000
1611,1757484313,1102400,0,0,1534,0,0.000000,16384,1340,102400,4,1.000000,0.000000
1612,1758551190,1066877,0,0,1577,0,0.000000,16384,1429,66877,4,1.000000,0.000000
1613,1759610349,1059159,0,0,1562,0,0.000000,16384,1374,59159,4,1.000000,0.000000
1614,1760670520,1060171,0,0,1626,0,0.000000,16384,1456,60171,4,1.000000,0.000000
1615,1761730798,1060278,0,0,1664,0,0.000000,16384,1498,60278,4,1.000000,0.000000
1616,1762787898,1057100,0,0,1672,0,0.000000,16384,1451,57100,4,1.000000,0.000000
1617,1763846846,1058948,0,0,1667,0,0.000000,16384,1523,58948,4,1.000000,0.000000
1618,1764903072,1056226,0,0,1807,0,0.000000,16384,1612,56226,4,1.000000,0.000000
1619,1765959197,1056125,0,0,1822,0,0.000000,16384,1598,56125,4,1.000000,0.000000
1620,1767015006,1055809,0,0,1825,0,0.000000,16384,1620,55809,4,1.000000,0.000000
1621,1768085726,1070720,0,0,1845,0,0.000000,16384,1665,70720,4,1.000000,0.000000
1622,1769142075,1056349,0,0,1797,0,0.000000,16384,1622,56349,4,1.000000,0.000000
1623,1770199923,1057848,0,0,1782,0,0.000000,16384,1558,57848,4,1.000000,0.000000
1624,1771256702,1056779,0,0,1827,0,0.000000,16384,1611,56779,4,1.000000,0.000000
1625,1772313000,1056298,0,0,1815,0,0.000000,16384,1641,56298,4,1.000000,0.000000
1626,1773369658,1056658,0,0,1827,0,0.000000,16384,1649,56658,4,1.000000,0.000000
1627,1774431933,1062275,0,0,1702,0,0.000000,16384,1486,62275,4,1.000000,0.000000
1628,1775494092,1062159,0,0,1830,0,0.000000,16384,1618,62159,4,1.000000,0.000000
1629,1776554238,1060146,0,0,1699,0,0.000000,16384,1549,60146,4,1.000000,0.000000
1630,1777612760,1058522,0,0,1829,0,0.000000,16384,1631,58522,4,1.000000,0.000000
1631,1778685284,1072524,0,0,1833,0,0.000000,16384,1609,72524,4,1.000000,0.000000
1632,1779744103,1058819,0,0,1800,0,0.000000,16384,1595,58819,4,1.000000,0.000000
1633,1780801941,1057838,0,0,1665,0,0.000000,16384,1521,57838,4,1.000000,0.000000
1634,1781858174,1056233,0,0,1814,0,0.000000,16384,1602,56233,4,1.000000,0.000000
1635,1782914747,1056573,0,0,1832,0,0.000000,16384,1609,56573,4,1.000000,0.000000
1636,1783970869,1056122,0,0,1830,0,0.000000,16384,1636,56122,4,1.000000,0.000000
1637,1785026774,1055905,0,0,1828,0,0.000000,16384,1652,55905,4,1.000000,0.000000
1638,1786083044,1056270,0,0,1716,0,0.000000,16384,1526,56270,4,1.000000,0.000000
1639,1787138903,1055859,0,0,1803,0,0.000000,16384,1579,55859,4,1.000000,0.000000
1640,1788195267,1056364,0,0,1817,0,0.000000,16384,1629,56364,4,1.000000,0.000000
1641,1789258964,1063697,0,0,1815,0,0.000000,16384,1642,63697,4,1.000000,0.000000
1642,1790315647,1056683,0,0,1723,0,0.000000,16384,1524,56683,4,1.000000,0.000000
1643,1791372408,1056761,0,0,1714,0,0.000000,16384,1504,56761,4,1.000000,0.000000
1644,1792428554,1056146,0,0,1771,0,0.000000,16384,1606,56146,4,1.000000,0.000000
1645,1793484517,1055963,0,0,1810,0,0.000000,16384,1625,55963,4,1.000000,0.000000
1646,1794540482,1055965,0,0,1795,0,0.000000,16384,1570,55965,4,1.000000,0.000000
1647,1795596271,1055789,0,0,1818,0,0.000000,16384,1609,55789,4,1.000000,0.000000
1648,1796656388,1060117,0,0,1695,0,0.000000,16384,1546,60117,4,1.000000,0.000000
1649,1797671184,1014796,0,0,1742,0,0.000000,16384,1541,14796,4,1.000000,0.000000
1650,1798728414,1057230,0,0,1811,0,0.000000,16384,1587,57230,4,1.000000,0.000000
1651,1799808698,1080284,0,0,1695,0,0.000000,16384,1538,80284,4,1.000000,0.000000
1652,1800866003,1057305,0,0,1814,0,0.000000,16384,1635,57305,4,1.000000,0.000000
1653,1801922040,1056037,0,0,1826,0,0.000000,16384,1601,56037,4,1.000000,0.000000
1654,1802977984,1055944,0,0,1824,0,0.000000,16384,1601,55944,4,1.000000,0.000000
1655,1804033772,1055788,0,0,1821,0,0.000000,16384,1644,55788,4,1.000000,0.000000
1656,1805089703,1055931,0,0,1822,0,0.000000,16384,1647,55931,4,1.000000,0.000000
1657,1806148218,1058515,0,0,1789,0,0.000000,16384,1581,58515,4,1.000000,0.000000
1658,1807204929,1056711,0,0,1695,0,0.000000,16384,1485,56711,4,1.000000,0.000000
1659,1808260850,1055921,0,0,1834,0,0.000000,16384,1656,55921,4,1.000000,0.000000
1660,1809318039,1057189,0,0,1671,0,0.000000,16384,1499,57189,4,1.000000,0.000000
1661,1810381791,1063752,0,0,1820,0,0.000000,16384,1596,63752,4,1.000000,0.000000
1662,1811438022,1056231,0,0,1831,0,0.000000,16384,1629,56231,4,1.000000,0.000000
1663,1812493809,1055787,0,0,1824,0,0.000000,16384,1649,55787,4,1.000000,0.000000
1664,1813549529,1055720,0,0,1826,0,0.000000,16384,1643,55720,4,1.000000,0.000000
1665,1814605750,1056221,0,0,1803,0,0.000000,16384,1579,56221,4,1.000000,0.000000
1666,1815661500,1055750,0,0,1824,0,0.000000,16384,1606,55750,4,1.000000,0.000000
1667,1816674540,1013040,0,0,1618,0,0.000000,16384,1483,13040,4,1.000000,0.000000
1668,1817738206,1063666,0,0,1820,0,0.000000,16384,1613,63666,4,1.000000,0.000000
1669,1818794617,1056411,0,0,1812,0,0.000000,16384,1588,56411,4,1.000000,0.000000
1670,1819850518,1055901,0,0,1829,0,0.000000,16384,1634,55901,4,1.000000,0.000000
1671,1820915158,1064640,0,0,1818,0,0.000000,16384,1644,64640,4,1.000000,0.000000
1672,1821971209,1056051,0,0,1833,0,0.000000,16384,1642,56051,4,1.000000,0.000000
1673,1823027901,1056692,0,0,1737,0,0.000000,16384,1513,56692,4,1.000000,0.000000
1674,1824085234,1057333,0,0,1726,0,0.000000,16384,1548,57333,4,1.000000,0.000000
1675,1825141840,1056606,0,0,1761,0,0.000000,16384,1598,56606,4,1.000000,0.000000
1676,1826198506,1056666,0,0,1811,0,0.000000,16384,1592,56666,4,1.000000,0.000000
1677,1827254316,1055810,0,0,1832,0,0.000000,16384,1608,55810,4,1.000000,0.000000
1678,1828310909,1056593,0,0,1828,0,0.000000,16384,1642,56593,4,1.000000,0.000000
1679,1829411408,1100499,0,0,1869,0,0.000000,16384,1685,100499,4,1.000000,0.000000
1680,1830476051,1064643,0,0,1585,0,0.000000,16384,1395,64643,4,1.000000,0.000000
1681,1831549977,1073926,0,0,1696,0,0.000000,16384,1508,73926,4,1.000000,0.000000
1682,1832639920,1089943,0,0,1863,0,0.000000,16384,1679,89943,4,1.000000,0.000000
1683,1833675128,1035208,0,0,1603,0,0.000000,16384,1415,35208,4,1.000000,0.000000
1684,1834742817,1067689,0,0,1483,0,0.000000,16384,1335,67689,4,1.000000,0.000000
1685,1835811913,1069096,0,0,1428,0,0.000000,16384,1240,69096,4,1.000000,0.000000
1686,1836883513,1071600,0,0,1405,0,0.000000,16384,1293,71600,4,1.000000,0.000000
1687,1837952875,1069362,0,0,1512,0,0.000000,16384,1316,69362,4,1.000000,0.000000
1688,1839121424,1168549,0,0,1556,0,0.000000,16384,1416,168549,4,1.000000,0.000000
1689,1840192929,1071505,0,0,1450,0,0.000000,16384,1270,71505,4,1.000000,0.000000
1690,1841262465,1069536,0,0,1473,0,0.000000,16384,1317,69536,4,1.000000,0.000000
1691,1842356123,1093658,0,0,1555,0,0.000000,16384,1386,93658,4,1.000000,0.000000
1692,1843417620,1061497,0,0,1425,0,0.000000,16384,1258,61497,4,1.000000,0.000000
1693,1844623919,1206299,0,0,1762,0,0.000000,16384,1572,206299,4,1.000000,0.000000
1694,1845680336,1056417,0,0,1489,0,0.000000,16384,1343,56417,4,1.000000,0.000000
1695,1846745251,1064915,0,0,1549,0,0.000000,16384,1368,64915,4,1.000000,0.000000
1696,1847804819,1059568,0,0,1559,0,0.000000,16384,1404,59568,4,1.000000,0.000000
1697,1848865151,1060332,0,0,1545,0,0.000000,16384,1360,60332,4,1.000000,0.000000
1698,1849925140,1059989,0,0,1558,0,0.000000,16384,1407,59989,4,1.000000,0.000000
1699,1850982986,1057846,0,0,1556,0,0.000000,16384,1365,57846,4,1.000000,0.000000
1700,1852040852,1057866,0,0,1554,0,0.000000,16384,1409,57866,4,1.000000,0.000000
1701,1853130061,1089209,0,0,1593,0,0.000000,16384,1390,89209,4,1.000000,0.000000
1702,1854187367,1057306,0,0,1559,0,0.000000,16384,1426,57306,4,1.000000,0.000000
1703,1855244047,1056680,0,0,1557,0,0.000000,16384,1347,56680,4,1.000000,0.000000
1704,1856300846,1056799,0,0,1557,0,0.000000,16384,1431,56799,4,1.000000,0.000000
1705,1857361831,1060985,0,0,1521,0,0.000000,16384,1313,60985,4,1.000000,0.000000
1706,1858425847,1064016,0,0,1545,0,0.000000,16384,1417,64016,4,1.000000,0.000000
1707,1859491823,1065976,0,0,1562,0,0.000000,16384,1349,65976,4,1.000000,0.000000
1708,1860551647,1059824,0,0,1561,0,0.000000,16384,1438,59824,4,1.000000,0.000000
1709,1861609412,1057765,0,0,1556,0,0.000000,16384,1336,57765,4,1.000000,0.000000
1710,1862668482,1059070,0,0,1791,0,0.000000,16384,1623,59070,4,1.000000,0.000000
1711,1863737477,1068995,0,0,1843,0,0.000000,16384,1661,68995,4,1.000000,0.000000
1712,1864793718,1056241,0,0,1777,0,0.000000,16384,1563,56241,4,1.000000,0.000000
1713,1865849816,1056098,0,0,1813,0,0.000000,16384,1588,56098,4,1.000000,0.000000
1714,1866906188,1056372,0,0,1816,0,0.000000,16384,1640,56372,4,1.000000,0.000000
1715,1867962094,1055906,0,0,1822,0,0.000000,16384,1647,55906,4,1.000000,0.000000
1716,1869018192,1056098,0,0,1820,0,0.000000,16384,1612,56098,4,1.000000,0.000000
1717,1870074523,1056331,0,0,1772,0,0.000000,16384,1548,56331,4,1.000000,0.000000
1718,1871130181,1055658,0,0,1814,0,0.000000,16384,1630,55658,4,1.000000,0.000000
1719,1872190615,1060434,0,0,1722,0,0.000000,16384,1569,60434,4,1.000000,0.000000
1720,1873251380,1060765,0,0,1739,0,0.000000,16384,1515,60765,4,1.000000,0.000000
1721,1874320166,1068786,0,0,1735,0,0.000000,16384,1541,68786,4,1.000000,0.000000
1722,1875378139,1057973,0,0,1722,0,0.000000,16384,1567,57973,4,1.000000,0.000000
1723,1876440404,1062265,0,0,1707,0,0.000000,16384,1497,62265,4,1.000000,0.000000
1724,1877500709,1060305,0,0,1602,0,0.000000,16384,1429,60305,4,1.000000,0.000000
1725,1878560363,1059654,0,0,1668,0,0.000000,16384,1505,59654,4,1.000000,0.000000
1726,1879617913,1057550,0,0,1668,0,0.000000,16384,1444,57550,4,1.000000,0.000000
1727,1880675258,1057345,0,0,1805,0,0.000000,16384,1632,57345,4,1.000000,0.000000
1728,1881732201,1056943,0,0,1818,0,0.000000,16384,1644,56943,4,1.000000,0.000000
1729,1882788432,1056231,0,0,1817,0,0.000000,16384,1604,56231,4,1.000000,0.000000
1730,1883844466,1056034,0,0,1823,0,0.000000,16384,1599,56034,4,1.000000,0.000000
1731,1884914423,1069957,0,0,1595,0,0.000000,16384,1452,69957,4,1.000000,0.000000
1732,1885977829,1063406,0,0,1540,0,0.000000,16384,1347,63406,4,1.000000,0.000000
1733,1887037654,1059825,0,0,1553,0,0.000000,16384,1409,59825,4,1.000000,0.000000
1734,1888094884,1057230,0,0,1644,0,0.000000,16384,1452,57230,4,1.000000,0.000000
1735,1889152791,1057907,0,0,1803,0,0.000000,16384,1584,57907,4,1.000000,0.000000
1736,1890209917,1057126,0,0,1823,0,0.000000,16384,1646,57126,4,1.000000,0.000000
1737,1891266464,1056547,0,0,1743,0,0.000000,16384,1578,56547,4,1.000000,0.000000
1738,1892322825,1056361,0,0,1784,0,0.000000,16384,1561,56361,4,1.000000,0.000000
1739,1893379636,1056811,0,0,1817,0,0.000000,16384,1604,56811,4,1.000000,0.000000
1740,1894435741,1056105,0,0,1826,0,0.000000,16384,1694,56105,4,1.000000,0.000000
1741,1895502199,1066458,0,0,1850,0,0.000000,16384,1626,66458,4,1.000000,0.000000
1742,1896558601,1056402,0,0,1824,0,0.000000,16384,1642,56402,4,1.000000,0.000000
1743,1897616829,1058228,0,0,1756,0,0.000000,16384,1594,58228,4,1.000000,0.000000
1744,1898674163,1057334,0,0,1792,0,0.000000,16384,1575,57334,4,1.000000,0.000000
1745,1899730696,1056533,0,0,1809,0,0.000000,16384,1586,56533,4,1.000000,0.000000
1746,1900787805,1057109,0,0,1729,0,0.000000,16384,1570,57109,4,1.000000,0.000000
1747,1901845189,1057384,0,0,1829,0,0.000000,16384,1652,57384,4,1.000000,0.000000
1748,1902901295,1056106,0,0,1822,0,0.000000,16384,1598,56106,4,1.000000,0.000000
1749,1903957076,1055781,0,0,1825,0,0.000000,16384,1601,55781,4,1.000000,0.000000
1750,1905012891,1055815,0,0,1825,0,0.000000,16384,1644,55815,4,1.000000,0.000000
1751,1906091992,1079101,0,0,1840,0,0.000000,16384,1661,79101,4,1.000000,0.000000
1752,1907150033,1058041,0,0,1823,0,0.000000,16384,1623,58041,4,1.000000,0.000000
1753,1908205990,1055957,0,0,1824,0,0.000000,16384,1600,55957,4,1.000000,0.000000
1754,1909262190,1056200,0,0,1824,0,0.000000,16384,1620,56200,4,1.000000,0.000000
1755,1910318084,1055894,0,0,1821,0,0.000000,16384,1645,55894,4,1.000000,0.000000
1756,1911374377,1056293,0,0,1806,0,0.000000,16384,1626,56293,4,1.000000,0.000000
1757,1912430332,1055955,0,0,1825,0,0.000000,16384,1601,55955,4,1.000000,0.000000
1758,1913485977,1055645,0,0,1828,0,0.000000,16384,1605,55645,4,1.000000,0.000000
1759,1914548613,1062636,0,0,1550,0,0.000000,16384,1432,62636,4,1.000000,0.000000
1760,1915612812,1064199,0,0,1607,0,0.000000,16384,1388,64199,4,1.000000,0.000000
1761,1916672405,1059593,0,0,1631,0,0.000000,16384,1483,59593,4,1.000000,0.000000
1762,1917732973,1060568,0,0,1625,0,0.000000,16384,1437,60568,4,1.000000,0.000000
1763,1918791931,1058958,0,0,1664,0,0.000000,16384,1472,58958,4,1.000000,0.000000
1764,1919848935,1057004,0,0,1685,0,0.000000,16384,1538,57004,4,1.000000,0.000000
1765,1920905119,1056184,0,0,1824,0,0.000000,16384,1603,56184,4,1.000000,0.000000
1766,1921961613,1056494,0,0,1818,0,0.000000,16384,1594,56494,4,1.000000,0.000000
1767,1923017649,1056036,0,0,1822,0,0.000000,16384,1640,56036,4,1.000000,0.000000
1768,1924073527,1055878,0,0,1777,0,0.000000,16384,1611,55878,4,1.000000,0.000000
1769,1925129476,1055949,0,0,1828,0,0.000000,16384,1616,55949,4,1.000000,0.000000
1770,1926186796,1057320,0,0,1810,0,0.000000,16384,1586,57320,4,1.000000,0.000000
1771,1927250529,1063733,0,0,1841,0,0.000000,16384,1647,63733,4,1.000000,0.000000
1772,1928307034,1056505,0,0,1813,0,0.000000,16384,1640,56505,4,1.000000,0.000000
1773,1929363260,1056226,0,0,1765,0,0.000000,16384,1572,56226,4,1.000000,0.000000
1774,1930437888,1074628,0,0,1627,0,0.000000,16384,1420,74628,4,1.000000,0.000000
1775,1931498243,1060355,0,0,1806,0,0.000000,16384,1634,60355,4,1.000000,0.000000
1776,1932555719,1057476,0,0,1821,0,0.000000,16384,1640,57476,4,1.000000,0.000000
1777,1933612786,1057067,0,0,1831,0,0.000000,16384,1606,57067,4,1.000000,0.000000
1778,1934671173,1058387,0,0,1823,0,0.000000,16384,1600,58387,4,1.000000,0.000000
1779,1935727420,1056247,0,0,1822,0,0.000000,16384,1645,56247,4,1.000000,0.000000
1780,1936785975,1058555,0,0,1812,0,0.000000,16384,1639,58555,4,1.000000,0.000000
1781,1937855810,1069835,0,0,1637,0,0.000000,16384,1426,69835,4,1.000000,0.000000
1782,1938915989,1060179,0,0,1812,0,0.000000,16384,1612,60179,4,1.000000,0.000000
1783,1939974635,1058646,0,0,1810,0,0.000000,16384,1637,58646,4,1.000000,0.000000
1784,1941031087,1056452,0,0,1795,0,0.000000,16384,1609,56452,4,1.000000,0.000000
1785,1942087733,1056646,0,0,1816,0,0.000000,16384,1592,56646,4,1.000000,0.000000
1786,1943143833,1056100,0,0,1823,0,0.000000,16384,1612,56100,4,1.000000,0.000000
1787,1944199572,1055739,0,0,1822,0,0.000000,16384,1647,55739,4,1.000000,0.000000
1788,1945256530,1056958,0,0,1825,0,0.000000,16384,1648,56958,4,1.000000,0.000000
1789,1946313042,1056512,0,0,1797,0,0.000000,16384,1576,56512,4,1.000000,0.000000
1790,1947369815,1056773,0,0,1824,0,0.000000,16384,1600,56773,4,1.000000,0.000000
1791,1948434388,1064573,0,0,1705,0,0.000000,16384,1552,64573,4,1.000000,0.000000
1792,1949493656,1059268,0,0,1757,0,0.000000,16384,1574,59268,4,1.000000,0.000000
1793,1950551021,1057365,0,0,1741,0,0.000000,16384,1517,57365,4,1.000000,0.000000
1794,1951606948,1055927,0,0,1822,0,0.000000,16384,1631,55927,4,1.000000,0.000000
1795,1952663000,1056052,0,0,1825,0,0.000000,16384,1649,56052,4,1.000000,0.000000
1796,1953673364,1010364,0,0,1745,0,0.000000,16384,1552,10364,4,1.000000,0.000000
1797,1954730074,1056710,0,0,1817,0,0.000000,16384,1593,56710,4,1.000000,0.000000
1798,1955787318,1057244,0,0,1666,0,0.000000,16384,1505,57244,4,1.000000,0.000000
1799,1956844631,1057313,0,0,1793,0,0.000000,16384,1618,57313,4,1.000000,0.000000
1800,1957904004,1059373,0,0,1705,0,0.000000,16384,1481,59373,4,1.000000,0.000000
1801,1958982197,1078193,0,0,1809,0,0.000000,16384,1613,78193,4,1.000000,0.000000
1802,1960039654,1057457,0,0,1822,0,0.000000,16384,1647,57457,4,1.000000,0.000000
1803,1961096358,1056704,0,0,1829,0,0.000000,16384,1640,56704,4,1.000000,0.000000
1804,1962152951,1056593,0,0,1789,0,0.000000,16384,1565,56593,4,1.000000,0.000000
1805,1963209624,1056673,0,0,1800,0,0.000000,16384,1595,56673,4,1.000000,0.000000
1806,1964266475,1056851,0,0,1729,0,0.000000,16384,1573,56851,4,1.000000,0.000000
1807,1965323892,1057417,0,0,1759,0,0.000000,16384,1560,57417,4,1.000000,0.000000
1808,1966380632,1056740,0,0,1814,0,0.000000,16384,1590,56740,4,1.000000,0.000000
1809,1967436869,1056237,0,0,1825,0,0.000000,16384,1633,56237,4,1.000000,0.000000
1810,1968493288,1056419,0,0,1822,0,0.000000,16384,1648,56419,4,1.000000,0.000000
1811,1969555480,1062192,0,0,1832,0,0.000000,16384,1638,62192,4,1.000000,0.000000
1812,1970612188,1056708,0,0,1814,0,0.000000,16384,1590,56708,4,1.000000,0.000000
1813,1971669789,1057601,0,0,1803,0,0.000000,16384,1597,57601,4,1.000000,0.000000
1814,1972726044,1056255,0,0,1823,0,0.000000,16384,1648,56255,4,1.000000,0.000000
1815,1973782092,1056048,0,0,1813,0,0.000000,16384,1634,56048,4,1.000000,0.000000
1816,1974838084,1055992,0,0,1823,0,0.000000,16384,1599,55992,4,1.000000,0.000000
1817,1975893964,1055880,0,0,1826,0,0.000000,16384,1602,55880,4,1.000000,0.000000
1818,1976950164,1056200,0,0,1701,0,0.000000,16384,1550,56200,4,1.000000,0.000000
1819,1978008291,1058127,0,0,1613,0,0.000000,16384,1428,58127,4,1.000000,0.000000
1820,1979066123,1057832,0,0,1771,0,0.000000,16384,1558,57832,4,1.000000,0.000000
1821,1980128781,1062658,0,0,1829,0,0.000000,16384,1653,62658,4,1.000000,0.000000
1822,1981185359,1056578,0,0,1820,0,0.000000,16384,1643,56578,4,1.000000,0.000000
1823,1982241249,1055890,0,0,1812,0,0.000000,16384,1594,55890,4,1.000000,0.000000
1824,1983296881,1055632,0,0,1819,0,0.000000,16384,1595,55632,4,1.000000,0.000000
1825,1984352787,1055906,0,0,1821,0,0.000000,16384,1638,55906,4,1.000000,0.000000
1826,1985409591,1056804,0,0,1824,0,0.000000,16384,1649,56804,4,1.000000,0.000000
1827,1986466106,1056515,0,0,1814,0,0.000000,16384,1612,56515,4,1.000000,0.000000
1828,1987522121,1056015,0,0,1794,0,0.000000,16384,1570,56015,4,1.000000,0.000000
1829,1988578498,1056377,0,0,1821,0,0.000000,16384,1627,56377,4,1.000000,0.000000
1830,1989635987,1057489,0,0,1789,0,0.000000,16384,1621,57489,4,1.000000,0.000000
1831,1990671080,1035093,0,0,1777,0,0.000000,16384,1579,35093,4,1.000000,0.000000
1832,1991728024,1056944,0,0,1831,0,0.000000,16384,1607,56944,4,1.000000,0.000000
1833,1992784337,1056313,0,0,1824,0,0.000000,16384,1625,56313,4,1.000000,0.000000
1834,1993840687,1056350,0,0,1805,0,0.000000,16384,1633,56350,4,1.000000,0.000000
1835,1994896653,1055966,0,0,1804,0,0.000000,16384,1615,55966,4,1.000000,0.000000
1836,1995952741,1056088,0,0,1824,0,0.000000,16384,1600,56088,4,1.000000,0.000000
1837,1997008356,1055615,0,0,1825,0,0.000000,16384,1614,55615,4,1.000000,0.000000
1838,1998066711,1058355,0,0,1751,0,0.000000,16384,1590,58355,4,1.000000,0.000000
1839,1999123398,1056687,0,0,1831,0,0.000000,16384,1643,56687,4,1.000000,0.000000
1840,2000179085,1055687,0,0,1826,0,0.000000,16384,1602,55687,4,1.000000,0.000000
1841,2001262983,1083898,0,0,1854,0,0.000000,16384,1629,83898,4,1.000000,0.000000
1842,2002318970,1055987,0,0,1812,0,0.000000,16384,1636,55987,4,1.000000,0.000000
1843,2003375709,1056739,0,0,1814,0,0.000000,16384,1642,56739,4,1.000000,0.000000
1844,2004432265,1056556,0,0,1837,0,0.000000,16384,1626,56556,4,1.000000,0.000000
1845,2005490999,1058734,0,0,1826,0,0.000000,16384,1602,58734,4,1.000000,0.000000
1846,2006557430,1066431,0,0,1627,0,0.000000,16384,1471,66431,4,1.000000,0.000000
1847,2007651110,1093680,0,0,1869,0,0.000000,16384,1683,93680,4,1.000000,0.000000
1848,2008703542,1052432,0,0,1790,0,0.000000,16384,1572,52432,4,1.000000,0.000000
1849,2009767197,1063655,0,0,1795,0,0.000000,16384,1574,63655,4,1.000000,0.000000
1850,2010830430,1063233,0,0,1747,0,0.000000,16384,1588,63233,4,1.000000,0.000000
1851,2011909282,1078852,0,0,1824,0,0.000000,16384,1644,78852,4,1.000000,0.000000
1852,2012966339,1057057,0,0,1818,0,0.000000,16384,1594,57057,4,1.000000,0.000000
1853,2014023575,1057236,0,0,1780,0,0.000000,16384,1565,57236,4,1.000000,0.000000
1854,2015080374,1056799,0,0,1722,0,0.000000,16384,1567,56799,4,1.000000,0.000000
1855,2016136723,1056349,0,0,1829,0,0.000000,16384,1639,56349,4,1.000000,0.000000
1856,2017193534,1056811,0,0,1815,0,0.000000,16384,1591,56811,4,1.000000,0.000000
1857,2018253349,1059815,0,0,1748,0,0.000000,16384,1550,59815,4,1.000000,0.000000
1858,2019312556,1059207,0,0,1833,0,0.000000,16384,1655,59207,4,1.000000,0.000000
1859,2020368608,1056052,0,0,1820,0,0.000000,16384,1636,56052,4,1.000000,0.000000
1860,2021424624,1056016,0,0,1832,0,0.000000,16384,1608,56016,4,1.000000,0.000000
1861,2022489422,1064798,0,0,1841,0,0.000000,16384,1617,64798,4,1.000000,0.000000
1862,2023545656,1056234,0,0,1835,0,0.000000,16384,1655,56234,4,1.000000,0.000000
1863,2024601609,1055953,0,0,1825,0,0.000000,16384,1649,55953,4,1.000000,0.000000
1864,2025658787,1057178,0,0,1827,0,0.000000,16384,1623,57178,4,1.000000,0.000000
1865,2026673276,1014489,0,0,1737,0,0.000000,16384,1513,14489,4,1.000000,0.000000
1866,2027730263,1056987,0,0,1822,0,0.000000,16384,1639,56987,4,1.000000,0.000000
1867,2028786549,1056286,0,0,1793,0,0.000000,16384,1624,56286,4,1.000000,0.000000
1868,2029842535,1055986,0,0,1822,0,0.000000,16384,1614,55986,4,1.000000,0.000000
1869,2030932578,1090043,0,0,1744,0,0.000000,16384,1520,90043,4,1.000000,0.000000
1870,2031993955,1061377,0,0,1737,0,0.000000,16384,1576,61377,4,1.000000,0.000000
1871,2033060458,1066503,0,0,1838,0,0.000000,16384,1658,66503,4,1.000000,0.000000
1872,2034117967,1057509,0,0,1831,0,0.000000,16384,1612,57509,4,1.000000,0.000000
1873,2035175295,1057328,0,0,1825,0,0.000000,16384,1601,57328,4,1.000000,0.000000
1874,2036231409,1056114,0,0,1809,0,0.000000,16384,1624,56114,4,1.000000,0.000000
1875,2037288255,1056846,0,0,1805,0,0.000000,16384,1634,56846,4,1.000000,0.000000
1876,2038347208,1058953,0,0,1640,0,0.000000,16384,1436,58953,4,1.000000,0.000000
1877,2039406417,1059209,0,0,1758,0,0.000000,16384,1561,59209,4,1.000000,0.000000
1878,2040464149,1057732,0,0,1829,0,0.000000,16384,1652,57732,4,1.000000,0.000000
1879,2041521211,1057062,0,0,1807,0,0.000000,16384,1620,57062,4,1.000000,0.000000
1880,2042578062,1056851,0,0,1825,0,0.000000,16384,1602,56851,4,1.000000,0.000000
1881,2043640850,1062788,0,0,1833,0,0.000000,16384,1616,62788,4,1.000000,0.000000
1882,2044682376,1041526,0,0,1700,0,0.000000,16384,1550,41526,4,1.000000,0.000000
1883,2045752665,1070289,0,0,1483,0,0.000000,16384,1290,70289,4,1.000000,0.000000
1884,2046815082,1062417,0,0,1720,0,0.000000,16384,1551,62417,4,1.000000,0.000000
1885,2047902416,1087334,0,0,1869,0,0.000000,16384,1684,87334,4,1.000000,0.000000
1886,2048970879,1068463,0,0,1654,0,0.000000,16384,1448,68463,4,1.000000,0.000000
1887,2050031040,1060161,0,0,1666,0,0.000000,16384,1487,60161,4,1.000000,0.000000
1888,2051089070,1058030,0,0,1662,0,0.000000,16384,1505,58030,4,1.000000,0.000000
1889,2052146114,1057044,0,0,1661,0,0.000000,16384,1437,57044,4,1.000000,0.000000
1890,2053202812,1056698,0,0,1660,0,0.000000,16384,1514,56698,4,1.000000,0.000000
1891,2054284047,1081235,0,0,1677,0,0.000000,16384,1487,81235,4,1.000000,0.000000
1892,2055373547,1089500,0,0,1811,0,0.000000,16384,1587,89500,4,1.000000,0.000000
1893,2056466223,1092676,0,0,1832,0,0.000000,16384,1648,92676,4,1.000000,0.000000
1894,2057533150,1066927,0,0,1567,0,0.000000,16384,1415,66927,4,1.000000,0.000000
1895,2058595947,1062797,0,0,1788,0,0.000000,16384,1563,62797,4,1.000000,0.000000
1896,2059653781,1057834,0,0,1834,0,0.000000,16384,1641,57834,4,1.000000,0.000000
1897,2060671567,1017786,0,0,1733,0,0.000000,16384,1576,17786,4,1.000000,0.000000
1898,2061728713,1057146,0,0,1829,0,0.000000,16384,1620,57146,4,1.000000,0.000000
1899,2062784780,1056067,0,0,1825,0,0.000000,16384,1601,56067,4,1.000000,0.000000
1900,2063841085,1056305,0,0,1825,0,0.000000,16384,1628,56305,4,1.000000,0.000000
1901,2064929771,1088686,0,0,1868,0,0.000000,16384,1684,88686,4,1.000000,0.000000
1902,2065991236,1061465,0,0,1829,0,0.000000,16384,1650,61465,4,1.000000,0.000000
1903,2067048307,1057071,0,0,1824,0,0.000000,16384,1599,57071,4,1.000000,0.000000
1904,2068105118,1056811,0,0,1684,0,0.000000,16384,1486,56811,4,1.000000,0.000000
1905,2069161924,1056806,0,0,1663,0,0.000000,16384,1519,56806,4,1.000000,0.000000
1906,2070218164,1056240,0,0,1745,0,0.000000,16384,1528,56240,4,1.000000,0.000000
1907,2071274122,1055958,0,0,1828,0,0.000000,16384,1610,55958,4,1.000000,0.000000
1908,2072330954,1056832,0,0,1815,0,0.000000,16384,1640,56832,4,1.000000,0.000000
1909,2073387464,1056510,0,0,1822,0,0.000000,16384,1646,56510,4,1.000000,0.000000
1910,2074443620,1056156,0,0,1820,0,0.000000,16384,1605,56156,4,1.000000,0.000000
1911,2075509312,1065692,0,0,1837,0,0.000000,16384,1613,65692,4,1.000000,0.000000
1912,2076565650,1056338,0,0,1798,0,0.000000,16384,1612,56338,4,1.000000,0.000000
1913,2077654340,1088690,0,0,1828,0,0.000000,16384,1652,88690,4,1.000000,0.000000
1914,2078673682,1019342,0,0,1583,0,0.000000,16384,1384,19342,4,1.000000,0.000000
1915,2079732138,1058456,0,0,1670,0,0.000000,16384,1497,58456,4,1.000000,0.000000
1916,2080791328,1059190,0,0,1660,0,0.000000,16384,1498,59190,4,1.000000,0.000000
1917,2081854084,1062756,0,0,1797,0,0.000000,16384,1573,62756,4,1.000000,0.000000
1918,2082916569,1062485,0,0,1682,0,0.000000,16384,1508,62485,4,1.000000,0.000000
1919,2083976301,1059732,0,0,1666,0,0.000000,16384,1504,59732,4,1.000000,0.000000
1920,2085033720,1057419,0,0,1653,0,0.000000,16384,1430,57419,4,1.000000,0.000000
1921,2086105827,1072107,0,0,1581,0,0.000000,16384,1456,72107,4,1.000000,0.000000
1922,2087162420,1056593,0,0,1683,0,0.000000,16384,1471,56593,4,1.000000,0.000000
1923,2088218705,1056285,0,0,1831,0,0.000000,16384,1619,56285,4,1.000000,0.000000
1924,2089275252,1056547,0,0,1798,0,0.000000,16384,1627,56547,4,1.000000,0.000000
1925,2090362059,1086807,0,0,1938,0,0.000000,16384,1739,86807,4,1.000000,0.000000
1926,2091450129,1088070,0,0,1949,0,0.000000,16384,1747,88070,4,1.000000,0.000000
1927,2092539326,1089197,0,0,1960,0,0.000000,16384,1736,89197,4,1.000000,0.000000
1928,2093599279,1059953,0,0,1824,0,0.000000,16384,1600,59953,4,1.000000,0.000000
1929,2094657536,1058257,0,0,1824,0,0.000000,16384,1615,58257,4,1.000000,0.000000
1930,2095670746,1013210,0,0,1743,0,0.000000,16384,1584,13210,4,1.000000,0.000000
1931,2096735397,1064651,0,0,1835,0,0.000000,16384,1642,64651,4,1.000000,0.000000
1932,2097821358,1085961,0,0,1899,0,0.000000,16384,1675,85961,4,1.000000,0.000000
1933,2098882956,1061598,0,0,1794,0,0.000000,16384,1571,61598,4,1.000000,0.000000
1934,2099940330,1057374,0,0,1827,0,0.000000,16384,1649,57374,4,1.000000,0.000000
1935,2100996733,1056403,0,0,1832,0,0.000000,16384,1655,56403,4,1.000000,0.000000
1936,2102054461,1057728,0,0,1832,0,0.000000,16384,1627,57728,4,1.000000,0.000000
1937,2103111208,1056747,0,0,1828,0,0.000000,16384,1676,56747,4,1.000000,0.000000
1938,2104171335,1060127,0,0,1832,0,0.000000,16384,1638,60127,4,1.000000,0.000000
1939,2105232371,1061036,0,0,1836,0,0.000000,16384,1613,61036,4,1.000000,0.000000
1940,2106293436,1061065,0,0,1756,0,0.000000,16384,1554,61065,4,1.000000,0.000000
1941,2107365888,1072452,0,0,1812,0,0.000000,16384,1639,72452,4,1.000000,0.000000
1942,2108424236,1058348,0,0,1825,0,0.000000,16384,1640,58348,4,1.000000,0.000000
1943,2109480684,1056448,0,0,1827,0,0.000000,16384,1603,56448,4,1.000000,0.000000
1944,2110536991,1056307,0,0,1822,0,0.000000,16384,1602,56307,4,1.000000,0.000000
1945,2111595035,1058044,0,0,1795,0,0.000000,16384,1625,58044,4,1.000000,0.000000
1946,2112651638,1056603,0,0,1822,0,0.000000,16384,1645,56603,4,1.000000,0.000000
1947,2113670484,1018846,0,0,1760,0,0.000000,16384,1543,18846,4,1.000000,0.000000
1948,2114727150,1056666,0,0,1805,0,0.000000,16384,1588,56666,4,1.000000,0.000000
1949,2115783631,1056481,0,0,1818,0,0.000000,16384,1642,56481,4,1.000000,0.000000
1950,2116840932,1057301,0,0,1816,0,0.000000,16384,1642,57301,4,1.000000,0.000000
1951,2117917798,1076866,0,0,1790,0,0.000000,16384,1573,76866,4,1.000000,0.000000
1952,2118978174,1060376,0,0,1791,0,0.000000,16384,1567,60376,4,1.000000,0.000000
1953,2120040146,1061972,0,0,1834,0,0.000000,16384,1657,61972,4,1.000000,0.000000
1954,2121101336,1061190,0,0,1830,0,0.000000,16384,1654,61190,4,1.000000,0.000000
1955,2122158443,1057107,0,0,1828,0,0.000000,16384,1620,57107,4,1.000000,0.000000
1956,2123214643,1056200,0,0,1827,0,0.000000,16384,1604,56200,4,1.000000,0.000000
1957,2124270516,1055873,0,0,1826,0,0.000000,16384,1626,55873,4,1.000000,0.000000
1958,2125326391,1055875,0,0,1824,0,0.000000,16384,1649,55875,4,1.000000,0.000000
1959,2126383084,1056693,0,0,1814,0,0.000000,16384,1629,56693,4,1.000000,0.000000
1960,2127439357,1056273,0,0,1809,0,0.000000,16384,1585,56273,4,1.000000,0.000000
1961,2128505725,1066368,0,0,1840,0,0.000000,16384,1622,66368,4,1.000000,0.000000
1962,2129562664,1056939,0,0,1810,0,0.000000,16384,1637,56939,4,1.000000,0.000000
1963,2130618849,1056185,0,0,1824,0,0.000000,16384,1647,56185,4,1.000000,0.000000
1964,2131683338,1064489,0,0,1622,0,0.000000,16384,1406,64489,4,1.000000,0.000000
1965,2132748981,1065643,0,0,1559,0,0.000000,16384,1420,65643,4,1.000000,0.000000
1966,2133811746,1062765,0,0,1810,0,0.000000,16384,1613,62765,4,1.000000,0.000000
1967,2134872920,1061174,0,0,1667,0,0.000000,16384,1446,61174,4,1.000000,0.000000
1968,2135935666,1062746,0,0,1793,0,0.000000,16384,1625,62746,4,1.000000,0.000000
1969,2136999229,1063563,0,0,1782,0,0.000000,16384,1611,63563,4,1.000000,0.000000
1970,2138064108,1064879,0,0,1606,0,0.000000,16384,1382,64879,4,1.000000,0.000000
1971,2139140125,1076017,0,0,1578,0,0.000000,16384,1447,76017,4,1.000000,0.000000
1972,2140198882,1058757,0,0,1739,0,0.000000,16384,1534,58757,4,1.000000,0.000000
1973,2141256060,1057178,0,0,1831,0,0.000000,16384,1607,57178,4,1.000000,0.000000
1974,2142312622,1056562,0,0,1828,0,0.000000,16384,1644,56562,4,1.000000,0.000000
1975,2143399113,1086491,0,0,1951,0,0.000000,16384,1750,86491,4,1.000000,0.000000
1976,2144487678,1088565,0,0,1961,0,0.000000,16384,1756,88565,4,1.000000,0.000000
1977,2145576865,1089187,0,0,1942,0,0.000000,16384,1741,89187,4,1.000000,0.000000
1978,2146637171,1060306,0,0,1750,0,0.000000,16384,1533,60306,4,1.000000,0.000000
1979,2147671834,1034663,0,0,1788,0,0.000000,16384,1576,34663,4,1.000000,0.000000
1980,2148730231,1058397,0,0,1774,0,0.000000,16384,1608,58397,4,1.000000,0.000000
1981,2149797368,1067137,0,0,1842,0,0.000000,16384,1660,67137,4,1.000000,0.000000
1982,2150853784,1056416,0,0,1822,0,0.000000,16384,1598,56416,4,1.000000,0.000000
1983,2151909749,1055965,0,0,1829,0,0.000000,16384,1605,55965,4,1.000000,0.000000
1984,2152966482,1056733,0,0,1823,0,0.000000,16384,1643,56733,4,1.000000,0.000000
1985,2154022422,1055940,0,0,1829,0,0.000000,16384,1653,55940,4,1.000000,0.000000
1986,2155078567,1056145,0,0,1825,0,0.000000,16384,1621,56145,4,1.000000,0.000000
1987,2156136002,1057435,0,0,1787,0,0.000000,16384,1562,57435,4,1.000000,0.000000
1988,2157192811,1056809,0,0,1827,0,0.000000,16384,1634,56809,4,1.000000,0.000000
1989,2158252063,1059252,0,0,1713,0,0.000000,16384,1559,59252,4,1.000000,0.000000
1990,2159309972,1057909,0,0,1826,0,0.000000,16384,1614,57909,4,1.000000,0.000000
1991,2160375715,1065743,0,0,1842,0,0.000000,16384,1618,65743,4,1.000000,0.000000
1992,2161432540,1056825,0,0,1828,0,0.000000,16384,1631,56825,4,1.000000,0.000000
1993,2162489675,1057135,0,0,1825,0,0.000000,16384,1649,57135,4,1.000000,0.000000
1994,2163545922,1056247,0,0,1826,0,0.000000,16384,1639,56247,4,1.000000,0.000000
1995,2164601635,1055713,0,0,1828,0,0.000000,16384,1604,55713,4,1.000000,0.000000
1996,2165662642,1061007,0,0,1812,0,0.000000,16384,1596,61007,4,1.000000,0.000000
1997,2166727725,1065083,0,0,1822,0,0.000000,16384,1645,65083,4,1.000000,0.000000
1998,2167784787,1057062,0,0,1829,0,0.000000,16384,1652,57062,4,1.000000,0.000000
1999,2168841146,1056359,0,0,1827,0,0.000000,16384,1613,56359,4,1.000000,0.000000
2000,2169897148,1056002,0,0,1821,0,0.000000,16384,1597,56002,4,1.000000,0.000000
2001,2170971445,1074297,0,0,1852,0,0.000000,16384,1656,74297,4,1.000000,0.000000
2002,2172029277,1057832,0,0,1785,0,0.000000,16384,1618,57832,4,1.000000,0.000000
2003,2173086503,1057226,0,0,1832,0,0.000000,16384,1635,57226,4,1.000000,0.000000
2004,2174142656,1056153,0,0,1815,0,0.000000,16384,1591,56153,4,1.000000,0.000000
2005,2175198478,1055822,0,0,1824,0,0.000000,16384,1616,55822,4,1.000000,0.000000
2006,2176254358,1055880,0,0,1823,0,0.000000,16384,1648,55880,4,1.000000,0.000000
2007,2177310860,1056502,0,0,1832,0,0.000000,16384,1654,56502,4,1.000000,0.000000
2008,2178368334,1057474,0,0,1739,0,0.000000,16384,1516,57474,4,1.000000,0.000000
2009,2179425872,1057538,0,0,1827,0,0.000000,16384,1614,57538,4,1.000000,0.000000
2010,2180482266,1056394,0,0,1826,0,0.000000,16384,1650,56394,4,1.000000,0.000000
2011,2181547566,1065300,0,0,1837,0,0.000000,16384,1657,65300,4,1.000000,0.000000
2012,2182604599,1057033,0,0,1783,0,0.000000,16384,1567,57033,4,1.000000,0.000000
2013,2183662547,1057948,0,0,1788,0,0.000000,16384,1568,57948,4,1.000000,0.000000
2014,2184671772,1009225,0,0,1575,0,0.000000,16384,1450,9225,4,1.000000,0.000000
2015,2185728758,1056986,0,0,1782,0,0.000000,16384,1567,56986,4,1.000000,0.000000
2016,2186785084,1056326,0,0,1761,0,0.000000,16384,1546,56326,4,1.000000,0.000000
2017,2187849031,1063947,0,0,1696,0,0.000000,16384,1546,63947,4,1.000000,0.000000
2018,2188915220,1066189,0,0,1476,0,0.000000,16384,1282,66189,4,1.000000,0.000000
2019,2189980965,1065745,0,0,1483,0,0.000000,16384,1366,65745,4,1.000000,0.000000
2020,2191046211,1065246,0,0,1605,0,0.000000,16384,1386,65246,4,1.000000,0.000000
2021,2192122859,1076648,0,0,1762,0,0.000000,16384,1586,76648,4,1.000000,0.000000
2022,2193180931,1058072,0,0,1819,0,0.000000,16384,1645,58072,4,1.000000,0.000000
2023,2194238376,1057445,0,0,1823,0,0.000000,16384,1612,57445,4,1.000000,0.000000
2024,2195294574,1056198,0,0,1812,0,0.000000,16384,1589,56198,4,1.000000,0.000000
2025,2196350396,1055822,0,0,1824,0,0.000000,16384,1632,55822,4,1.000000,0.000000
2026,2197406789,1056393,0,0,1800,0,0.000000,16384,1629,56393,4,1.000000,0.000000
2027,2198454923,1048134,0,0,1614,0,0.000000,16384,1417,48134,4,1.000000,0.000000
2028,2199546734,1091811,0,0,1844,0,0.000000,16384,1628,91811,4,1.000000,0.000000
2029,2200641107,1094373,0,0,1860,0,0.000000,16384,1676,94373,4,1.000000,0.000000
2030,2201704698,1063591,0,0,1801,0,0.000000,16384,1630,63591,4,1.000000,0.000000
2031,2202779286,1074588,0,0,1687,0,0.000000,16384,1474,74588,4,1.000000,0.000000
2032,2203841463,1062177,0,0,1812,0,0.000000,16384,1603,62177,4,1.000000,0.000000
2033,2204904985,1063522,0,0,1801,0,0.000000,16384,1631,63522,4,1.000000,0.000000
2034,2205967998,1063013,0,0,1796,0,0.000000,16384,1614,63013,4,1.000000,0.000000
2035,2207028271,1060273,0,0,1678,0,0.000000,16384,1455,60273,4,1.000000,0.000000
2036,2208085986,1057715,0,0,1675,0,0.000000,16384,1518,57715,4,1.000000,0.000000
2037,2209142522,1056536,0,0,1673,0,0.000000,16384,1494,56536,4,1.000000,0.000000
2038,2210198597,1056075,0,0,1707,0,0.000000,16384,1488,56075,4,1.000000,0.000000
2039,2211254623,1056026,0,0,1802,0,0.000000,16384,1632,56026,4,1.000000,0.000000
2040,2212310567,1055944,0,0,1834,0,0.000000,16384,1654,55944,4,1.000000,0.000000
2041,2213403742,1093175,0,0,1967,0,0.000000,16384,1752,93175,4,1.000000,0.000000
2042,2214492670,1088928,0,0,1971,0,0.000000,16384,1747,88928,4,1.000000,0.000000
2043,2215582006,1089336,0,0,1952,0,0.000000,16384,1728,89336,4,1.000000,0.000000
2044,2216673094,1091088,0,0,1985,0,0.000000,16384,1761,91088,4,1.000000,0.000000
2045,2217701025,1027931,0,0,1870,0,0.000000,16384,1646,27931,4,1.000000,0.000000
2046,2218761747,1060722,0,0,1776,0,0.000000,16384,1612,60722,4,1.000000,0.000000
2047,2219819910,1058163,0,0,1837,0,0.000000,16384,1657,58163,4,1.000000,0.000000
2048,2220876221,1056311,0,0,1829,0,0.000000,16384,1613,56311,4,1.000000,0.000000
2049,2221932250,1056029,0,0,1826,0,0.000000,16384,1602,56029,4,1.000000,0.000000
2050,2222988471,1056221,0,0,1831,0,0.000000,16384,1640,56221,4,1.000000,0.000000
2051,2224064728,1076257,0,0,1837,0,0.000000,16384,1659,76257,4,1.000000,0.000000
2052,2225122227,1057499,0,0,1760,0,0.000000,16384,1569,57499,4,1.000000,0.000000
2053,2226181032,1058805,0,0,1614,0,0.000000,16384,1409,58805,4,1.000000,0.000000
2054,2227238619,1057587,0,0,1746,0,0.000000,16384,1586,57587,4,1.000000,0.000000
2055,2228294699,1056080,0,0,1729,0,0.000000,16384,1534,56080,4,1.000000,0.000000
2056,2229355737,1061038,0,0,1761,0,0.000000,16384,1537,61038,4,1.000000,0.000000
2057,2230416222,1060485,0,0,1822,0,0.000000,16384,1644,60485,4,1.000000,0.000000
2058,2231472969,1056747,0,0,1822,0,0.000000,16384,1647,56747,4,1.000000,0.000000
2059,2232534595,1061626,0,0,1595,0,0.000000,16384,1388,61626,4,1.000000,0.000000
2060,2233593868,1059273,0,0,1799,0,0.000000,16384,1606,59273,4,1.000000,0.000000
2061,2234661115,1067247,0,0,1831,0,0.000000,16384,1654,67247,4,1.000000,0.000000
2062,2235671872,1010757,0,0,1742,0,0.000000,16384,1552,10757,4,1.000000,0.000000
2063,2236729205,1057333,0,0,1802,0,0.000000,16384,1578,57333,4,1.000000,0.000000
2064,2237785501,1056296,0,0,1792,0,0.000000,16384,1605,56296,4,1.000000,0.000000
2065,2238844959,1059458,0,0,1686,0,0.000000,16384,1537,59458,4,1.000000,0.000000
2066,2239903714,1058755,0,0,1741,0,0.000000,16384,1517,58755,4,1.000000,0.000000
2067,2240960866,1057152,0,0,1817,0,0.000000,16384,1609,57152,4,1.000000,0.000000
2068,2242017387,1056521,0,0,1819,0,0.000000,16384,1645,56521,4,1.000000,0.000000
2069,2243073751,1056364,0,0,1823,0,0.000000,16384,1644,56364,4,1.000000,0.000000
2070,2244129764,1056013,0,0,1825,0,0.000000,16384,1601,56013,4,1.000000,0.000000
2071,2245193741,1063977,0,0,1831,0,0.000000,16384,1608,63977,4,1.000000,0.000000
2072,2246249765,1056024,0,0,1799,0,0.000000,16384,1622,56024,4,1.000000,0.000000
2073,2247305636,1055871,0,0,1819,0,0.000000,16384,1644,55871,4,1.000000,0.000000
2074,2248363617,1057981,0,0,1821,0,0.000000,16384,1613,57981,4,1.000000,0.000000
2075,2249421945,1058328,0,0,1717,0,0.000000,16384,1496,58328,4,1.000000,0.000000
2076,2250479489,1057544,0,0,1825,0,0.000000,16384,1648,57544,4,1.000000,0.000000
2077,2251535397,1055908,0,0,1820,0,0.000000,16384,1645,55908,4,1.000000,0.000000
2078,2252591201,1055804,0,0,1827,0,0.000000,16384,1616,55804,4,1.000000,0.000000
2079,2253646891,1055690,0,0,1819,0,0.000000,16384,1595,55690,4,1.000000,0.000000
2080,2254670582,1023691,0,0,1762,0,0.000000,16384,1581,23691,4,1.000000,0.000000
2081,2255734363,1063781,0,0,1842,0,0.000000,16384,1663,63781,4,1.000000,0.000000
2082,2256790465,1056102,0,0,1823,0,0.000000,16384,1623,56102,4,1.000000,0.000000
2083,2257846456,1055991,0,0,1834,0,0.000000,16384,1610,55991,4,1.000000,0.000000
2084,2258904268,1057812,0,0,1755,0,0.000000,16384,1563,57812,4,1.000000,0.000000
2085,2259961975,1057707,0,0,1811,0,0.000000,16384,1638,57707,4,1.000000,0.000000
2086,2261018641,1056666,0,0,1823,0,0.000000,16384,1627,56666,4,1.000000,0.000000
2087,2262075196,1056555,0,0,1802,0,0.000000,16384,1579,56555,4,1.000000,0.000000
2088,2263131760,1056564,0,0,1821,0,0.000000,16384,1617,56564,4,1.000000,0.000000
2089,2264187606,1055846,0,0,1827,0,0.000000,16384,1651,55846,4,1.000000,0.000000
2090,2265243522,1055916,0,0,1766,0,0.000000,16384,1586,55916,4,1.000000,0.000000
2091,2266306511,1062989,0,0,1831,0,0.000000,16384,1607,62989,4,1.000000,0.000000
2092,2267364128,1057617,0,0,1775,0,0.000000,16384,1570,57617,4,1.000000,0.000000
2093,2268420823,1056695,0,0,1807,0,0.000000,16384,1635,56695,4,1.000000,0.000000
2094,2269477045,1056222,0,0,1820,0,0.000000,16384,1637,56222,4,1.000000,0.000000
2095,2270535241,1058196,0,0,1721,0,0.000000,16384,1497,58196,4,1.000000,0.000000
2096,2271592399,1057158,0,0,1822,0,0.000000,16384,1622,57158,4,1.000000,0.000000
2097,2272648275,1055876,0,0,1820,0,0.000000,16384,1646,55876,4,1.000000,0.000000
2098,2273670530,1022255,0,0,1767,0,0.000000,16384,1580,22255,4,1.000000,0.000000
2099,2274726584,1056054,0,0,1824,0,0.000000,16384,1601,56054,4,1.000000,0.000000
2100,2275783118,1056534,0,0,1803,0,0.000000,16384,1600,56534,4,1.000000,0.000000
2101,2276856808,1073690,0,0,1834,0,0.000000,16384,1656,73690,4,1.000000,0.000000
2102,2277913401,1056593,0,0,1802,0,0.000000,16384,1623,56593,4,1.000000,0.000000
2103,2278972538,1059137,0,0,1692,0,0.000000,16384,1468,59137,4,1.000000,0.000000
2104,2280030993,1058455,0,0,1719,0,0.000000,16384,1545,58455,4,1.000000,0.000000
2105,2281087294,1056301,0,0,1836,0,0.000000,16384,1659,56301,4,1.000000,0.000000
2106,2282143918,1056624,0,0,1836,0,0.000000,16384,1626,56624,4,1.000000,0.000000
2107,2283200002,1056084,0,0,1831,0,0.000000,16384,1608,56084,4,1.000000,0.000000
2108,2284255738,1055736,0,0,1830,0,0.000000,16384,1629,55736,4,1.000000,0.000000
2109,2285311514,1055776,0,0,1824,0,0.000000,16384,1649,55776,4,1.000000,0.000000
2110,2286367190,1055676,0,0,1728,0,0.000000,16384,1544,55676,4,1.000000,0.000000
2111,2287431007,1063817,0,0,1733,0,0.000000,16384,1509,63817,4,1.000000,0.000000
2112,2288487759,1056752,0,0,1743,0,0.000000,16384,1578,56752,4,1.000000,0.000000
2113,2289549467,1061708,0,0,1616,0,0.000000,16384,1444,61708,4,1.000000,0.000000
2114,2290607596,1058129,0,0,1690,0,0.000000,16384,1479,58129,4,1.000000,0.000000
2115,2291665268,1057672,0,0,1822,0,0.000000,16384,1647,57672,4,1.000000,0.000000
2116,2292727145,1061877,0,0,1411,0,0.000000,16384,1238,61877,4,1.000000,0.000000
2117,2293787297,1060152,0,0,1814,0,0.000000,16384,1621,60152,4,1.000000,0.000000
2118,2294844409,1057112,0,0,1817,0,0.000000,16384,1643,57112,4,1.000000,0.000000
2119,2295900348,1055939,0,0,1827,0,0.000000,16384,1634,55939,4,1.000000,0.000000
2120,2296956569,1056221,0,0,1825,0,0.000000,16384,1601,56221,4,1.000000,0.000000
2121,2298022959,1066390,0,0,1836,0,0.000000,16384,1621,66390,4,1.000000,0.000000
2122,2299080972,1058013,0,0,1755,0,0.000000,16384,1593,58013,4,1.000000,0.000000
2123,2300137896,1056924,0,0,1822,0,0.000000,16384,1638,56924,4,1.000000,0.000000
2124,2301194690,1056794,0,0,1813,0,0.000000,16384,1590,56794,4,1.000000,0.000000
2125,2302252264,1057574,0,0,1821,0,0.000000,16384,1602,57574,4,1.000000,0.000000
2126,2303309389,1057125,0,0,1792,0,0.000000,16384,1624,57125,4,1.000000,0.000000
2127,2304365118,1055729,0,0,1824,0,0.000000,16384,1646,55729,4,1.000000,0.000000
2128,2305421580,1056462,0,0,1825,0,0.000000,16384,1605,56462,4,1.000000,0.000000
2129,2306477747,1056167,0,0,1823,0,0.000000,16384,1600,56167,4,1.000000,0.000000
2130,2307533491,1055744,0,0,1821,0,0.000000,16384,1636,55744,4,1.000000,0.000000
2131,2308597443,1063952,0,0,1813,0,0.000000,16384,1640,63952,4,1.000000,0.000000
2132,2309653726,1056283,0,0,1829,0,0.000000,16384,1627,56283,4,1.000000,0.000000
2133,2310670930,1017204,0,0,1749,0,0.000000,16384,1612,17204,4,1.000000,0.000000
2134,2311727149,1056219,0,0,1815,0,0.000000,16384,1608,56219,4,1.000000,0.000000
2135,2312783086,1055937,0,0,1824,0,0.000000,16384,1600,55937,4,1.000000,0.000000
2136,2313839185,1056099,0,0,1823,0,0.000000,16384,1627,56099,4,1.000000,0.000000
2137,2314895122,1055937,0,0,1811,0,0.000000,16384,1638,55937,4,1.000000,0.000000
2138,2315951106,1055984,0,0,1794,0,0.000000,16384,1603,55984,4,1.000000,0.000000
2139,2317006825,1055719,0,0,1821,0,0.000000,16384,1596,55719,4,1.000000,0.000000
2140,2318062324,1055499,0,0,1823,0,0.000000,16384,1617,55499,4,1.000000,0.000000
2141,2319124911,1062587,0,0,1734,0,0.000000,16384,1577,62587,4,1.000000,0.000000
2142,2320182854,1057943,0,0,1815,0,0.000000,16384,1618,57943,4,1.000000,0.000000
2143,2321239305,1056451,0,0,1829,0,0.000000,16384,1606,56451,4,1.000000,0.000000
2144,2322295691,1056386,0,0,1824,0,0.000000,16384,1616,56386,4,1.000000,0.000000
2145,2323356205,1060514,0,0,1825,0,0.000000,16384,1650,60514,4,1.000000,0.000000
2146,2324417945,1061740,0,0,1776,0,0.000000,16384,1599,61740,4,1.000000,0.000000
2147,2325476382,1058437,0,0,1632,0,0.000000,16384,1408,58437,4,1.000000,0.000000
2148,2326533456,1057074,0,0,1647,0,0.000000,16384,1505,57074,4,1.000000,0.000000
2149,2327591081,1057625,0,0,1776,0,0.000000,16384,1582,57625,4,1.000000,0.000000
2150,2328647129,1056048,0,0,1815,0,0.000000,16384,1590,56048,4,1.000000,0.000000
2151,2329725048,1077919,0,0,1831,0,0.000000,16384,1631,77919,4,1.000000,0.000000
2152,2330781399,1056351,0,0,1827,0,0.000000,16384,1651,56351,4,1.000000,0.000000
2153,2331837654,1056255,0,0,1721,0,0.000000,16384,1538,56255,4,1.000000,0.000000
2154,2332900674,1063020,0,0,1669,0,0.000000,16384,1453,63020,4,1.000000,0.000000
2155,2333961742,1061068,0,0,1616,0,0.000000,16384,1481,61068,4,1.000000,0.000000
2156,2335019371,1057629,0,0,1662,0,0.000000,16384,1453,57629,4,1.000000,0.000000
2157,2336076584,1057213,0,0,1810,0,0.000000,16384,1604,57213,4,1.000000,0.000000
2158,2337134990,1058406,0,0,1748,0,0.000000,16384,1588,58406,4,1.000000,0.000000
2159,2338198870,1063880,0,0,1779,0,0.000000,16384,1585,63880,4,1.000000,0.000000
2160,2339259997,1061127,0,0,1698,0,0.000000,16384,1474,61127,4,1.000000,0.000000
2161,2340327988,1067991,0,0,1748,0,0.000000,16384,1589,67991,4,1.000000,0.000000
2162,2341385060,1057072,0,0,1795,0,0.000000,16384,1618,57072,4,1.000000,0.000000
2163,2342442622,1057562,0,0,1827,0,0.000000,16384,1603,57562,4,1.000000,0.000000
2164,2343499160,1056538,0,0,1826,0,0.000000,16384,1602,56538,4,1.000000,0.000000
2165,2344555145,1055985,0,0,1823,0,0.000000,16384,1647,55985,4,1.000000,0.000000
2166,2345612152,1057007,0,0,1678,0,0.000000,16384,1518,57007,4,1.000000,0.000000
2167,2346670724,1058572,0,0,1748,0,0.000000,16384,1524,58572,4,1.000000,0.000000
2168,2347727276,1056552,0,0,1830,0,0.000000,16384,1630,56552,4,1.000000,0.000000
2169,2348783746,1056470,0,0,1830,0,0.000000,16384,1654,56470,4,1.000000,0.000000
2170,2349841883,1058137,0,0,1770,0,0.000000,16384,1586,58137,4,1.000000,0.000000
2171,2350905725,1063842,0,0,1837,0,0.000000,16384,1613,63842,4,1.000000,0.000000
2172,2351961781,1056056,0,0,1825,0,0.000000,16384,1612,56056,4,1.000000,0.000000
2173,2353017788,1056007,0,0,1800,0,0.000000,16384,1630,56007,4,1.000000,0.000000
2174,2354078423,1060635,0,0,1803,0,0.000000,16384,1626,60635,4,1.000000,0.000000
2175,2355140333,1061910,0,0,1762,0,0.000000,16384,1538,61910,4,1.000000,0.000000
2176,2356199203,1058870,0,0,1779,0,0.000000,16384,1577,58870,4,1.000000,0.000000
2177,2357255924,1056721,0,0,1829,0,0.000000,16384,1652,56721,4,1.000000,0.000000
2178,2358311671,1055747,0,0,1829,0,0.000000,16384,1648,55747,4,1.000000,0.000000
2179,2359369399,1057728,0,0,1739,0,0.000000,16384,1515,57728,4,1.000000,0.000000
2180,2360427855,1058456,0,0,1827,0,0.000000,16384,1619,58456,4,1.000000,0.000000
2181,2361493203,1065348,0,0,1832,0,0.000000,16384,1655,65348,4,1.000000,0.000000
2182,2362549620,1056417,0,0,1827,0,0.000000,16384,1649,56417,4,1.000000,0.000000
2183,2363606189,1056569,0,0,1828,0,0.000000,16384,1607,56569,4,1.000000,0.000000
2184,2364662058,1055869,0,0,1826,0,0.000000,16384,1602,55869,4,1.000000,0.000000
2185,2365674927,1012869,0,0,1655,0,0.000000,16384,1506,12869,4,1.000000,0.000000
2186,2366731692,1056765,0,0,1815,0,0.000000,16384,1628,56765,4,1.000000,0.000000
2187,2367787751,1056059,0,0,1827,0,0.000000,16384,1602,56059,4,1.000000,0.000000
2188,2368844952,1057201,0,0,1801,0,0.000000,16384,1590,57201,4,1.000000,0.000000
2189,2369901453,1056501,0,0,1827,0,0.000000,16384,1651,56501,4,1.000000,0.000000
2190,2370957534,1056081,0,0,1825,0,0.000000,16384,1647,56081,4,1.000000,0.000000
2191,2372019059,1061525,0,0,1839,0,0.000000,16384,1621,61525,4,1.000000,0.000000
2192,2373075582,1056523,0,0,1835,0,0.000000,16384,1611,56523,4,1.000000,0.000000
2193,2374131704,1056122,0,0,1825,0,0.000000,16384,1633,56122,4,1.000000,0.000000
2194,2375188167,1056463,0,0,1825,0,0.000000,16384,1650,56463,4,1.000000,0.000000
2195,2376244202,1056035,0,0,1820,0,0.000000,16384,1627,56035,4,1.000000,0.000000
2196,2377300119,1055917,0,0,1806,0,0.000000,16384,1582,55917,4,1.000000,0.000000
2197,2378356087,1055968,0,0,1827,0,0.000000,16384,1619,55968,4,1.000000,0.000000
2198,2379415156,1059069,0,0,1761,0,0.000000,16384,1598,59069,4,1.000000,0.000000
2199,2380473236,1058080,0,0,1825,0,0.000000,16384,1636,58080,4,1.000000,0.000000
2200,2381529863,1056627,0,0,1825,0,0.000000,16384,1601,56627,4,1.000000,0.000000
2201,2382603602,1073739,0,0,1855,0,0.000000,16384,1631,73739,4,1.000000,0.000000
2202,2383660849,1057247,0,0,1830,0,0.000000,16384,1653,57247,4,1.000000,0.000000
2203,2384670424,1009575,0,0,1741,0,0.000000,16384,1582,9575,4,1.000000,0.000000
2204,2385728793,1058369,0,0,1771,0,0.000000,16384,1547,58369,4,1.000000,0.000000
2205,2386785345,1056552,0,0,1741,0,0.000000,16384,1542,56552,4,1.000000,0.000000
2206,2387841475,1056130,0,0,1825,0,0.000000,16384,1649,56130,4,1.000000,0.000000
2207,2388897440,1055965,0,0,1823,0,0.000000,16384,1638,55965,4,1.000000,0.000000
2208,2389953995,1056555,0,0,1802,0,0.000000,16384,1578,56555,4,1.000000,0.000000
2209,2391010079,1056084,0,0,1824,0,0.000000,16384,1608,56084,4,1.000000,0.000000
2210,2392065905,1055826,0,0,1802,0,0.000000,16384,1632,55826,4,1.000000,0.000000
2211,2393126539,1060634,0,0,1833,0,0.000000,16384,1654,60634,4,1.000000,0.000000
2212,2394183942,1057403,0,0,1826,0,0.000000,16384,1607,57403,4,1.000000,0.000000
2213,2395240283,1056341,0,0,1822,0,0.000000,16384,1598,56341,4,1.000000,0.000000
2214,2396296365,1056082,0,0,1823,0,0.000000,16384,1637,56082,4,1.000000,0.000000
2215,2397352732,1056367,0,0,1822,0,0.000000,16384,1646,56367,4,1.000000,0.000000
2216,2398408677,1055945,0,0,1823,0,0.000000,16384,1625,55945,4,1.000000,0.000000
2217,2399467915,1059238,0,0,1744,0,0.000000,16384,1520,59238,4,1.000000,0.000000
2218,2400524915,1057000,0,0,1827,0,0.000000,16384,1636,57000,4,1.000000,0.000000
2219,2401581880,1056965,0,0,1826,0,0.000000,16384,1651,56965,4,1.000000,0.000000
2220,2402638451,1056571,0,0,1811,0,0.000000,16384,1617,56571,4,1.000000,0.000000
2221,2403671135,1032684,0,0,1785,0,0.000000,16384,1561,32684,4,1.000000,0.000000
2222,2404727293,1056158,0,0,1818,0,0.000000,16384,1619,56158,4,1.000000,0.000000
2223,2405783571,1056278,0,0,1796,0,0.000000,16384,1627,56278,4,1.000000,0.000000
2224,2406840302,1056731,0,0,1826,0,0.000000,16384,1634,56731,4,1.000000,0.000000
2225,2407896385,1056083,0,0,1830,0,0.000000,16384,1606,56083,4,1.000000,0.000000
2226,2408952296,1055911,0,0,1822,0,0.000000,16384,1608,55911,4,1.000000,0.000000
2227,2410008051,1055755,0,0,1822,0,0.000000,16384,1647,55755,4,1.000000,0.000000
2228,2411063732,1055681,0,0,1823,0,0.000000,16384,1645,55681,4,1.000000,0.000000
2229,2412119447,1055715,0,0,1825,0,0.000000,16384,1608,55715,4,1.000000,0.000000
2230,2413175119,1055672,0,0,1825,0,0.000000,16384,1601,55672,4,1.000000,0.000000
2231,2414234288,1059169,0,0,1829,0,0.000000,16384,1640,59169,4,1.000000,0.000000
2232,2415293657,1059369,0,0,1813,0,0.000000,16384,1640,59369,4,1.000000,0.000000
2233,2416358586,1064929,0,0,1819,0,0.000000,16384,1621,64929,4,1.000000,0.000000
2234,2417421283,1062697,0,0,1622,0,0.000000,16384,1411,62697,4,1.000000,0.000000
2235,2418479504,1058221,0,0,1610,0,0.000000,16384,1477,58221,4,1.000000,0.000000
2236,2419541868,1062364,0,0,1666,0,0.000000,16384,1450,62364,4,1.000000,0.000000
2237,2420633240,1091372,0,0,1855,0,0.000000,16384,1645,91372,4,1.000000,0.000000
2238,2421703459,1070219,0,0,1826,0,0.000000,16384,1651,70219,4,1.000000,0.000000
2239,2422767166,1063707,0,0,1818,0,0.000000,16384,1643,63707,4,1.000000,0.000000
2240,2423828662,1061496,0,0,1653,0,0.000000,16384,1429,61496,4,1.000000,0.000000
2241,2424901722,1073060,0,0,1787,0,0.000000,16384,1600,73060,4,1.000000,0.000000
2242,2425965761,1064039,0,0,1776,0,0.000000,16384,1610,64039,4,1.000000,0.000000
2243,2427026741,1060980,0,0,1773,0,0.000000,16384,1566,60980,4,1.000000,0.000000
2244,2428086358,1059617,0,0,1677,0,0.000000,16384,1472,59617,4,1.000000,0.000000
2245,2429143478,1057120,0,0,1822,0,0.000000,16384,1648,57120,4,1.000000,0.000000
2246,2430199982,1056504,0,0,1835,0,0.000000,16384,1654,56504,4,1.000000,0.000000
2247,2431256578,1056596,0,0,1822,0,0.000000,16384,1598,56596,4,1.000000,0.000000
2248,2432312838,1056260,0,0,1812,0,0.000000,16384,1587,56260,4,1.000000,0.000000
2249,2433402968,1090130,0,0,1783,0,0.000000,16384,1616,90130,4,1.000000,0.000000
2250,2434467620,1064652,0,0,1633,0,0.000000,16384,1464,64652,4,1.000000,0.000000
2251,2435545846,1078226,0,0,1857,0,0.000000,16384,1634,78226,4,1.000000,0.000000
2252,2436604669,1058823,0,0,1835,0,0.000000,16384,1629,58823,4,1.000000,0.000000
2253,2437661806,1057137,0,0,1831,0,0.000000,16384,1654,57137,4,1.000000,0.000000
2254,2438670866,1009060,0,0,1745,0,0.000000,16384,1568,9060,4,1.000000,0.000000
2255,2439729081,1058215,0,0,1667,0,0.000000,16384,1443,58215,4,1.000000,0.000000
2256,2440788078,1058997,0,0,1824,0,0.000000,16384,1644,58997,4,1.000000,0.000000
2257,2441844627,1056549,0,0,1818,0,0.000000,16384,1644,56549,4,1.000000,0.000000
2258,2442901047,1056420,0,0,1823,0,0.000000,16384,1617,56420,4,1.000000,0.000000
2259,2443956917,1055870,0,0,1822,0,0.000000,16384,1598,55870,4,1.000000,0.000000
2260,2445012855,1055938,0,0,1774,0,0.000000,16384,1586,55938,4,1.000000,0.000000
2261,2446077750,1064895,0,0,1837,0,0.000000,16384,1659,64895,4,1.000000,0.000000
2262,2447133986,1056236,0,0,1723,0,0.000000,16384,1529,56236,4,1.000000,0.000000
2263,2448189776,1055790,0,0,1807,0,0.000000,16384,1583,55790,4,1.000000,0.000000
2264,2449245808,1056032,0,0,1826,0,0.000000,16384,1638,56032,4,1.000000,0.000000
2265,2450303705,1057897,0,0,1775,0,0.000000,16384,1610,57897,4,1.000000,0.000000
2266,2451360556,1056851,0,0,1835,0,0.000000,16384,1628,56851,4,1.000000,0.000000
2267,2452416394,1055838,0,0,1834,0,0.000000,16384,1610,55838,4,1.000000,0.000000
2268,2453472504,1056110,0,0,1834,0,0.000000,16384,1630,56110,4,1.000000,0.000000
2269,2454528680,1056176,0,0,1829,0,0.000000,16384,1653,56176,4,1.000000,0.000000
2270,2455584312,1055632,0,0,1827,0,0.000000,16384,1647,55632,4,1.000000,0.000000
2271,2456645957,1061645,0,0,1833,0,0.000000,16384,1609,61645,4,1.000000,0.000000
2272,2457670758,1024801,0,0,1751,0,0.000000,16384,1538,24801,4,1.000000,0.000000
2273,2458727161,1056403,0,0,1834,0,0.000000,16384,1656,56403,4,1.000000,0.000000
2274,2459786728,1059567,0,0,1648,0,0.000000,16384,1479,59567,4,1.000000,0.000000
2275,2460844975,1058247,0,0,1811,0,0.000000,16384,1586,58247,4,1.000000,0.000000
2276,2461901585,1056610,0,0,1824,0,0.000000,16384,1627,56610,4,1.000000,0.000000
2277,2462958147,1056562,0,0,1826,0,0.000000,16384,1651,56562,4,1.000000,0.000000
2278,2464014965,1056818,0,0,1827,0,0.000000,16384,1640,56818,4,1.000000,0.000000
2279,2465070520,1055555,0,0,1825,0,0.000000,16384,1601,55555,4,1.000000,0.000000
2280,2466130511,1059991,0,0,1819,0,0.000000,16384,1602,59991,4,1.000000,0.000000
2281,2467199680,1069169,0,0,1844,0,0.000000,16384,1662,69169,4,1.000000,0.000000
2282,2468256408,1056728,0,0,1829,0,0.000000,16384,1653,56728,4,1.000000,0.000000
2283,2469312418,1056010,0,0,1822,0,0.000000,16384,1613,56010,4,1.000000,0.000000
2284,2470369942,1057524,0,0,1832,0,0.000000,16384,1608,57524,4,1.000000,0.000000
2285,2471426089,1056147,0,0,1809,0,0.000000,16384,1615,56147,4,1.000000,0.000000
2286,2472482209,1056120,0,0,1831,0,0.000000,16384,1654,56120,4,1.000000,0.000000
2287,2473537826,1055617,0,0,1829,0,0.000000,16384,1640,55617,4,1.000000,0.000000
2288,2474594358,1056532,0,0,1818,0,0.000000,16384,1594,56532,4,1.000000,0.000000
2289,2475650660,1056302,0,0,1832,0,0.000000,16384,1615,56302,4,1.000000,0.000000
2290,2476670394,1019734,0,0,1763,0,0.000000,16384,1600,19734,4,1.000000,0.000000
2291,2477731504,1061110,0,0,1838,0,0.000000,16384,1658,61110,4,1.000000,0.000000
2292,2478788402,1056898,0,0,1833,0,0.000000,16384,1609,56898,4,1.000000,0.000000
2293,2479845883,1057481,0,0,1727,0,0.000000,16384,1517,57481,4,1.000000,0.000000
2294,2480902532,1056649,0,0,1831,0,0.000000,16384,1654,56649,4,1.000000,0.000000
2295,2481958856,1056324,0,0,1831,0,0.000000,16384,1652,56324,4,1.000000,0.000000
2296,2483015338,1056482,0,0,1770,0,0.000000,16384,1552,56482,4,1.000000,0.000000
2297,2484072030,1056692,0,0,1832,0,0.000000,16384,1608,56692,4,1.000000,0.000000
2298,2485128904,1056874,0,0,1812,0,0.000000,16384,1637,56874,4,1.000000,0.000000
2299,2486185258,1056354,0,0,1756,0,0.000000,16384,1594,56354,4,1.000000,0.000000
2300,2487241442,1056184,0,0,1810,0,0.000000,16384,1587,56184,4,1.000000,0.000000
2301,2488313181,1071739,0,0,1832,0,0.000000,16384,1608,71739,4,1.000000,0.000000
2302,2489369163,1055982,0,0,1826,0,0.000000,16384,1646,55982,4,1.000000,0.000000
2303,2490425818,1056655,0,0,1803,0,0.000000,16384,1632,56655,4,1.000000,0.000000
2304,2491482409,1056591,0,0,1820,0,0.000000,16384,1611,56591,4,1.000000,0.000000
2305,2492538575,1056166,0,0,1826,0,0.000000,16384,1602,56166,4,1.000000,0.000000
2306,2493594581,1056006,0,0,1815,0,0.000000,16384,1621,56006,4,1.000000,0.000000
2307,2494650394,1055813,0,0,1827,0,0.000000,16384,1651,55813,4,1.000000,0.000000
2308,2495670049,1019655,0,0,1759,0,0.000000,16384,1569,19655,4,1.000000,0.000000
2309,2496726859,1056810,0,0,1814,0,0.000000,16384,1590,56810,4,1.000000,0.000000
2310,2497782559,1055700,0,0,1820,0,0.000000,16384,1621,55700,4,1.000000,0.000000
2311,2498843053,1060494,0,0,1828,0,0.000000,16384,1652,60494,4,1.000000,0.000000
2312,2499900971,1057918,0,0,1760,0,0.000000,16384,1575,57918,4,1.000000,0.000000
2313,2500958219,1057248,0,0,1828,0,0.000000,16384,1604,57248,4,1.000000,0.000000
2314,2502013986,1055767,0,0,1822,0,0.000000,16384,1615,55767,4,1.000000,0.000000
2315,2503070030,1056044,0,0,1810,0,0.000000,16384,1637,56044,4,1.000000,0.000000
2316,2504126188,1056158,0,0,1831,0,0.000000,16384,1651,56158,4,1.000000,0.000000
2317,2505181802,1055614,0,0,1822,0,0.000000,16384,1598,55614,4,1.000000,0.000000
2318,2506237700,1055898,0,0,1824,0,0.000000,16384,1600,55898,4,1.000000,0.000000
2319,2507293577,1055877,0,0,1826,0,0.000000,16384,1647,55877,4,1.000000,0.000000
2320,2508349748,1056171,0,0,1830,0,0.000000,16384,1653,56171,4,1.000000,0.000000
2321,2509410776,1061028,0,0,1815,0,0.000000,16384,1611,61028,4,1.000000,0.000000
2322,2510466799,1056023,0,0,1827,0,0.000000,16384,1603,56023,4,1.000000,0.000000
2323,2511522879,1056080,0,0,1828,0,0.000000,16384,1628,56080,4,1.000000,0.000000
2324,2512578968,1056089,0,0,1824,0,0.000000,16384,1649,56089,4,1.000000,0.000000
2325,2513634958,1055990,0,0,1823,0,0.000000,16384,1638,55990,4,1.000000,0.000000
2326,2514670774,1035816,0,0,1783,0,0.000000,16384,1559,35816,4,1.000000,0.000000
2327,2515730755,1059981,0,0,1831,0,0.000000,16384,1617,59981,4,1.000000,0.000000
2328,2516791950,1061195,0,0,1828,0,0.000000,16384,1697,61195,4,1.000000,0.000000
2329,2517849883,1057933,0,0,1790,0,0.000000,16384,1574,57933,4,1.000000,0.000000
2330,2518906698,1056815,0,0,1820,0,0.000000,16384,1644,56815,4,1.000000,0.000000
2331,2519972633,1065935,0,0,1775,0,0.000000,16384,1608,65935,4,1.000000,0.000000
2332,2521029874,1057241,0,0,1822,0,0.000000,16384,1598,57241,4,1.000000,0.000000
2333,2522087128,1057254,0,0,1809,0,0.000000,16384,1585,57254,4,1.000000,0.000000
2334,2523143579,1056451,0,0,1820,0,0.000000,16384,1645,56451,4,1.000000,0.000000
2335,2524199789,1056210,0,0,1804,0,0.000000,16384,1632,56210,4,1.000000,0.000000
2336,2525255778,1055989,0,0,1828,0,0.000000,16384,1615,55989,4,1.000000,0.000000
2337,2526312089,1056311,0,0,1814,0,0.000000,16384,1590,56311,4,1.000000,0.000000
2338,2527368703,1056614,0,0,1824,0,0.000000,16384,1634,56614,4,1.000000,0.000000
2339,2528424903,1056200,0,0,1824,0,0.000000,16384,1648,56200,4,1.000000,0.000000
2340,2529481937,1057034,0,0,1828,0,0.000000,16384,1634,57034,4,1.000000,0.000000
2341,2530544365,1062428,0,0,1835,0,0.000000,16384,1611,62428,4,1.000000,0.000000
2342,2531600650,1056285,0,0,1825,0,0.000000,16384,1612,56285,4,1.000000,0.000000
2343,2532656422,1055772,0,0,1818,0,0.000000,16384,1643,55772,4,1.000000,0.000000
2344,2533673909,1017487,0,0,1735,0,0.000000,16384,1563,17487,4,1.000000,0.000000
2345,2534734280,1060371,0,0,1577,0,0.000000,16384,1366,60371,4,1.000000,0.000000
2346,2535794019,1059739,0,0,1660,0,0.000000,16384,1517,59739,4,1.000000,0.000000
2347,2536852128,1058109,0,0,1668,0,0.000000,16384,1462,58109,4,1.000000,0.000000
2348,2537909195,1057067,0,0,1692,0,0.000000,16384,1505,57067,4,1.000000,0.000000
2349,2538966017,1056822,0,0,1825,0,0.000000,16384,1649,56822,4,1.000000,0.000000
2350,2540023889,1057872,0,0,1719,0,0.000000,16384,1522,57872,4,1.000000,0.000000
2351,2541100123,1076234,0,0,1716,0,0.000000,16384,1505,76234,4,1.000000,0.000000
2352,2542157214,1057091,0,0,1796,0,0.000000,16384,1626,57091,4,1.000000,0.000000
2353,2543213632,1056418,0,0,1827,0,0.000000,16384,1648,56418,4,1.000000,0.000000
2354,2544269762,1056130,0,0,1796,0,0.000000,16384,1572,56130,4,1.000000,0.000000
2355,2545327743,1057981,0,0,1728,0,0.000000,16384,1526,57981,4,1.000000,0.000000
2356,2546386505,1058762,0,0,1731,0,0.000000,16384,1574,58762,4,1.000000,0.000000
2357,2547442867,1056362,0,0,1832,0,0.000000,16384,1631,56362,4,1.000000,0.000000
2358,2548504882,1062015,0,0,1776,0,0.000000,16384,1551,62015,4,1.000000,0.000000
2359,2549568051,1063169,0,0,1625,0,0.000000,16384,1473,63169,4,1.000000,0.000000
2360,2550627682,1059631,0,0,1672,0,0.000000,16384,1489,59631,4,1.000000,0.000000
2361,2551703435,1075753,0,0,1837,0,0.000000,16384,1613,75753,4,1.000000,0.000000
2362,2552767220,1063785,0,0,1817,0,0.000000,16384,1625,63785,4,1.000000,0.000000
2363,2553830335,1063115,0,0,1806,0,0.000000,16384,1634,63115,4,1.000000,0.000000
2364,2554892730,1062395,0,0,1795,0,0.000000,16384,1599,62395,4,1.000000,0.000000
2365,2555954406,1061676,0,0,1845,0,0.000000,16384,1621,61676,4,1.000000,0.000000
2366,2557020265,1065859,0,0,1843,0,0.000000,16384,1632,65859,4,1.000000,0.000000
2367,2558085381,1065116,0,0,1697,0,0.000000,16384,1547,65116,4,1.000000,0.000000
2368,2559147647,1062266,0,0,1835,0,0.000000,16384,1636,62266,4,1.000000,0.000000
2369,2560208670,1061023,0,0,1709,0,0.000000,16384,1485,61023,4,1.000000,0.000000
2370,2561267677,1059007,0,0,1751,0,0.000000,16384,1581,59007,4,1.000000,0.000000
2371,2562337780,1070103,0,0,1841,0,0.000000,16384,1662,70103,4,1.000000,0.000000
2372,2563394939,1057159,0,0,1824,0,0.000000,16384,1613,57159,4,1.000000,0.000000
2373,2564451378,1056439,0,0,1825,0,0.000000,16384,1601,56439,4,1.000000,0.000000
2374,2565509123,1057745,0,0,1830,0,0.000000,16384,1635,57745,4,1.000000,0.000000
2375,2566565476,1056353,0,0,1800,0,0.000000,16384,1629,56353,4,1.000000,0.000000
2376,2567621775,1056299,0,0,1834,0,0.000000,16384,1640,56299,4,1.000000,0.000000
2377,2568670446,1048671,0,0,1806,0,0.000000,16384,1582,48671,4,1.000000,0.000000
2378,2569726336,1055890,0,0,1820,0,0.000000,16384,1612,55890,4,1.000000,0.000000
2379,2570782278,1055942,0,0,1822,0,0.000000,16384,1647,55942,4,1.000000,0.000000
2380,2571837950,1055672,0,0,1825,0,0.000000,16384,1648,55672,4,1.000000,0.000000
2381,2572898408,1060458,0,0,1831,0,0.000000,16384,1607,60458,4,1.000000,0.000000
2382,2573954433,1056025,0,0,1815,0,0.000000,16384,1591,56025,4,1.000000,0.000000
2383,2575011355,1056922,0,0,1827,0,0.000000,16384,1646,56922,4,1.000000,0.000000
2384,2576067919,1056564,0,0,1831,0,0.000000,16384,1654,56564,4,1.000000,0.000000
2385,2577124819,1056900,0,0,1833,0,0.000000,16384,1631,56900,4,1.000000,0.000000
2386,2578180897,1056078,0,0,1830,0,0.000000,16384,1606,56078,4,1.000000,0.000000
2387,2579236875,1055978,0,0,1829,0,0.000000,16384,1622,55978,4,1.000000,0.000000
2388,2580294351,1057476,0,0,1754,0,0.000000,16384,1593,57476,4,1.000000,0.000000
2389,2581351462,1057111,0,0,1833,0,0.000000,16384,1641,57111,4,1.000000,0.000000
2390,2582407671,1056209,0,0,1828,0,0.000000,16384,1604,56209,4,1.000000,0.000000
2391,2583471811,1064140,0,0,1840,0,0.000000,16384,1621,64140,4,1.000000,0.000000
2392,2584528771,1056960,0,0,1813,0,0.000000,16384,1638,56960,4,1.000000,0.000000
2393,2585585455,1056684,0,0,1750,0,0.000000,16384,1584,56684,4,1.000000,0.000000
2394,2586641425,1055970,0,0,1718,0,0.000000,16384,1494,55970,4,1.000000,0.000000
2395,2587673723,1032298,0,0,1750,0,0.000000,16384,1564,32298,4,1.000000,0.000000
2396,2588729815,1056092,0,0,1798,0,0.000000,16384,1628,56092,4,1.000000,0.000000
2397,2589785716,1055901,0,0,1826,0,0.000000,16384,1622,55901,4,1.000000,0.000000
2398,2590842835,1057119,0,0,1819,0,0.000000,16384,1595,57119,4,1.000000,0.000000
2399,2591899548,1056713,0,0,1836,0,0.000000,16384,1634,56713,4,1.000000,0.000000
2400,2592955530,1055982,0,0,1829,0,0.000000,16384,1652,55982,4,1.000000,0.000000
2401,2594027195,1071665,0,0,1829,0,0.000000,16384,1648,71665,4,1.000000,0.000000
2402,2595083664,1056469,0,0,1833,0,0.000000,16384,1609,56469,4,1.000000,0.000000
2403,2596139485,1055821,0,0,1832,0,0.000000,16384,1607,55821,4,1.000000,0.000000
2404,2597195417,1055932,0,0,1833,0,0.000000,16384,1650,55932,4,1.000000,0.000000
2405,2598251065,1055648,0,0,1828,0,0.000000,16384,1653,55648,4,1.000000,0.000000
2406,2599307036,1055971,0,0,1736,0,0.000000,16384,1535,55971,4,1.000000,0.000000
2407,2600365668,1058632,0,0,1743,0,0.000000,16384,1527,58632,4,1.000000,0.000000
2408,2601423392,1057724,0,0,1825,0,0.000000,16384,1647,57724,4,1.000000,0.000000
2409,2602479914,1056522,0,0,1834,0,0.000000,16384,1656,56522,4,1.000000,0.000000
2410,2603536414,1056500,0,0,1809,0,0.000000,16384,1597,56500,4,1.000000,0.000000
2411,2604599558,1063144,0,0,1757,0,0.000000,16384,1533,63144,4,1.000000,0.000000
2412,2605655810,1056252,0,0,1830,0,0.000000,16384,1653,56252,4,1.000000,0.000000
2413,2606670443,1014633,0,0,1749,0,0.000000,16384,1590,14633,4,1.000000,0.000000
2414,2607726508,1056065,0,0,1829,0,0.000000,16384,1605,56065,4,1.000000,0.000000
2415,2608782639,1056131,0,0,1809,0,0.000000,16384,1585,56131,4,1.000000,0.000000
2416,2609838590,1055951,0,0,1825,0,0.000000,16384,1645,55951,4,1.000000,0.000000
2417,2610895368,1056778,0,0,1829,0,0.000000,16384,1652,56778,4,1.000000,0.000000
2418,2611951901,1056533,0,0,1775,0,0.000000,16384,1572,56533,4,1.000000,0.000000
2419,2613008114,1056213,0,0,1823,0,0.000000,16384,1599,56213,4,1.000000,0.000000
2420,2614063816,1055702,0,0,1807,0,0.000000,16384,1618,55702,4,1.000000,0.000000
2421,2615123449,1059633,0,0,1840,0,0.000000,16384,1663,59633,4,1.000000,0.000000
2422,2616179831,1056382,0,0,1809,0,0.000000,16384,1615,56382,4,1.000000,0.000000
2423,2617235354,1055523,0,0,1833,0,0.000000,16384,1609,55523,4,1.000000,0.000000
2424,2618290947,1055593,0,0,1834,0,0.000000,16384,1622,55593,4,1.000000,0.000000
2425,2619346764,1055817,0,0,1835,0,0.000000,16384,1658,55817,4,1.000000,0.000000
2426,2620403925,1057161,0,0,1790,0,0.000000,16384,1619,57161,4,1.000000,0.000000
2427,2621461107,1057182,0,0,1837,0,0.000000,16384,1613,57182,4,1.000000,0.000000
2428,2622517776,1056669,0,0,1835,0,0.000000,16384,1611,56669,4,1.000000,0.000000
2429,2623573543,1055767,0,0,1833,0,0.000000,16384,1646,55767,4,1.000000,0.000000
2430,2624629456,1055913,0,0,1829,0,0.000000,16384,1652,55913,4,1.000000,0.000000
2431,2625670839,1041383,0,0,1801,0,0.000000,16384,1605,41383,4,1.000000,0.000000
2432,2626726901,1056062,0,0,1792,0,0.000000,16384,1568,56062,4,1.000000,0.000000
2433,2627783148,1056247,0,0,1826,0,0.000000,16384,1628,56247,4,1.000000,0.000000
2434,2628839370,1056222,0,0,1830,0,0.000000,16384,1654,56222,4,1.000000,0.000000
2435,2629895602,1056232,0,0,1827,0,0.000000,16384,1641,56232,4,1.000000,0.000000
2436,2630951557,1055955,0,0,1829,0,0.000000,16384,1605,55955,4,1.000000,0.000000
2437,2632007143,1055586,0,0,1824,0,0.000000,16384,1602,55586,4,1.000000,0.000000
2438,2633062725,1055582,0,0,1826,0,0.000000,16384,1649,55582,4,1.000000,0.000000
2439,2634118473,1055748,0,0,1828,0,0.000000,16384,1652,55748,4,1.000000,0.000000
2440,2635178776,1060303,0,0,1594,0,0.000000,16384,1385,60303,4,1.000000,0.000000
2441,2636245965,1067189,0,0,1836,0,0.000000,16384,1638,67189,4,1.000000,0.000000
2442,2637303525,1057560,0,0,1827,0,0.000000,16384,1651,57560,4,1.000000,0.000000
2443,2638360292,1056767,0,0,1835,0,0.000000,16384,1648,56767,4,1.000000,0.000000
2444,2639417496,1057204,0,0,1802,0,0.000000,16384,1579,57204,4,1.000000,0.000000
2445,2640475450,1057954,0,0,1661,0,0.000000,16384,1477,57954,4,1.000000,0.000000
2446,2641533278,1057828,0,0,1829,0,0.000000,16384,1653,57828,4,1.000000,0.000000
2447,2642589661,1056383,0,0,1833,0,0.000000,16384,1633,56383,4,1.000000,0.000000
2448,2643646628,1056967,0,0,1835,0,0.000000,16384,1611,56967,4,1.000000,0.000000
2449,2644671237,1024609,0,0,1713,0,0.000000,16384,1526,24609,4,1.000000,0.000000
2450,2645727453,1056216,0,0,1816,0,0.000000,16384,1642,56216,4,1.000000,0.000000
2451,2646799688,1072235,0,0,1809,0,0.000000,16384,1610,72235,4,1.000000,0.000000
2452,2647856141,1056453,0,0,1828,0,0.000000,16384,1604,56453,4,1.000000,0.000000
2453,2648912274,1056133,0,0,1828,0,0.000000,16384,1623,56133,4,1.000000,0.000000
2454,2649969831,1057557,0,0,1697,0,0.000000,16384,1548,57557,4,1.000000,0.000000
2455,2651026294,1056463,0,0,1802,0,0.000000,16384,1596,56463,4,1.000000,0.000000
2456,2652082267,1055973,0,0,1826,0,0.000000,16384,1602,55973,4,1.000000,0.000000
2457,2653138204,1055937,0,0,1810,0,0.000000,16384,1618,55937,4,1.000000,0.000000
2458,2654194432,1056228,0,0,1834,0,0.000000,16384,1657,56228,4,1.000000,0.000000
2459,2655250114,1055682,0,0,1827,0,0.000000,16384,1636,55682,4,1.000000,0.000000
2460,2656305702,1055588,0,0,1826,0,0.000000,16384,1602,55588,4,1.000000,0.000000
2461,2657366775,1061073,0,0,1834,0,0.000000,16384,1617,61073,4,1.000000,0.000000
2462,2658422807,1056032,0,0,1829,0,0.000000,16384,1651,56032,4,1.000000,0.000000
2463,2659479435,1056628,0,0,1816,0,0.000000,16384,1642,56628,4,1.000000,0.000000
2464,2660537091,1057656,0,0,1774,0,0.000000,16384,1559,57656,4,1.000000,0.000000
2465,2661594328,1057237,0,0,1819,0,0.000000,16384,1594,57237,4,1.000000,0.000000
2466,2662650743,1056415,0,0,1822,0,0.000000,16384,1645,56415,4,1.000000,0.000000
2467,2663670549,1019806,0,0,1765,0,0.000000,16384,1601,19806,4,1.000000,0.000000
2468,2664726663,1056114,0,0,1825,0,0.000000,16384,1607,56114,4,1.000000,0.000000
2469,2665782936,1056273,0,0,1799,0,0.000000,16384,1574,56273,4,1.000000,0.000000
2470,2666839258,1056322,0,0,1736,0,0.000000,16384,1575,56322,4,1.000000,0.000000
2471,2667901089,1061831,0,0,1833,0,0.000000,16384,1653,61831,4,1.000000,0.000000
2472,2668957299,1056210,0,0,1810,0,0.000000,16384,1592,56210,4,1.000000,0.000000
2473,2670014306,1057007,0,0,1823,0,0.000000,16384,1599,57007,4,1.000000,0.000000
2474,2671070357,1056051,0,0,1819,0,0.000000,16384,1637,56051,4,1.000000,0.000000
2475,2672126930,1056573,0,0,1821,0,0.000000,16384,1646,56573,4,1.000000,0.000000
2476,2673182752,1055822,0,0,1821,0,0.000000,16384,1618,55822,4,1.000000,0.000000
2477,2674238291,1055539,0,0,1820,0,0.000000,16384,1596,55539,4,1.000000,0.000000
2478,2675293876,1055585,0,0,1819,0,0.000000,16384,1620,55585,4,1.000000,0.000000
2479,2676349787,1055911,0,0,1764,0,0.000000,16384,1600,55911,4,1.000000,0.000000
2480,2677406263,1056476,0,0,1829,0,0.000000,16384,1632,56476,4,1.000000,0.000000
2481,2678466055,1059792,0,0,1816,0,0.000000,16384,1592,59792,4,1.000000,0.000000
2482,2679522345,1056290,0,0,1826,0,0.000000,16384,1619,56290,4,1.000000,0.000000
2483,2680580224,1057879,0,0,1782,0,0.000000,16384,1615,57879,4,1.000000,0.000000
2484,2681636800,1056576,0,0,1827,0,0.000000,16384,1641,56576,4,1.000000,0.000000
2485,2682670903,1034103,0,0,1778,0,0.000000,16384,1554,34103,4,1.000000,0.000000
2486,2683727400,1056497,0,0,1822,0,0.000000,16384,1613,56497,4,1.000000,0.000000
2487,2684783316,1055916,0,0,1819,0,0.000000,16384,1644,55916,4,1.000000,0.000000
2488,2685839594,1056278,0,0,1702,0,0.000000,16384,1526,56278,4,1.000000,0.000000
2489,2686895664,1056070,0,0,1729,0,0.000000,16384,1505,56070,4,1.000000,0.000000
2490,2687951388,1055724,0,0,1824,0,0.000000,16384,1638,55724,4,1.000000,0.000000
2491,2689013694,1062306,0,0,1834,0,0.000000,16384,1658,62306,4,1.000000,0.000000
2492,2690070509,1056815,0,0,1818,0,0.000000,16384,1620,56815,4,1.000000,0.000000
2493,2691126510,1056001,0,0,1707,0,0.000000,16384,1483,56001,4,1.000000,0.000000
2494,2692183335,1056825,0,0,1823,0,0.000000,16384,1641,56825,4,1.000000,0.000000
2495,2693239464,1056129,0,0,1822,0,0.000000,16384,1647,56129,4,1.000000,0.000000
2496,2694295873,1056409,0,0,1817,0,0.000000,16384,1613,56409,4,1.000000,0.000000
2497,2695351836,1055963,0,0,1827,0,0.000000,16384,1604,55963,4,1.000000,0.000000
2498,2696407588,1055752,0,0,1823,0,0.000000,16384,1622,55752,4,1.000000,0.000000
2499,2697463539,1055951,0,0,1821,0,0.000000,16384,1647,55951,4,1.000000,0.000000
2500,2698519694,1056155,0,0,1806,0,0.000000,16384,1621,56155,4,1.000000,0.000000
2501,2699586725,1067031,0,0,1843,0,0.000000,16384,1619,67031,4,1.000000,0.000000
2502,2700644258,1057533,0,0,1769,0,0.000000,16384,1560,57533,4,1.000000,0.000000
2503,2701671218,1026960,0,0,1771,0,0.000000,16384,1606,26960,4,1.000000,0.000000
2504,2702727155,1055937,0,0,1819,0,0.000000,16384,1633,55937,4,1.000000,0.000000
2505,2703784716,1057561,0,0,1805,0,0.000000,16384,1581,57561,4,1.000000,0.000000
2506,2704841281,1056565,0,0,1803,0,0.000000,16384,1593,56565,4,1.000000,0.000000
2507,2705897151,1055870,0,0,1826,0,0.000000,16384,1651,55870,4,1.000000,0.000000
2508,2706952790,1055639,0,0,1826,0,0.000000,16384,1647,55639,4,1.000000,0.000000
2509,2708008405,1055615,0,0,1820,0,0.000000,16384,1600,55615,4,1.000000,0.000000
2510,2709063893,1055488,0,0,1819,0,0.000000,16384,1595,55488,4,1.000000,0.000000
2511,2710124929,1061036,0,0,1803,0,0.000000,16384,1625,61036,4,1.000000,0.000000
2512,2711180755,1055826,0,0,1818,0,0.000000,16384,1644,55826,4,1.000000,0.000000
2513,2712236457,1055702,0,0,1820,0,0.000000,16384,1612,55702,4,1.000000,0.000000
2514,2713292099,1055642,0,0,1824,0,0.000000,16384,1600,55642,4,1.000000,0.000000
2515,2714347958,1055859,0,0,1828,0,0.000000,16384,1631,55859,4,1.000000,0.000000
2516,2715404025,1056067,0,0,1831,0,0.000000,16384,1654,56067,4,1.000000,0.000000
2517,2716460062,1056037,0,0,1804,0,0.000000,16384,1618,56037,4,1.000000,0.000000
2518,2717516001,1055939,0,0,1814,0,0.000000,16384,1590,55939,4,1.000000,0.000000
2519,2718572409,1056408,0,0,1826,0,0.000000,16384,1613,56408,4,1.000000,0.000000
2520,2719628299,1055890,0,0,1822,0,0.000000,16384,1647,55890,4,1.000000,0.000000
2521,2720672156,1043857,0,0,1756,0,0.000000,16384,1584,43857,4,1.000000,0.000000
2522,2721729426,1057270,0,0,1822,0,0.000000,16384,1598,57270,4,1.000000,0.000000
2523,2722785380,1055954,0,0,1819,0,0.000000,16384,1698,55954,4,1.000000,0.000000
2524,2723841416,1056036,0,0,1829,0,0.000000,16384,1605,56036,4,1.000000,0.000000
2525,2724897252,1055836,0,0,1825,0,0.000000,16384,1602,55836,4,1.000000,0.000000
2526,2725953608,1056356,0,0,1709,0,0.000000,16384,1553,56356,4,1.000000,0.000000
2527,2727010636,1057028,0,0,1754,0,0.000000,16384,1573,57028,4,1.000000,0.000000
2528,2728067589,1056953,0,0,1822,0,0.000000,16384,1599,56953,4,1.000000,0.000000
2529,2729123567,1055978,0,0,1796,0,0.000000,16384,1591,55978,4,1.000000,0.000000
2530,2730180230,1056663,0,0,1762,0,0.000000,16384,1598,56663,4,1.000000,0.000000
2531,2731242171,1061941,0,0,1828,0,0.000000,16384,1637,61941,4,1.000000,0.000000
2532,2732298464,1056293,0,0,1821,0,0.000000,16384,1597,56293,4,1.000000,0.000000
2533,2733354960,1056496,0,0,1822,0,0.000000,16384,1610,56496,4,1.000000,0.000000
2534,2734411093,1056133,0,0,1822,0,0.000000,16384,1647,56133,4,1.000000,0.000000
2535,2735472605,1061512,0,0,1644,0,0.000000,16384,1471,61512,4,1.000000,0.000000
2536,2736534627,1062022,0,0,1625,0,0.000000,16384,1422,62022,4,1.000000,0.000000
2537,2737594510,1059883,0,0,1541,0,0.000000,16384,1408,59883,4,1.000000,0.000000
2538,2738652809,1058299,0,0,1654,0,0.000000,16384,1430,58299,4,1.000000,0.000000
2539,2739671022,1018213,0,0,1743,0,0.000000,16384,1583,18213,4,1.000000,0.000000
2540,2740729396,1058374,0,0,1710,0,0.000000,16384,1534,58374,4,1.000000,0.000000
2541,2741795252,1065856,0,0,1842,0,0.000000,16384,1618,65856,4,1.000000,0.000000
2542,2742851497,1056245,0,0,1824,0,0.000000,16384,1615,56245,4,1.000000,0.000000
2543,2743908374,1056877,0,0,1805,0,0.000000,16384,1633,56877,4,1.000000,0.000000
2544,2744965530,1057156,0,0,1835,0,0.000000,16384,1656,57156,4,1.000000,0.000000
2545,2746021503,1055973,0,0,1816,0,0.000000,16384,1592,55973,4,1.000000,0.000000
2546,2747077883,1056380,0,0,1713,0,0.000000,16384,1508,56380,4,1.000000,0.000000
2547,2748133996,1056113,0,0,1763,0,0.000000,16384,1601,56113,4,1.000000,0.000000
2548,2749189871,1055875,0,0,1832,0,0.000000,16384,1639,55875,4,1.000000,0.000000
2549,2750247094,1057223,0,0,1768,0,0.000000,16384,1543,57223,4,1.000000,0.000000
2550,2751304210,1057116,0,0,1834,0,0.000000,16384,1630,57116,4,1.000000,0.000000
2551,2752367398,1063188,0,0,1844,0,0.000000,16384,1665,63188,4,1.000000,0.000000
2552,2753423793,1056395,0,0,1830,0,0.000000,16384,1653,56395,4,1.000000,0.000000
2553,2754480556,1056763,0,0,1820,0,0.000000,16384,1597,56763,4,1.000000,0.000000
2554,2755539727,1059171,0,0,1533,0,0.000000,16384,1363,59171,4,1.000000,0.000000
2555,2756600958,1061231,0,0,1546,0,0.000000,16384,1380,61231,4,1.000000,0.000000
2556,2757661260,1060302,0,0,1546,0,0.000000,16384,1373,60302,4,1.000000,0.000000
2557,2758672228,1010968,0,0,1584,0,0.000000,16384,1421,10968,4,1.000000,0.000000
2558,2759730112,1057884,0,0,1648,0,0.000000,16384,1446,57884,4,1.000000,0.000000
2559,2760788786,1058674,0,0,1644,0,0.000000,16384,1505,58674,4,1.000000,0.000000
2560,2761846663,1057877,0,0,1817,0,0.000000,16384,1598,57877,4,1.000000,0.000000
2561,2762921038,1074375,0,0,1851,0,0.000000,16384,1627,74375,4,1.000000,0.000000
2562,2763977487,1056449,0,0,1823,0,0.000000,16384,1634,56449,4,1.000000,0.000000
2563,2765033409,1055922,0,0,1830,0,0.000000,16384,1653,55922,4,1.000000,0.000000
2564,2766090036,1056627,0,0,1804,0,0.000000,16384,1610,56627,4,1.000000,0.000000
2565,2767145879,1055843,0,0,1815,0,0.000000,16384,1590,55843,4,1.000000,0.000000
2566,2768201615,1055736,0,0,1819,0,0.000000,16384,1616,55736,4,1.000000,0.000000
2567,2769259099,1057484,0,0,1675,0,0.000000,16384,1530,57484,4,1.000000,0.000000
2568,2770316723,1057624,0,0,1728,0,0.000000,16384,1517,57624,4,1.000000,0.000000
2569,2771373653,1056930,0,0,1754,0,0.000000,16384,1547,56930,4,1.000000,0.000000
2570,2772430470,1056817,0,0,1822,0,0.000000,16384,1646,56817,4,1.000000,0.000000
2571,2773491558,1061088,0,0,1825,0,0.000000,16384,1648,61088,4,1.000000,0.000000
2572,2774555973,1064415,0,0,1624,0,0.000000,16384,1400,64415,4,1.000000,0.000000
2573,2775620796,1064823,0,0,1660,0,0.000000,16384,1507,64823,4,1.000000,0.000000
2574,2776671561,1050765,0,0,1797,0,0.000000,16384,1614,50765,4,1.000000,0.000000
2575,2777728928,1057367,0,0,1820,0,0.000000,16384,1596,57367,4,1.000000,0.000000
2576,2778789888,1060960,0,0,1831,0,0.000000,16384,1615,60960,4,1.000000,0.000000
2577,2779849082,1059194,0,0,1821,0,0.000000,16384,1645,59194,4,1.000000,0.000000
2578,2780907808,1058726,0,0,1775,0,0.000000,16384,1607,58726,4,1.000000,0.000000
2579,2781965675,1057867,0,0,1797,0,0.000000,16384,1573,57867,4,1.000000,0.000000
2580,2783024756,1059081,0,0,1760,0,0.000000,16384,1553,59081,4,1.000000,0.000000
2581,2784092101,1067345,0,0,1837,0,0.000000,16384,1659,67345,4,1.000000,0.000000
2582,2785149007,1056906,0,0,1821,0,0.000000,16384,1645,56906,4,1.000000,0.000000
2583,2786205449,1056442,0,0,1652,0,0.000000,16384,1429,56442,4,1.000000,0.000000
2584,2787261764,1056315,0,0,1778,0,0.000000,16384,1592,56315,4,1.000000,0.000000
2585,2788317503,1055739,0,0,1828,0,0.000000,16384,1651,55739,4,1.000000,0.000000
2586,2789374088,1056585,0,0,1812,0,0.000000,16384,1615,56585,4,1.000000,0.000000
2587,2790431051,1056963,0,0,1776,0,0.000000,16384,1552,56963,4,1.000000,0.000000
2588,2791487232,1056181,0,0,1691,0,0.000000,16384,1525,56181,4,1.000000,0.000000
2589,2792543258,1056026,0,0,1825,0,0.000000,16384,1648,56026,4,1.000000,0.000000
2590,2793602695,1059437,0,0,1819,0,0.000000,16384,1602,59437,4,1.000000,0.000000
2591,2794665220,1062525,0,0,1816,0,0.000000,16384,1592,62525,4,1.000000,0.000000
2592,2795724686,1059466,0,0,1796,0,0.000000,16384,1615,59466,4,1.000000,0.000000
2593,2796780527,1055841,0,0,1829,0,0.000000,16384,1654,55841,4,1.000000,0.000000
2594,2797836455,1055928,0,0,1828,0,0.000000,16384,1624,55928,4,1.000000,0.000000
2595,2798892314,1055859,0,0,1822,0,0.000000,16384,1598,55859,4,1.000000,0.000000
2596,2799948160,1055846,0,0,1822,0,0.000000,16384,1621,55846,4,1.000000,0.000000
2597,2801013092,1064932,0,0,1788,0,0.000000,16384,1620,64932,4,1.000000,0.000000
2598,2802071289,1058197,0,0,1777,0,0.000000,16384,1586,58197,4,1.000000,0.000000
2599,2803127374,1056085,0,0,1824,0,0.000000,16384,1600,56085,4,1.000000,0.000000
2600,2804183588,1056214,0,0,1806,0,0.000000,16384,1605,56214,4,1.000000,0.000000
2601,2805246370,1062782,0,0,1833,0,0.000000,16384,1655,62782,4,1.000000,0.000000
2602,2806302203,1055833,0,0,1821,0,0.000000,16384,1640,55833,4,1.000000,0.000000
2603,2807358244,1056041,0,0,1823,0,0.000000,16384,1599,56041,4,1.000000,0.000000
2604,2808414247,1056003,0,0,1758,0,0.000000,16384,1550,56003,4,1.000000,0.000000
2605,2809471411,1057164,0,0,1748,0,0.000000,16384,1587,57164,4,1.000000,0.000000
2606,2810527526,1056115,0,0,1826,0,0.000000,16384,1635,56115,4,1.000000,0.000000
2607,2811583231,1055705,0,0,1827,0,0.000000,16384,1603,55705,4,1.000000,0.000000
2608,2812638791,1055560,0,0,1827,0,0.000000,16384,1611,55560,4,1.000000,0.000000
2609,2813670405,1031614,0,0,1754,0,0.000000,16384,1593,31614,4,1.000000,0.000000
2610,2814726360,1055955,0,0,1822,0,0.000000,16384,1639,55955,4,1.000000,0.000000
2611,2815795081,1068721,0,0,1852,0,0.000000,16384,1628,68721,4,1.000000,0.000000
2612,2816851479,1056398,0,0,1806,0,0.000000,16384,1582,56398,4,1.000000,0.000000
2613,2817908056,1056577,0,0,1832,0,0.000000,16384,1654,56577,4,1.000000,0.000000
2614,2818965053,1056997,0,0,1828,0,0.000000,16384,1652,56997,4,1.000000,0.000000
2615,2820021038,1055985,0,0,1825,0,0.000000,16384,1619,55985,4,1.000000,0.000000
2616,2821080596,1059558,0,0,1755,0,0.000000,16384,1531,59558,4,1.000000,0.000000
2617,2822138384,1057788,0,0,1667,0,0.000000,16384,1516,57788,4,1.000000,0.000000
2618,2823196501,1058117,0,0,1651,0,0.000000,16384,1466,58117,4,1.000000,0.000000
2619,2824252730,1056229,0,0,1790,0,0.000000,16384,1566,56229,4,1.000000,0.000000
2620,2825308875,1056145,0,0,1821,0,0.000000,16384,1643,56145,4,1.000000,0.000000
2621,2826371226,1062351,0,0,1820,0,0.000000,16384,1646,62351,4,1.000000,0.000000
2622,2827427327,1056101,0,0,1824,0,0.000000,16384,1616,56101,4,1.000000,0.000000
2623,2828483654,1056327,0,0,1823,0,0.000000,16384,1599,56327,4,1.000000,0.000000
2624,2829539607,1055953,0,0,1818,0,0.000000,16384,1622,55953,4,1.000000,0.000000
2625,2830595878,1056271,0,0,1820,0,0.000000,16384,1646,56271,4,1.000000,0.000000
2626,2831652059,1056181,0,0,1826,0,0.000000,16384,1636,56181,4,1.000000,0.000000
2627,2832670876,1018817,0,0,1759,0,0.000000,16384,1534,18817,4,1.000000,0.000000
2628,2833726919,1056043,0,0,1833,0,0.000000,16384,1629,56043,4,1.000000,0.000000
2629,2834782995,1056076,0,0,1806,0,0.000000,16384,1635,56076,4,1.000000,0.000000
2630,2835844404,1061409,0,0,1696,0,0.000000,16384,1511,61409,4,1.000000,0.000000
2631,2836919347,1074943,0,0,1580,0,0.000000,16384,1389,74943,4,1.000000,0.000000
2632,2837988184,1068837,0,0,1446,0,0.000000,16384,1301,68837,4,1.000000,0.000000
2633,2839056574,1068390,0,0,1438,0,0.000000,16384,1289,68390,4,1.000000,0.000000
2634,2840122192,1065618,0,0,1510,0,0.000000,16384,1324,65618,4,1.000000,0.000000
2635,2841190293,1068101,0,0,1540,0,0.000000,16384,1397,68101,4,1.000000,0.000000
2636,2842253952,1063659,0,0,1551,0,0.000000,16384,1358,63659,4,1.000000,0.000000
2637,2843314920,1060968,0,0,1386,0,0.000000,16384,1274,60968,4,1.000000,0.000000
2638,2844373935,1059015,0,0,1554,0,0.000000,16384,1331,59015,4,1.000000,0.000000
2639,2845439034,1065099,0,0,1501,0,0.000000,16384,1388,65099,4,1.000000,0.000000
2640,2847387542,1948508,0,0,2591,0,0.000000,16384,2262,948508,4,1.000000,0.000000
2641,2848482101,1094559,0,0,1575,0,0.000000,16384,1448,94559,4,1.000000,0.000000
2642,2849547320,1065219,0,0,1550,0,0.000000,16384,1334,65219,4,1.000000,0.000000
2643,2850608064,1060744,0,0,1558,0,0.000000,16384,1434,60744,4,1.000000,0.000000
2644,2851669688,1061624,0,0,1554,0,0.000000,16384,1342,61624,4,1.000000,0.000000
2645,2852720764,1051076,0,0,1454,0,0.000000,16384,1342,51076,4,1.000000,0.000000
2646,2853783039,1062275,0,0,1555,0,0.000000,16384,1339,62275,4,1.000000,0.000000
2647,2854842350,1059311,0,0,1560,0,0.000000,16384,1438,59311,4,1.000000,0.000000
2648,2855900707,1058357,0,0,1554,0,0.000000,16384,1332,58357,4,1.000000,0.000000
2649,2856958341,1057634,0,0,1444,0,0.000000,16384,1332,57634,4,1.000000,0.000000
2650,2858017516,1059175,0,0,1632,0,0.000000,16384,1410,59175,4,1.000000,0.000000
2651,2859096044,1078528,0,0,1561,0,0.000000,16384,1440,78528,4,1.000000,0.000000
2652,2860156020,1059976,0,0,1561,0,0.000000,16384,1344,59976,4,1.000000,0.000000
2653,2861219292,1063272,0,0,1525,0,0.000000,16384,1404,63272,4,1.000000,0.000000
2654,2862282534,1063242,0,0,1531,0,0.000000,16384,1316,63242,4,1.000000,0.000000
2655,2863341734,1059200,0,0,1558,0,0.000000,16384,1436,59200,4,1.000000,0.000000
2656,2864399897,1058163,0,0,1560,0,0.000000,16384,1346,58163,4,1.000000,0.000000
2657,2865457590,1057693,0,0,1555,0,0.000000,16384,1428,57693,4,1.000000,0.000000
2658,2866520014,1062424,0,0,1556,0,0.000000,16384,1347,62424,4,1.000000,0.000000
2659,2867583799,1063785,0,0,1565,0,0.000000,16384,1431,63785,4,1.000000,0.000000
2660,2868642177,1058378,0,0,1557,0,0.000000,16384,1355,58378,4,1.000000,0.000000
2661,2869733832,1091655,0,0,1446,0,0.000000,16384,1328,91655,4,1.000000,0.000000
2662,2870794290,1060458,0,0,1685,0,0.000000,16384,1467,60458,4,1.000000,0.000000
2663,2871853528,1059238,0,0,1757,0,0.000000,16384,1565,59238,4,1.000000,0.000000
2664,2872912171,1058643,0,0,1788,0,0.000000,16384,1620,58643,4,1.000000,0.000000
2665,2873968906,1056735,0,0,1662,0,0.000000,16384,1462,56735,4,1.000000,0.000000
2666,2875028641,1059735,0,0,1690,0,0.000000,16384,1498,59735,4,1.000000,0.000000
2667,2876086922,1058281,0,0,1802,0,0.000000,16384,1631,58281,4,1.000000,0.000000
2668,2877146362,1059440,0,0,1741,0,0.000000,16384,1544,59440,4,1.000000,0.000000
2669,2878203452,1057090,0,0,1721,0,0.000000,16384,1504,57090,4,1.000000,0.000000
2670,2879260137,1056685,0,0,1811,0,0.000000,16384,1638,56685,4,1.000000,0.000000
2671,2880328414,1068277,0,0,1827,0,0.000000,16384,1649,68277,4,1.000000,0.000000
2672,2881387173,1058759,0,0,1794,0,0.000000,16384,1577,58759,4,1.000000,0.000000
2673,2882446114,1058941,0,0,1782,0,0.000000,16384,1562,58941,4,1.000000,0.000000
2674,2883503034,1056920,0,0,1784,0,0.000000,16384,1617,56920,4,1.000000,0.000000
2675,2884559272,1056238,0,0,1823,0,0.000000,16384,1646,56238,4,1.000000,0.000000
2676,2885622032,1062760,0,0,1659,0,0.000000,16384,1440,62760,4,1.000000,0.000000
2677,2886674969,1052937,0,0,1604,0,0.000000,16384,1451,52937,4,1.000000,0.000000
2678,2887734801,1059832,0,0,1661,0,0.000000,16384,1478,59832,4,1.000000,0.000000
2679,2888791629,1056828,0,0,1684,0,0.000000,16384,1477,56828,4,1.000000,0.000000
2680,2889849029,1057400,0,0,1824,0,0.000000,16384,1648,57400,4,1.000000,0.000000
2681,2890918823,1069794,0,0,1825,0,0.000000,16384,1648,69794,4,1.000000,0.000000
2682,2891980392,1061569,0,0,1820,0,0.000000,16384,1596,61569,4,1.000000,0.000000
2683,2893041213,1060821,0,0,1821,0,0.000000,16384,1597,60821,4,1.000000,0.000000
2684,2894098495,1057282,0,0,1816,0,0.000000,16384,1637,57282,4,1.000000,0.000000
2685,2895155104,1056609,0,0,1821,0,0.000000,16384,1647,56609,4,1.000000,0.000000
2686,2896211257,1056153,0,0,1821,0,0.000000,16384,1614,56153,4,1.000000,0.000000
2687,2897266981,1055724,0,0,1819,0,0.000000,16384,1595,55724,4,1.000000,0.000000
2688,2898322600,1055619,0,0,1822,0,0.000000,16384,1626,55619,4,1.000000,0.000000
2689,2899378803,1056203,0,0,1822,0,0.000000,16384,1647,56203,4,1.000000,0.000000
2690,2900436123,1057320,0,0,1649,0,0.000000,16384,1460,57320,4,1.000000,0.000000
2691,2901616627,1180504,0,0,1799,0,0.000000,16384,1576,180504,4,1.000000,0.000000
2692,2902673587,1056960,0,0,1785,0,0.000000,16384,1619,56960,4,1.000000,0.000000
2693,2903733288,1059701,0,0,1800,0,0.000000,16384,1629,59701,4,1.000000,0.000000
2694,2904790518,1057230,0,0,1818,0,0.000000,16384,1594,57230,4,1.000000,0.000000
2695,2905847198,1056680,0,0,1809,0,0.000000,16384,1585,56680,4,1.000000,0.000000
2696,2906903718,1056520,0,0,1759,0,0.000000,16384,1596,56520,4,1.000000,0.000000
2697,2907959364,1055646,0,0,1806,0,0.000000,16384,1633,55646,4,1.000000,0.000000
2698,2909015521,1056157,0,0,1802,0,0.000000,16384,1578,56157,4,1.000000,0.000000
2699,2910071234,1055713,0,0,1835,0,0.000000,16384,1611,55713,4,1.000000,0.000000
2700,2911127223,1055989,0,0,1819,0,0.000000,16384,1640,55989,4,1.000000,0.000000
2701,2912191856,1064633,0,0,1838,0,0.000000,16384,1660,64633,4,1.000000,0.000000
2702,2913247852,1055996,0,0,1795,0,0.000000,16384,1592,55996,4,1.000000,0.000000
2703,2914303508,1055656,0,0,1828,0,0.000000,16384,1603,55656,4,1.000000,0.000000
2704,2915359442,1055934,0,0,1826,0,0.000000,16384,1630,55934,4,1.000000,0.000000
2705,2916420254,1060812,0,0,1826,0,0.000000,16384,1650,60812,4,1.000000,0.000000
2706,2917481056,1060802,0,0,1820,0,0.000000,16384,1632,60802,4,1.000000,0.000000
2707,2918537831,1056775,0,0,1825,0,0.000000,16384,1602,56775,4,1.000000,0.000000
2708,2919594010,1056179,0,0,1816,0,0.000000,16384,1601,56179,4,1.000000,0.000000
2709,2920651026,1057016,0,0,1819,0,0.000000,16384,1645,57016,4,1.000000,0.000000
2710,2921704707,1053681,0,0,1748,0,0.000000,16384,1577,53681,4,1.000000,0.000000
2711,2922792462,1087755,0,0,1717,0,0.000000,16384,1493,87755,4,1.000000,0.000000
2712,2923850615,1058153,0,0,1671,0,0.000000,16384,1506,58153,4,1.000000,0.000000
2713,2924912268,1061653,0,0,1760,0,0.000000,16384,1589,61653,4,1.000000,0.000000
2714,2925976074,1063806,0,0,1787,0,0.000000,16384,1563,63806,4,1.000000,0.000000
2715,2927038503,1062429,0,0,1882,0,0.000000,16384,1658,62429,4,1.000000,0.000000
2716,2928098836,1060333,0,0,1829,0,0.000000,16384,1650,60333,4,1.000000,0.000000
2717,2929156102,1057266,0,0,1825,0,0.000000,16384,1649,57266,4,1.000000,0.000000
2718,2930212971,1056869,0,0,1824,0,0.000000,16384,1619,56869,4,1.000000,0.000000
2719,2931269113,1056142,0,0,1820,0,0.000000,16384,1596,56142,4,1.000000,0.000000
2720,2932325045,1055932,0,0,1823,0,0.000000,16384,1625,55932,4,1.000000,0.000000
2721,2933418752,1093707,0,0,1959,0,0.000000,16384,1753,93707,4,1.000000,0.000000
2722,2934516070,1097318,0,0,1977,0,0.000000,16384,1771,97318,4,1.000000,0.000000
2723,2935603804,1087734,0,0,1971,0,0.000000,16384,1765,87734,4,1.000000,0.000000
2724,2936673387,1069583,0,0,1703,0,0.000000,16384,1549,69583,4,1.000000,0.000000
2725,2937736300,1062913,0,0,1667,0,0.000000,16384,1509,62913,4,1.000000,0.000000
2726,2938794378,1058078,0,0,1806,0,0.000000,16384,1582,58078,4,1.000000,0.000000
2727,2939851877,1057499,0,0,1831,0,0.000000,16384,1620,57499,4,1.000000,0.000000
2728,2940910549,1058672,0,0,1754,0,0.000000,16384,1593,58672,4,1.000000,0.000000
2729,2941968842,1058293,0,0,1665,0,0.000000,16384,1477,58293,4,1.000000,0.000000
2730,2943026691,1057849,0,0,1814,0,0.000000,16384,1590,57849,4,1.000000,0.000000
2731,2944094167,1067476,0,0,1834,0,0.000000,16384,1649,67476,4,1.000000,0.000000
2732,2945150457,1056290,0,0,1802,0,0.000000,16384,1631,56290,4,1.000000,0.000000
2733,2946206702,1056245,0,0,1824,0,0.000000,16384,1620,56245,4,1.000000,0.000000
2734,2947262689,1055987,0,0,1813,0,0.000000,16384,1589,55987,4,1.000000,0.000000
2735,2948318437,1055748,0,0,1821,0,0.000000,16384,1623,55748,4,1.000000,0.000000
2736,2949377523,1059086,0,0,1660,0,0.000000,16384,1518,59086,4,1.000000,0.000000
2737,2950435787,1058264,0,0,1663,0,0.000000,16384,1443,58264,4,1.000000,0.000000
2738,2951492188,1056401,0,0,1754,0,0.000000,16384,1568,56401,4,1.000000,0.000000
2739,2952548878,1056690,0,0,1806,0,0.000000,16384,1635,56690,4,1.000000,0.000000
2740,2953605353,1056475,0,0,1819,0,0.000000,16384,1616,56475,4,1.000000,0.000000
2741,2954670952,1065599,0,0,1836,0,0.000000,16384,1612,65599,4,1.000000,0.000000
2742,2955728212,1057260,0,0,1807,0,0.000000,16384,1607,57260,4,1.000000,0.000000
2743,2956785626,1057414,0,0,1697,0,0.000000,16384,1547,57414,4,1.000000,0.000000
2744,2957842396,1056770,0,0,1829,0,0.000000,16384,1619,56770,4,1.000000,0.000000
2745,2958898145,1055749,0,0,1829,0,0.000000,16384,1605,55749,4,1.000000,0.000000
2746,2959954517,1056372,0,0,1832,0,0.000000,16384,1634,56372,4,1.000000,0.000000
2747,2961010230,1055713,0,0,1820,0,0.000000,16384,1646,55713,4,1.000000,0.000000
2748,2962074242,1064012,0,0,1698,0,0.000000,16384,1510,64012,4,1.000000,0.000000
2749,2963142656,1068414,0,0,1480,0,0.000000,16384,1311,68414,4,1.000000,0.000000
2750,2964290165,1147509,0,0,1557,0,0.000000,16384,1390,147509,4,1.000000,0.000000
2751,2965376384,1086219,0,0,1454,0,0.000000,16384,1301,86219,4,1.000000,0.000000
2752,2966446263,1069879,0,0,1436,0,0.000000,16384,1253,69879,4,1.000000,0.000000
2753,2967520036,1073773,0,0,1461,0,0.000000,16384,1346,73773,4,1.000000,0.000000
2754,2968595185,1075149,0,0,1534,0,0.000000,16384,1318,75149,4,1.000000,0.000000
2755,2969676217,1081032,0,0,1369,0,0.000000,16384,1252,81032,4,1.000000,0.000000
2756,2970747983,1071766,0,0,1479,0,0.000000,16384,1307,71766,4,1.000000,0.000000
2757,2971813250,1065267,0,0,1566,0,0.000000,16384,1402,65267,4,1.000000,0.000000
2758,2972872920,1059670,0,0,1570,0,0.000000,16384,1388,59670,4,1.000000,0.000000
2759,2973933526,1060606,0,0,1494,0,0.000000,16384,1340,60606,4,1.000000,0.000000
2760,2974996413,1062887,0,0,1558,0,0.000000,16384,1383,62887,4,1.000000,0.000000
2761,2976089449,1093036,0,0,1607,0,0.000000,16384,1446,93036,4,1.000000,0.000000
2762,2977150031,1060582,0,0,1423,0,0.000000,16384,1261,60582,4,1.000000,0.000000
2763,2978211765,1061734,0,0,1559,0,0.000000,16384,1385,61734,4,1.000000,0.000000
2764,2979278538,1066773,0,0,1446,0,0.000000,16384,1299,66773,4,1.000000,0.000000
2765,2980351753,1073215,0,0,1438,0,0.000000,16384,1249,73215,4,1.000000,0.000000
2766,2981417527,1065774,0,0,1518,0,0.000000,16384,1397,65774,4,1.000000,0.000000
2767,2982481380,1063853,0,0,1530,0,0.000000,16384,1315,63853,4,1.000000,0.000000
2768,2983541234,1059854,0,0,1565,0,0.000000,16384,1442,59854,4,1.000000,0.000000
2769,2984598804,1057570,0,0,1566,0,0.000000,16384,1353,57570,4,1.000000,0.000000
2770,2985658262,1059458,0,0,1565,0,0.000000,16384,1432,59458,4,1.000000,0.000000
2771,2986746067,1087805,0,0,1509,0,0.000000,16384,1305,87805,4,1.000000,0.000000
2772,2987808330,1062263,0,0,1541,0,0.000000,16384,1416,62263,4,1.000000,0.000000
2773,2988866871,1058541,0,0,1559,0,0.000000,16384,1349,58541,4,1.000000,0.000000
2774,2989926421,1059550,0,0,1405,0,0.000000,16384,1293,59550,4,1.000000,0.000000
2775,2990986998,1060577,0,0,1546,0,0.000000,16384,1338,60577,4,1.000000,0.000000
2776,2992053359,1066361,0,0,1533,0,0.000000,16384,1405,66361,4,1.000000,0.000000
2777,2993116158,1062799,0,0,1563,0,0.000000,16384,1353,62799,4,1.000000,0.000000
2778,2994176135,1059977,0,0,1559,0,0.000000,16384,1433,59977,4,1.000000,0.000000
2779,2995234597,1058462,0,0,1558,0,0.000000,16384,1341,58462,4,1.000000,0.000000
2780,2996292287,1057690,0,0,1559,0,0.000000,16384,1437,57690,4,1.000000,0.000000
2781,2997368187,1075900,0,0,1553,0,0.000000,16384,1332,75900,4,1.000000,0.000000
2782,2998426546,1058359,0,0,1567,0,0.000000,16384,1444,58359,4,1.000000,0.000000
2783,2999483980,1057434,0,0,1565,0,0.000000,16384,1352,57434,4,1.000000,0.000000
2784,3000541105,1057125,0,0,1559,0,0.000000,16384,1428,57125,4,1.000000,0.000000
2785,3001622245,1081140,0,0,1684,0,0.000000,16384,1478,81140,4,1.000000,0.000000
2786,3002679817,1057572,0,0,1405,0,0.000000,16384,1275,57572,4,1.000000,0.000000
2787,3003739700,1059883,0,0,1669,0,0.000000,16384,1464,59883,4,1.000000,0.000000
2788,3004796652,1056952,0,0,1822,0,0.000000,16384,1607,56952,4,1.000000,0.000000
2789,3005855375,1058723,0,0,1631,0,0.000000,16384,1494,58723,4,1.000000,0.000000
2790,3006913804,1058429,0,0,1816,0,0.000000,16384,1608,58429,4,1.000000,0.000000
2791,3007982324,1068520,0,0,1837,0,0.000000,16384,1613,68520,4,1.000000,0.000000
2792,3009041910,1059586,0,0,1788,0,0.000000,16384,1598,59586,4,1.000000,0.000000
2793,3010100331,1058421,0,0,1819,0,0.000000,16384,1645,58421,4,1.000000,0.000000
2794,3011156791,1056460,0,0,1825,0,0.000000,16384,1628,56460,4,1.000000,0.000000
2795,3012212929,1056138,0,0,1823,0,0.000000,16384,1600,56138,4,1.000000,0.000000
2796,3013269131,1056202,0,0,1824,0,0.000000,16384,1615,56202,4,1.000000,0.000000
2797,3014325149,1056018,0,0,1828,0,0.000000,16384,1652,56018,4,1.000000,0.000000
2798,3015381190,1056041,0,0,1815,0,0.000000,16384,1639,56041,4,1.000000,0.000000
2799,3016438417,1057227,0,0,1699,0,0.000000,16384,1475,57227,4,1.000000,0.000000
2800,3017494944,1056527,0,0,1747,0,0.000000,16384,1560,56527,4,1.000000,0.000000
2801,3018561436,1066492,0,0,1671,0,0.000000,16384,1523,66492,4,1.000000,0.000000
2802,3019620729,1059293,0,0,1732,0,0.000000,16384,1508,59293,4,1.000000,0.000000
2803,3020671392,1050663,0,0,1806,0,0.000000,16384,1605,50663,4,1.000000,0.000000
2804,3021727752,1056360,0,0,1822,0,0.000000,16384,1647,56360,4,1.000000,0.000000
2805,3022786839,1059087,0,0,1675,0,0.000000,16384,1491,59087,4,1.000000,0.000000
2806,3023845688,1058849,0,0,1824,0,0.000000,16384,1600,58849,4,1.000000,0.000000
2807,3024902550,1056862,0,0,1831,0,0.000000,16384,1638,56862,4,1.000000,0.000000
2808,3025960185,1057635,0,0,1762,0,0.000000,16384,1599,57635,4,1.000000,0.000000
2809,3027016259,1056074,0,0,1788,0,0.000000,16384,1584,56074,4,1.000000,0.000000
2810,3028072379,1056120,0,0,1812,0,0.000000,16384,1588,56120,4,1.000000,0.000000
2811,3029151271,1078892,0,0,1859,0,0.000000,16384,1661,78892,4,1.000000,0.000000
2812,3030207989,1056718,0,0,1792,0,0.000000,16384,1623,56718,4,1.000000,0.000000
2813,3031263973,1055984,0,0,1816,0,0.000000,16384,1623,55984,4,1.000000,0.000000
2814,3032320204,1056231,0,0,1820,0,0.000000,16384,1596,56231,4,1.000000,0.000000
2815,3033376592,1056388,0,0,1831,0,0.000000,16384,1621,56388,4,1.000000,0.000000
2816,3034432597,1056005,0,0,1827,0,0.000000,16384,1651,56005,4,1.000000,0.000000
2817,3035488447,1055850,0,0,1828,0,0.000000,16384,1649,55850,4,1.000000,0.000000
2818,3036544103,1055656,0,0,1825,0,0.000000,16384,1606,55656,4,1.000000,0.000000
2819,3037604009,1059906,0,0,1597,0,0.000000,16384,1410,59906,4,1.000000,0.000000
2820,3038662868,1058859,0,0,1836,0,0.000000,16384,1659,58859,4,1.000000,0.000000
2821,3039732281,1069413,0,0,1825,0,0.000000,16384,1629,69413,4,1.000000,0.000000
2822,3040791752,1059471,0,0,1788,0,0.000000,16384,1564,59471,4,1.000000,0.000000
2823,3041849555,1057803,0,0,1684,0,0.000000,16384,1510,57803,4,1.000000,0.000000
2824,3042906721,1057166,0,0,1714,0,0.000000,16384,1551,57166,4,1.000000,0.000000
2825,3043964024,1057303,0,0,1827,0,0.000000,16384,1604,57303,4,1.000000,0.000000
2826,3045026041,1062017,0,0,1621,0,0.000000,16384,1443,62017,4,1.000000,0.000000
2827,3046090207,1064166,0,0,1516,0,0.000000,16384,1358,64166,4,1.000000,0.000000
2828,3047148727,1058520,0,0,1821,0,0.000000,16384,1597,58520,4,1.000000,0.000000
2829,3048205010,1056283,0,0,1792,0,0.000000,16384,1616,56283,4,1.000000,0.000000
2830,3049262952,1057942,0,0,1744,0,0.000000,16384,1584,57942,4,1.000000,0.000000
2831,3050342272,1079320,0,0,1779,0,0.000000,16384,1555,79320,4,1.000000,0.000000
2832,3051399368,1057096,0,0,1829,0,0.000000,16384,1610,57096,4,1.000000,0.000000
2833,3052455740,1056372,0,0,1834,0,0.000000,16384,1655,56372,4,1.000000,0.000000
2834,3053512432,1056692,0,0,1831,0,0.000000,16384,1654,56692,4,1.000000,0.000000
2835,3054568666,1056234,0,0,1826,0,0.000000,16384,1617,56234,4,1.000000,0.000000
2836,3055624723,1056057,0,0,1795,0,0.000000,16384,1571,56057,4,1.000000,0.000000
2837,3056670628,1045905,0,0,1787,0,0.000000,16384,1604,45905,4,1.000000,0.000000
2838,3057761214,1090586,0,0,1819,0,0.000000,16384,1645,90586,4,1.000000,0.000000
2839,3058826143,1064929,0,0,1600,0,0.000000,16384,1397,64929,4,1.000000,0.000000
2840,3059886189,1060046,0,0,1591,0,0.000000,16384,1437,60046,4,1.000000,0.000000
2841,3060959889,1073700,0,0,1681,0,0.000000,16384,1498,73700,4,1.000000,0.000000
2842,3062018480,1058591,0,0,1665,0,0.000000,16384,1457,58591,4,1.000000,0.000000
2843,3063079075,1060595,0,0,1615,0,0.000000,16384,1481,60595,4,1.000000,0.000000
2844,3064140251,1061176,0,0,1643,0,0.000000,16384,1426,61176,4,1.000000,0.000000
2845,3065199296,1059045,0,0,1637,0,0.000000,16384,1479,59045,4,1.000000,0.000000
2846,3066256962,1057666,0,0,1663,0,0.000000,16384,1485,57666,4,1.000000,0.000000
2847,3067315521,1058559,0,0,1612,0,0.000000,16384,1414,58559,4,1.000000,0.000000
2848,3068409804,1094283,0,0,1674,0,0.000000,16384,1528,94283,4,1.000000,0.000000
2849,3069476054,1066250,0,0,1577,0,0.000000,16384,1361,66250,4,1.000000,0.000000
2850,3070537230,1061176,0,0,1667,0,0.000000,16384,1515,61176,4,1.000000,0.000000
2851,3071637725,1100495,0,0,1724,0,0.000000,16384,1540,100495,4,1.000000,0.000000
2852,3072709232,1071507,0,0,1808,0,0.000000,16384,1584,71507,4,1.000000,0.000000
2853,3073774106,1064874,0,0,1809,0,0.000000,16384,1615,64874,4,1.000000,0.000000
2854,3074837548,1063442,0,0,1810,0,0.000000,16384,1637,63442,4,1.000000,0.000000
2855,3075901209,1063661,0,0,1790,0,0.000000,16384,1597,63661,4,1.000000,0.000000
2856,3076964617,1063408,0,0,1789,0,0.000000,16384,1565,63408,4,1.000000,0.000000
2857,3078024429,1059812,0,0,1608,0,0.000000,16384,1456,59812,4,1.000000,0.000000
2858,3079080908,1056479,0,0,1682,0,0.000000,16384,1498,56479,4,1.000000,0.000000
2859,3080136558,1055650,0,0,1807,0,0.000000,16384,1583,55650,4,1.000000,0.000000
2860,3081193279,1056721,0,0,1741,0,0.000000,16384,1569,56721,4,1.000000,0.000000
2861,3082272864,1079585,0,0,1860,0,0.000000,16384,1677,79585,4,1.000000,0.000000
2862,3083332643,1059779,0,0,1615,0,0.000000,16384,1410,59779,4,1.000000,0.000000
2863,3084392536,1059893,0,0,1743,0,0.000000,16384,1555,59893,4,1.000000,0.000000
2864,3085452223,1059687,0,0,1662,0,0.000000,16384,1514,59687,4,1.000000,0.000000
2865,3086509836,1057613,0,0,1797,0,0.000000,16384,1573,57613,4,1.000000,0.000000
2866,3087567492,1057656,0,0,1825,0,0.000000,16384,1608,57656,4,1.000000,0.000000
2867,3088624145,1056653,0,0,1799,0,0.000000,16384,1629,56653,4,1.000000,0.000000
2868,3089672155,1048010,0,0,1808,0,0.000000,16384,1635,48010,4,1.000000,0.000000
2869,3090729800,1057645,0,0,1825,0,0.000000,16384,1601,57645,4,1.000000,0.000000
2870,3091787469,1057669,0,0,1817,0,0.000000,16384,1593,57669,4,1.000000,0.000000
2871,3092854218,1066749,0,0,1828,0,0.000000,16384,1646,66749,4,1.000000,0.000000
2872,3093959356,1105138,0,0,1842,0,0.000000,16384,1663,105138,4,1.000000,0.000000
2873,3095023392,1064036,0,0,1714,0,0.000000,16384,1515,64036,4,1.000000,0.000000
2874,3096086945,1063553,0,0,1758,0,0.000000,16384,1541,63553,4,1.000000,0.000000
2875,3097147610,1060665,0,0,1662,0,0.000000,16384,1519,60665,4,1.000000,0.000000
2876,3098205179,1057569,0,0,1662,0,0.000000,16384,1462,57569,4,1.000000,0.000000
2877,3099261852,1056673,0,0,1663,0,0.000000,16384,1477,56673,4,1.000000,0.000000
2878,3100318267,1056415,0,0,1672,0,0.000000,16384,1522,56415,4,1.000000,0.000000
2879,3101404096,1085829,0,0,1819,0,0.000000,16384,1595,85829,4,1.000000,0.000000
2880,3102532666,1128570,0,0,1997,0,0.000000,16384,1773,128570,4,1.000000,0.000000
2881,3103634827,1102161,0,0,1829,0,0.000000,16384,1619,102161,4,1.000000,0.000000
2882,3104704746,1069919,0,0,1828,0,0.000000,16384,1652,69919,4,1.000000,0.000000
2883,3105807388,1102642,0,0,1846,0,0.000000,16384,1664,102642,4,1.000000,0.000000
2884,3106871691,1064303,0,0,1605,0,0.000000,16384,1389,64303,4,1.000000,0.000000
2885,3107934877,1063186,0,0,1830,0,0.000000,16384,1637,63186,4,1.000000,0.000000
2886,3108993546,1058669,0,0,1825,0,0.000000,16384,1650,58669,4,1.000000,0.000000
2887,3110050990,1057444,0,0,1826,0,0.000000,16384,1634,57444,4,1.000000,0.000000
2888,3111107885,1056895,0,0,1822,0,0.000000,16384,1598,56895,4,1.000000,0.000000
2889,3112165361,1057476,0,0,1774,0,0.000000,16384,1571,57476,4,1.000000,0.000000
2890,3113221859,1056498,0,0,1823,0,0.000000,16384,1648,56498,4,1.000000,0.000000
2891,3114292584,1070725,0,0,1843,0,0.000000,16384,1660,70725,4,1.000000,0.000000
2892,3115348878,1056294,0,0,1823,0,0.000000,16384,1599,56294,4,1.000000,0.000000
2893,3116434844,1085966,0,0,1949,0,0.000000,16384,1726,85966,4,1.000000,0.000000
2894,3117524190,1089346,0,0,1947,0,0.000000,16384,1723,89346,4,1.000000,0.000000
2895,3118612650,1088460,0,0,1958,0,0.000000,16384,1748,88460,4,1.000000,0.000000
2896,3119701962,1089312,0,0,1963,0,0.000000,16384,1758,89312,4,1.000000,0.000000
2897,3120762323,1060361,0,0,1828,0,0.000000,16384,1652,60361,4,1.000000,0.000000
2898,3121823396,1061073,0,0,1919,0,0.000000,16384,1722,61073,4,1.000000,0.000000
2899,3122885519,1062123,0,0,1734,0,0.000000,16384,1514,62123,4,1.000000,0.000000
2900,3123944564,1059045,0,0,1819,0,0.000000,16384,1607,59045,4,1.000000,0.000000
2901,3125014735,1070171,0,0,1803,0,0.000000,16384,1632,70171,4,1.000000,0.000000
2902,3126073846,1059111,0,0,1622,0,0.000000,16384,1445,59111,4,1.000000,0.000000
2903,3127131327,1057481,0,0,1793,0,0.000000,16384,1569,57481,4,1.000000,0.000000
2904,3128188294,1056967,0,0,1820,0,0.000000,16384,1640,56967,4,1.000000,0.000000
2905,3129244558,1056264,0,0,1820,0,0.000000,16384,1645,56264,4,1.000000,0.000000
2906,3130301068,1056510,0,0,1821,0,0.000000,16384,1616,56510,4,1.000000,0.000000
2907,3131356932,1055864,0,0,1812,0,0.000000,16384,1588,55864,4,1.000000,0.000000
2908,3132414320,1057388,0,0,1829,0,0.000000,16384,1631,57388,4,1.000000,0.000000
2909,3133471886,1057566,0,0,1829,0,0.000000,16384,1653,57566,4,1.000000,0.000000
2910,3134528380,1056494,0,0,1798,0,0.000000,16384,1612,56494,4,1.000000,0.000000
2911,3135602553,1074173,0,0,1859,0,0.000000,16384,1635,74173,4,1.000000,0.000000
2912,3136658838,1056285,0,0,1834,0,0.000000,16384,1610,56285,4,1.000000,0.000000
2913,3137672673,1013835,0,0,1678,0,0.000000,16384,1533,13835,4,1.000000,0.000000
2914,3138738740,1066067,0,0,1566,0,0.000000,16384,1375,66067,4,1.000000,0.000000
2915,3139802036,1063296,0,0,1824,0,0.000000,16384,1615,63296,4,1.000000,0.000000
2916,3140860115,1058079,0,0,1799,0,0.000000,16384,1630,58079,4,1.000000,0.000000
2917,3141918957,1058842,0,0,1770,0,0.000000,16384,1588,58842,4,1.000000,0.000000
2918,3142977941,1058984,0,0,1627,0,0.000000,16384,1408,58984,4,1.000000,0.000000
2919,3144035739,1057798,0,0,1653,0,0.000000,16384,1512,57798,4,1.000000,0.000000
2920,3145092815,1057076,0,0,1645,0,0.000000,16384,1445,57076,4,1.000000,0.000000
2921,3146161195,1068380,0,0,1662,0,0.000000,16384,1479,68380,4,1.000000,0.000000
2922,3147218660,1057465,0,0,1734,0,0.000000,16384,1576,57465,4,1.000000,0.000000
2923,3148274641,1055981,0,0,1813,0,0.000000,16384,1594,55981,4,1.000000,0.000000
2924,3149333091,1058450,0,0,1724,0,0.000000,16384,1515,58450,4,1.000000,0.000000
2925,3150390583,1057492,0,0,1810,0,0.000000,16384,1636,57492,4,1.000000,0.000000
2926,3151446824,1056241,0,0,1811,0,0.000000,16384,1634,56241,4,1.000000,0.000000
2927,3152503243,1056419,0,0,1824,0,0.000000,16384,1599,56419,4,1.000000,0.000000
2928,3153559143,1055900,0,0,1814,0,0.000000,16384,1690,55900,4,1.000000,0.000000
2929,3154615075,1055932,0,0,1815,0,0.000000,16384,1596,55932,4,1.000000,0.000000
2930,3155670692,1055617,0,0,1808,0,0.000000,16384,1584,55617,4,1.000000,0.000000
2931,3156735529,1064837,0,0,1668,0,0.000000,16384,1521,64837,4,1.000000,0.000000
2932,3157792042,1056513,0,0,1816,0,0.000000,16384,1627,56513,4,1.000000,0.000000
2933,3158848260,1056218,0,0,1808,0,0.000000,16384,1584,56218,4,1.000000,0.000000
2934,3159904737,1056477,0,0,1787,0,0.000000,16384,1584,56477,4,1.000000,0.000000
2935,3160965759,1061022,0,0,1660,0,0.000000,16384,1516,61022,4,1.000000,0.000000
2936,3162026176,1060417,0,0,1822,0,0.000000,16384,1609,60417,4,1.000000,0.000000
2937,3163085648,1059472,0,0,1733,0,0.000000,16384,1515,59472,4,1.000000,0.000000
2938,3164143940,1058292,0,0,1809,0,0.000000,16384,1635,58292,4,1.000000,0.000000
2939,3165200767,1056827,0,0,1824,0,0.000000,16384,1648,56827,4,1.000000,0.000000
2940,3166256847,1056080,0,0,1824,0,0.000000,16384,1607,56080,4,1.000000,0.000000
2941,3167326148,1069301,0,0,1794,0,0.000000,16384,1571,69301,4,1.000000,0.000000
2942,3168382386,1056238,0,0,1772,0,0.000000,16384,1600,56238,4,1.000000,0.000000
2943,3169439244,1056858,0,0,1719,0,0.000000,16384,1555,56858,4,1.000000,0.000000
2944,3170495197,1055953,0,0,1825,0,0.000000,16384,1600,55953,4,1.000000,0.000000
2945,3171551272,1056075,0,0,1817,0,0.000000,16384,1601,56075,4,1.000000,0.000000
2946,3172607365,1056093,0,0,1805,0,0.000000,16384,1633,56093,4,1.000000,0.000000
2947,3173663338,1055973,0,0,1826,0,0.000000,16384,1649,55973,4,1.000000,0.000000
2948,3174672689,1009351,0,0,1744,0,0.000000,16384,1526,9351,4,1.000000,0.000000
2949,3175730303,1057614,0,0,1791,0,0.000000,16384,1580,57614,4,1.000000,0.000000
2950,3176787058,1056755,0,0,1825,0,0.000000,16384,1650,56755,4,1.000000,0.000000
2951,3177841640,1054582,0,0,1821,0,0.000000,16384,1644,54582,4,1.000000,0.000000
2952,3178903296,1061656,0,0,1792,0,0.000000,16384,1571,61656,4,1.000000,0.000000
2953,3179966433,1063137,0,0,1784,0,0.000000,16384,1568,63137,4,1.000000,0.000000
2954,3181030024,1063591,0,0,1782,0,0.000000,16384,1615,63591,4,1.000000,0.000000
2955,3182093451,1063427,0,0,1761,0,0.000000,16384,1584,63427,4,1.000000,0.000000
2956,3183156415,1062964,0,0,1613,0,0.000000,16384,1393,62964,4,1.000000,0.000000
2957,3184215946,1059531,0,0,1667,0,0.000000,16384,1524,59531,4,1.000000,0.000000
2958,3185274790,1058844,0,0,1631,0,0.000000,16384,1433,58844,4,1.000000,0.000000
2959,3186332058,1057268,0,0,1616,0,0.000000,16384,1443,57268,4,1.000000,0.000000
2960,3187422261,1090203,0,0,1818,0,0.000000,16384,1643,90203,4,1.000000,0.000000
2961,3188537036,1114775,0,0,1874,0,0.000000,16384,1663,114775,4,1.000000,0.000000
2962,3189628714,1091678,0,0,1854,0,0.000000,16384,1630,91678,4,1.000000,0.000000
2963,3190702816,1074102,0,0,1832,0,0.000000,16384,1622,74102,4,1.000000,0.000000
2964,3191767099,1064283,0,0,1776,0,0.000000,16384,1610,64283,4,1.000000,0.000000
2965,3192830470,1063371,0,0,1803,0,0.000000,16384,1619,63371,4,1.000000,0.000000
2966,3193894689,1064219,0,0,1828,0,0.000000,16384,1604,64219,4,1.000000,0.000000
2967,3194956506,1061817,0,0,1897,0,0.000000,16384,1673,61817,4,1.000000,0.000000
2968,3196015680,1059174,0,0,1828,0,0.000000,16384,1642,59174,4,1.000000,0.000000
2969,3197072234,1056554,0,0,1823,0,0.000000,16384,1648,56554,4,1.000000,0.000000
2970,3198128455,1056221,0,0,1721,0,0.000000,16384,1522,56221,4,1.000000,0.000000
2971,3199191949,1063494,0,0,1840,0,0.000000,16384,1616,63494,4,1.000000,0.000000
2972,3200247946,1055997,0,0,1827,0,0.000000,16384,1638,55997,4,1.000000,0.000000
2973,3201305855,1057909,0,0,1792,0,0.000000,16384,1622,57909,4,1.000000,0.000000
2974,3202362223,1056368,0,0,1814,0,0.000000,16384,1613,56368,4,1.000000,0.000000
2975,3203421683,1059460,0,0,1771,0,0.000000,16384,1547,59460,4,1.000000,0.000000
2976,3204511517,1089834,0,0,1961,0,0.000000,16384,1743,89834,4,1.000000,0.000000
2977,3205600821,1089304,0,0,1962,0,0.000000,16384,1757,89304,4,1.000000,0.000000
2978,3206665106,1064285,0,0,1775,0,0.000000,16384,1610,64285,4,1.000000,0.000000
2979,3207729689,1064583,0,0,1826,0,0.000000,16384,1630,64583,4,1.000000,0.000000
2980,3208786663,1056974,0,0,1825,0,0.000000,16384,1601,56974,4,1.000000,0.000000
2981,3209852720,1066057,0,0,1834,0,0.000000,16384,1622,66057,4,1.000000,0.000000
2982,3210910156,1057436,0,0,1789,0,0.000000,16384,1621,57436,4,1.000000,0.000000
2983,3211966503,1056347,0,0,1752,0,0.000000,16384,1572,56347,4,1.000000,0.000000
2984,3213022861,1056358,0,0,1827,0,0.000000,16384,1603,56358,4,1.000000,0.000000
2985,3214079355,1056494,0,0,1796,0,0.000000,16384,1591,56494,4,1.000000,0.000000
2986,3215135412,1056057,0,0,1819,0,0.000000,16384,1644,56057,4,1.000000,0.000000
2987,3216191062,1055650,0,0,1826,0,0.000000,16384,1646,55650,4,1.000000,0.000000
2988,3217251025,1059963,0,0,1834,0,0.000000,16384,1609,59963,4,1.000000,0.000000
2989,3218311853,1060828,0,0,1818,0,0.000000,16384,1595,60828,4,1.000000,0.000000
2990,3219376006,1064153,0,0,1835,0,0.000000,16384,1654,64153,4,1.000000,0.000000
2991,3220479036,1103030,0,0,1845,0,0.000000,16384,1665,103030,4,1.000000,0.000000
2992,3221573896,1094860,0,0,1854,0,0.000000,16384,1655,94860,4,1.000000,0.000000
2993,3222664113,1090217,0,0,1864,0,0.000000,16384,1640,90217,4,1.000000,0.000000
2994,3223732873,1068760,0,0,1639,0,0.000000,16384,1457,68760,4,1.000000,0.000000
2995,3224797543,1064670,0,0,1722,0,0.000000,16384,1568,64670,4,1.000000,0.000000
2996,3225866245,1068702,0,0,1663,0,0.000000,16384,1439,68702,4,1.000000,0.000000
2997,3226930239,1063994,0,0,1516,0,0.000000,16384,1384,63994,4,1.000000,0.000000
2998,3227990850,1060611,0,0,1548,0,0.000000,16384,1344,60611,4,1.000000,0.000000
2999,3229048434,1057584,0,0,1589,0,0.000000,16384,1445,57584,4,1.000000,0.000000
3000,3230106146,1057712,0,0,1632,0,0.000000,16384,1440,57712,4,1.000000,0.000000
3001,3231178679,1072533,0,0,1686,0,0.000000,16384,1494,72533,4,1.000000,0.000000
3002,3232236975,1058296,0,0,1676,0,0.000000,16384,1532,58296,4,1.000000,0.000000
3003,3233294418,1057443,0,0,1728,0,0.000000,16384,1504,57443,4,1.000000,0.000000
3004,3234350703,1056285,0,0,1817,0,0.000000,16384,1609,56285,4,1.000000,0.000000
3005,3235437810,1087107,0,0,1941,0,0.000000,16384,1740,87107,4,1.000000,0.000000
3006,3236527724,1089914,0,0,1962,0,0.000000,16384,1759,89914,4,1.000000,0.000000
3007,3237588225,1060501,0,0,1827,0,0.000000,16384,1649,60501,4,1.000000,0.000000
3008,3238652178,1063953,0,0,1737,0,0.000000,16384,1519,63953,4,1.000000,0.000000
3009,3239672048,1019870,0,0,1724,0,0.000000,16384,1528,19870,4,1.000000,0.000000
3010,3240711809,1039761,0,0,1879,0,0.000000,16384,1693,39761,4,1.000000,0.000000
3011,3241793653,1081844,0,0,1831,0,0.000000,16384,1653,81844,4,1.000000,0.000000
3012,3242856917,1063264,0,0,1896,0,0.000000,16384,1672,63264,4,1.000000,0.000000
3013,3243919024,1062107,0,0,1609,0,0.000000,16384,1409,62107,4,1.000000,0.000000
3014,3244978026,1059002,0,0,1670,0,0.000000,16384,1526,59002,4,1.000000,0.000000
3015,3246034742,1056716,0,0,1830,0,0.000000,16384,1614,56716,4,1.000000,0.000000
3016,3247091442,1056700,0,0,1829,0,0.000000,16384,1605,56700,4,1.000000,0.000000
3017,3248147730,1056288,0,0,1829,0,0.000000,16384,1637,56288,4,1.000000,0.000000
3018,3249203646,1055916,0,0,1828,0,0.000000,16384,1652,55916,4,1.000000,0.000000
3019,3250262210,1058564,0,0,1741,0,0.000000,16384,1549,58564,4,1.000000,0.000000
3020,3251319220,1057010,0,0,1813,0,0.000000,16384,1589,57010,4,1.000000,0.000000
3021,3252385209,1065989,0,0,1837,0,0.000000,16384,1640,65989,4,1.000000,0.000000
3022,3253442216,1057007,0,0,1823,0,0.000000,16384,1647,57007,4,1.000000,0.000000
3023,3254498485,1056269,0,0,1829,0,0.000000,16384,1642,56269,4,1.000000,0.000000
3024,3255554317,1055832,0,0,1829,0,0.000000,16384,1605,55832,4,1.000000,0.000000
3025,3256610054,1055737,0,0,1830,0,0.000000,16384,1609,55737,4,1.000000,0.000000
3026,3257668680,1058626,0,0,1829,0,0.000000,16384,1652,58626,4,1.000000,0.000000
3027,3258725141,1056461,0,0,1813,0,0.000000,16384,1639,56461,4,1.000000,0.000000
3028,3259784250,1059109,0,0,1812,0,0.000000,16384,1600,59109,4,1.000000,0.000000
3029,3260841999,1057749,0,0,1826,0,0.000000,16384,1602,57749,4,1.000000,0.000000
3030,3261897928,1055929,0,0,1827,0,0.000000,16384,1636,55929,4,1.000000,0.000000
3031,3262959620,1061692,0,0,1786,0,0.000000,16384,1618,61692,4,1.000000,0.000000
3032,3264019050,1059430,0,0,1728,0,0.000000,16384,1527,59430,4,1.000000,0.000000
3033,3265077265,1058215,0,0,1829,0,0.000000,16384,1605,58215,4,1.000000,0.000000
3034,3266134170,1056905,0,0,1812,0,0.000000,16384,1629,56905,4,1.000000,0.000000
3035,3267190251,1056081,0,0,1812,0,0.000000,16384,1639,56081,4,1.000000,0.000000
3036,3268247188,1056937,0,0,1747,0,0.000000,16384,1542,56937,4,1.000000,0.000000
3037,3269303421,1056233,0,0,1731,0,0.000000,16384,1519,56233,4,1.000000,0.000000
3038,3270360194,1056773,0,0,1764,0,0.000000,16384,1601,56773,4,1.000000,0.000000
3039,3271416680,1056486,0,0,1772,0,0.000000,16384,1588,56486,4,1.000000,0.000000
3040,3272472935,1056255,0,0,1829,0,0.000000,16384,1605,56255,4,1.000000,0.000000
3041,3273536125,1063190,0,0,1835,0,0.000000,16384,1622,63190,4,1.000000,0.000000
3042,3274592249,1056124,0,0,1814,0,0.000000,16384,1640,56124,4,1.000000,0.000000
3043,3275648207,1055958,0,0,1815,0,0.000000,16384,1640,55958,4,1.000000,0.000000
3044,3276671704,1023497,0,0,1762,0,0.000000,16384,1540,23497,4,1.000000,0.000000
3045,3277728411,1056707,0,0,1827,0,0.000000,16384,1609,56707,4,1.000000,0.000000
3046,3278784322,1055911,0,0,1705,0,0.000000,16384,1554,55911,4,1.000000,0.000000
3047,3279840733,1056411,0,0,1808,0,0.000000,16384,1617,56411,4,1.000000,0.000000
3048,3280896753,1056020,0,0,1792,0,0.000000,16384,1568,56020,4,1.000000,0.000000
3049,3281952727,1055974,0,0,1820,0,0.000000,16384,1616,55974,4,1.000000,0.000000
3050,3283008984,1056257,0,0,1772,0,0.000000,16384,1607,56257,4,1.000000,0.000000
3051,3284070965,1061981,0,0,1763,0,0.000000,16384,1572,61981,4,1.000000,0.000000
3052,3285127852,1056887,0,0,1827,0,0.000000,16384,1602,56887,4,1.000000,0.000000
3053,3286185482,1057630,0,0,1826,0,0.000000,16384,1625,57630,4,1.000000,0.000000
3054,3287241978,1056496,0,0,1824,0,0.000000,16384,1649,56496,4,1.000000,0.000000
3055,3288298017,1056039,0,0,1830,0,0.000000,16384,1647,56039,4,1.000000,0.000000
3056,3289351264,1053247,0,0,1819,0,0.000000,16384,1595,53247,4,1.000000,0.000000
3057,3290442990,1091726,0,0,1821,0,0.000000,16384,1598,91726,4,1.000000,0.000000
3058,3291533477,1090487,0,0,1756,0,0.000000,16384,1596,90487,4,1.000000,0.000000
3059,3292624338,1090861,0,0,1833,0,0.000000,16384,1654,90861,4,1.000000,0.000000
3060,3293704280,1079942,0,0,1842,0,0.000000,16384,1620,79942,4,1.000000,0.000000
3061,3294786850,1082570,0,0,1837,0,0.000000,16384,1613,82570,4,1.000000,0.000000
3062,3295850041,1063191,0,0,1805,0,0.000000,16384,1619,63191,4,1.000000,0.000000
3063,3296913843,1063802,0,0,1793,0,0.000000,16384,1623,63802,4,1.000000,0.000000
3064,3297977372,1063529,0,0,1782,0,0.000000,16384,1578,63529,4,1.000000,0.000000
3065,3299037369,1059997,0,0,1675,0,0.000000,16384,1467,59997,4,1.000000,0.000000
3066,3300094618,1057249,0,0,1671,0,0.000000,16384,1526,57249,4,1.000000,0.000000
3067,3301151125,1056507,0,0,1666,0,0.000000,16384,1459,56507,4,1.000000,0.000000
3068,3302207163,1056038,0,0,1824,0,0.000000,16384,1611,56038,4,1.000000,0.000000
3069,3303296561,1089398,0,0,1824,0,0.000000,16384,1650,89398,4,1.000000,0.000000
3070,3304358845,1062284,0,0,1629,0,0.000000,16384,1456,62284,4,1.000000,0.000000
3071,3305429216,1070371,0,0,1783,0,0.000000,16384,1559,70371,4,1.000000,0.000000
3072,3306486726,1057510,0,0,1822,0,0.000000,16384,1638,57510,4,1.000000,0.000000
3073,3307574010,1087284,0,0,1952,0,0.000000,16384,1751,87284,4,1.000000,0.000000
3074,3308634949,1060939,0,0,1820,0,0.000000,16384,1644,60939,4,1.000000,0.000000
3075,3309671587,1036638,0,0,1778,0,0.000000,16384,1555,36638,4,1.000000,0.000000
3076,3310728461,1056874,0,0,1828,0,0.000000,16384,1605,56874,4,1.000000,0.000000
3077,3311784679,1056218,0,0,1832,0,0.000000,16384,1655,56218,4,1.000000,0.000000
3078,3312840905,1056226,0,0,1828,0,0.000000,16384,1652,56226,4,1.000000,0.000000
3079,3313897009,1056104,0,0,1826,0,0.000000,16384,1618,56104,4,1.000000,0.000000
3080,3314952959,1055950,0,0,1822,0,0.000000,16384,1598,55950,4,1.000000,0.000000
3081,3316017591,1064632,0,0,1816,0,0.000000,16384,1621,64632,4,1.000000,0.000000
3082,3317074743,1057152,0,0,1824,0,0.000000,16384,1648,57152,4,1.000000,0.000000
3083,3318136452,1061709,0,0,1651,0,0.000000,16384,1462,61709,4,1.000000,0.000000
3084,3319197782,1061330,0,0,1796,0,0.000000,16384,1573,61330,4,1.000000,0.000000
3085,3320258435,1060653,0,0,1827,0,0.000000,16384,1650,60653,4,1.000000,0.000000
3086,3321319564,1061129,0,0,1835,0,0.000000,16384,1658,61129,4,1.000000,0.000000
3087,3322376311,1056747,0,0,1834,0,0.000000,16384,1627,56747,4,1.000000,0.000000
3088,3323441001,1064690,0,0,1776,0,0.000000,16384,1552,64690,4,1.000000,0.000000
3089,3324534558,1093557,0,0,1794,0,0.000000,16384,1610,93557,4,1.000000,0.000000
3090,3325627747,1093189,0,0,1858,0,0.000000,16384,1676,93189,4,1.000000,0.000000
3091,3326673620,1045873,0,0,1640,0,0.000000,16384,1445,45873,4,1.000000,0.000000
3092,3327736176,1062556,0,0,1745,0,0.000000,16384,1541,62556,4,1.000000,0.000000
3093,3328800670,1064494,0,0,1669,0,0.000000,16384,1525,64494,4,1.000000,0.000000
3094,3329864391,1063721,0,0,1832,0,0.000000,16384,1621,63721,4,1.000000,0.000000
3095,3330927278,1062887,0,0,1884,0,0.000000,16384,1660,62887,4,1.000000,0.000000
3096,3331989679,1062401,0,0,1894,0,0.000000,16384,1670,62401,4,1.000000,0.000000
3097,3333048793,1059114,0,0,1835,0,0.000000,16384,1658,59114,4,1.000000,0.000000
3098,3334105583,1056790,0,0,1831,0,0.000000,16384,1654,56790,4,1.000000,0.000000
3099,3335161750,1056167,0,0,1832,0,0.000000,16384,1625,56167,4,1.000000,0.000000
3100,3336217928,1056178,0,0,1813,0,0.000000,16384,1590,56178,4,1.000000,0.000000
3101,3337281527,1063599,0,0,1832,0,0.000000,16384,1632,63599,4,1.000000,0.000000
3102,3338367279,1085752,0,0,1940,0,0.000000,16384,1739,85752,4,1.000000,0.000000
3103,3339436867,1069588,0,0,1680,0,0.000000,16384,1521,69588,4,1.000000,0.000000
3104,3340498531,1061664,0,0,1814,0,0.000000,16384,1590,61664,4,1.000000,0.000000
3105,3341557470,1058939,0,0,1797,0,0.000000,16384,1590,58939,4,1.000000,0.000000
3106,3342616321,1058851,0,0,1830,0,0.000000,16384,1654,58851,4,1.000000,0.000000
3107,3343675816,1059495,0,0,1742,0,0.000000,16384,1565,59495,4,1.000000,0.000000
3108,3344735269,1059453,0,0,1805,0,0.000000,16384,1581,59453,4,1.000000,0.000000
3109,3345792692,1057423,0,0,1760,0,0.000000,16384,1565,57423,4,1.000000,0.000000
3110,3346849311,1056619,0,0,1827,0,0.000000,16384,1651,56619,4,1.000000,0.000000
3111,3347926319,1077008,0,0,1847,0,0.000000,16384,1658,77008,4,1.000000,0.000000
3112,3348982822,1056503,0,0,1823,0,0.000000,16384,1598,56503,4,1.000000,0.000000
3113,3350040791,1057969,0,0,1771,0,0.000000,16384,1563,57969,4,1.000000,0.000000
3114,3351098390,1057599,0,0,1817,0,0.000000,16384,1642,57599,4,1.000000,0.000000
3115,3352154821,1056431,0,0,1811,0,0.000000,16384,1635,56431,4,1.000000,0.000000
3116,3353210984,1056163,0,0,1822,0,0.000000,16384,1598,56163,4,1.000000,0.000000
3117,3354268661,1057677,0,0,1819,0,0.000000,16384,1595,57677,4,1.000000,0.000000
3118,3355325289,1056628,0,0,1825,0,0.000000,16384,1647,56628,4,1.000000,0.000000
3119,3356383397,1058108,0,0,1675,0,0.000000,16384,1516,58108,4,1.000000,0.000000
3120,3357440475,1057078,0,0,1771,0,0.000000,16384,1547,57078,4,1.000000,0.000000
3121,3358504138,1063663,0,0,1837,0,0.000000,16384,1632,63663,4,1.000000,0.000000
3122,3359560238,1056100,0,0,1823,0,0.000000,16384,1648,56100,4,1.000000,0.000000
3123,3360616386,1056148,0,0,1816,0,0.000000,16384,1637,56148,4,1.000000,0.000000
3124,3361670389,1054003,0,0,1797,0,0.000000,16384,1690,54003,4,1.000000,0.000000
3125,3362726349,1055960,0,0,1830,0,0.000000,16384,1717,55960,4,1.000000,0.000000
3126,3363786844,1060495,0,0,1746,0,0.000000,16384,1649,60495,4,1.000000,0.000000
3127,3364844890,1058046,0,0,1800,0,0.000000,16384,1692,58046,4,1.000000,0.000000
3128,3365901194,1056304,0,0,1806,0,0.000000,16384,1683,56304,4,1.000000,0.000000
3129,3366958545,1057351,0,0,1794,0,0.000000,16384,1752,57351,4,1.000000,0.000000
3130,3368015659,1057114,0,0,1793,0,0.000000,16384,1793,57114,4,1.000000,0.000000
3131,3369078767,1063108,0,0,1840,0,0.000000,16384,1798,63108,4,1.000000,0.000000
3132,3370135009,1056242,0,0,1798,0,0.000000,16384,1756,56242,4,1.000000,0.000000
3133,3371191141,1056132,0,0,1814,0,0.000000,16384,1813,56132,4,1.000000,0.000000
3134,3372247068,1055927,0,0,1816,0,0.000000,16384,1659,55927,4,1.000000,0.000000
3135,3373303031,1055963,0,0,1818,0,0.000000,16384,1606,55963,4,1.000000,0.000000
3136,3374359149,1056118,0,0,1827,0,0.000000,16384,1652,56118,4,1.000000,0.000000
3137,3375414858,1055709,0,0,1826,0,0.000000,16384,1648,55709,4,1.000000,0.000000
3138,3376470974,1056116,0,0,1821,0,0.000000,16384,1602,56116,4,1.000000,0.000000
3139,3377526690,1055716,0,0,1817,0,0.000000,16384,1593,55716,4,1.000000,0.000000
3140,3378582478,1055788,0,0,1751,0,0.000000,16384,1582,55788,4,1.000000,0.000000
3141,3379641512,1059034,0,0,1837,0,0.000000,16384,1658,59034,4,1.000000,0.000000
3142,3380671824,1030312,0,0,1759,0,0.000000,16384,1547,30312,4,1.000000,0.000000
3143,3381728817,1056993,0,0,1814,0,0.000000,16384,1590,56993,4,1.000000,0.000000
3144,3382784580,1055763,0,0,1825,0,0.000000,16384,1648,55763,4,1.000000,0.000000
3145,3383842863,1058283,0,0,1644,0,0.000000,16384,1485,58283,4,1.000000,0.000000
3146,3384900717,1057854,0,0,1823,0,0.000000,16384,1599,57854,4,1.000000,0.000000
3147,3385958101,1057384,0,0,1780,0,0.000000,16384,1581,57384,4,1.000000,0.000000
3148,3387014921,1056820,0,0,1834,0,0.000000,16384,1657,56820,4,1.000000,0.000000
3149,3388071751,1056830,0,0,1832,0,0.000000,16384,1648,56830,4,1.000000,0.000000
3150,3389127733,1055982,0,0,1821,0,0.000000,16384,1597,55982,4,1.000000,0.000000
3151,3390192183,1064450,0,0,1825,0,0.000000,16384,1602,64450,4,1.000000,0.000000
3152,3391250180,1057997,0,0,1817,0,0.000000,16384,1642,57997,4,1.000000,0.000000
3153,3392306731,1056551,0,0,1817,0,0.000000,16384,1643,56551,4,1.000000,0.000000
3154,3393363910,1057179,0,0,1811,0,0.000000,16384,1599,57179,4,1.000000,0.000000
3155,3394421792,1057882,0,0,1826,0,0.000000,16384,1602,57882,4,1.000000,0.000000
3156,3395478133,1056341,0,0,1823,0,0.000000,16384,1633,56341,4,1.000000,0.000000
3157,3396534502,1056369,0,0,1823,0,0.000000,16384,1648,56369,4,1.000000,0.000000
3158,3397590613,1056111,0,0,1819,0,0.000000,16384,1624,56111,4,1.000000,0.000000
3159,3398646435,1055822,0,0,1827,0,0.000000,16384,1603,55822,4,1.000000,0.000000
3160,3399670537,1024102,0,0,1762,0,0.000000,16384,1565,24102,4,1.000000,0.000000
3161,3400740049,1069512,0,0,1838,0,0.000000,16384,1660,69512,4,1.000000,0.000000
3162,3401796554,1056505,0,0,1823,0,0.000000,16384,1638,56505,4,1.000000,0.000000
3163,3402852382,1055828,0,0,1826,0,0.000000,16384,1602,55828,4,1.000000,0.000000
3164,3403910844,1058462,0,0,1757,0,0.000000,16384,1551,58462,4,1.000000,0.000000
3165,3404968428,1057584,0,0,1799,0,0.000000,16384,1628,57584,4,1.000000,0.000000
3166,3406025778,1057350,0,0,1829,0,0.000000,16384,1646,57350,4,1.000000,0.000000
3167,3407083998,1058220,0,0,1824,0,0.000000,16384,1600,58220,4,1.000000,0.000000
3168,3408141095,1057097,0,0,1831,0,0.000000,16384,1607,57097,4,1.000000,0.000000
3169,3409197096,1056001,0,0,1818,0,0.000000,16384,1642,56001,4,1.000000,0.000000
3170,3410253026,1055930,0,0,1822,0,0.000000,16384,1647,55930,4,1.000000,0.000000
3171,3411317993,1064967,0,0,1830,0,0.000000,16384,1621,64967,4,1.000000,0.000000
3172,3412374186,1056193,0,0,1822,0,0.000000,16384,1598,56193,4,1.000000,0.000000
3173,3413429898,1055712,0,0,1822,0,0.000000,16384,1626,55712,4,1.000000,0.000000
3174,3414485643,1055745,0,0,1821,0,0.000000,16384,1646,55745,4,1.000000,0.000000
3175,3415544236,1058593,0,0,1729,0,0.000000,16384,1540,58593,4,1.000000,0.000000
3176,3416603137,1058901,0,0,1742,0,0.000000,16384,1518,58901,4,1.000000,0.000000
3177,3417662120,1058983,0,0,1649,0,0.000000,16384,1506,58983,4,1.000000,0.000000
3178,3418670781,1008661,0,0,1732,0,0.000000,16384,1539,8661,4,1.000000,0.000000
3179,3419729093,1058312,0,0,1788,0,0.000000,16384,1564,58312,4,1.000000,0.000000
3180,3420786342,1057249,0,0,1797,0,0.000000,16384,1616,57249,4,1.000000,0.000000
3181,3421848550,1062208,0,0,1833,0,0.000000,16384,1656,62208,4,1.000000,0.000000
3182,3422904376,1055826,0,0,1808,0,0.000000,16384,1606,55826,4,1.000000,0.000000
3183,3423963398,1059022,0,0,1756,0,0.000000,16384,1532,59022,4,1.000000,0.000000
3184,3425020447,1057049,0,0,1821,0,0.000000,16384,1636,57049,4,1.000000,0.000000
3185,3426076738,1056291,0,0,1826,0,0.000000,16384,1650,56291,4,1.000000,0.000000
3186,3427133724,1056986,0,0,1824,0,0.000000,16384,1625,56986,4,1.000000,0.000000
3187,3428191098,1057374,0,0,1821,0,0.000000,16384,1596,57374,4,1.000000,0.000000
3188,3429247111,1056013,0,0,1812,0,0.000000,16384,1611,56013,4,1.000000,0.000000
3189,3430303605,1056494,0,0,1820,0,0.000000,16384,1645,56494,4,1.000000,0.000000
3190,3431359904,1056299,0,0,1815,0,0.000000,16384,1632,56299,4,1.000000,0.000000
3191,3432422625,1062721,0,0,1815,0,0.000000,16384,1591,62721,4,1.000000,0.000000
3192,3433479434,1056809,0,0,1820,0,0.000000,16384,1603,56809,4,1.000000,0.000000
3193,3434535191,1055757,0,0,1821,0,0.000000,16384,1644,55757,4,1.000000,0.000000
3194,3435591090,1055899,0,0,1823,0,0.000000,16384,1647,55899,4,1.000000,0.000000
3195,3436646938,1055848,0,0,1826,0,0.000000,16384,1612,55848,4,1.000000,0.000000
3196,3437670437,1023499,0,0,1763,0,0.000000,16384,1538,23499,4,1.000000,0.000000
3197,3438726046,1055609,0,0,1818,0,0.000000,16384,1642,55609,4,1.000000,0.000000
3198,3439803389,1077343,0,0,1741,0,0.000000,16384,1582,77343,4,1.000000,0.000000
3199,3440864953,1061564,0,0,1721,0,0.000000,16384,1497,61564,4,1.000000,0.000000
3200,3441923839,1058886,0,0,1811,0,0.000000,16384,1607,58886,4,1.000000,0.000000
3201,3442988877,1065038,0,0,1836,0,0.000000,16384,1659,65038,4,1.000000,0.000000
3202,3444047757,1058880,0,0,1776,0,0.000000,16384,1597,58880,4,1.000000,0.000000
3203,3445106613,1058856,0,0,1657,0,0.000000,16384,1433,58856,4,1.000000,0.000000
3204,3446165924,1059311,0,0,1828,0,0.000000,16384,1644,59311,4,1.000000,0.000000
3205,3447222773,1056849,0,0,1825,0,0.000000,16384,1650,56849,4,1.000000,0.000000
3206,3448279486,1056713,0,0,1824,0,0.000000,16384,1623,56713,4,1.000000,0.000000
3207,3449335390,1055904,0,0,1820,0,0.000000,16384,1596,55904,4,1.000000,0.000000
3208,3450392125,1056735,0,0,1669,0,0.000000,16384,1497,56735,4,1.000000,0.000000
3209,3451449294,1057169,0,0,1760,0,0.000000,16384,1596,57169,4,1.000000,0.000000
3210,3452505995,1056701,0,0,1816,0,0.000000,16384,1592,56701,4,1.000000,0.000000
3211,3453577946,1071951,0,0,1848,0,0.000000,16384,1624,71951,4,1.000000,0.000000
3212,3454634342,1056396,0,0,1825,0,0.000000,16384,1642,56396,4,1.000000,0.000000
3213,3455670584,1036242,0,0,1788,0,0.000000,16384,1620,36242,4,1.000000,0.000000
3214,3456726677,1056093,0,0,1825,0,0.000000,16384,1616,56093,4,1.000000,0.000000
3215,3457782509,1055832,0,0,1828,0,0.000000,16384,1603,55832,4,1.000000,0.000000
3216,3458839009,1056500,0,0,1827,0,0.000000,16384,1631,56500,4,1.000000,0.000000
3217,3459895583,1056574,0,0,1823,0,0.000000,16384,1648,56574,4,1.000000,0.000000
3218,3460951369,1055786,0,0,1822,0,0.000000,16384,1633,55786,4,1.000000,0.000000
3219,3462007317,1055948,0,0,1831,0,0.000000,16384,1608,55948,4,1.000000,0.000000
3220,3463062999,1055682,0,0,1810,0,0.000000,16384,1595,55682,4,1.000000,0.000000
3221,3464126363,1063364,0,0,1786,0,0.000000,16384,1617,63364,4,1.000000,0.000000
3222,3465183515,1057152,0,0,1811,0,0.000000,16384,1635,57152,4,1.000000,0.000000
3223,3466239791,1056276,0,0,1825,0,0.000000,16384,1601,56276,4,1.000000,0.000000
3224,3467295637,1055846,0,0,1831,0,0.000000,16384,1607,55846,4,1.000000,0.000000
3225,3468351967,1056330,0,0,1818,0,0.000000,16384,1639,56330,4,1.000000,0.000000
3226,3469408513,1056546,0,0,1827,0,0.000000,16384,1651,56546,4,1.000000,0.000000
3227,3470464095,1055582,0,0,1800,0,0.000000,16384,1595,55582,4,1.000000,0.000000
3228,3471542461,1078366,0,0,1853,0,0.000000,16384,1629,78366,4,1.000000,0.000000
3229,3472637804,1095343,0,0,1859,0,0.000000,16384,1651,95343,4,1.000000,0.000000
3230,3473704006,1066202,0,0,1822,0,0.000000,16384,1647,66202,4,1.000000,0.000000
3231,3474776878,1072872,0,0,1828,0,0.000000,16384,1650,72872,4,1.000000,0.000000
3232,3475840211,1063333,0,0,1801,0,0.000000,16384,1578,63333,4,1.000000,0.000000
3233,3476903634,1063423,0,0,1794,0,0.000000,16384,1577,63423,4,1.000000,0.000000
3234,3477967170,1063536,0,0,1787,0,0.000000,16384,1619,63536,4,1.000000,0.000000
3235,3479027644,1060474,0,0,1669,0,0.000000,16384,1494,60474,4,1.000000,0.000000
3236,3480085470,1057826,0,0,1674,0,0.000000,16384,1459,57826,4,1.000000,0.000000
3237,3481143299,1057829,0,0,1717,0,0.000000,16384,1563,57829,4,1.000000,0.000000
3238,3482199882,1056583,0,0,1823,0,0.000000,16384,1632,56583,4,1.000000,0.000000
3239,3483255919,1056037,0,0,1824,0,0.000000,16384,1600,56037,4,1.000000,0.000000
3240,3484315057,1059138,0,0,1680,0,0.000000,16384,1494,59138,4,1.000000,0.000000
3241,3485383614,1068557,0,0,1842,0,0.000000,16384,1663,68557,4,1.000000,0.000000
3242,3486470936,1087322,0,0,1938,0,0.000000,16384,1739,87322,4,1.000000,0.000000
3243,3487560318,1089382,0,0,1972,0,0.000000,16384,1752,89382,4,1.000000,0.000000
3244,3488648713,1088395,0,0,1981,0,0.000000,16384,1757,88395,4,1.000000,0.000000
3245,3489704099,1055386,0,0,1918,0,0.000000,16384,1694,55386,4,1.000000,0.000000
3246,3490766434,1062335,0,0,1930,0,0.000000,16384,1706,62335,4,1.000000,0.000000
3247,3491828788,1062354,0,0,1901,0,0.000000,16384,1692,62354,4,1.000000,0.000000
3248,3492890982,1062194,0,0,1917,0,0.000000,16384,1721,62194,4,1.000000,0.000000
3249,3493953219,1062237,0,0,1910,0,0.000000,16384,1717,62237,4,1.000000,0.000000
3250,3495012335,1059116,0,0,1814,0,0.000000,16384,1627,59116,4,1.000000,0.000000
3251,3496076355,1064020,0,0,1837,0,0.000000,16384,1614,64020,4,1.000000,0.000000
3252,3497134290,1057935,0,0,1753,0,0.000000,16384,1549,57935,4,1.000000,0.000000
3253,3498191792,1057502,0,0,1646,0,0.000000,16384,1506,57502,4,1.000000,0.000000
3254,3499248802,1057010,0,0,1664,0,0.000000,16384,1448,57010,4,1.000000,0.000000
3255,3500305513,1056711,0,0,1663,0,0.000000,16384,1492,56711,4,1.000000,0.000000
3256,3501362527,1057014,0,0,1666,0,0.000000,16384,1501,57014,4,1.000000,0.000000
3257,3502418808,1056281,0,0,1665,0,0.000000,16384,1443,56281,4,1.000000,0.000000
3258,3503475112,1056304,0,0,1662,0,0.000000,16384,1521,56304,4,1.000000,0.000000
3259,3504535528,1060416,0,0,1592,0,0.000000,16384,1395,60416,4,1.000000,0.000000
3260,3505593908,1058380,0,0,1645,0,0.000000,16384,1473,58380,4,1.000000,0.000000
3261,3506672642,1078734,0,0,1815,0,0.000000,16384,1641,78734,4,1.000000,0.000000
3262,3507730601,1057959,0,0,1808,0,0.000000,16384,1594,57959,4,1.000000,0.000000
3263,3508788023,1057422,0,0,1826,0,0.000000,16384,1602,57422,4,1.000000,0.000000
3264,3509845212,1057189,0,0,1762,0,0.000000,16384,1587,57189,4,1.000000,0.000000
3265,3510901603,1056391,0,0,1778,0,0.000000,16384,1612,56391,4,1.000000,0.000000
3266,3511957771,1056168,0,0,1823,0,0.000000,16384,1604,56168,4,1.000000,0.000000
3267,3513013667,1055896,0,0,1822,0,0.000000,16384,1597,55896,4,1.000000,0.000000
3268,3514069507,1055840,0,0,1824,0,0.000000,16384,1640,55840,4,1.000000,0.000000
3269,3515125243,1055736,0,0,1823,0,0.000000,16384,1647,55736,4,1.000000,0.000000
3270,3516181112,1055869,0,0,1814,0,0.000000,16384,1615,55869,4,1.000000,0.000000
3271,3517241632,1060520,0,0,1829,0,0.000000,16384,1605,60520,4,1.000000,0.000000
3272,3518297517,1055885,0,0,1823,0,0.000000,16384,1619,55885,4,1.000000,0.000000
3273,3519353270,1055753,0,0,1832,0,0.000000,16384,1655,55753,4,1.000000,0.000000
3274,3520409827,1056557,0,0,1803,0,0.000000,16384,1624,56557,4,1.000000,0.000000
3275,3521465761,1055934,0,0,1823,0,0.000000,16384,1599,55934,4,1.000000,0.000000
3276,3522522620,1056859,0,0,1824,0,0.000000,16384,1601,56859,4,1.000000,0.000000
3277,3523578934,1056314,0,0,1806,0,0.000000,16384,1634,56314,4,1.000000,0.000000
3278,3524636790,1057856,0,0,1770,0,0.000000,16384,1605,57856,4,1.000000,0.000000
3279,3525670467,1033677,0,0,1782,0,0.000000,16384,1558,33677,4,1.000000,0.000000
3280,3526726510,1056043,0,0,1816,0,0.000000,16384,1599,56043,4,1.000000,0.000000
3281,3527787924,1061414,0,0,1836,0,0.000000,16384,1656,61414,4,1.000000,0.000000
3282,3528845381,1057457,0,0,1830,0,0.000000,16384,1654,57457,4,1.000000,0.000000
3283,3529901246,1055865,0,0,1825,0,0.000000,16384,1614,55865,4,1.000000,0.000000
3284,3530957922,1056676,0,0,1826,0,0.000000,16384,1602,56676,4,1.000000,0.000000
3285,3532013715,1055793,0,0,1823,0,0.000000,16384,1629,55793,4,1.000000,0.000000
3286,3533069541,1055826,0,0,1826,0,0.000000,16384,1650,55826,4,1.000000,0.000000
3287,3534125118,1055577,0,0,1826,0,0.000000,16384,1635,55577,4,1.000000,0.000000
3288,3535180792,1055674,0,0,1829,0,0.000000,16384,1606,55674,4,1.000000,0.000000
3289,3536236562,1055770,0,0,1804,0,0.000000,16384,1592,55770,4,1.000000,0.000000
3290,3537292234,1055672,0,0,1815,0,0.000000,16384,1641,55672,4,1.000000,0.000000
3291,3538352103,1059869,0,0,1828,0,0.000000,16384,1650,59869,4,1.000000,0.000000
3292,3539408272,1056169,0,0,1821,0,0.000000,16384,1601,56169,4,1.000000,0.000000
3293,3540475914,1067642,0,0,1679,0,0.000000,16384,1477,67642,4,1.000000,0.000000
3294,3541538903,1062989,0,0,1563,0,0.000000,16384,1429,62989,4,1.000000,0.000000
3295,3542596053,1057150,0,0,1821,0,0.000000,16384,1597,57150,4,1.000000,0.000000
3296,3543653046,1056993,0,0,1816,0,0.000000,16384,1602,56993,4,1.000000,0.000000
3297,3544674227,1021181,0,0,1638,0,0.000000,16384,1500,21181,4,1.000000,0.000000
3298,3545734823,1060596,0,0,1537,0,0.000000,16384,1329,60596,4,1.000000,0.000000
3299,3546793194,1058371,0,0,1665,0,0.000000,16384,1514,58371,4,1.000000,0.000000
3300,3547849934,1056740,0,0,1803,0,0.000000,16384,1618,56740,4,1.000000,0.000000
3301,3548918511,1068577,0,0,1755,0,0.000000,16384,1530,68577,4,1.000000,0.000000
3302,3549976883,1058372,0,0,1770,0,0.000000,16384,1580,58372,4,1.000000,0.000000
3303,3551035586,1058703,0,0,1755,0,0.000000,16384,1593,58703,4,1.000000,0.000000
3304,3552092806,1057220,0,0,1815,0,0.000000,16384,1608,57220,4,1.000000,0.000000
3305,3553149305,1056499,0,0,1824,0,0.000000,16384,1600,56499,4,1.000000,0.000000
3306,3554205391,1056086,0,0,1829,0,0.000000,16384,1632,56086,4,1.000000,0.000000
3307,3555261023,1055632,0,0,1827,0,0.000000,16384,1651,55632,4,1.000000,0.000000
3308,3556317905,1056882,0,0,1782,0,0.000000,16384,1595,56882,4,1.000000,0.000000
3309,3557374211,1056306,0,0,1815,0,0.000000,16384,1590,56306,4,1.000000,0.000000
3310,3558430750,1056539,0,0,1756,0,0.000000,16384,1563,56539,4,1.000000,0.000000
3311,3559504085,1073335,0,0,1838,0,0.000000,16384,1660,73335,4,1.000000,0.000000
3312,3560560254,1056169,0,0,1816,0,0.000000,16384,1627,56169,4,1.000000,0.000000
3313,3561616037,1055783,0,0,1823,0,0.000000,16384,1600,55783,4,1.000000,0.000000
3314,3562672003,1055966,0,0,1749,0,0.000000,16384,1550,55966,4,1.000000,0.000000
3315,3563729687,1057684,0,0,1764,0,0.000000,16384,1600,57684,4,1.000000,0.000000
3316,3564789898,1060211,0,0,1724,0,0.000000,16384,1527,60211,4,1.000000,0.000000
3317,3565849220,1059322,0,0,1828,0,0.000000,16384,1603,59322,4,1.000000,0.000000
3318,3566906340,1057120,0,0,1825,0,0.000000,16384,1638,57120,4,1.000000,0.000000
3319,3567963125,1056785,0,0,1698,0,0.000000,16384,1549,56785,4,1.000000,0.000000
3320,3569019997,1056872,0,0,1813,0,0.000000,16384,1590,56872,4,1.000000,0.000000
3321,3570086692,1066695,0,0,1742,0,0.000000,16384,1531,66695,4,1.000000,0.000000
3322,3571143425,1056733,0,0,1808,0,0.000000,16384,1636,56733,4,1.000000,0.000000
3323,3572198844,1055419,0,0,1823,0,0.000000,16384,1646,55419,4,1.000000,0.000000
3324,3573254445,1055601,0,0,1783,0,0.000000,16384,1559,55601,4,1.000000,0.000000
3325,3574310114,1055669,0,0,1820,0,0.000000,16384,1601,55669,4,1.000000,0.000000
3326,3575366173,1056059,0,0,1829,0,0.000000,16384,1651,56059,4,1.000000,0.000000
3327,3576421998,1055825,0,0,1789,0,0.000000,16384,1620,55825,4,1.000000,0.000000
3328,3577477966,1055968,0,0,1825,0,0.000000,16384,1607,55968,4,1.000000,0.000000
3329,3578534161,1056195,0,0,1826,0,0.000000,16384,1591,56195,4,1.000000,0.000000
3330,3579590395,1056234,0,0,1840,0,0.000000,16384,1469,56234,4,1.000000,0.000000
3331,3580652501,1062106,0,0,1845,0,0.000000,16384,1472,62106,4,1.000000,0.000000
3332,3581670668,1018167,0,0,1699,0,0.000000,16384,1451,18167,4,1.000000,0.000000
3333,3582726409,1055741,0,0,1821,0,0.000000,16384,1646,55741,4,1.000000,0.000000
3334,3583782278,1055869,0,0,1814,0,0.000000,16384,1607,55869,4,1.000000,0.000000
3335,3584839405,1057127,0,0,1755,0,0.000000,16384,1531,57127,4,1.000000,0.000000
3336,3585896720,1057315,0,0,1789,0,0.000000,16384,1614,57315,4,1.000000,0.000000
3337,3586953188,1056468,0,0,1808,0,0.000000,16384,1636,56468,4,1.000000,0.000000
3338,3588009453,1056265,0,0,1828,0,0.000000,16384,1615,56265,4,1.000000,0.000000
3339,3589066189,1056736,0,0,1796,0,0.000000,16384,1572,56736,4,1.000000,0.000000
3340,3590121875,1055686,0,0,1821,0,0.000000,16384,1635,55686,4,1.000000,0.000000
3341,3591188880,1067005,0,0,1697,0,0.000000,16384,1547,67005,4,1.000000,0.000000
3342,3592285510,1096630,0,0,1505,0,0.000000,16384,1295,96630,4,1.000000,0.000000
3343,3593350088,1064578,0,0,1637,0,0.000000,16384,1499,64578,4,1.000000,0.000000
3344,3594410978,1060890,0,0,1662,0,0.000000,16384,1449,60890,4,1.000000,0.000000
3345,3595501126,1090148,0,0,1826,0,0.000000,16384,1620,90148,4,1.000000,0.000000
3346,3596591813,1090687,0,0,1849,0,0.000000,16384,1669,90687,4,1.000000,0.000000
3347,3597684119,1092306,0,0,1860,0,0.000000,16384,1675,92306,4,1.000000,0.000000
3348,3598704629,1020510,0,0,1751,0,0.000000,16384,1539,20510,4,1.000000,0.000000
3349,3599768176,1063547,0,0,1814,0,0.000000,16384,1590,63547,4,1.000000,0.000000
3350,3600830392,1062216,0,0,1784,0,0.000000,16384,1618,62216,4,1.000000,0.000000
3351,3601910268,1079876,0,0,1849,0,0.000000,16384,1667,79876,4,1.000000,0.000000
3352,3602972557,1062289,0,0,1909,0,0.000000,16384,1697,62289,4,1.000000,0.000000
3353,3604034733,1062176,0,0,1904,0,0.000000,16384,1680,62176,4,1.000000,0.000000
3354,3605096797,1062064,0,0,1772,0,0.000000,16384,1557,62064,4,1.000000,0.000000
3355,3606157065,1060268,0,0,1807,0,0.000000,16384,1635,60268,4,1.000000,0.000000
3356,3607214622,1057557,0,0,1827,0,0.000000,16384,1648,57557,4,1.000000,0.000000
3357,3608281079,1066457,0,0,1650,0,0.000000,16384,1432,66457,4,1.000000,0.000000
3358,3609346530,1065451,0,0,1452,0,0.000000,16384,1331,65451,4,1.000000,0.000000
3359,3610407103,1060573,0,0,1640,0,0.000000,16384,1425,60573,4,1.000000,0.000000
3360,3611466866,1059763,0,0,1674,0,0.000000,16384,1505,59763,4,1.000000,0.000000
3361,3612558246,1091380,0,0,1833,0,0.000000,16384,1655,91380,4,1.000000,0.000000
3362,3613615592,1057346,0,0,1822,0,0.000000,16384,1609,57346,4,1.000000,0.000000
3363,3614673287,1057695,0,0,1807,0,0.000000,16384,1583,57695,4,1.000000,0.000000
3364,3615733784,1060497,0,0,1814,0,0.000000,16384,1629,60497,4,1.000000,0.000000
3365,3616790661,1056877,0,0,1826,0,0.000000,16384,1650,56877,4,1.000000,0.000000
3366,3617847035,1056374,0,0,1819,0,0.000000,16384,1620,56374,4,1.000000,0.000000
3367,3618902917,1055882,0,0,1829,0,0.000000,16384,1605,55882,4,1.000000,0.000000
3368,3619958622,1055705,0,0,1835,0,0.000000,16384,1627,55705,4,1.000000,0.000000
3369,3621014739,1056117,0,0,1798,0,0.000000,16384,1627,56117,4,1.000000,0.000000
3370,3622070510,1055771,0,0,1831,0,0.000000,16384,1650,55771,4,1.000000,0.000000
3371,3623134459,1063949,0,0,1840,0,0.000000,16384,1616,63949,4,1.000000,0.000000
3372,3624190269,1055810,0,0,1823,0,0.000000,16384,1599,55810,4,1.000000,0.000000
3373,3625251528,1061259,0,0,1579,0,0.000000,16384,1449,61259,4,1.000000,0.000000
3374,3626319205,1067677,0,0,1506,0,0.000000,16384,1300,67677,4,1.000000,0.000000
3375,3627383660,1064455,0,0,1760,0,0.000000,16384,1594,64455,4,1.000000,0.000000
3376,3628447175,1063515,0,0,1823,0,0.000000,16384,1646,63515,4,1.000000,0.000000
3377,3629505027,1057852,0,0,1667,0,0.000000,16384,1450,57852,4,1.000000,0.000000
3378,3630564094,1059067,0,0,1776,0,0.000000,16384,1583,59067,4,1.000000,0.000000
3379,3631620685,1056591,0,0,1801,0,0.000000,16384,1629,56591,4,1.000000,0.000000
3380,3632670543,1049858,0,0,1804,0,0.000000,16384,1609,49858,4,1.000000,0.000000
3381,3633754707,1084164,0,0,1847,0,0.000000,16384,1623,84164,4,1.000000,0.000000
3382,3634811474,1056767,0,0,1800,0,0.000000,16384,1595,56767,4,1.000000,0.000000
3383,3635867653,1056179,0,0,1755,0,0.000000,16384,1594,56179,4,1.000000,0.000000
3384,3636923699,1056046,0,0,1821,0,0.000000,16384,1627,56046,4,1.000000,0.000000
3385,3637979274,1055575,0,0,1824,0,0.000000,16384,1600,55575,4,1.000000,0.000000
3386,3639035287,1056013,0,0,1824,0,0.000000,16384,1614,56013,4,1.000000,0.000000
3387,3640091901,1056614,0,0,1819,0,0.000000,16384,1644,56614,4,1.000000,0.000000
3388,3641153281,1061380,0,0,1623,0,0.000000,16384,1448,61380,4,1.000000,0.000000
3389,3642228660,1075379,0,0,1501,0,0.000000,16384,1330,75379,4,1.000000,0.000000
3390,3643296155,1067495,0,0,1650,0,0.000000,16384,1484,67495,4,1.000000,0.000000
3391,3644410182,1114027,0,0,1859,0,0.000000,16384,1636,114027,4,1.000000,0.000000
3392,3645476286,1066104,0,0,1570,0,0.000000,16384,1414,66104,4,1.000000,0.000000
3393,3646569871,1093585,0,0,1695,0,0.000000,16384,1515,93585,4,1.000000,0.000000
3394,3647661947,1092076,0,0,1846,0,0.000000,16384,1622,92076,4,1.000000,0.000000
3395,3648711451,1049504,0,0,1795,0,0.000000,16384,1597,49504,4,1.000000,0.000000
3396,3649775689,1064238,0,0,1814,0,0.000000,16384,1641,64238,4,1.000000,0.000000
3397,3650838686,1062997,0,0,1785,0,0.000000,16384,1596,62997,4,1.000000,0.000000
3398,3651901366,1062680,0,0,1746,0,0.000000,16384,1522,62680,4,1.000000,0.000000
3399,3652960397,1059031,0,0,1825,0,0.000000,16384,1632,59031,4,1.000000,0.000000
3400,3654017532,1057135,0,0,1787,0,0.000000,16384,1619,57135,4,1.000000,0.000000
3401,3655087315,1069783,0,0,1848,0,0.000000,16384,1649,69783,4,1.000000,0.000000
3402,3656143606,1056291,0,0,1823,0,0.000000,16384,1599,56291,4,1.000000,0.000000
3403,3657206103,1062497,0,0,1688,0,0.000000,16384,1505,62497,4,1.000000,0.000000
3404,3658273930,1067827,0,0,1419,0,0.000000,16384,1266,67827,4,1.000000,0.000000
3405,3659335359,1061429,0,0,1757,0,0.000000,16384,1556,61429,4,1.000000,0.000000
3406,3660392903,1057544,0,0,1825,0,0.000000,16384,1649,57544,4,1.000000,0.000000
3407,3661450165,1057262,0,0,1800,0,0.000000,16384,1617,57262,4,1.000000,0.000000
3408,3662508381,1058216,0,0,1823,0,0.000000,16384,1599,58216,4,1.000000,0.000000
3409,3663563997,1055616,0,0,1826,0,0.000000,16384,1609,55616,4,1.000000,0.000000
3410,3664619817,1055820,0,0,1824,0,0.000000,16384,1647,55820,4,1.000000,0.000000
3411,3665673380,1053563,0,0,1734,0,0.000000,16384,1568,53563,4,1.000000,0.000000
3412,3666731941,1058561,0,0,1709,0,0.000000,16384,1485,58561,4,1.000000,0.000000
3413,3667788914,1056973,0,0,1832,0,0.000000,16384,1635,56973,4,1.000000,0.000000
3414,3668845020,1056106,0,0,1812,0,0.000000,16384,1639,56106,4,1.000000,0.000000
3415,3669902169,1057149,0,0,1795,0,0.000000,16384,1604,57149,4,1.000000,0.000000
3416,3670958494,1056325,0,0,1745,0,0.000000,16384,1522,56325,4,1.000000,0.000000
3417,3672014178,1055684,0,0,1825,0,0.000000,16384,1632,55684,4,1.000000,0.000000
3418,3673069812,1055634,0,0,1825,0,0.000000,16384,1649,55634,4,1.000000,0.000000
3419,3674125541,1055729,0,0,1825,0,0.000000,16384,1634,55729,4,1.000000,0.000000
3420,3675180853,1055312,0,0,1823,0,0.000000,16384,1599,55312,4,1.000000,0.000000
3421,3676247094,1066241,0,0,1842,0,0.000000,16384,1625,66241,4,1.000000,0.000000
3422,3677303031,1055937,0,0,1818,0,0.000000,16384,1642,55937,4,1.000000,0.000000
3423,3678358911,1055880,0,0,1812,0,0.000000,16384,1638,55880,4,1.000000,0.000000
3424,3679416372,1057461,0,0,1823,0,0.000000,16384,1606,57461,4,1.000000,0.000000
3425,3680472985,1056613,0,0,1815,0,0.000000,16384,1591,56613,4,1.000000,0.000000
3426,3681529727,1056742,0,0,1830,0,0.000000,16384,1644,56742,4,1.000000,0.000000
3427,3682586930,1057203,0,0,1825,0,0.000000,16384,1649,57203,4,1.000000,0.000000
3428,3683645301,1058371,0,0,1790,0,0.000000,16384,1591,58371,4,1.000000,0.000000
3429,3684671108,1025807,0,0,1769,0,0.000000,16384,1546,25807,4,1.000000,0.000000
3430,3685732279,1061171,0,0,1618,0,0.000000,16384,1473,61171,4,1.000000,0.000000
3431,3686804521,1072242,0,0,1679,0,0.000000,16384,1488,72242,4,1.000000,0.000000
3432,3687862192,1057671,0,0,1776,0,0.000000,16384,1552,57671,4,1.000000,0.000000
3433,3688918707,1056515,0,0,1807,0,0.000000,16384,1635,56515,4,1.000000,0.000000
3434,3689975110,1056403,0,0,1793,0,0.000000,16384,1624,56403,4,1.000000,0.000000
3435,3691030917,1055807,0,0,1829,0,0.000000,16384,1610,55807,4,1.000000,0.000000
3436,3692088215,1057298,0,0,1816,0,0.000000,16384,1592,57298,4,1.000000,0.000000
3437,3693145210,1056995,0,0,1800,0,0.000000,16384,1620,56995,4,1.000000,0.000000
3438,3694200996,1055786,0,0,1817,0,0.000000,16384,1643,55786,4,1.000000,0.000000
3439,3695257146,1056150,0,0,1811,0,0.000000,16384,1605,56150,4,1.000000,0.000000
3440,3696313455,1056309,0,0,1823,0,0.000000,16384,1599,56309,4,1.000000,0.000000
3441,3697375926,1062471,0,0,1836,0,0.000000,16384,1637,62471,4,1.000000,0.000000
3442,3698431710,1055784,0,0,1800,0,0.000000,16384,1630,55784,4,1.000000,0.000000
3443,3699487353,1055643,0,0,1827,0,0.000000,16384,1636,55643,4,1.000000,0.000000
3444,3700543174,1055821,0,0,1814,0,0.000000,16384,1589,55821,4,1.000000,0.000000
3445,3701599047,1055873,0,0,1811,0,0.000000,16384,1602,55873,4,1.000000,0.000000
3446,3702655505,1056458,0,0,1673,0,0.000000,16384,1528,56458,4,1.000000,0.000000
3447,3703671421,1015916,0,0,1597,0,0.000000,16384,1392,15916,4,1.000000,0.000000
3448,3704728315,1056894,0,0,1649,0,0.000000,16384,1486,56894,4,1.000000,0.000000
3449,3705786265,1057950,0,0,1767,0,0.000000,16384,1594,57950,4,1.000000,0.000000
3450,3706843413,1057148,0,0,1822,0,0.000000,16384,1598,57148,4,1.000000,0.000000
3451,3707907675,1064262,0,0,1822,0,0.000000,16384,1602,64262,4,1.000000,0.000000
3452,3708964613,1056938,0,0,1814,0,0.000000,16384,1638,56938,4,1.000000,0.000000
3453,3710020927,1056314,0,0,1814,0,0.000000,16384,1641,56314,4,1.000000,0.000000
3454,3711077138,1056211,0,0,1814,0,0.000000,16384,1599,56211,4,1.000000,0.000000
3455,3712132843,1055705,0,0,1823,0,0.000000,16384,1599,55705,4,1.000000,0.000000
3456,3713189517,1056674,0,0,1836,0,0.000000,16384,1646,56674,4,1.000000,0.000000
3457,3714245161,1055644,0,0,1813,0,0.000000,16384,1640,55644,4,1.000000,0.000000
3458,3715300906,1055745,0,0,1827,0,0.000000,16384,1629,55745,4,1.000000,0.000000
3459,3716357153,1056247,0,0,1814,0,0.000000,16384,1591,56247,4,1.000000,0.000000
3460,3717412928,1055775,0,0,1817,0,0.000000,16384,1612,55775,4,1.000000,0.000000
3461,3718472472,1059544,0,0,1807,0,0.000000,16384,1635,59544,4,1.000000,0.000000
3462,3719528573,1056101,0,0,1823,0,0.000000,16384,1640,56101,4,1.000000,0.000000
3463,3720585069,1056496,0,0,1803,0,0.000000,16384,1579,56496,4,1.000000,0.000000
3464,3721640707,1055638,0,0,1827,0,0.000000,16384,1610,55638,4,1.000000,0.000000
3465,3722672470,1031763,0,0,1778,0,0.000000,16384,1611,31763,4,1.000000,0.000000
3466,3723728498,1056028,0,0,1827,0,0.000000,16384,1651,56028,4,1.000000,0.000000
3467,3724785140,1056642,0,0,1815,0,0.000000,16384,1591,56642,4,1.000000,0.000000
3468,3725845731,1060591,0,0,1555,0,0.000000,16384,1382,60591,4,1.000000,0.000000
3469,3726907467,1061736,0,0,1534,0,0.000000,16384,1371,61736,4,1.000000,0.000000
3470,3727965779,1058312,0,0,1627,0,0.000000,16384,1438,58312,4,1.000000,0.000000
3471,3729041195,1075416,0,0,1832,0,0.000000,16384,1655,75416,4,1.000000,0.000000
3472,3730098752,1057557,0,0,1827,0,0.000000,16384,1633,57557,4,1.000000,0.000000
3473,3731155439,1056687,0,0,1800,0,0.000000,16384,1576,56687,4,1.000000,0.000000
3474,3732211293,1055854,0,0,1822,0,0.000000,16384,1616,55854,4,1.000000,0.000000
3475,3733267219,1055926,0,0,1813,0,0.000000,16384,1640,55926,4,1.000000,0.000000
3476,3734322990,1055771,0,0,1814,0,0.000000,16384,1633,55771,4,1.000000,0.000000
3477,3735379160,1056170,0,0,1825,0,0.000000,16384,1601,56170,4,1.000000,0.000000
3478,3736449683,1070523,0,0,1803,0,0.000000,16384,1586,70523,4,1.000000,0.000000
3479,3737506834,1057151,0,0,1816,0,0.000000,16384,1640,57151,4,1.000000,0.000000
3480,3738562742,1055908,0,0,1825,0,0.000000,16384,1649,55908,4,1.000000,0.000000
3481,3739625474,1062732,0,0,1833,0,0.000000,16384,1618,62732,4,1.000000,0.000000
3482,3740670426,1044952,0,0,1800,0,0.000000,16384,1576,44952,4,1.000000,0.000000
3483,3741757493,1087067,0,0,1784,0,0.000000,16384,1605,87067,4,1.000000,0.000000
3484,3742818998,1061505,0,0,1592,0,0.000000,16384,1435,61505,4,1.000000,0.000000
3485,3743878361,1059363,0,0,1778,0,0.000000,16384,1554,59363,4,1.000000,0.000000
3486,3744936713,1058352,0,0,1684,0,0.000000,16384,1525,58352,4,1.000000,0.000000
3487,3745996371,1059658,0,0,1675,0,0.000000,16384,1498,59658,4,1.000000,0.000000
3488,3747054266,1057895,0,0,1824,0,0.000000,16384,1600,57895,4,1.000000,0.000000
3489,3748112411,1058145,0,0,1802,0,0.000000,16384,1608,58145,4,1.000000,0.000000
3490,3749169190,1056779,0,0,1795,0,0.000000,16384,1626,56779,4,1.000000,0.000000
3491,3750236067,1066877,0,0,1806,0,0.000000,16384,1609,66877,4,1.000000,0.000000
3492,3751291936,1055869,0,0,1812,0,0.000000,16384,1588,55869,4,1.000000,0.000000
3493,3752349300,1057364,0,0,1754,0,0.000000,16384,1566,57364,4,1.000000,0.000000
3494,3753405913,1056613,0,0,1824,0,0.000000,16384,1649,56613,4,1.000000,0.000000
3495,3754462647,1056734,0,0,1828,0,0.000000,16384,1631,56734,4,1.000000,0.000000
3496,3755522805,1060158,0,0,1584,0,0.000000,16384,1377,60158,4,1.000000,0.000000
3497,3756583034,1060229,0,0,1558,0,0.000000,16384,1428,60229,4,1.000000,0.000000
3498,3757644630,1061596,0,0,1537,0,0.000000,16384,1329,61596,4,1.000000,0.000000
3499,3758671801,1027171,0,0,1714,0,0.000000,16384,1560,27171,4,1.000000,0.000000
3500,3759729987,1058186,0,0,1776,0,0.000000,16384,1579,58186,4,1.000000,0.000000
3501,3760801530,1071543,0,0,1782,0,0.000000,16384,1557,71543,4,1.000000,0.000000
3502,3761859304,1057774,0,0,1832,0,0.000000,16384,1642,57774,4,1.000000,0.000000
3503,3762915338,1056034,0,0,1829,0,0.000000,16384,1653,56034,4,1.000000,0.000000
3504,3763971394,1056056,0,0,1831,0,0.000000,16384,1638,56056,4,1.000000,0.000000
3505,3765027289,1055895,0,0,1825,0,0.000000,16384,1601,55895,4,1.000000,0.000000
3506,3766086166,1058877,0,0,1681,0,0.000000,16384,1495,58877,4,1.000000,0.000000
3507,3767144601,1058435,0,0,1676,0,0.000000,16384,1526,58435,4,1.000000,0.000000
3508,3768200919,1056318,0,0,1747,0,0.000000,16384,1523,56318,4,1.000000,0.000000
3509,3769256620,1055701,0,0,1823,0,0.000000,16384,1617,55701,4,1.000000,0.000000
3510,3770312831,1056211,0,0,1812,0,0.000000,16384,1639,56211,4,1.000000,0.000000
3511,3771378812,1065981,0,0,1776,0,0.000000,16384,1594,65981,4,1.000000,0.000000
3512,3772436699,1057887,0,0,1822,0,0.000000,16384,1599,57887,4,1.000000,0.000000
3513,3773493645,1056946,0,0,1832,0,0.000000,16384,1617,56946,4,1.000000,0.000000
3514,3774559771,1066126,0,0,1660,0,0.000000,16384,1517,66126,4,1.000000,0.000000
3515,3775634567,1074796,0,0,1519,0,0.000000,16384,1317,74796,4,1.000000,0.000000
3516,3776680857,1046290,0,0,1536,0,0.000000,16384,1408,46290,4,1.000000,0.000000
3517,3777745116,1064259,0,0,1667,0,0.000000,16384,1458,64259,4,1.000000,0.000000
3518,3778803894,1058778,0,0,1834,0,0.000000,16384,1621,58778,4,1.000000,0.000000
3519,3779861048,1057154,0,0,1832,0,0.000000,16384,1654,57154,4,1.000000,0.000000
3520,3780918562,1057514,0,0,1834,0,0.000000,16384,1656,57514,4,1.000000,0.000000
3521,3782010707,1092145,0,0,1882,0,0.000000,16384,1667,92145,4,1.000000,0.000000
3522,3783067446,1056739,0,0,1830,0,0.000000,16384,1607,56739,4,1.000000,0.000000
3523,3784124297,1056851,0,0,1801,0,0.000000,16384,1602,56851,4,1.000000,0.000000
3524,3785180352,1056055,0,0,1828,0,0.000000,16384,1652,56055,4,1.000000,0.000000
3525,3786239022,1058670,0,0,1650,0,0.000000,16384,1465,58670,4,1.000000,0.000000
3526,3787297527,1058505,0,0,1673,0,0.000000,16384,1472,58505,4,1.000000,0.000000
3527,3788355056,1057529,0,0,1671,0,0.000000,16384,1526,57529,4,1.000000,0.000000
3528,3789411776,1056720,0,0,1778,0,0.000000,16384,1563,56720,4,1.000000,0.000000
3529,3790468163,1056387,0,0,1819,0,0.000000,16384,1596,56387,4,1.000000,0.000000
3530,3791532358,1064195,0,0,1534,0,0.000000,16384,1410,64195,4,1.000000,0.000000
3531,3792618795,1086437,0,0,1596,0,0.000000,16384,1466,86437,4,1.000000,0.000000
3532,3793672050,1053255,0,0,1657,0,0.000000,16384,1451,53255,4,1.000000,0.000000
3533,3794730198,1058148,0,0,1664,0,0.000000,16384,1485,58148,4,1.000000,0.000000
3534,3795786905,1056707,0,0,1832,0,0.000000,16384,1655,56707,4,1.000000,0.000000
3535,3796844569,1057664,0,0,1804,0,0.000000,16384,1600,57664,4,1.000000,0.000000
3536,3797900810,1056241,0,0,1820,0,0.000000,16384,1596,56241,4,1.000000,0.000000
3537,3798956807,1055997,0,0,1829,0,0.000000,16384,1632,55997,4,1.000000,0.000000
3538,3800012909,1056102,0,0,1827,0,0.000000,16384,1651,56102,4,1.000000,0.000000
3539,3801068827,1055918,0,0,1830,0,0.000000,16384,1643,55918,4,1.000000,0.000000
3540,3802124603,1055776,0,0,1827,0,0.000000,16384,1603,55776,4,1.000000,0.000000
3541,3803190432,1065829,0,0,1834,0,0.000000,16384,1611,65829,4,1.000000,0.000000
3542,3804246148,1055716,0,0,1828,0,0.000000,16384,1651,55716,4,1.000000,0.000000
3543,3805301970,1055822,0,0,1829,0,0.000000,16384,1653,55822,4,1.000000,0.000000
3544,3806359043,1057073,0,0,1719,0,0.000000,16384,1511,57073,4,1.000000,0.000000
3545,3807416190,1057147,0,0,1821,0,0.000000,16384,1598,57147,4,1.000000,0.000000
3546,3808473934,1057744,0,0,1673,0,0.000000,16384,1529,57744,4,1.000000,0.000000
3547,3809531801,1057867,0,0,1562,0,0.000000,16384,1369,57867,4,1.000000,0.000000
3548,3810589163,1057362,0,0,1740,0,0.000000,16384,1551,57362,4,1.000000,0.000000
3549,3811645308,1056145,0,0,1823,0,0.000000,16384,1648,56145,4,1.000000,0.000000
3550,3812670615,1025307,0,0,1766,0,0.000000,16384,1570,25307,4,1.000000,0.000000
3551,3813735142,1064527,0,0,1838,0,0.000000,16384,1614,64527,4,1.000000,0.000000
3552,3814791314,1056172,0,0,1822,0,0.000000,16384,1623,56172,4,1.000000,0.000000
3553,3815847314,1056000,0,0,1817,0,0.000000,16384,1643,56000,4,1.000000,0.000000
3554,3816903323,1056009,0,0,1830,0,0.000000,16384,1643,56009,4,1.000000,0.000000
3555,3817959141,1055818,0,0,1828,0,0.000000,16384,1604,55818,4,1.000000,0.000000
3556,3819014903,1055762,0,0,1816,0,0.000000,16384,1598,55762,4,1.000000,0.000000
3557,3820070606,1055703,0,0,1829,0,0.000000,16384,1649,55703,4,1.000000,0.000000
3558,3821126749,1056143,0,0,1795,0,0.000000,16384,1627,56143,4,1.000000,0.000000
3559,3822182966,1056217,0,0,1737,0,0.000000,16384,1519,56217,4,1.000000,0.000000
3560,3823239267,1056301,0,0,1659,0,0.000000,16384,1475,56301,4,1.000000,0.000000
3561,3824300012,1060745,0,0,1784,0,0.000000,16384,1618,60745,4,1.000000,0.000000
3562,3825356196,1056184,0,0,1829,0,0.000000,16384,1619,56184,4,1.000000,0.000000
3563,3826414610,1058414,0,0,1663,0,0.000000,16384,1453,58414,4,1.000000,0.000000
3564,3827471979,1057369,0,0,1774,0,0.000000,16384,1608,57369,4,1.000000,0.000000
3565,3828528530,1056551,0,0,1829,0,0.000000,16384,1645,56551,4,1.000000,0.000000
3566,3829585915,1057385,0,0,1831,0,0.000000,16384,1607,57385,4,1.000000,0.000000
3567,3830642529,1056614,0,0,1830,0,0.000000,16384,1606,56614,4,1.000000,0.000000
3568,3831670914,1028385,0,0,1768,0,0.000000,16384,1603,28385,4,1.000000,0.000000
3569,3832727103,1056189,0,0,1828,0,0.000000,16384,1651,56189,4,1.000000,0.000000
3570,3833783160,1056057,0,0,1755,0,0.000000,16384,1537,56057,4,1.000000,0.000000
3571,3834858655,1075495,0,0,1836,0,0.000000,16384,1612,75495,4,1.000000,0.000000
3572,3835914985,1056330,0,0,1832,0,0.000000,16384,1655,56330,4,1.000000,0.000000
3573,3836970807,1055822,0,0,1834,0,0.000000,16384,1656,55822,4,1.000000,0.000000
3574,3838027624,1056817,0,0,1836,0,0.000000,16384,1631,56817,4,1.000000,0.000000
3575,3839083900,1056276,0,0,1807,0,0.000000,16384,1583,56276,4,1.000000,0.000000
3576,3840139790,1055890,0,0,1834,0,0.000000,16384,1634,55890,4,1.000000,0.000000
3577,3841195369,1055579,0,0,1834,0,0.000000,16384,1656,55579,4,1.000000,0.000000
3578,3842253165,1057796,0,0,1810,0,0.000000,16384,1628,57796,4,1.000000,0.000000
3579,3843314556,1061391,0,0,1567,0,0.000000,16384,1352,61391,4,1.000000,0.000000
3580,3844374052,1059496,0,0,1777,0,0.000000,16384,1612,59496,4,1.000000,0.000000
3581,3845471594,1097542,0,0,1889,0,0.000000,16384,1698,97542,4,1.000000,0.000000
3582,3846536187,1064593,0,0,1639,0,0.000000,16384,1426,64593,4,1.000000,0.000000
3583,3847627218,1091031,0,0,1716,0,0.000000,16384,1537,91031,4,1.000000,0.000000
3584,3848673535,1046317,0,0,1599,0,0.000000,16384,1442,46317,4,1.000000,0.000000
3585,3849703831,1030296,0,0,1770,0,0.000000,16384,1546,30296,4,1.000000,0.000000
3586,3850767847,1064016,0,0,1828,0,0.000000,16384,1637,64016,4,1.000000,0.000000
3587,3851834476,1066629,0,0,1803,0,0.000000,16384,1632,66629,4,1.000000,0.000000
3588,3852892683,1058207,0,0,1817,0,0.000000,16384,1618,58207,4,1.000000,0.000000
3589,3853949084,1056401,0,0,1817,0,0.000000,16384,1594,56401,4,1.000000,0.000000
3590,3855005313,1056229,0,0,1834,0,0.000000,16384,1628,56229,4,1.000000,0.000000
3591,3856070942,1065629,0,0,1851,0,0.000000,16384,1670,65629,4,1.000000,0.000000
3592,3857126971,1056029,0,0,1834,0,0.000000,16384,1655,56029,4,1.000000,0.000000
3593,3858182759,1055788,0,0,1832,0,0.000000,16384,1614,55788,4,1.000000,0.000000
3594,3859239587,1056828,0,0,1797,0,0.000000,16384,1573,56828,4,1.000000,0.000000
3595,3860295986,1056399,0,0,1823,0,0.000000,16384,1640,56399,4,1.000000,0.000000
3596,3861351984,1055998,0,0,1814,0,0.000000,16384,1641,55998,4,1.000000,0.000000
3597,3862407701,1055717,0,0,1831,0,0.000000,16384,1627,55717,4,1.000000,0.000000
3598,3863463972,1056271,0,0,1834,0,0.000000,16384,1610,56271,4,1.000000,0.000000
3599,3864519909,1055937,0,0,1833,0,0.000000,16384,1626,55937,4,1.000000,0.000000
3600,3865575885,1055976,0,0,1833,0,0.000000,16384,1656,55976,4,1.000000,0.000000
3601,3866637934,1062049,0,0,1753,0,0.000000,16384,1577,62049,4,1.000000,0.000000
3602,3867671011,1033077,0,0,1789,0,0.000000,16384,1565,33077,4,1.000000,0.000000
3603,3868727709,1056698,0,0,1817,0,0.000000,16384,1612,56698,4,1.000000,0.000000
3604,3869784865,1057156,0,0,1668,0,0.000000,16384,1523,57156,4,1.000000,0.000000
3605,3870841900,1057035,0,0,1754,0,0.000000,16384,1544,57035,4,1.000000,0.000000
3606,3871898191,1056291,0,0,1808,0,0.000000,16384,1584,56291,4,1.000000,0.000000
3607,3872953860,1055669,0,0,1826,0,0.000000,16384,1649,55669,4,1.000000,0.000000
3608,3874009466,1055606,0,0,1826,0,0.000000,16384,1650,55606,4,1.000000,0.000000
3609,3875068481,1059015,0,0,1624,0,0.000000,16384,1417,59015,4,1.000000,0.000000
3610,3876126092,1057611,0,0,1767,0,0.000000,16384,1574,57611,4,1.000000,0.000000
3611,3877191404,1065312,0,0,1840,0,0.000000,16384,1662,65312,4,1.000000,0.000000
3612,3878248522,1057118,0,0,1821,0,0.000000,16384,1632,57118,4,1.000000,0.000000
3613,3879305497,1056975,0,0,1832,0,0.000000,16384,1608,56975,4,1.000000,0.000000
3614,3880361822,1056325,0,0,1835,0,0.000000,16384,1616,56325,4,1.000000,0.000000
3615,3881418209,1056387,0,0,1833,0,0.000000,16384,1654,56387,4,1.000000,0.000000
3616,3882474584,1056375,0,0,1834,0,0.000000,16384,1656,56375,4,1.000000,0.000000
3617,3883530989,1056405,0,0,1831,0,0.000000,16384,1623,56405,4,1.000000,0.000000
3618,3884587213,1056224,0,0,1823,0,0.000000,16384,1599,56224,4,1.000000,0.000000
3619,3885643092,1055879,0,0,1832,0,0.000000,16384,1633,55879,4,1.000000,0.000000
3620,3886679099,1036007,0,0,1539,0,0.000000,16384,1402,36007,4,1.000000,0.000000
3621,3887766843,1087744,0,0,1699,0,0.000000,16384,1474,87744,4,1.000000,0.000000
3622,3888826935,1060092,0,0,1677,0,0.000000,16384,1526,60092,4,1.000000,0.000000
3623,3889885287,1058352,0,0,1675,0,0.000000,16384,1491,58352,4,1.000000,0.000000
3624,3890942263,1056976,0,0,1672,0,0.000000,16384,1465,56976,4,1.000000,0.000000
3625,3891999581,1057318,0,0,1647,0,0.000000,16384,1507,57318,4,1.000000,0.000000
3626,3893058627,1059046,0,0,1538,0,0.000000,16384,1325,59046,4,1.000000,0.000000
3627,3894116176,1057549,0,0,1607,0,0.000000,16384,1472,57549,4,1.000000,0.000000
3628,3895174288,1058112,0,0,1673,0,0.000000,16384,1472,58112,4,1.000000,0.000000
3629,3896231341,1057053,0,0,1673,0,0.000000,16384,1483,57053,4,1.000000,0.000000
3630,3897287879,1056538,0,0,1672,0,0.000000,16384,1526,56538,4,1.000000,0.000000
3631,3898352343,1064464,0,0,1740,0,0.000000,16384,1516,64464,4,1.000000,0.000000
3632,3899409045,1056702,0,0,1832,0,0.000000,16384,1622,56702,4,1.000000,0.000000
3633,3900466659,1057614,0,0,1826,0,0.000000,16384,1650,57614,4,1.000000,0.000000
3634,3901523308,1056649,0,0,1833,0,0.000000,16384,1653,56649,4,1.000000,0.000000
3635,3902579172,1055864,0,0,1834,0,0.000000,16384,1616,55864,4,1.000000,0.000000
3636,3903634998,1055826,0,0,1835,0,0.000000,16384,1611,55826,4,1.000000,0.000000
3637,3904670339,1035341,0,0,1796,0,0.000000,16384,1611,35341,4,1.000000,0.000000
3638,3905726131,1055792,0,0,1834,0,0.000000,16384,1657,55792,4,1.000000,0.000000
3639,3906784034,1057903,0,0,1740,0,0.000000,16384,1542,57903,4,1.000000,0.000000
3640,3907841545,1057511,0,0,1832,0,0.000000,16384,1608,57511,4,1.000000,0.000000
3641,3908906900,1065355,0,0,1842,0,0.000000,16384,1647,65355,4,1.000000,0.000000
3642,3909963633,1056733,0,0,1830,0,0.000000,16384,1653,56733,4,1.000000,0.000000
3643,3911029099,1065466,0,0,1821,0,0.000000,16384,1633,65466,4,1.000000,0.000000
3644,3912086802,1057703,0,0,1810,0,0.000000,16384,1586,57703,4,1.000000,0.000000
3645,3913142949,1056147,0,0,1831,0,0.000000,16384,1617,56147,4,1.000000,0.000000
3646,3914200482,1057533,0,0,1829,0,0.000000,16384,1650,57533,4,1.000000,0.000000
3647,3915257404,1056922,0,0,1829,0,0.000000,16384,1653,56922,4,1.000000,0.000000
3648,3916313990,1056586,0,0,1818,0,0.000000,16384,1603,56586,4,1.000000,0.000000
3649,3917371598,1057608,0,0,1829,0,0.000000,16384,1605,57608,4,1.000000,0.000000
3650,3918428684,1057086,0,0,1832,0,0.000000,16384,1640,57086,4,1.000000,0.000000
3651,3919491089,1062405,0,0,1839,0,0.000000,16384,1661,62405,4,1.000000,0.000000
3652,3920547068,1055979,0,0,1828,0,0.000000,16384,1638,55979,4,1.000000,0.000000
3653,3921603244,1056176,0,0,1801,0,0.000000,16384,1577,56176,4,1.000000,0.000000
3654,3922658988,1055744,0,0,1829,0,0.000000,16384,1617,55744,4,1.000000,0.000000
3655,3923672782,1013794,0,0,1752,0,0.000000,16384,1591,13794,4,1.000000,0.000000
3656,3924729143,1056361,0,0,1830,0,0.000000,16384,1643,56361,4,1.000000,0.000000
3657,3925785255,1056112,0,0,1829,0,0.000000,16384,1605,56112,4,1.000000,0.000000
3658,3926843762,1058507,0,0,1766,0,0.000000,16384,1558,58507,4,1.000000,0.000000
3659,3927901896,1058134,0,0,1833,0,0.000000,16384,1656,58134,4,1.000000,0.000000
3660,3928958084,1056188,0,0,1792,0,0.000000,16384,1617,56188,4,1.000000,0.000000
3661,3930021705,1063621,0,0,1838,0,0.000000,16384,1614,63621,4,1.000000,0.000000
3662,3931078561,1056856,0,0,1807,0,0.000000,16384,1583,56856,4,1.000000,0.000000
3663,3932134415,1055854,0,0,1832,0,0.000000,16384,1654,55854,4,1.000000,0.000000
3664,3933190318,1055903,0,0,1835,0,0.000000,16384,1658,55903,4,1.000000,0.000000
3665,3934246057,1055739,0,0,1834,0,0.000000,16384,1629,55739,4,1.000000,0.000000
3666,3935301754,1055697,0,0,1831,0,0.000000,16384,1607,55697,4,1.000000,0.000000
3667,3936358103,1056349,0,0,1831,0,0.000000,16384,1626,56349,4,1.000000,0.000000
3668,3937413902,1055799,0,0,1830,0,0.000000,16384,1654,55799,4,1.000000,0.000000
3669,3938469875,1055973,0,0,1832,0,0.000000,16384,1653,55973,4,1.000000,0.000000
3670,3939518632,1048757,0,0,1812,0,0.000000,16384,1588,48757,4,1.000000,0.000000
3671,3940596736,1078104,0,0,1699,0,0.000000,16384,1499,78104,4,1.000000,0.000000
3672,3941686824,1090088,0,0,1862,0,0.000000,16384,1679,90088,4,1.000000,0.000000
3673,3942748070,1061246,0,0,1658,0,0.000000,16384,1481,61246,4,1.000000,0.000000
3674,3943810915,1062845,0,0,1569,0,0.000000,16384,1379,62845,4,1.000000,0.000000
3675,3944872811,1061896,0,0,1678,0,0.000000,16384,1532,61896,4,1.000000,0.000000
3676,3945932921,1060110,0,0,1668,0,0.000000,16384,1444,60110,4,1.000000,0.000000
3677,3946995055,1062134,0,0,1560,0,0.000000,16384,1419,62134,4,1.000000,0.000000
3678,3948054846,1059791,0,0,1599,0,0.000000,16384,1404,59791,4,1.000000,0.000000
3679,3949112078,1057232,0,0,1666,0,0.000000,16384,1487,57232,4,1.000000,0.000000
3680,3950169306,1057228,0,0,1663,0,0.000000,16384,1506,57228,4,1.000000,0.000000
3681,3951237456,1068150,0,0,1682,0,0.000000,16384,1458,68150,4,1.000000,0.000000
3682,3952295931,1058475,0,0,1644,0,0.000000,16384,1497,58475,4,1.000000,0.000000
3683,3953352846,1056915,0,0,1760,0,0.000000,16384,1571,56915,4,1.000000,0.000000
3684,3954409759,1056913,0,0,1834,0,0.000000,16384,1609,56913,4,1.000000,0.000000
3685,3955466165,1056406,0,0,1835,0,0.000000,16384,1629,56406,4,1.000000,0.000000
3686,3956523013,1056848,0,0,1823,0,0.000000,16384,1648,56848,4,1.000000,0.000000
3687,3957580364,1057351,0,0,1704,0,0.000000,16384,1526,57351,4,1.000000,0.000000
3688,3958636611,1056247,0,0,1825,0,0.000000,16384,1601,56247,4,1.000000,0.000000
3689,3959670366,1033755,0,0,1791,0,0.000000,16384,1595,33755,4,1.000000,0.000000
3690,3960726378,1056012,0,0,1830,0,0.000000,16384,1653,56012,4,1.000000,0.000000
3691,3961789183,1062805,0,0,1780,0,0.000000,16384,1593,62805,4,1.000000,0.000000
3692,3962845705,1056522,0,0,1806,0,0.000000,16384,1581,56522,4,1.000000,0.000000
3693,3963902455,1056750,0,0,1663,0,0.000000,16384,1491,56750,4,1.000000,0.000000
3694,3964958689,1056234,0,0,1666,0,0.000000,16384,1503,56234,4,1.000000,0.000000
3695,3966014594,1055905,0,0,1818,0,0.000000,16384,1594,55905,4,1.000000,0.000000
3696,3967157576,1142982,0,0,1709,0,0.000000,16384,1525,142982,4,1.000000,0.000000
3697,3968228012,1070436,0,0,1459,0,0.000000,16384,1307,70436,4,1.000000,0.000000
3698,3969295431,1067419,0,0,1468,0,0.000000,16384,1318,67419,4,1.000000,0.000000
3699,3970358439,1063008,0,0,1565,0,0.000000,16384,1379,63008,4,1.000000,0.000000
3700,3971418259,1059820,0,0,1545,0,0.000000,16384,1389,59820,4,1.000000,0.000000
3701,3972502000,1083741,0,0,1603,0,0.000000,16384,1423,83741,4,1.000000,0.000000
3702,3973563950,1061950,0,0,1632,0,0.000000,16384,1444,61950,4,1.000000,0.000000
3703,3974622595,1058645,0,0,1646,0,0.000000,16384,1498,58645,4,1.000000,0.000000
3704,3975672048,1049453,0,0,1795,0,0.000000,16384,1570,49453,4,1.000000,0.000000
3705,3976731487,1059439,0,0,1545,0,0.000000,16384,1391,59439,4,1.000000,0.000000
3706,3977950505,1219018,0,0,2021,0,0.000000,16384,1804,219018,4,1.000000,0.000000
3707,3979018640,1068135,0,0,1475,0,0.000000,16384,1287,68135,4,1.000000,0.000000
3708,3980089452,1070812,0,0,1463,0,0.000000,16384,1345,70812,4,1.000000,0.000000
3709,3981156826,1067374,0,0,1493,0,0.000000,16384,1285,67374,4,1.000000,0.000000
3710,3982220756,1063930,0,0,1591,0,0.000000,16384,1463,63930,4,1.000000,0.000000
3711,3983302005,1081249,0,0,1706,0,0.000000,16384,1488,81249,4,1.000000,0.000000
3712,3984361460,1059455,0,0,1669,0,0.000000,16384,1489,59455,4,1.000000,0.000000
3713,3985419454,1057994,0,0,1669,0,0.000000,16384,1513,57994,4,1.000000,0.000000
3714,3986510449,1090995,0,0,1544,0,0.000000,16384,1339,90995,4,1.000000,0.000000
3715,3987574192,1063743,0,0,1649,0,0.000000,16384,1509,63743,4,1.000000,0.000000
3716,3988664062,1089870,0,0,1860,0,0.000000,16384,1645,89870,4,1.000000,0.000000
3717,3989731415,1067353,0,0,1513,0,0.000000,16384,1332,67353,4,1.000000,0.000000
3718,3990792418,1061003,0,0,1659,0,0.000000,16384,1504,61003,4,1.000000,0.000000
3719,3991852834,1060416,0,0,1546,0,0.000000,16384,1341,60416,4,1.000000,0.000000
3720,3992913914,1061080,0,0,1662,0,0.000000,16384,1519,61080,4,1.000000,0.000000
3721,3994000038,1086124,0,0,1705,0,0.000000,16384,1493,86124,4,1.000000,0.000000
3722,3995058743,1058705,0,0,1655,0,0.000000,16384,1473,58705,4,1.000000,0.000000
3723,3996117134,1058391,0,0,1671,0,0.000000,16384,1517,58391,4,1.000000,0.000000
3724,3997173692,1056558,0,0,1669,0,0.000000,16384,1445,56558,4,1.000000,0.000000
3725,3998234606,1060914,0,0,1674,0,0.000000,16384,1520,60914,4,1.000000,0.000000
3726,3999296752,1062146,0,0,1677,0,0.000000,16384,1495,62146,4,1.000000,0.000000
3727,4000355035,1058283,0,0,1670,0,0.000000,16384,1461,58283,4,1.000000,0.000000
3728,4001411768,1056733,0,0,1668,0,0.000000,16384,1524,56733,4,1.000000,0.000000
3729,4002491346,1079578,0,0,1516,0,0.000000,16384,1308,79578,4,1.000000,0.000000
3730,4003547515,1056169,0,0,1791,0,0.000000,16384,1616,56169,4,1.000000,0.000000
3731,4004610900,1063385,0,0,1746,0,0.000000,16384,1489,63385,4,1.000000,0.000000
3732,4005671383,1060483,0,0,1617,0,0.000000,16384,1289,60483,4,1.000000,0.000000
3733,4006731499,1060116,0,0,1631,0,0.000000,16384,1302,60116,4,1.000000,0.000000
3734,4007790281,1058782,0,0,1834,0,0.000000,16384,1559,58782,4,1.000000,0.000000
3735,4008846782,1056501,0,0,1797,0,0.000000,16384,1627,56501,4,1.000000,0.000000
3736,4009903496,1056714,0,0,1831,0,0.000000,16384,1645,56714,4,1.000000,0.000000
3737,4010960477,1056981,0,0,1822,0,0.000000,16384,1598,56981,4,1.000000,0.000000
3738,4012016450,1055973,0,0,1831,0,0.000000,16384,1608,55973,4,1.000000,0.000000
3739,4013072704,1056254,0,0,1833,0,0.000000,16384,1656,56254,4,1.000000,0.000000
3740,4014128407,1055703,0,0,1833,0,0.000000,16384,1655,55703,4,1.000000,0.000000
3741,4015194977,1066570,0,0,1840,0,0.000000,16384,1634,66570,4,1.000000,0.000000
3742,4016251020,1056043,0,0,1787,0,0.000000,16384,1563,56043,4,1.000000,0.000000
3743,4017307099,1056079,0,0,1725,0,0.000000,16384,1551,56079,4,1.000000,0.000000
3744,4018364673,1057574,0,0,1804,0,0.000000,16384,1632,57574,4,1.000000,0.000000
3745,4019421412,1056739,0,0,1825,0,0.000000,16384,1611,56739,4,1.000000,0.000000
3746,4020477789,1056377,0,0,1836,0,0.000000,16384,1612,56377,4,1.000000,0.000000
3747,4021533966,1056177,0,0,1803,0,0.000000,16384,1614,56177,4,1.000000,0.000000
3748,4022589741,1055775,0,0,1832,0,0.000000,16384,1655,55775,4,1.000000,0.000000
3749,4023646006,1056265,0,0,1826,0,0.000000,16384,1632,56265,4,1.000000,0.000000
3750,4024671193,1025187,0,0,1778,0,0.000000,16384,1554,25187,4,1.000000,0.000000
3751,4025733031,1061838,0,0,1844,0,0.000000,16384,1639,61838,4,1.000000,0.000000
3752,4026791616,1058585,0,0,1738,0,0.000000,16384,1579,58585,4,1.000000,0.000000
3753,4027849782,1058166,0,0,1829,0,0.000000,16384,1633,58166,4,1.000000,0.000000
3754,4028905873,1056091,0,0,1834,0,0.000000,16384,1610,56091,4,1.000000,0.000000
3755,4029962286,1056413,0,0,1813,0,0.000000,16384,1604,56413,4,1.000000,0.000000
3756,4031019668,1057382,0,0,1760,0,0.000000,16384,1597,57382,4,1.000000,0.000000
3757,4032075783,1056115,0,0,1829,0,0.000000,16384,1641,56115,4,1.000000,0.000000
3758,4033131472,1055689,0,0,1833,0,0.000000,16384,1609,55689,4,1.000000,0.000000
3759,4034187307,1055835,0,0,1835,0,0.000000,16384,1612,55835,4,1.000000,0.000000
3760,4035243109,1055802,0,0,1823,0,0.000000,16384,1647,55802,4,1.000000,0.000000
3761,4036305111,1062002,0,0,1844,0,0.000000,16384,1665,62002,4,1.000000,0.000000
3762,4037361235,1056124,0,0,1835,0,0.000000,16384,1629,56124,4,1.000000,0.000000
3763,4038417162,1055927,0,0,1835,0,0.000000,16384,1610,55927,4,1.000000,0.000000
3764,4039473359,1056197,0,0,1825,0,0.000000,16384,1622,56197,4,1.000000,0.000000
3765,4040529473,1056114,0,0,1833,0,0.000000,16384,1657,56114,4,1.000000,0.000000
3766,4041585585,1056112,0,0,1823,0,0.000000,16384,1643,56112,4,1.000000,0.000000
3767,4042642998,1057413,0,0,1745,0,0.000000,16384,1521,57413,4,1.000000,0.000000
3768,4043712618,1069620,0,0,1758,0,0.000000,16384,1562,69620,4,1.000000,0.000000
3769,4044792875,1080257,0,0,1501,0,0.000000,16384,1361,80257,4,1.000000,0.000000
3770,4045862213,1069338,0,0,1410,0,0.000000,16384,1251,69338,4,1.000000,0.000000
3771,4046970491,1108278,0,0,1596,0,0.000000,16384,1419,108278,4,1.000000,0.000000
3772,4048032287,1061796,0,0,1558,0,0.000000,16384,1383,61796,4,1.000000,0.000000
3773,4049090869,1058582,0,0,1607,0,0.000000,16384,1446,58582,4,1.000000,0.000000
3774,4050147940,1057071,0,0,1667,0,0.000000,16384,1454,57071,4,1.000000,0.000000
3775,4051205033,1057093,0,0,1665,0,0.000000,16384,1521,57093,4,1.000000,0.000000
3776,4052261685,1056652,0,0,1674,0,0.000000,16384,1471,56652,4,1.000000,0.000000
3777,4053319398,1057713,0,0,1640,0,0.000000,16384,1459,57713,4,1.000000,0.000000
3778,4054376275,1056877,0,0,1673,0,0.000000,16384,1518,56877,4,1.000000,0.000000
3779,4055432621,1056346,0,0,1672,0,0.000000,16384,1448,56346,4,1.000000,0.000000
3780,4056491181,1058560,0,0,1668,0,0.000000,16384,1515,58560,4,1.000000,0.000000
3781,4057567310,1076129,0,0,1678,0,0.000000,16384,1495,76129,4,1.000000,0.000000
3782,4058625812,1058502,0,0,1625,0,0.000000,16384,1426,58502,4,1.000000,0.000000
3783,4059678676,1052864,0,0,1596,0,0.000000,16384,1459,52864,4,1.000000,0.000000
3784,4060738683,1060007,0,0,1674,0,0.000000,16384,1450,60007,4,1.000000,0.000000
3785,4061796009,1057326,0,0,1674,0,0.000000,16384,1516,57326,4,1.000000,0.000000
3786,4062853003,1056994,0,0,1673,0,0.000000,16384,1495,56994,4,1.000000,0.000000
3787,4063910007,1057004,0,0,1704,0,0.000000,16384,1485,57004,4,1.000000,0.000000
3788,4064965686,1055679,0,0,1833,0,0.000000,16384,1654,55679,4,1.000000,0.000000
3789,4066021590,1055904,0,0,1834,0,0.000000,16384,1656,55904,4,1.000000,0.000000
3790,4067079102,1057512,0,0,1765,0,0.000000,16384,1557,57512,4,1.000000,0.000000
3791,4068148648,1069546,0,0,1834,0,0.000000,16384,1610,69546,4,1.000000,0.000000
3792,4069205659,1057011,0,0,1793,0,0.000000,16384,1613,57011,4,1.000000,0.000000
3793,4070262290,1056631,0,0,1836,0,0.000000,16384,1657,56631,4,1.000000,0.000000
3794,4071319383,1057093,0,0,1814,0,0.000000,16384,1613,57093,4,1.000000,0.000000
3795,4072375617,1056234,0,0,1812,0,0.000000,16384,1588,56234,4,1.000000,0.000000
3796,4073431917,1056300,0,0,1835,0,0.000000,16384,1635,56300,4,1.000000,0.000000
3797,4074487499,1055582,0,0,1833,0,0.000000,16384,1655,55582,4,1.000000,0.000000
3798,4075543086,1055587,0,0,1834,0,0.000000,16384,1652,55587,4,1.000000,0.000000
3799,4076598654,1055568,0,0,1833,0,0.000000,16384,1609,55568,4,1.000000,0.000000
3800,4077654250,1055596,0,0,1832,0,0.000000,16384,1608,55596,4,1.000000,0.000000
3801,4078670781,1016531,0,0,1761,0,0.000000,16384,1594,16531,4,1.000000,0.000000
3802,4079727777,1056996,0,0,1822,0,0.000000,16384,1645,56996,4,1.000000,0.000000
3803,4080784192,1056415,0,0,1830,0,0.000000,16384,1614,56415,4,1.000000,0.000000
3804,4081840679,1056487,0,0,1830,0,0.000000,16384,1606,56487,4,1.000000,0.000000
3805,4082896566,1055887,0,0,1814,0,0.000000,16384,1625,55887,4,1.000000,0.000000
3806,4083952295,1055729,0,0,1830,0,0.000000,16384,1654,55729,4,1.000000,0.000000
3807,4085009311,1057016,0,0,1829,0,0.000000,16384,1634,57016,4,1.000000,0.000000
3808,4086067597,1058286,0,0,1768,0,0.000000,16384,1543,58286,4,1.000000,0.000000
3809,4087128153,1060556,0,0,1620,0,0.000000,16384,1464,60556,4,1.000000,0.000000
3810,4088186569,1058416,0,0,1664,0,0.000000,16384,1485,58416,4,1.000000,0.000000
3811,4089252652,1066083,0,0,1840,0,0.000000,16384,1616,66083,4,1.000000,0.000000
3812,4090309555,1056903,0,0,1836,0,0.000000,16384,1636,56903,4,1.000000,0.000000
3813,4091366130,1056575,0,0,1835,0,0.000000,16384,1659,56575,4,1.000000,0.000000
3814,4092423158,1057028,0,0,1818,0,0.000000,16384,1634,57028,4,1.000000,0.000000
3815,4093479811,1056653,0,0,1833,0,0.000000,16384,1609,56653,4,1.000000,0.000000
3816,4094535608,1055797,0,0,1832,0,0.000000,16384,1608,55797,4,1.000000,0.000000
3817,4095591981,1056373,0,0,1798,0,0.000000,16384,1626,56373,4,1.000000,0.000000
3818,4096648140,1056159,0,0,1822,0,0.000000,16384,1647,56159,4,1.000000,0.000000
3819,4097671305,1023165,0,0,1772,0,0.000000,16384,1559,23165,4,1.000000,0.000000
3820,4098727081,1055776,0,0,1831,0,0.000000,16384,1607,55776,4,1.000000,0.000000
3821,4099798477,1071396,0,0,1858,0,0.000000,16384,1669,71396,4,1.000000,0.000000
3822,4100854753,1056276,0,0,1835,0,0.000000,16384,1657,56276,4,1.000000,0.000000
3823,4101910572,1055819,0,0,1834,0,0.000000,16384,1641,55819,4,1.000000,0.000000
3824,4102966220,1055648,0,0,1835,0,0.000000,16384,1611,55648,4,1.000000,0.000000
3825,4104021883,1055663,0,0,1824,0,0.000000,16384,1608,55663,4,1.000000,0.000000
3826,4105077735,1055852,0,0,1832,0,0.000000,16384,1653,55852,4,1.000000,0.000000
3827,4106133296,1055561,0,0,1834,0,0.000000,16384,1657,55561,4,1.000000,0.000000
3828,4107190384,1057088,0,0,1773,0,0.000000,16384,1561,57088,4,1.000000,0.000000
3829,4108247287,1056903,0,0,1732,0,0.000000,16384,1522,56903,4,1.000000,0.000000
3830,4109306076,1058789,0,0,1656,0,0.000000,16384,1514,58789,4,1.000000,0.000000
3831,4110372828,1066752,0,0,1611,0,0.000000,16384,1403,66752,4,1.000000,0.000000
3832,4111430186,1057358,0,0,1784,0,0.000000,16384,1591,57358,4,1.000000,0.000000
3833,4112486227,1056041,0,0,1822,0,0.000000,16384,1647,56041,4,1.000000,0.000000
3834,4113542299,1056072,0,0,1823,0,0.000000,16384,1631,56072,4,1.000000,0.000000
3835,4114598352,1056053,0,0,1833,0,0.000000,16384,1609,56053,4,1.000000,0.000000
3836,4115654384,1056032,0,0,1832,0,0.000000,16384,1617,56032,4,1.000000,0.000000
3837,4116670472,1016088,0,0,1746,0,0.000000,16384,1585,16088,4,1.000000,0.000000
3838,4117726355,1055883,0,0,1833,0,0.000000,16384,1649,55883,4,1.000000,0.000000
3839,4118783067,1056712,0,0,1832,0,0.000000,16384,1608,56712,4,1.000000,0.000000
3840,4119839884,1056817,0,0,1816,0,0.000000,16384,1593,56817,4,1.000000,0.000000
3841,4120900613,1060729,0,0,1806,0,0.000000,16384,1633,60729,4,1.000000,0.000000
3842,4121957274,1056661,0,0,1740,0,0.000000,16384,1576,56661,4,1.000000,0.000000
3843,4123012953,1055679,0,0,1833,0,0.000000,16384,1609,55679,4,1.000000,0.000000
3844,4124068275,1055322,0,0,1832,0,0.000000,16384,1608,55322,4,1.000000,0.000000
3845,4125124069,1055794,0,0,1832,0,0.000000,16384,1652,55794,4,1.000000,0.000000
3846,4126179860,1055791,0,0,1833,0,0.000000,16384,1656,55791,4,1.000000,0.000000
3847,4127237805,1057945,0,0,1756,0,0.000000,16384,1553,57945,4,1.000000,0.000000
3848,4128295437,1057632,0,0,1821,0,0.000000,16384,1597,57632,4,1.000000,0.000000
3849,4129351941,1056504,0,0,1834,0,0.000000,16384,1645,56504,4,1.000000,0.000000
3850,4130408098,1056157,0,0,1833,0,0.000000,16384,1655,56157,4,1.000000,0.000000
3851,4131471256,1063158,0,0,1845,0,0.000000,16384,1652,63158,4,1.000000,0.000000
3852,4132526951,1055695,0,0,1833,0,0.000000,16384,1609,55695,4,1.000000,0.000000
3853,4133583014,1056063,0,0,1834,0,0.000000,16384,1615,56063,4,1.000000,0.000000
3854,4134638840,1055826,0,0,1806,0,0.000000,16384,1632,55826,4,1.000000,0.000000
3855,4135670352,1031512,0,0,1785,0,0.000000,16384,1618,31512,4,1.000000,0.000000
3856,4136726586,1056234,0,0,1824,0,0.000000,16384,1599,56234,4,1.000000,0.000000
3857,4137782388,1055802,0,0,1831,0,0.000000,16384,1608,55802,4,1.000000,0.000000
3858,4138843387,1060999,0,0,1735,0,0.000000,16384,1571,60999,4,1.000000,0.000000
3859,4139902358,1058971,0,0,1825,0,0.000000,16384,1648,58971,4,1.000000,0.000000
3860,4140958823,1056465,0,0,1835,0,0.000000,16384,1616,56465,4,1.000000,0.000000
3861,4142025294,1066471,0,0,1846,0,0.000000,16384,1622,66471,4,1.000000,0.000000
3862,4143083934,1058640,0,0,1773,0,0.000000,16384,1591,58640,4,1.000000,0.000000
3863,4144140842,1056908,0,0,1757,0,0.000000,16384,1595,56908,4,1.000000,0.000000
3864,4145201547,1060705,0,0,1571,0,0.000000,16384,1355,60705,4,1.000000,0.000000
3865,4146262833,1061286,0,0,1656,0,0.000000,16384,1508,61286,4,1.000000,0.000000
3866,4147324304,1061471,0,0,1616,0,0.000000,16384,1427,61471,4,1.000000,0.000000
3867,4148384290,1059986,0,0,1642,0,0.000000,16384,1458,59986,4,1.000000,0.000000
3868,4149442038,1057748,0,0,1675,0,0.000000,16384,1524,57748,4,1.000000,0.000000
3869,4150499052,1057014,0,0,1673,0,0.000000,16384,1449,57014,4,1.000000,0.000000
3870,4151556917,1057865,0,0,1674,0,0.000000,16384,1515,57865,4,1.000000,0.000000
3871,4152636692,1079775,0,0,1666,0,0.000000,16384,1489,79775,4,1.000000,0.000000
3872,4153670858,1034166,0,0,1777,0,0.000000,16384,1553,34166,4,1.000000,0.000000
3873,4154726944,1056086,0,0,1832,0,0.000000,16384,1643,56086,4,1.000000,0.000000
3874,4155782763,1055819,0,0,1832,0,0.000000,16384,1655,55819,4,1.000000,0.000000
3875,4156838999,1056236,0,0,1832,0,0.000000,16384,1638,56236,4,1.000000,0.000000
3876,4157896145,1057146,0,0,1783,0,0.000000,16384,1559,57146,4,1.000000,0.000000
3877,4158952274,1056129,0,0,1832,0,0.000000,16384,1627,56129,4,1.000000,0.000000
3878,4160008100,1055826,0,0,1822,0,0.000000,16384,1647,55826,4,1.000000,0.000000
3879,4161063900,1055800,0,0,1814,0,0.000000,16384,1634,55800,4,1.000000,0.000000
3880,4162119866,1055966,0,0,1832,0,0.000000,16384,1608,55966,4,1.000000,0.000000
3881,4163181697,1061831,0,0,1841,0,0.000000,16384,1617,61831,4,1.000000,0.000000
3882,4164237602,1055905,0,0,1833,0,0.000000,16384,1650,55905,4,1.000000,0.000000
3883,4165293399,1055797,0,0,1833,0,0.000000,16384,1656,55797,4,1.000000,0.000000
3884,4166349312,1055913,0,0,1833,0,0.000000,16384,1633,55913,4,1.000000,0.000000
3885,4167406376,1057064,0,0,1756,0,0.000000,16384,1532,57064,4,1.000000,0.000000
3886,4168463393,1057017,0,0,1823,0,0.000000,16384,1630,57017,4,1.000000,0.000000
3887,4169519893,1056500,0,0,1835,0,0.000000,16384,1657,56500,4,1.000000,0.000000
3888,4170576323,1056430,0,0,1823,0,0.000000,16384,1634,56430,4,1.000000,0.000000
3889,4171633207,1056884,0,0,1807,0,0.000000,16384,1583,56884,4,1.000000,0.000000
3890,4172671905,1038698,0,0,1795,0,0.000000,16384,1589,38698,4,1.000000,0.000000
3891,4173735032,1063127,0,0,1823,0,0.000000,16384,1648,63127,4,1.000000,0.000000
3892,4174791348,1056316,0,0,1833,0,0.000000,16384,1654,56316,4,1.000000,0.000000
3893,4175847317,1055969,0,0,1823,0,0.000000,16384,1598,55969,4,1.000000,0.000000
3894,4176903757,1056440,0,0,1833,0,0.000000,16384,1610,56440,4,1.000000,0.000000
3895,4177959852,1056095,0,0,1833,0,0.000000,16384,1649,56095,4,1.000000,0.000000
3896,4179015630,1055778,0,0,1833,0,0.000000,16384,1655,55778,4,1.000000,0.000000
3897,4180072122,1056492,0,0,1834,0,0.000000,16384,1635,56492,4,1.000000,0.000000
3898,4181128093,1055971,0,0,1832,0,0.000000,16384,1609,55971,4,1.000000,0.000000
3899,4182184428,1056335,0,0,1817,0,0.000000,16384,1608,56335,4,1.000000,0.000000
3900,4183241667,1057239,0,0,1831,0,0.000000,16384,1655,57239,4,1.000000,0.000000
3901,4184302244,1060577,0,0,1831,0,0.000000,16384,1652,60577,4,1.000000,0.000000
3902,4185359079,1056835,0,0,1832,0,0.000000,16384,1612,56835,4,1.000000,0.000000
3903,4186416152,1057073,0,0,1820,0,0.000000,16384,1596,57073,4,1.000000,0.000000
3904,4187474435,1058283,0,0,1732,0,0.000000,16384,1567,58283,4,1.000000,0.000000
3905,4188532136,1057701,0,0,1834,0,0.000000,16384,1654,57701,4,1.000000,0.000000
3906,4189588978,1056842,0,0,1836,0,0.000000,16384,1621,56842,4,1.000000,0.000000
3907,4190645249,1056271,0,0,1835,0,0.000000,16384,1611,56271,4,1.000000,0.000000
3908,4191671100,1025851,0,0,1778,0,0.000000,16384,1593,25851,4,1.000000,0.000000
3909,4192728138,1057038,0,0,1810,0,0.000000,16384,1638,57038,4,1.000000,0.000000
3910,4193784770,1056632,0,0,1835,0,0.000000,16384,1632,56632,4,1.000000,0.000000
3911,4194847548,1062778,0,0,1837,0,0.000000,16384,1613,62778,4,1.000000,0.000000
3912,4195903438,1055890,0,0,1827,0,0.000000,16384,1620,55890,4,1.000000,0.000000
3913,4196959432,1055994,0,0,1832,0,0.000000,16384,1655,55994,4,1.000000,0.000000
3914,4198015149,1055717,0,0,1795,0,0.000000,16384,1619,55717,4,1.000000,0.000000
3915,4199071181,1056032,0,0,1776,0,0.000000,16384,1552,56032,4,1.000000,0.000000
3916,4200127147,1055966,0,0,1820,0,0.000000,16384,1607,55966,4,1.000000,0.000000
3917,4201182878,1055731,0,0,1805,0,0.000000,16384,1634,55731,4,1.000000,0.000000
3918,4202238486,1055608,0,0,1797,0,0.000000,16384,1621,55608,4,1.000000,0.000000
3919,4203294132,1055646,0,0,1833,0,0.000000,16384,1609,55646,4,1.000000,0.000000
3920,4204350209,1056077,0,0,1834,0,0.000000,16384,1610,56077,4,1.000000,0.000000
3921,4205419332,1069123,0,0,1855,0,0.000000,16384,1668,69123,4,1.000000,0.000000
3922,4206475558,1056226,0,0,1833,0,0.000000,16384,1656,56226,4,1.000000,0.000000
3923,4207532523,1056965,0,0,1764,0,0.000000,16384,1568,56965,4,1.000000,0.000000
3924,4208589085,1056562,0,0,1818,0,0.000000,16384,1594,56562,4,1.000000,0.000000
3925,4209645853,1056768,0,0,1828,0,0.000000,16384,1632,56768,4,1.000000,0.000000
3926,4210671539,1025686,0,0,1686,0,0.000000,16384,1538,25686,4,1.000000,0.000000
3927,4211727512,1055973,0,0,1758,0,0.000000,16384,1542,55973,4,1.000000,0.000000
3928,4212783541,1056029,0,0,1809,0,0.000000,16384,1590,56029,4,1.000000,0.000000
3929,4213839748,1056207,0,0,1829,0,0.000000,16384,1650,56207,4,1.000000,0.000000
3930,4214895769,1056021,0,0,1827,0,0.000000,16384,1653,56021,4,1.000000,0.000000
3931,4215957370,1061601,0,0,1829,0,0.000000,16384,1645,61601,4,1.000000,0.000000
3932,4217013332,1055962,0,0,1815,0,0.000000,16384,1642,55962,4,1.000000,0.000000
3933,4218069233,1055901,0,0,1831,0,0.000000,16384,1628,55901,4,1.000000,0.000000
3934,4219124860,1055627,0,0,1828,0,0.000000,16384,1604,55627,4,1.000000,0.000000
3935,4220180310,1055450,0,0,1829,0,0.000000,16384,1624,55450,4,1.000000,0.000000
3936,4221236185,1055875,0,0,1829,0,0.000000,16384,1652,55875,4,1.000000,0.000000
3937,4222291853,1055668,0,0,1798,0,0.000000,16384,1620,55668,4,1.000000,0.000000
3938,4223347863,1056010,0,0,1822,0,0.000000,16384,1598,56010,4,1.000000,0.000000
3939,4224403945,1056082,0,0,1821,0,0.000000,16384,1601,56082,4,1.000000,0.000000
3940,4225460386,1056441,0,0,1708,0,0.000000,16384,1556,56441,4,1.000000,0.000000
3941,4226522890,1062504,0,0,1650,0,0.000000,16384,1462,62504,4,1.000000,0.000000
3942,4227583998,1061108,0,0,1645,0,0.000000,16384,1452,61108,4,1.000000,0.000000
3943,4228643290,1059292,0,0,1672,0,0.000000,16384,1529,59292,4,1.000000,0.000000
3944,4229671256,1027966,0,0,1769,0,0.000000,16384,1545,27966,4,1.000000,0.000000
3945,4230728914,1057658,0,0,1813,0,0.000000,16384,1598,57658,4,1.000000,0.000000
3946,4231785734,1056820,0,0,1818,0,0.000000,16384,1643,56820,4,1.000000,0.000000
3947,4232842327,1056593,0,0,1828,0,0.000000,16384,1649,56593,4,1.000000,0.000000
3948,4233898494,1056167,0,0,1828,0,0.000000,16384,1613,56167,4,1.000000,0.000000
3949,4234954234,1055740,0,0,1828,0,0.000000,16384,1604,55740,4,1.000000,0.000000
3950,4236010158,1055924,0,0,1829,0,0.000000,16384,1638,55924,4,1.000000,0.000000
3951,4237073493,1063335,0,0,1839,0,0.000000,16384,1660,63335,4,1.000000,0.000000
3952,4238129800,1056307,0,0,1827,0,0.000000,16384,1637,56307,4,1.000000,0.000000
3953,4239185513,1055713,0,0,1808,0,0.000000,16384,1584,55713,4,1.000000,0.000000
3954,4240241562,1056049,0,0,1820,0,0.000000,16384,1609,56049,4,1.000000,0.000000
3955,4241297194,1055632,0,0,1829,0,0.000000,16384,1653,55632,4,1.000000,0.000000
3956,4242363517,1066323,0,0,1633,0,0.000000,16384,1460,66323,4,1.000000,0.000000
3957,4243431409,1067892,0,0,1457,0,0.000000,16384,1293,67892,4,1.000000,0.000000
3958,4244501168,1069759,0,0,1419,0,0.000000,16384,1247,69759,4,1.000000,0.000000
3959,4245573739,1072571,0,0,1387,0,0.000000,16384,1275,72571,4,1.000000,0.000000
3960,4246646499,1072760,0,0,1471,0,0.000000,16384,1271,72760,4,1.000000,0.000000
3961,4247763082,1116583,0,0,1542,0,0.000000,16384,1406,116583,4,1.000000,0.000000
3962,4248838328,1075246,0,0,1366,0,0.000000,16384,1204,75246,4,1.000000,0.000000
3963,4249908872,1070544,0,0,1519,0,0.000000,16384,1345,70544,4,1.000000,0.000000
3964,4250972381,1063509,0,0,1576,0,0.000000,16384,1412,63509,4,1.000000,0.000000
3965,4252034215,1061834,0,0,1546,0,0.000000,16384,1374,61834,4,1.000000,0.000000
3966,4253097522,1063307,0,0,1453,0,0.000000,16384,1306,63307,4,1.000000,0.000000
3967,4254158695,1061173,0,0,1603,0,0.000000,16384,1414,61173,4,1.000000,0.000000
3968,4255216056,1057361,0,0,1668,0,0.000000,16384,1480,57361,4,1.000000,0.000000
3969,4256272957,1056901,0,0,1574,0,0.000000,16384,1426,56901,4,1.000000,0.000000
3970,4257331519,1058562,0,0,1595,0,0.000000,16384,1391,58562,4,1.000000,0.000000
3971,4258424265,1092746,0,0,1620,0,0.000000,16384,1487,92746,4,1.000000,0.000000
3972,4259485494,1061229,0,0,1646,0,0.000000,16384,1423,61229,4,1.000000,0.000000
3973,4260545111,1059617,0,0,1666,0,0.000000,16384,1506,59617,4,1.000000,0.000000
3974,4261603727,1058616,0,0,1668,0,0.000000,16384,1492,58616,4,1.000000,0.000000
3975,4262661081,1057354,0,0,1671,0,0.000000,16384,1458,57354,4,1.000000,0.000000
3976,4263671986,1010905,0,0,1595,0,0.000000,16384,1465,10905,4,1.000000,0.000000
3977,4264730601,1058615,0,0,1671,0,0.000000,16384,1454,58615,4,1.000000,0.000000
3978,4265788207,1057606,0,0,1672,0,0.000000,16384,1499,57606,4,1.000000,0.000000
3979,4266844681,1056474,0,0,1670,0,0.000000,16384,1507,56474,4,1.000000,0.000000
3980,4267902709,1058028,0,0,1646,0,0.000000,16384,1427,58028,4,1.000000,0.000000
3981,4268976418,1073709,0,0,1507,0,0.000000,16384,1390,73709,4,1.000000,0.000000
3982,4270032751,1056333,0,0,1718,0,0.000000,16384,1494,56333,4,1.000000,0.000000
3983,4271091207,1058456,0,0,1807,0,0.000000,16384,1609,58456,4,1.000000,0.000000
3984,4272150515,1059308,0,0,1735,0,0.000000,16384,1578,59308,4,1.000000,0.000000
3985,4273207508,1056993,0,0,1821,0,0.000000,16384,1616,56993,4,1.000000,0.000000
3986,4274263884,1056376,0,0,1830,0,0.000000,16384,1606,56376,4,1.000000,0.000000
3987,4275320467,1056583,0,0,1831,0,0.000000,16384,1628,56583,4,1.000000,0.000000
3988,4276376858,1056391,0,0,1818,0,0.000000,16384,1645,56391,4,1.000000,0.000000
3989,4277434917,1058059,0,0,1832,0,0.000000,16384,1648,58059,4,1.000000,0.000000
3990,4278491247,1056330,0,0,1800,0,0.000000,16384,1576,56330,4,1.000000,0.000000
3991,4279559322,1068075,0,0,1713,0,0.000000,16384,1518,68075,4,1.000000,0.000000
3992,4280615558,1056236,0,0,1806,0,0.000000,16384,1634,56236,4,1.000000,0.000000
3993,4281670617,1055059,0,0,1721,0,0.000000,16384,1528,55059,4,1.000000,0.000000
3994,4282726622,1056005,0,0,1829,0,0.000000,16384,1605,56005,4,1.000000,0.000000
3995,4283782884,1056262,0,0,1812,0,0.000000,16384,1622,56262,4,1.000000,0.000000
3996,4284839789,1056905,0,0,1816,0,0.000000,16384,1642,56905,4,1.000000,0.000000
3997,4285895863,1056074,0,0,1805,0,0.000000,16384,1608,56074,4,1.000000,0.000000
3998,4286952151,1056288,0,0,1772,0,0.000000,16384,1549,56288,4,1.000000,0.000000
3999,4288010671,1058520,0,0,1653,0,0.000000,16384,1495,58520,4,1.000000,0.000000
4000,4289068241,1057570,0,0,1837,0,0.000000,16384,1659,57570,4,1.000000,0.000000
4001,4290133014,1064773,0,0,1845,0,0.000000,16384,1621,64773,4,1.000000,0.000000
4002,4291192737,1059723,0,0,1795,0,0.000000,16384,1571,59723,4,1.000000,0.000000
4003,4292252299,1059562,0,0,1811,0,0.000000,16384,1633,59562,4,1.000000,0.000000
4004,4293310170,1057871,0,0,1817,0,0.000000,16384,1643,57871,4,1.000000,0.000000
4005,4294366810,1056640,0,0,1823,0,0.000000,16384,1615,56640,4,1.000000,0.000000
4006,4295422998,1056188,0,0,1817,0,0.000000,16384,1593,56188,4,1.000000,0.000000
4007,4296480098,1057100,0,0,1708,0,0.000000,16384,1536,57100,4,1.000000,0.000000
4008,4297536262,1056164,0,0,1797,0,0.000000,16384,1627,56164,4,1.000000,0.000000
4009,4298592244,1055982,0,0,1791,0,0.000000,16384,1573,55982,4,1.000000,0.000000
4010,4299648472,1056228,0,0,1833,0,0.000000,16384,1609,56228,4,1.000000,0.000000
4011,4300671083,1022611,0,0,1769,0,0.000000,16384,1598,22611,4,1.000000,0.000000
4012,4301727799,1056716,0,0,1827,0,0.000000,16384,1651,56716,4,1.000000,0.000000
4013,4302783926,1056127,0,0,1815,0,0.000000,16384,1602,56127,4,1.000000,0.000000
4014,4303840175,1056249,0,0,1831,0,0.000000,16384,1607,56249,4,1.000000,0.000000
4015,4304896084,1055909,0,0,1832,0,0.000000,16384,1639,55909,4,1.000000,0.000000
4016,4305952010,1055926,0,0,1832,0,0.000000,16384,1655,55926,4,1.000000,0.000000
4017,4307008207,1056197,0,0,1818,0,0.000000,16384,1628,56197,4,1.000000,0.000000
4018,4308065733,1057526,0,0,1714,0,0.000000,16384,1490,57526,4,1.000000,0.000000
4019,4309123143,1057410,0,0,1825,0,0.000000,16384,1634,57410,4,1.000000,0.000000
4020,4310179219,1056076,0,0,1820,0,0.000000,16384,1645,56076,4,1.000000,0.000000
4021,4311253087,1073868,0,0,1831,0,0.000000,16384,1637,73868,4,1.000000,0.000000
4022,4312309952,1056865,0,0,1815,0,0.000000,16384,1591,56865,4,1.000000,0.000000
4023,4313366579,1056627,0,0,1831,0,0.000000,16384,1620,56627,4,1.000000,0.000000
4024,4314422646,1056067,0,0,1828,0,0.000000,16384,1651,56067,4,1.000000,0.000000
4025,4315478739,1056093,0,0,1829,0,0.000000,16384,1651,56093,4,1.000000,0.000000
4026,4316535155,1056416,0,0,1719,0,0.000000,16384,1501,56416,4,1.000000,0.000000
4027,4317591331,1056176,0,0,1832,0,0.000000,16384,1618,56176,4,1.000000,0.000000
4028,4318647772,1056441,0,0,1806,0,0.000000,16384,1634,56441,4,1.000000,0.000000
4029,4319672929,1025157,0,0,1774,0,0.000000,16384,1599,25157,4,1.000000,0.000000
4030,4320729210,1056281,0,0,1831,0,0.000000,16384,1608,56281,4,1.000000,0.000000
4031,4321789790,1060580,0,0,1839,0,0.000000,16384,1615,60580,4,1.000000,0.000000
4032,4322846071,1056281,0,0,1804,0,0.000000,16384,1630,56281,4,1.000000,0.000000
4033,4323902088,1056017,0,0,1831,0,0.000000,16384,1654,56017,4,1.000000,0.000000
4034,4324951150,1049062,0,0,1809,0,0.000000,16384,1600,49062,4,1.000000,0.000000
4035,4326012522,1061372,0,0,1669,0,0.000000,16384,1461,61372,4,1.000000,0.000000
4036,4327075600,1063078,0,0,1727,0,0.000000,16384,1570,63078,4,1.000000,0.000000
4037,4328137580,1061980,0,0,1560,0,0.000000,16384,1365,61980,4,1.000000,0.000000
4038,4329198377,1060797,0,0,1664,0,0.000000,16384,1494,60797,4,1.000000,0.000000
4039,4330256572,1058195,0,0,1664,0,0.000000,16384,1497,58195,4,1.000000,0.000000
4040,4331313694,1057122,0,0,1670,0,0.000000,16384,1450,57122,4,1.000000,0.000000
4041,4332384207,1070513,0,0,1663,0,0.000000,16384,1521,70513,4,1.000000,0.000000
4042,4333440890,1056683,0,0,1670,0,0.000000,16384,1473,56683,4,1.000000,0.000000
4043,4334498106,1057216,0,0,1671,0,0.000000,16384,1478,57216,4,1.000000,0.000000
4044,4335555636,1057530,0,0,1748,0,0.000000,16384,1588,57530,4,1.000000,0.000000
4045,4336612264,1056628,0,0,1836,0,0.000000,16384,1629,56628,4,1.000000,0.000000
4046,4337669622,1057358,0,0,1833,0,0.000000,16384,1609,57358,4,1.000000,0.000000
4047,4338725997,1056375,0,0,1823,0,0.000000,16384,1621,56375,4,1.000000,0.000000
4048,4339781863,1055866,0,0,1834,0,0.000000,16384,1657,55866,4,1.000000,0.000000
4049,4340837691,1055828,0,0,1834,0,0.000000,16384,1653,55828,4,1.000000,0.000000
4050,4341894086,1056395,0,0,1835,0,0.000000,16384,1611,56395,4,1.000000,0.000000
4051,4342956150,1062064,0,0,1789,0,0.000000,16384,1566,62064,4,1.000000,0.000000
4052,4344015869,1059719,0,0,1596,0,0.000000,16384,1468,59719,4,1.000000,0.000000
4053,4345073561,1057692,0,0,1823,0,0.000000,16384,1614,57692,4,1.000000,0.000000
4054,4346134917,1061356,0,0,1620,0,0.000000,16384,1419,61356,4,1.000000,0.000000
4055,4347199801,1064884,0,0,1560,0,0.000000,16384,1425,64884,4,1.000000,0.000000
4056,4348261832,1062031,0,0,1545,0,0.000000,16384,1340,62031,4,1.000000,0.000000
4057,4349322054,1060222,0,0,1631,0,0.000000,16384,1494,60222,4,1.000000,0.000000
4058,4350414795,1092741,0,0,1835,0,0.000000,16384,1617,92741,4,1.000000,0.000000
4059,4351476713,1061918,0,0,1642,0,0.000000,16384,1443,61918,4,1.000000,0.000000
4060,4352539326,1062613,0,0,1567,0,0.000000,16384,1430,62613,4,1.000000,0.000000
4061,4353616570,1077244,0,0,1591,0,0.000000,16384,1378,77244,4,1.000000,0.000000
4062,4354675426,1058856,0,0,1649,0,0.000000,16384,1507,58856,4,1.000000,0.000000
4063,4355733001,1057575,0,0,1663,0,0.000000,16384,1458,57575,4,1.000000,0.000000
4064,4356789807,1056806,0,0,1668,0,0.000000,16384,1487,56806,4,1.000000,0.000000
4065,4357848060,1058253,0,0,1662,0,0.000000,16384,1507,58253,4,1.000000,0.000000
4066,4358904890,1056830,0,0,1832,0,0.000000,16384,1608,56830,4,1.000000,0.000000
4067,4359961006,1056116,0,0,1830,0,0.000000,16384,1612,56116,4,1.000000,0.000000
4068,4361016943,1055937,0,0,1827,0,0.000000,16384,1649,55937,4,1.000000,0.000000
4069,4362079914,1062971,0,0,1701,0,0.000000,16384,1537,62971,4,1.000000,0.000000
4070,4363141090,1061176,0,0,1728,0,0.000000,16384,1504,61176,4,1.000000,0.000000
4071,4364221173,1080083,0,0,1873,0,0.000000,16384,1667,80083,4,1.000000,0.000000
4072,4365278831,1057658,0,0,1834,0,0.000000,16384,1658,57658,4,1.000000,0.000000
4073,4366335974,1057143,0,0,1822,0,0.000000,16384,1644,57143,4,1.000000,0.000000
4074,4367393726,1057752,0,0,1725,0,0.000000,16384,1501,57752,4,1.000000,0.000000
4075,4368453728,1060002,0,0,1666,0,0.000000,16384,1491,60002,4,1.000000,0.000000
4076,4369512337,1058609,0,0,1830,0,0.000000,16384,1653,58609,4,1.000000,0.000000
4077,4370569031,1056694,0,0,1830,0,0.000000,16384,1621,56694,4,1.000000,0.000000
4078,4371625851,1056820,0,0,1830,0,0.000000,16384,1607,56820,4,1.000000,0.000000
4079,4372671590,1045739,0,0,1775,0,0.000000,16384,1586,45739,4,1.000000,0.000000
4080,4373728417,1056827,0,0,1819,0,0.000000,16384,1645,56827,4,1.000000,0.000000
4081,4374799219,1070802,0,0,1850,0,0.000000,16384,1653,70802,4,1.000000,0.000000
4082,4375855469,1056250,0,0,1827,0,0.000000,16384,1603,56250,4,1.000000,0.000000
4083,4376911377,1055908,0,0,1828,0,0.000000,16384,1614,55908,4,1.000000,0.000000
4084,4377967201,1055824,0,0,1826,0,0.000000,16384,1649,55824,4,1.000000,0.000000
4085,4379022631,1055430,0,0,1825,0,0.000000,16384,1648,55430,4,1.000000,0.000000
4086,4380078661,1056030,0,0,1798,0,0.000000,16384,1582,56030,4,1.000000,0.000000
4087,4381134312,1055651,0,0,1829,0,0.000000,16384,1605,55651,4,1.000000,0.000000
4088,4382191111,1056799,0,0,1806,0,0.000000,16384,1625,56799,4,1.000000,0.000000
4089,4383247431,1056320,0,0,1830,0,0.000000,16384,1654,56320,4,1.000000,0.000000
4090,4384303068,1055637,0,0,1829,0,0.000000,16384,1626,55637,4,1.000000,0.000000
4091,4385363546,1060478,0,0,1839,0,0.000000,16384,1614,60478,4,1.000000,0.000000
4092,4386419601,1056055,0,0,1832,0,0.000000,16384,1625,56055,4,1.000000,0.000000
4093,4387476324,1056723,0,0,1801,0,0.000000,16384,1631,56723,4,1.000000,0.000000
4094,4388534662,1058338,0,0,1713,0,0.000000,16384,1531,58338,4,1.000000,0.000000
4095,4389591882,1057220,0,0,1835,0,0.000000,16384,1611,57220,4,1.000000,0.000000
4096,4390648715,1056833,0,0,1816,0,0.000000,16384,1615,56833,4,1.000000,0.000000
4097,4391670845,1022130,0,0,1771,0,0.000000,16384,1606,22130,4,1.000000,0.000000
4098,4392727175,1056330,0,0,1835,0,0.000000,16384,1641,56330,4,1.000000,0.000000
4099,4393783979,1056804,0,0,1819,0,0.000000,16384,1595,56804,4,1.000000,0.000000
4100,4394841587,1057608,0,0,1832,0,0.000000,16384,1618,57608,4,1.000000,0.000000
4101,4395905535,1063948,0,0,1831,0,0.000000,16384,1654,63948,4,1.000000,0.000000
4102,4396961467,1055932,0,0,1831,0,0.000000,16384,1653,55932,4,1.000000,0.000000
4103,4398017253,1055786,0,0,1823,0,0.000000,16384,1608,55786,4,1.000000,0.000000
4104,4399072885,1055632,0,0,1833,0,0.000000,16384,1608,55632,4,1.000000,0.000000
4105,4400128548,1055663,0,0,1831,0,0.000000,16384,1639,55663,4,1.000000,0.000000
4106,4401184447,1055899,0,0,1815,0,0.000000,16384,1641,55899,4,1.000000,0.000000
4107,4402240045,1055598,0,0,1835,0,0.000000,16384,1642,55598,4,1.000000,0.000000
4108,4403295640,1055595,0,0,1834,0,0.000000,16384,1609,55595,4,1.000000,0.000000
4109,4404351747,1056107,0,0,1835,0,0.000000,16384,1618,56107,4,1.000000,0.000000
4110,4405407753,1056006,0,0,1834,0,0.000000,16384,1655,56006,4,1.000000,0.000000
4111,4406467837,1060084,0,0,1831,0,0.000000,16384,1654,60084,4,1.000000,0.000000
4112,4407524862,1057025,0,0,1835,0,0.000000,16384,1625,57025,4,1.000000,0.000000
4113,4408583857,1058995,0,0,1785,0,0.000000,16384,1561,58995,4,1.000000,0.000000
4114,4409641371,1057514,0,0,1836,0,0.000000,16384,1645,57514,4,1.000000,0.000000
4115,4410674486,1033115,0,0,1768,0,0.000000,16384,1603,33115,4,1.000000,0.000000
4116,4411731515,1057029,0,0,1815,0,0.000000,16384,1611,57029,4,1.000000,0.000000
4117,4412787565,1056050,0,0,1835,0,0.000000,16384,1611,56050,4,1.000000,0.000000
4118,4413843799,1056234,0,0,1825,0,0.000000,16384,1624,56234,4,1.000000,0.000000
4119,4414899653,1055854,0,0,1833,0,0.000000,16384,1656,55854,4,1.000000,0.000000
4120,4415955342,1055689,0,0,1829,0,0.000000,16384,1647,55689,4,1.000000,0.000000
4121,4417026568,1071226,0,0,1743,0,0.000000,16384,1519,71226,4,1.000000,0.000000
4122,4418083239,1056671,0,0,1828,0,0.000000,16384,1620,56671,4,1.000000,0.000000
4123,4419143082,1059843,0,0,1690,0,0.000000,16384,1541,59843,4,1.000000,0.000000
4124,4420201995,1058913,0,0,1794,0,0.000000,16384,1591,58913,4,1.000000,0.000000
4125,4421260813,1058818,0,0,1827,0,0.000000,16384,1603,58818,4,1.000000,0.000000
4126,4422318706,1057893,0,0,1770,0,0.000000,16384,1585,57893,4,1.000000,0.000000
4127,4423375945,1057239,0,0,1667,0,0.000000,16384,1516,57239,4,1.000000,0.000000
4128,4424434977,1059032,0,0,1668,0,0.000000,16384,1444,59032,4,1.000000,0.000000
4129,4425492105,1057128,0,0,1671,0,0.000000,16384,1514,57128,4,1.000000,0.000000
4130,4426548367,1056262,0,0,1797,0,0.000000,16384,1618,56262,4,1.000000,0.000000
4131,4427614358,1065991,0,0,1766,0,0.000000,16384,1414,65991,4,1.000000,0.000000
4132,4428673678,1059320,0,0,1551,0,0.000000,16384,1239,59320,4,1.000000,0.000000
4133,4429732598,1058920,0,0,1818,0,0.000000,16384,1452,58920,4,1.000000,0.000000
4134,4430789238,1056640,0,0,1804,0,0.000000,16384,1630,56640,4,1.000000,0.000000
4135,4431845364,1056126,0,0,1806,0,0.000000,16384,1625,56126,4,1.000000,0.000000
4136,4432901546,1056182,0,0,1829,0,0.000000,16384,1605,56182,4,1.000000,0.000000
4137,4433959058,1057512,0,0,1815,0,0.000000,16384,1596,57512,4,1.000000,0.000000
4138,4435015669,1056611,0,0,1832,0,0.000000,16384,1653,56611,4,1.000000,0.000000
4139,4436072362,1056693,0,0,1833,0,0.000000,16384,1655,56693,4,1.000000,0.000000
4140,4437128812,1056450,0,0,1807,0,0.000000,16384,1599,56450,4,1.000000,0.000000
4141,4438191644,1062832,0,0,1831,0,0.000000,16384,1606,62832,4,1.000000,0.000000
4142,4439247391,1055747,0,0,1829,0,0.000000,16384,1635,55747,4,1.000000,0.000000
4143,4440303047,1055656,0,0,1831,0,0.000000,16384,1654,55656,4,1.000000,0.000000
4144,4441359085,1056038,0,0,1831,0,0.000000,16384,1643,56038,4,1.000000,0.000000
4145,4442415137,1056052,0,0,1831,0,0.000000,16384,1607,56052,4,1.000000,0.000000
4146,4443472381,1057244,0,0,1801,0,0.000000,16384,1587,57244,4,1.000000,0.000000
4147,4444528633,1056252,0,0,1816,0,0.000000,16384,1642,56252,4,1.000000,0.000000
4148,4445585538,1056905,0,0,1832,0,0.000000,16384,1653,56905,4,1.000000,0.000000
4149,4446654053,1068515,0,0,1636,0,0.000000,16384,1419,68515,4,1.000000,0.000000
4150,4447706853,1052800,0,0,1621,0,0.000000,16384,1467,52800,4,1.000000,0.000000
4151,4448780191,1073338,0,0,1564,0,0.000000,16384,1382,73338,4,1.000000,0.000000
4152,4449840141,1059950,0,0,1580,0,0.000000,16384,1414,59950,4,1.000000,0.000000
4153,4450897885,1057744,0,0,1672,0,0.000000,16384,1502,57744,4,1.000000,0.000000
4154,4451972301,1074416,0,0,1672,0,0.000000,16384,1451,74416,4,1.000000,0.000000
4155,4453032974,1060673,0,0,1643,0,0.000000,16384,1505,60673,4,1.000000,0.000000
4156,4454090662,1057688,0,0,1671,0,0.000000,16384,1470,57688,4,1.000000,0.000000
4157,4455147483,1056821,0,0,1669,0,0.000000,16384,1480,56821,4,1.000000,0.000000
4158,4456203827,1056344,0,0,1669,0,0.000000,16384,1522,56344,4,1.000000,0.000000
4159,4457260188,1056361,0,0,1671,0,0.000000,16384,1447,56361,4,1.000000,0.000000
4160,4458316336,1056148,0,0,1669,0,0.000000,16384,1509,56148,4,1.000000,0.000000
4161,4459383675,1067339,0,0,1669,0,0.000000,16384,1493,67339,4,1.000000,0.000000
4162,4460440197,1056522,0,0,1779,0,0.000000,16384,1555,56522,4,1.000000,0.000000
4163,4461496215,1056018,0,0,1830,0,0.000000,16384,1640,56018,4,1.000000,0.000000
4164,4462552269,1056054,0,0,1819,0,0.000000,16384,1644,56054,4,1.000000,0.000000
4165,4463608508,1056239,0,0,1813,0,0.000000,16384,1618,56239,4,1.000000,0.000000
4166,4464664563,1056055,0,0,1828,0,0.000000,16384,1604,56055,4,1.000000,0.000000
4167,4465722846,1058283,0,0,1829,0,0.000000,16384,1620,58283,4,1.000000,0.000000
4168,4466778542,1055696,0,0,1829,0,0.000000,16384,1652,55696,4,1.000000,0.000000
4169,4467834406,1055864,0,0,1818,0,0.000000,16384,1644,55864,4,1.000000,0.000000
4170,4468892854,1058448,0,0,1732,0,0.000000,16384,1508,58448,4,1.000000,0.000000
4171,4469968273,1075419,0,0,1853,0,0.000000,16384,1637,75419,4,1.000000,0.000000
4172,4471025115,1056842,0,0,1815,0,0.000000,16384,1641,56842,4,1.000000,0.000000
4173,4472082118,1057003,0,0,1773,0,0.000000,16384,1603,57003,4,1.000000,0.000000
4174,4473138869,1056751,0,0,1792,0,0.000000,16384,1567,56751,4,1.000000,0.000000
4175,4474194687,1055818,0,0,1828,0,0.000000,16384,1611,55818,4,1.000000,0.000000
4176,4475250556,1055869,0,0,1832,0,0.000000,16384,1652,55869,4,1.000000,0.000000
4177,4476306323,1055767,0,0,1817,0,0.000000,16384,1643,55767,4,1.000000,0.000000
4178,4477362438,1056115,0,0,1831,0,0.000000,16384,1619,56115,4,1.000000,0.000000
4179,4478418228,1055790,0,0,1821,0,0.000000,16384,1597,55790,4,1.000000,0.000000
4180,4479474200,1055972,0,0,1831,0,0.000000,16384,1636,55972,4,1.000000,0.000000
4181,4480536606,1062406,0,0,1753,0,0.000000,16384,1592,62406,4,1.000000,0.000000
4182,4481593469,1056863,0,0,1830,0,0.000000,16384,1625,56863,4,1.000000,0.000000
4183,4482650521,1057052,0,0,1831,0,0.000000,16384,1608,57052,4,1.000000,0.000000
4184,4483670913,1020392,0,0,1765,0,0.000000,16384,1574,20392,4,1.000000,0.000000
4185,4484728562,1057649,0,0,1824,0,0.000000,16384,1649,57649,4,1.000000,0.000000
4186,4485785037,1056475,0,0,1772,0,0.000000,16384,1578,56475,4,1.000000,0.000000
4187,4486841753,1056716,0,0,1818,0,0.000000,16384,1594,56716,4,1.000000,0.000000
4188,4487898026,1056273,0,0,1727,0,0.000000,16384,1547,56273,4,1.000000,0.000000
4189,4488955471,1057445,0,0,1759,0,0.000000,16384,1597,57445,4,1.000000,0.000000
4190,4490012511,1057040,0,0,1832,0,0.000000,16384,1614,57040,4,1.000000,0.000000
4191,4491076015,1063504,0,0,1843,0,0.000000,16384,1618,63504,4,1.000000,0.000000
4192,4492132421,1056406,0,0,1820,0,0.000000,16384,1629,56406,4,1.000000,0.000000
4193,4493192598,1060177,0,0,1818,0,0.000000,16384,1644,60177,4,1.000000,0.000000
4194,4494251108,1058510,0,0,1809,0,0.000000,16384,1615,58510,4,1.000000,0.000000
4195,4495307907,1056799,0,0,1815,0,0.000000,16384,1591,56799,4,1.000000,0.000000
4196,4496364958,1057051,0,0,1830,0,0.000000,16384,1623,57051,4,1.000000,0.000000
4197,4497421112,1056154,0,0,1827,0,0.000000,16384,1651,56154,4,1.000000,0.000000
4198,4498477007,1055895,0,0,1808,0,0.000000,16384,1631,55895,4,1.000000,0.000000
4199,4499532918,1055911,0,0,1828,0,0.000000,16384,1604,55911,4,1.000000,0.000000
4200,4500588886,1055968,0,0,1820,0,0.000000,16384,1596,55968,4,1.000000,0.000000
4201,4501652320,1063434,0,0,1842,0,0.000000,16384,1661,63434,4,1.000000,0.000000
4202,4502670171,1017851,0,0,1762,0,0.000000,16384,1599,17851,4,1.000000,0.000000
4203,4503726259,1056088,0,0,1832,0,0.000000,16384,1616,56088,4,1.000000,0.000000
4204,4504782194,1055935,0,0,1831,0,0.000000,16384,1607,55935,4,1.000000,0.000000
4205,4505838096,1055902,0,0,1832,0,0.000000,16384,1638,55902,4,1.000000,0.000000
4206,4506894049,1055953,0,0,1831,0,0.000000,16384,1655,55953,4,1.000000,0.000000
4207,4507950843,1056794,0,0,1766,0,0.000000,16384,1575,56794,4,1.000000,0.000000
4208,4509011438,1060595,0,0,1693,0,0.000000,16384,1470,60595,4,1.000000,0.000000
4209,4510070755,1059317,0,0,1667,0,0.000000,16384,1523,59317,4,1.000000,0.000000
4210,4511128378,1057623,0,0,1665,0,0.000000,16384,1473,57623,4,1.000000,0.000000
4211,4512195333,1066955,0,0,1751,0,0.000000,16384,1539,66955,4,1.000000,0.000000
4212,4513252639,1057306,0,0,1819,0,0.000000,16384,1644,57306,4,1.000000,0.000000
4213,4514308482,1055843,0,0,1827,0,0.000000,16384,1649,55843,4,1.000000,0.000000
4214,4515364445,1055963,0,0,1828,0,0.000000,16384,1609,55963,4,1.000000,0.000000
4215,4516420526,1056081,0,0,1829,0,0.000000,16384,1605,56081,4,1.000000,0.000000
4216,4517476358,1055832,0,0,1829,0,0.000000,16384,1641,55832,4,1.000000,0.000000
4217,4518531998,1055640,0,0,1827,0,0.000000,16384,1651,55640,4,1.000000,0.000000
4218,4519592237,1060239,0,0,1768,0,0.000000,16384,1572,60239,4,1.000000,0.000000
4219,4520650929,1058692,0,0,1834,0,0.000000,16384,1610,58692,4,1.000000,0.000000
4220,4521670683,1019754,0,0,1764,0,0.000000,16384,1576,19754,4,1.000000,0.000000
4221,4522744072,1073389,0,0,1829,0,0.000000,16384,1652,73389,4,1.000000,0.000000
4222,4523800977,1056905,0,0,1829,0,0.000000,16384,1634,56905,4,1.000000,0.000000
4223,4524857182,1056205,0,0,1807,0,0.000000,16384,1583,56205,4,1.000000,0.000000
4224,4525913517,1056335,0,0,1814,0,0.000000,16384,1610,56335,4,1.000000,0.000000
4225,4526970120,1056603,0,0,1832,0,0.000000,16384,1654,56603,4,1.000000,0.000000
4226,4528028095,1057975,0,0,1832,0,0.000000,16384,1654,57975,4,1.000000,0.000000
4227,4529086885,1058790,0,0,1766,0,0.000000,16384,1542,58790,4,1.000000,0.000000
4228,4530144835,1057950,0,0,1833,0,0.000000,16384,1615,57950,4,1.000000,0.000000
4229,4531201326,1056491,0,0,1821,0,0.000000,16384,1644,56491,4,1.000000,0.000000
4230,4532258581,1057255,0,0,1835,0,0.000000,16384,1658,57255,4,1.000000,0.000000
4231,4533322232,1063651,0,0,1846,0,0.000000,16384,1634,63651,4,1.000000,0.000000
4232,4534379093,1056861,0,0,1834,0,0.000000,16384,1610,56861,4,1.000000,0.000000
4233,4535435241,1056148,0,0,1834,0,0.000000,16384,1633,56148,4,1.000000,0.000000
4234,4536491816,1056575,0,0,1834,0,0.000000,16384,1656,56575,4,1.000000,0.000000
4235,4537547685,1055869,0,0,1814,0,0.000000,16384,1633,55869,4,1.000000,0.000000
4236,4538603528,1055843,0,0,1829,0,0.000000,16384,1605,55843,4,1.000000,0.000000
4237,4539659335,1055807,0,0,1832,0,0.000000,16384,1608,55807,4,1.000000,0.000000
4238,4540670541,1011206,0,0,1750,0,0.000000,16384,1589,11206,4,1.000000,0.000000
4239,4541727084,1056543,0,0,1832,0,0.000000,16384,1654,56543,4,1.000000,0.000000
4240,4542784122,1057038,0,0,1833,0,0.000000,16384,1612,57038,4,1.000000,0.000000
4241,4543845653,1061531,0,0,1799,0,0.000000,16384,1575,61531,4,1.000000,0.000000
4242,4544902372,1056719,0,0,1832,0,0.000000,16384,1649,56719,4,1.000000,0.000000
4243,4545963087,1060715,0,0,1699,0,0.000000,16384,1546,60715,4,1.000000,0.000000
4244,4547058224,1095137,0,0,1757,0,0.000000,16384,1532,95137,4,1.000000,0.000000
4245,4548123716,1065492,0,0,1523,0,0.000000,16384,1375,65492,4,1.000000,0.000000
4246,4549188624,1064908,0,0,1549,0,0.000000,16384,1362,64908,4,1.000000,0.000000
4247,4550249688,1061064,0,0,1625,0,0.000000,16384,1458,61064,4,1.000000,0.000000
4248,4551310173,1060485,0,0,1666,0,0.000000,16384,1497,60485,4,1.000000,0.000000
4249,4552370719,1060546,0,0,1655,0,0.000000,16384,1439,60546,4,1.000000,0.000000
4250,4553428911,1058192,0,0,1673,0,0.000000,16384,1528,58192,4,1.000000,0.000000
4251,4554502471,1073560,0,0,1697,0,0.000000,16384,1498,73560,4,1.000000,0.000000
4252,4555560676,1058205,0,0,1673,0,0.000000,16384,1477,58205,4,1.000000,0.000000
4253,4556626604,1065928,0,0,1519,0,0.000000,16384,1379,65928,4,1.000000,0.000000
4254,4557683088,1056484,0,0,1436,0,0.000000,16384,1265,56484,4,1.000000,0.000000
4255,4558781044,1097956,0,0,1506,0,0.000000,16384,1341,97956,4,1.000000,0.000000
4256,4559850004,1068960,0,0,1416,0,0.000000,16384,1280,68960,4,1.000000,0.000000
4257,4561432804,1582800,0,0,2107,0,0.000000,16384,1873,582800,4,1.000000,0.000000
4258,4562521155,1088351,0,0,1388,0,0.000000,16384,1201,88351,4,1.000000,0.000000
4259,4563603805,1082650,0,0,1207,0,0.000000,16384,1092,82650,4,1.000000,0.000000
4260,4564688005,1084200,0,0,1425,0,0.000000,16384,1297,84200,4,1.000000,0.000000
4261,4565797426,1109421,0,0,1409,0,0.000000,16384,1219,109421,4,1.000000,0.000000
4262,4566870873,1073447,0,0,1462,0,0.000000,16384,1332,73447,4,1.000000,0.000000
4263,4567935589,1064716,0,0,1519,0,0.000000,16384,1333,64716,4,1.000000,0.000000
4264,4569002245,1066656,0,0,1532,0,0.000000,16384,1382,66656,4,1.000000,0.000000
4265,4570065523,1063278,0,0,1566,0,0.000000,16384,1378,63278,4,1.000000,0.000000
4266,4571124101,1058578,0,0,1568,0,0.000000,16384,1420,58578,4,1.000000,0.000000
4267,4572187941,1063840,0,0,1491,0,0.000000,16384,1308,63840,4,1.000000,0.000000
4268,4573254415,1066474,0,0,1525,0,0.000000,16384,1372,66474,4,1.000000,0.000000
4269,4574317961,1063546,0,0,1502,0,0.000000,16384,1330,63546,4,1.000000,0.000000
4270,4575378039,1060078,0,0,1631,0,0.000000,16384,1467,60078,4,1.000000,0.000000
4271,4576472991,1094952,0,0,1522,0,0.000000,16384,1336,94952,4,1.000000,0.000000
4272,4577533647,1060656,0,0,1649,0,0.000000,16384,1499,60656,4,1.000000,0.000000
4273,4578600088,1066441,0,0,1620,0,0.000000,16384,1396,66441,4,1.000000,0.000000
4274,4579677067,1076979,0,0,1611,0,0.000000,16384,1479,76979,4,1.000000,0.000000
4275,4580742199,1065132,0,0,1505,0,0.000000,16384,1301,65132,4,1.000000,0.000000
4276,4581803837,1061638,0,0,1672,0,0.000000,16384,1522,61638,4,1.000000,0.000000
4277,4582862141,1058304,0,0,1664,0,0.000000,16384,1478,58304,4,1.000000,0.000000
4278,4583919753,1057612,0,0,1665,0,0.000000,16384,1464,57612,4,1.000000,0.000000
4279,4584978817,1059064,0,0,1640,0,0.000000,16384,1501,59064,4,1.000000,0.000000
4280,4586039061,1060244,0,0,1582,0,0.000000,16384,1361,60244,4,1.000000,0.000000
4281,4587118238,1079177,0,0,1655,0,0.000000,16384,1509,79177,4,1.000000,0.000000
4282,4588181621,1063383,0,0,1558,0,0.000000,16384,1369,63383,4,1.000000,0.000000
4283,4589245203,1063582,0,0,1544,0,0.000000,16384,1393,63582,4,1.000000,0.000000
4284,4590305080,1059877,0,0,1567,0,0.000000,16384,1382,59877,4,1.000000,0.000000
4285,4591364970,1059890,0,0,1632,0,0.000000,16384,1457,59890,4,1.000000,0.000000
4286,4592430040,1065070,0,0,1470,0,0.000000,16384,1309,65070,4,1.000000,0.000000
4287,4593493068,1063028,0,0,1561,0,0.000000,16384,1398,63028,4,1.000000,0.000000
4288,4594551721,1058653,0,0,1564,0,0.000000,16384,1391,58653,4,1.000000,0.000000
4289,4595610769,1059048,0,0,1564,0,0.000000,16384,1390,59048,4,1.000000,0.000000
4290,4596683806,1073037,0,0,1509,0,0.000000,16384,1347,73037,4,1.000000,0.000000
4291,4597770243,1086437,0,0,1711,0,0.000000,16384,1510,86437,4,1.000000,0.000000
4292,4598829466,1059223,0,0,1646,0,0.000000,16384,1506,59223,4,1.000000,0.000000
4293,4599888364,1058898,0,0,1674,0,0.000000,16384,1455,58898,4,1.000000,0.000000
4294,4600945992,1057628,0,0,1675,0,0.000000,16384,1503,57628,4,1.000000,0.000000
4295,4602003056,1057064,0,0,1673,0,0.000000,16384,1509,57064,4,1.000000,0.000000
4296,4603060620,1057564,0,0,1583,0,0.000000,16384,1377,57564,4,1.000000,0.000000
4297,4604117038,1056418,0,0,1814,0,0.000000,16384,1640,56418,4,1.000000,0.000000
4298,4605180790,1063752,0,0,1664,0,0.000000,16384,1483,63752,4,1.000000,0.000000
4299,4606246235,1065445,0,0,1510,0,0.000000,16384,1334,65445,4,1.000000,0.000000
4300,4607306208,1059973,0,0,1628,0,0.000000,16384,1469,59973,4,1.000000,0.000000
4301,4608379950,1073742,0,0,1693,0,0.000000,16384,1469,73742,4,1.000000,0.000000
4302,4609440544,1060594,0,0,1552,0,0.000000,16384,1432,60594,4,1.000000,0.000000
4303,4610500170,1059626,0,0,1637,0,0.000000,16384,1421,59626,4,1.000000,0.000000
4304,4611558920,1058750,0,0,1672,0,0.000000,16384,1507,58750,4,1.000000,0.000000
4305,4612616677,1057757,0,0,1672,0,0.000000,16384,1501,57757,4,1.000000,0.000000
4306,4613672325,1055648,0,0,1659,0,0.000000,16384,1442,55648,4,1.000000,0.000000
4307,4614734577,1062252,0,0,1566,0,0.000000,16384,1442,62252,4,1.000000,0.000000
4308,4615798178,1063601,0,0,1676,0,0.000000,16384,1457,63601,4,1.000000,0.000000
4309,4616857388,1059210,0,0,1587,0,0.000000,16384,1435,59210,4,1.000000,0.000000
4310,4617916882,1059494,0,0,1663,0,0.000000,16384,1479,59494,4,1.000000,0.000000
4311,4618995614,1078732,0,0,1552,0,0.000000,16384,1371,78732,4,1.000000,0.000000
4312,4620061121,1065507,0,0,1580,0,0.000000,16384,1425,65507,4,1.000000,0.000000
4313,4621125034,1063913,0,0,1605,0,0.000000,16384,1404,63913,4,1.000000,0.000000
4314,4622183427,1058393,0,0,1624,0,0.000000,16384,1489,58393,4,1.000000,0.000000
4315,4623241044,1057617,0,0,1678,0,0.000000,16384,1454,57617,4,1.000000,0.000000
4316,4624298264,1057220,0,0,1815,0,0.000000,16384,1619,57220,4,1.000000,0.000000
4317,4625354436,1056172,0,0,1824,0,0.000000,16384,1648,56172,4,1.000000,0.000000
4318,4626410274,1055838,0,0,1823,0,0.000000,16384,1635,55838,4,1.000000,0.000000
4319,4627467210,1056936,0,0,1742,0,0.000000,16384,1517,56936,4,1.000000,0.000000
4320,4628524908,1057698,0,0,1821,0,0.000000,16384,1623,57698,4,1.000000,0.000000
4321,4629610407,1085499,0,0,1554,0,0.000000,16384,1417,85499,4,1.000000,0.000000
4322,4630676681,1066274,0,0,1663,0,0.000000,16384,1439,66274,4,1.000000,0.000000
4323,4631736479,1059798,0,0,1614,0,0.000000,16384,1479,59798,4,1.000000,0.000000
4324,4632803427,1066948,0,0,1448,0,0.000000,16384,1248,66948,4,1.000000,0.000000
4325,4633866723,1063296,0,0,1569,0,0.000000,16384,1446,63296,4,1.000000,0.000000
4326,4634924702,1057979,0,0,1587,0,0.000000,16384,1373,57979,4,1.000000,0.000000
4327,4635982018,1057316,0,0,1668,0,0.000000,16384,1512,57316,4,1.000000,0.000000
4328,4637039245,1057227,0,0,1672,0,0.000000,16384,1492,57227,4,1.000000,0.000000
4329,4638096920,1057675,0,0,1675,0,0.000000,16384,1463,57675,4,1.000000,0.000000
4330,4639154528,1057608,0,0,1673,0,0.000000,16384,1529,57608,4,1.000000,0.000000
4331,4640231391,1076863,0,0,1702,0,0.000000,16384,1498,76863,4,1.000000,0.000000
4332,4641288072,1056681,0,0,1673,0,0.000000,16384,1481,56681,4,1.000000,0.000000
4333,4642405013,1116941,0,0,1650,0,0.000000,16384,1506,116941,4,1.000000,0.000000
4334,4643472238,1067225,0,0,1429,0,0.000000,16384,1238,67225,4,1.000000,0.000000
4335,4644684098,1211860,0,0,1648,0,0.000000,16384,1503,211860,4,1.000000,0.000000
4336,4645757714,1073616,0,0,1387,0,0.000000,16384,1205,73616,4,1.000000,0.000000
4337,4646831368,1073654,0,0,1369,0,0.000000,16384,1215,73654,4,1.000000,0.000000
4338,4647997308,1165940,0,0,1492,0,0.000000,16384,1357,165940,4,1.000000,0.000000
4339,4649072199,1074891,0,0,1432,0,0.000000,16384,1237,74891,4,1.000000,0.000000
4340,4650147126,1074927,0,0,1400,0,0.000000,16384,1306,74927,4,1.000000,0.000000
4341,4651238193,1091067,0,0,1518,0,0.000000,16384,1370,91067,4,1.000000,0.000000
4342,4652305068,1066875,0,0,1532,0,0.000000,16384,1351,66875,4,1.000000,0.000000
4343,4653371241,1066173,0,0,1458,0,0.000000,16384,1303,66173,4,1.000000,0.000000
4344,4654433017,1061776,0,0,1544,0,0.000000,16384,1381,61776,4,1.000000,0.000000
4345,4655492571,1059554,0,0,1566,0,0.000000,16384,1393,59554,4,1.000000,0.000000
4346,4656551126,1058555,0,0,1403,0,0.000000,16384,1263,58555,4,1.000000,0.000000
4347,4657611039,1059913,0,0,1563,0,0.000000,16384,1367,59913,4,1.000000,0.000000
4348,4658683031,1071992,0,0,1506,0,0.000000,16384,1369,71992,4,1.000000,0.000000
4349,4659750869,1067838,0,0,1491,0,0.000000,16384,1292,67838,4,1.000000,0.000000
4350,4660813831,1062962,0,0,1569,0,0.000000,16384,1437,62962,4,1.000000,0.000000
4351,4661902599,1088768,0,0,1587,0,0.000000,16384,1383,88768,4,1.000000,0.000000
4352,4662965815,1063216,0,0,1570,0,0.000000,16384,1424,63216,4,1.000000,0.000000
4353,4664025187,1059372,0,0,1565,0,0.000000,16384,1375,59372,4,1.000000,0.000000
4354,4665084582,1059395,0,0,1564,0,0.000000,16384,1409,59395,4,1.000000,0.000000
4355,4666144990,1060408,0,0,1552,0,0.000000,16384,1371,60408,4,1.000000,0.000000
4356,4667204395,1059405,0,0,1612,0,0.000000,16384,1438,59405,4,1.000000,0.000000
4357,4668263590,1059195,0,0,1586,0,0.000000,16384,1424,59195,4,1.000000,0.000000
4358,4669322275,1058685,0,0,1599,0,0.000000,16384,1404,58685,4,1.000000,0.000000
4359,4670383201,1060926,0,0,1541,0,0.000000,16384,1400,60926,4,1.000000,0.000000
4360,4671443466,1060265,0,0,1592,0,0.000000,16384,1388,60265,4,1.000000,0.000000
4361,4675274294,3830828,0,0,5646,0,0.000000,16384,5066,2830828,4,1.000000,0.000000
4362,4676336642,1062348,0,0,1664,0,0.000000,16384,1440,62348,4,1.000000,0.000000
4363,4677394727,1058085,0,0,1666,0,0.000000,16384,1520,58085,4,1.000000,0.000000
4364,4678471118,1076391,0,0,1690,0,0.000000,16384,1500,76391,4,1.000000,0.000000
4365,4679534913,1063795,0,0,1561,0,0.000000,16384,1379,63795,4,1.000000,0.000000
4366,4680595330,1060417,0,0,1557,0,0.000000,16384,1403,60417,4,1.000000,0.000000
4367,4681685244,1089914,0,0,1702,0,0.000000,16384,1485,89914,4,1.000000,0.000000
4368,4682709381,1024137,0,0,1720,0,0.000000,16384,1566,24137,4,1.000000,0.000000
4369,4683773167,1063786,0,0,1821,0,0.000000,16384,1632,63786,4,1.000000,0.000000
4370,4684836853,1063686,0,0,1803,0,0.000000,16384,1579,63686,4,1.000000,0.000000
4371,4685914804,1077951,0,0,1528,0,0.000000,16384,1378,77951,4,1.000000,0.000000
4372,4686976876,1062072,0,0,1676,0,0.000000,16384,1490,62072,4,1.000000,0.000000
4373,4688036581,1059705,0,0,1670,0,0.000000,16384,1466,59705,4,1.000000,0.000000
4374,4689094787,1058206,0,0,1621,0,0.000000,16384,1486,58206,4,1.000000,0.000000
4375,4690154945,1060158,0,0,1614,0,0.000000,16384,1393,60158,4,1.000000,0.000000
4376,4691214832,1059887,0,0,1670,0,0.000000,16384,1515,59887,4,1.000000,0.000000
4377,4692272264,1057432,0,0,1669,0,0.000000,16384,1488,57432,4,1.000000,0.000000
4378,4693335091,1062827,0,0,1661,0,0.000000,16384,1454,62827,4,1.000000,0.000000
4379,4694396409,1061318,0,0,1673,0,0.000000,16384,1528,61318,4,1.000000,0.000000
4380,4695453350,1056941,0,0,1669,0,0.000000,16384,1461,56941,4,1.000000,0.000000
4381,4696536087,1082737,0,0,1705,0,0.000000,16384,1517,82737,4,1.000000,0.000000
4382,4697593643,1057556,0,0,1669,0,0.000000,16384,1520,57556,4,1.000000,0.000000
4383,4698652849,1059206,0,0,1617,0,0.000000,16384,1394,59206,4,1.000000,0.000000
4384,4699675070,1022221,0,0,1603,0,0.000000,16384,1467,22221,4,1.000000,0.000000
4385,4700732267,1057197,0,0,1591,0,0.000000,16384,1391,57197,4,1.000000,0.000000
4386,4701788902,1056635,0,0,1668,0,0.000000,16384,1495,56635,4,1.000000,0.000000
4387,4702845422,1056520,0,0,1667,0,0.000000,16384,1503,56520,4,1.000000,0.000000
4388,4703901896,1056474,0,0,1670,0,0.000000,16384,1447,56474,4,1.000000,0.000000
4389,4704958272,1056376,0,0,1669,0,0.000000,16384,1525,56376,4,1.000000,0.000000
4390,4706015936,1057664,0,0,1794,0,0.000000,16384,1602,57664,4,1.000000,0.000000
4391,4707079680,1063744,0,0,1824,0,0.000000,16384,1599,63744,4,1.000000,0.000000
4392,4708135307,1055627,0,0,1830,0,0.000000,16384,1623,55627,4,1.000000,0.000000
4393,4709191040,1055733,0,0,1830,0,0.000000,16384,1654,55733,4,1.000000,0.000000
4394,4710248568,1057528,0,0,1718,0,0.000000,16384,1542,57528,4,1.000000,0.000000
4395,4711306501,1057933,0,0,1682,0,0.000000,16384,1458,57933,4,1.000000,0.000000
4396,4712363929,1057428,0,0,1745,0,0.000000,16384,1584,57428,4,1.000000,0.000000
4397,4713421775,1057846,0,0,1836,0,0.000000,16384,1656,57846,4,1.000000,0.000000
4398,4714478772,1056997,0,0,1836,0,0.000000,16384,1617,56997,4,1.000000,0.000000
4399,4715535076,1056304,0,0,1835,0,0.000000,16384,1610,56304,4,1.000000,0.000000
4400,4716591139,1056063,0,0,1833,0,0.000000,16384,1642,56063,4,1.000000,0.000000
4401,4717656250,1065111,0,0,1849,0,0.000000,16384,1668,65111,4,1.000000,0.000000
4402,4718670056,1013806,0,0,1757,0,0.000000,16384,1570,13806,4,1.000000,0.000000
4403,4719726214,1056158,0,0,1809,0,0.000000,16384,1585,56158,4,1.000000,0.000000
4404,4720782240,1056026,0,0,1833,0,0.000000,16384,1630,56026,4,1.000000,0.000000
4405,4721838255,1056015,0,0,1833,0,0.000000,16384,1656,56015,4,1.000000,0.000000
4406,4722894465,1056210,0,0,1790,0,0.000000,16384,1610,56210,4,1.000000,0.000000
4407,4723950699,1056234,0,0,1829,0,0.000000,16384,1605,56234,4,1.000000,0.000000
4408,4725006560,1055861,0,0,1835,0,0.000000,16384,1612,55861,4,1.000000,0.000000
4409,4726062560,1056000,0,0,1821,0,0.000000,16384,1646,56000,4,1.000000,0.000000
4410,4727120299,1057739,0,0,1778,0,0.000000,16384,1612,57739,4,1.000000,0.000000
4411,4728184054,1063755,0,0,1844,0,0.000000,16384,1624,63755,4,1.000000,0.000000
4412,4729240527,1056473,0,0,1819,0,0.000000,16384,1595,56473,4,1.000000,0.000000
4413,4730299394,1058867,0,0,1713,0,0.000000,16384,1550,58867,4,1.000000,0.000000
4414,4731357278,1057884,0,0,1833,0,0.000000,16384,1653,57884,4,1.000000,0.000000
4415,4732413916,1056638,0,0,1802,0,0.000000,16384,1585,56638,4,1.000000,0.000000
4416,4733470918,1057002,0,0,1834,0,0.000000,16384,1609,57002,4,1.000000,0.000000
4417,4734527712,1056794,0,0,1833,0,0.000000,16384,1647,56794,4,1.000000,0.000000
4418,4735584971,1057259,0,0,1819,0,0.000000,16384,1645,57259,4,1.000000,0.000000
4419,4736678958,1093987,0,0,1819,0,0.000000,16384,1620,93987,4,1.000000,0.000000
4420,4737741087,1062129,0,0,1668,0,0.000000,16384,1448,62129,4,1.000000,0.000000
4421,4738817131,1076044,0,0,1556,0,0.000000,16384,1434,76044,4,1.000000,0.000000
4422,4739877656,1060525,0,0,1807,0,0.000000,16384,1589,60525,4,1.000000,0.000000
4423,4740935345,1057689,0,0,1836,0,0.000000,16384,1612,57689,4,1.000000,0.000000
4424,4741991806,1056461,0,0,1834,0,0.000000,16384,1647,56461,4,1.000000,0.000000
4425,4743048207,1056401,0,0,1834,0,0.000000,16384,1656,56401,4,1.000000,0.000000
4426,4744105482,1057275,0,0,1715,0,0.000000,16384,1520,57275,4,1.000000,0.000000
4427,4745164141,1058659,0,0,1644,0,0.000000,16384,1446,58659,4,1.000000,0.000000
4428,4746221932,1057791,0,0,1656,0,0.000000,16384,1515,57791,4,1.000000,0.000000
4429,4747278991,1057059,0,0,1667,0,0.000000,16384,1446,57059,4,1.000000,0.000000
4430,4748338865,1059874,0,0,1654,0,0.000000,16384,1491,59874,4,1.000000,0.000000
4431,4749420977,1082112,0,0,1605,0,0.000000,16384,1432,82112,4,1.000000,0.000000
4432,4750482612,1061635,0,0,1626,0,0.000000,16384,1431,61635,4,1.000000,0.000000
4433,4751540317,1057705,0,0,1786,0,0.000000,16384,1619,57705,4,1.000000,0.000000
4434,4752596733,1056416,0,0,1811,0,0.000000,16384,1613,56416,4,1.000000,0.000000
4435,4753654612,1057879,0,0,1751,0,0.000000,16384,1526,57879,4,1.000000,0.000000
4436,4754672142,1017530,0,0,1737,0,0.000000,16384,1566,17530,4,1.000000,0.000000
4437,4755731057,1058915,0,0,1594,0,0.000000,16384,1430,58915,4,1.000000,0.000000
4438,4756789980,1058923,0,0,1667,0,0.000000,16384,1459,58923,4,1.000000,0.000000
4439,4757847733,1057753,0,0,1644,0,0.000000,16384,1505,57753,4,1.000000,0.000000
4440,4758909572,1061839,0,0,1613,0,0.000000,16384,1400,61839,4,1.000000,0.000000
4441,4759984865,1075293,0,0,1665,0,0.000000,16384,1503,75293,4,1.000000,0.000000
4442,4761045098,1060233,0,0,1656,0,0.000000,16384,1482,60233,4,1.000000,0.000000
4443,4762103719,1058621,0,0,1666,0,0.000000,16384,1453,58621,4,1.000000,0.000000
4444,4763161121,1057402,0,0,1670,0,0.000000,16384,1527,57402,4,1.000000,0.000000
4445,4764217716,1056595,0,0,1664,0,0.000000,16384,1459,56595,4,1.000000,0.000000
4446,4765273942,1056226,0,0,1684,0,0.000000,16384,1498,56226,4,1.000000,0.000000
4447,4766329837,1055895,0,0,1829,0,0.000000,16384,1652,55895,4,1.000000,0.000000
4448,4767385602,1055765,0,0,1828,0,0.000000,16384,1632,55765,4,1.000000,0.000000
4449,4768442346,1056744,0,0,1831,0,0.000000,16384,1607,56744,4,1.000000,0.000000
4450,4769498247,1055901,0,0,1831,0,0.000000,16384,1618,55901,4,1.000000,0.000000
4451,4770560861,1062614,0,0,1593,0,0.000000,16384,1465,62614,4,1.000000,0.000000
4452,4771621365,1060504,0,0,1604,0,0.000000,16384,1385,60504,4,1.000000,0.000000
4453,4772674631,1053266,0,0,1795,0,0.000000,16384,1612,53266,4,1.000000,0.000000
4454,4773735772,1061141,0,0,1829,0,0.000000,16384,1653,61141,4,1.000000,0.000000
4455,4774798814,1063042,0,0,1750,0,0.000000,16384,1549,63042,4,1.000000,0.000000
4456,4775860300,1061486,0,0,1842,0,0.000000,16384,1618,61486,4,1.000000,0.000000
4457,4776918146,1057846,0,0,1837,0,0.000000,16384,1642,57846,4,1.000000,0.000000
4458,4777975182,1057036,0,0,1825,0,0.000000,16384,1650,57036,4,1.000000,0.000000
4459,4779031414,1056232,0,0,1834,0,0.000000,16384,1644,56232,4,1.000000,0.000000
4460,4780093731,1062317,0,0,1829,0,0.000000,16384,1605,62317,4,1.000000,0.000000
4461,4781168542,1074811,0,0,1696,0,0.000000,16384,1504,74811,4,1.000000,0.000000
4462,4782226667,1058125,0,0,1666,0,0.000000,16384,1522,58125,4,1.000000,0.000000
4463,4783283759,1057092,0,0,1673,0,0.000000,16384,1449,57092,4,1.000000,0.000000
4464,4784342960,1059201,0,0,1670,0,0.000000,16384,1506,59201,4,1.000000,0.000000
4465,4785400792,1057832,0,0,1672,0,0.000000,16384,1500,57832,4,1.000000,0.000000
4466,4786459761,1058969,0,0,1660,0,0.000000,16384,1444,58969,4,1.000000,0.000000
4467,4787517938,1058177,0,0,1671,0,0.000000,16384,1526,58177,4,1.000000,0.000000
4468,4788574578,1056640,0,0,1807,0,0.000000,16384,1608,56640,4,1.000000,0.000000
4469,4789661238,1086660,0,0,1975,0,0.000000,16384,1751,86660,4,1.000000,0.000000
4470,4790675342,1014104,0,0,1708,0,0.000000,16384,1499,14104,4,1.000000,0.000000
4471,4791709921,1034579,0,0,1734,0,0.000000,16384,1577,34579,4,1.000000,0.000000
4472,4792772674,1062753,0,0,1926,0,0.000000,16384,1727,62753,4,1.000000,0.000000
4473,4793835108,1062434,0,0,1889,0,0.000000,16384,1669,62434,4,1.000000,0.000000
4474,4794897749,1062641,0,0,1926,0,0.000000,16384,1702,62641,4,1.000000,0.000000
4475,4795959018,1061269,0,0,1831,0,0.000000,16384,1612,61269,4,1.000000,0.000000
4476,4797018525,1059507,0,0,1824,0,0.000000,16384,1647,59507,4,1.000000,0.000000
4477,4798075532,1057007,0,0,1834,0,0.000000,16384,1656,57007,4,1.000000,0.000000
4478,4799131569,1056037,0,0,1834,0,0.000000,16384,1625,56037,4,1.000000,0.000000
4479,4800187721,1056152,0,0,1830,0,0.000000,16384,1606,56152,4,1.000000,0.000000
4480,4801243466,1055745,0,0,1831,0,0.000000,16384,1631,55745,4,1.000000,0.000000
4481,4802318272,1074806,0,0,1860,0,0.000000,16384,1678,74806,4,1.000000,0.000000
4482,4803375069,1056797,0,0,1836,0,0.000000,16384,1657,56797,4,1.000000,0.000000
4483,4804430982,1055913,0,0,1825,0,0.000000,16384,1601,55913,4,1.000000,0.000000
4484,4805486824,1055842,0,0,1824,0,0.000000,16384,1601,55842,4,1.000000,0.000000
4485,4806542536,1055712,0,0,1834,0,0.000000,16384,1649,55712,4,1.000000,0.000000
4486,4807598488,1055952,0,0,1834,0,0.000000,16384,1656,55952,4,1.000000,0.000000
4487,4808654501,1056013,0,0,1833,0,0.000000,16384,1636,56013,4,1.000000,0.000000
4488,4809675523,1021022,0,0,1736,0,0.000000,16384,1512,21022,4,1.000000,0.000000
4489,4810735478,1059955,0,0,1719,0,0.000000,16384,1549,59955,4,1.000000,0.000000
4490,4811794684,1059206,0,0,1821,0,0.000000,16384,1646,59206,4,1.000000,0.000000
4491,4812859308,1064624,0,0,1838,0,0.000000,16384,1623,64624,4,1.000000,0.000000
4492,4813916412,1057104,0,0,1827,0,0.000000,16384,1603,57104,4,1.000000,0.000000
4493,4814974018,1057606,0,0,1837,0,0.000000,16384,1641,57606,4,1.000000,0.000000
4494,4816030478,1056460,0,0,1835,0,0.000000,16384,1658,56460,4,1.000000,0.000000
4495,4817086376,1055898,0,0,1836,0,0.000000,16384,1649,55898,4,1.000000,0.000000
4496,4818142329,1055953,0,0,1829,0,0.000000,16384,1605,55953,4,1.000000,0.000000
4497,4819198375,1056046,0,0,1822,0,0.000000,16384,1598,56046,4,1.000000,0.000000
4498,4820254184,1055809,0,0,1823,0,0.000000,16384,1649,55809,4,1.000000,0.000000
4499,4821310046,1055862,0,0,1823,0,0.000000,16384,1647,55862,4,1.000000,0.000000
4500,4822367780,1057734,0,0,1730,0,0.000000,16384,1520,57734,4,1.000000,0.000000
4501,4823430057,1062277,0,0,1711,0,0.000000,16384,1512,62277,4,1.000000,0.000000
4502,4824487898,1057841,0,0,1823,0,0.000000,16384,1648,57841,4,1.000000,0.000000
4503,4825544364,1056466,0,0,1826,0,0.000000,16384,1640,56466,4,1.000000,0.000000
4504,4826600631,1056267,0,0,1827,0,0.000000,16384,1603,56267,4,1.000000,0.000000
4505,4827656632,1056001,0,0,1725,0,0.000000,16384,1525,56001,4,1.000000,0.000000
4506,4828670656,1014024,0,0,1748,0,0.000000,16384,1588,14024,4,1.000000,0.000000
4507,4829726963,1056307,0,0,1819,0,0.000000,16384,1619,56307,4,1.000000,0.000000
4508,4830786610,1059647,0,0,1635,0,0.000000,16384,1422,59647,4,1.000000,0.000000
4509,4831845137,1058527,0,0,1674,0,0.000000,16384,1529,58527,4,1.000000,0.000000
4510,4832901568,1056431,0,0,1696,0,0.000000,16384,1494,56431,4,1.000000,0.000000
4511,4833965575,1064007,0,0,1847,0,0.000000,16384,1623,64007,4,1.000000,0.000000
4512,4835022231,1056656,0,0,1834,0,0.000000,16384,1650,56656,4,1.000000,0.000000
4513,4836078634,1056403,0,0,1792,0,0.000000,16384,1623,56403,4,1.000000,0.000000
4514,4837134899,1056265,0,0,1818,0,0.000000,16384,1611,56265,4,1.000000,0.000000
4515,4838195265,1060366,0,0,1840,0,0.000000,16384,1616,60366,4,1.000000,0.000000
4516,4839256049,1060784,0,0,1842,0,0.000000,16384,1639,60784,4,1.000000,0.000000
4517,4840312856,1056807,0,0,1836,0,0.000000,16384,1658,56807,4,1.000000,0.000000
4518,4841369102,1056246,0,0,1834,0,0.000000,16384,1655,56246,4,1.000000,0.000000
4519,4842425120,1056018,0,0,1834,0,0.000000,16384,1610,56018,4,1.000000,0.000000
4520,4843481189,1056069,0,0,1797,0,0.000000,16384,1573,56069,4,1.000000,0.000000
4521,4844546397,1065208,0,0,1697,0,0.000000,16384,1546,65208,4,1.000000,0.000000
4522,4845603331,1056934,0,0,1822,0,0.000000,16384,1637,56934,4,1.000000,0.000000
4523,4846659459,1056128,0,0,1832,0,0.000000,16384,1608,56128,4,1.000000,0.000000
4524,4847670546,1011087,0,0,1753,0,0.000000,16384,1548,11087,4,1.000000,0.000000
4525,4848726783,1056237,0,0,1835,0,0.000000,16384,1657,56237,4,1.000000,0.000000
4526,4849787324,1060541,0,0,1622,0,0.000000,16384,1445,60541,4,1.000000,0.000000
4527,4850850668,1063344,0,0,1595,0,0.000000,16384,1407,63344,4,1.000000,0.000000
4528,4851909844,1059176,0,0,1587,0,0.000000,16384,1439,59176,4,1.000000,0.000000
4529,4852967158,1057314,0,0,1699,0,0.000000,16384,1475,57314,4,1.000000,0.000000
4530,4854029088,1061930,0,0,1688,0,0.000000,16384,1536,61930,4,1.000000,0.000000
4531,4855111738,1082650,0,0,1711,0,0.000000,16384,1527,82650,4,1.000000,0.000000
4532,4856169516,1057778,0,0,1672,0,0.000000,16384,1458,57778,4,1.000000,0.000000
4533,4857226137,1056621,0,0,1672,0,0.000000,16384,1527,56621,4,1.000000,0.000000
4534,4858282910,1056773,0,0,1673,0,0.000000,16384,1472,56773,4,1.000000,0.000000
4535,4859339207,1056297,0,0,1756,0,0.000000,16384,1549,56297,4,1.000000,0.000000
4536,4860396003,1056796,0,0,1825,0,0.000000,16384,1649,56796,4,1.000000,0.000000
4537,4861453198,1057195,0,0,1725,0,0.000000,16384,1548,57195,4,1.000000,0.000000
4538,4862510460,1057262,0,0,1777,0,0.000000,16384,1553,57262,4,1.000000,0.000000
4539,4863566722,1056262,0,0,1835,0,0.000000,16384,1635,56262,4,1.000000,0.000000
4540,4864623521,1056799,0,0,1835,0,0.000000,16384,1654,56799,4,1.000000,0.000000
4541,4865678698,1055177,0,0,1828,0,0.000000,16384,1460,55177,4,1.000000,0.000000
4542,4866739292,1060594,0,0,1844,0,0.000000,16384,1471,60594,4,1.000000,0.000000
4543,4867796368,1057076,0,0,1822,0,0.000000,16384,1551,57076,4,1.000000,0.000000
4544,4868852584,1056216,0,0,1819,0,0.000000,16384,1603,56216,4,1.000000,0.000000
4545,4869908701,1056117,0,0,1830,0,0.000000,16384,1606,56117,4,1.000000,0.000000
4546,4870967659,1058958,0,0,1685,0,0.000000,16384,1526,58958,4,1.000000,0.000000
4547,4872025471,1057812,0,0,1716,0,0.000000,16384,1539,57812,4,1.000000,0.000000
4548,4873082230,1056759,0,0,1770,0,0.000000,16384,1546,56759,4,1.000000,0.000000
4549,4874138243,1056013,0,0,1818,0,0.000000,16384,1624,56013,4,1.000000,0.000000
4550,4875196659,1058416,0,0,1639,0,0.000000,16384,1497,58416,4,1.000000,0.000000
4551,4876264109,1067450,0,0,1794,0,0.000000,16384,1570,67450,4,1.000000,0.000000
4552,4877321710,1057601,0,0,1822,0,0.000000,16384,1605,57601,4,1.000000,0.000000
4553,4878379019,1057309,0,0,1833,0,0.000000,16384,1654,57309,4,1.000000,0.000000
4554,4879435763,1056744,0,0,1818,0,0.000000,16384,1643,56744,4,1.000000,0.000000
4555,4880491870,1056107,0,0,1733,0,0.000000,16384,1520,56107,4,1.000000,0.000000
4556,4881547786,1055916,0,0,1817,0,0.000000,16384,1599,55916,4,1.000000,0.000000
4557,4882603939,1056153,0,0,1819,0,0.000000,16384,1642,56153,4,1.000000,0.000000
4558,4883659807,1055868,0,0,1831,0,0.000000,16384,1655,55868,4,1.000000,0.000000
4559,4884670716,1010909,0,0,1742,0,0.000000,16384,1528,10909,4,1.000000,0.000000
4560,4885726897,1056181,0,0,1671,0,0.000000,16384,1481,56181,4,1.000000,0.000000
4561,4886788449,1061552,0,0,1825,0,0.000000,16384,1649,61552,4,1.000000,0.000000
4562,4887850085,1061636,0,0,1551,0,0.000000,16384,1358,61636,4,1.000000,0.000000
4563,4888910446,1060361,0,0,1666,0,0.000000,16384,1494,60361,4,1.000000,0.000000
4564,4889968135,1057689,0,0,1654,0,0.000000,16384,1490,57689,4,1.000000,0.000000
4565,4891028858,1060723,0,0,1572,0,0.000000,16384,1372,60723,4,1.000000,0.000000
4566,4892087226,1058368,0,0,1623,0,0.000000,16384,1486,58368,4,1.000000,0.000000
4567,4893144589,1057363,0,0,1752,0,0.000000,16384,1529,57363,4,1.000000,0.000000
4568,4894202294,1057705,0,0,1745,0,0.000000,16384,1549,57705,4,1.000000,0.000000
4569,4895259601,1057307,0,0,1825,0,0.000000,16384,1649,57307,4,1.000000,0.000000
4570,4896317100,1057499,0,0,1824,0,0.000000,16384,1636,57499,4,1.000000,0.000000
4571,4897384237,1067137,0,0,1851,0,0.000000,16384,1627,67137,4,1.000000,0.000000
4572,4898441329,1057092,0,0,1835,0,0.000000,16384,1611,57092,4,1.000000,0.000000
4573,4899497450,1056121,0,0,1834,0,0.000000,16384,1654,56121,4,1.000000,0.000000
4574,4900553598,1056148,0,0,1753,0,0.000000,16384,1592,56148,4,1.000000,0.000000
4575,4901609974,1056376,0,0,1807,0,0.000000,16384,1588,56376,4,1.000000,0.000000
4576,4902668652,1058678,0,0,1829,0,0.000000,16384,1605,58678,4,1.000000,0.000000
4577,4903724760,1056108,0,0,1832,0,0.000000,16384,1647,56108,4,1.000000,0.000000
4578,4904780697,1055937,0,0,1832,0,0.000000,16384,1655,55937,4,1.000000,0.000000
4579,4905836423,1055726,0,0,1833,0,0.000000,16384,1635,55726,4,1.000000,0.000000
4580,4906892446,1056023,0,0,1833,0,0.000000,16384,1609,56023,4,1.000000,0.000000
4581,4907970573,1078127,0,0,1510,0,0.000000,16384,1365,78127,4,1.000000,0.000000
4582,4909039306,1068733,0,0,1506,0,0.000000,16384,1315,68733,4,1.000000,0.000000
4583,4910107054,1067748,0,0,1446,0,0.000000,16384,1328,67748,4,1.000000,0.000000
4584,4911139547,1032493,0,0,1398,0,0.000000,16384,1209,32493,4,1.000000,0.000000
4585,4912213058,1073511,0,0,1414,0,0.000000,16384,1273,73511,4,1.000000,0.000000
4586,4913282435,1069377,0,0,1406,0,0.000000,16384,1266,69377,4,1.000000,0.000000
4587,4914354520,1072085,0,0,1410,0,0.000000,16384,1220,72085,4,1.000000,0.000000
4588,4915425246,1070726,0,0,1424,0,0.000000,16384,1306,70726,4,1.000000,0.000000
4589,4916496191,1070945,0,0,1398,0,0.000000,16384,1234,70945,4,1.000000,0.000000
4590,4917565946,1069755,0,0,1418,0,0.000000,16384,1246,69755,4,1.000000,0.000000
4591,4918663127,1097181,0,0,1467,0,0.000000,16384,1343,97181,4,1.000000,0.000000
4592,4919738768,1075641,0,0,1418,0,0.000000,16384,1226,75641,4,1.000000,0.000000
4593,4920809980,1071212,0,0,1408,0,0.000000,16384,1276,71212,4,1.000000,0.000000
4594,4921878813,1068833,0,0,1409,0,0.000000,16384,1261,68833,4,1.000000,0.000000
4595,4923688697,1809884,0,0,2349,0,0.000000,16384,2064,809884,4,1.000000,0.000000
4596,4924778444,1089747,0,0,1389,0,0.000000,16384,1262,89747,4,1.000000,0.000000
4597,4926698518,1920074,0,0,2464,0,0.000000,16384,2197,920074,4,1.000000,0.000000
4598,4927833506,1134988,0,0,1467,0,0.000000,16384,1286,134988,4,1.000000,0.000000
4599,4928911896,1078390,0,0,1401,0,0.000000,16384,1288,78390,4,1.000000,0.000000
4600,4930004576,1092680,0,0,1406,0,0.000000,16384,1217,92680,4,1.000000,0.000000
4601,4931143409,1138833,0,0,1493,0,0.000000,16384,1347,138833,4,1.000000,0.000000
4602,4932229192,1085783,0,0,1429,0,0.000000,16384,1274,85783,4,1.000000,0.000000
4603,4933305342,1076150,0,0,1408,0,0.000000,16384,1227,76150,4,1.000000,0.000000
4604,4934401886,1096544,0,0,1425,0,0.000000,16384,1313,96544,4,1.000000,0.000000
4605,4935481627,1079741,0,0,1372,0,0.000000,16384,1196,79741,4,1.000000,0.000000
4606,4936564969,1083342,0,0,1432,0,0.000000,16384,1272,83342,4,1.000000,0.000000
4607,4937650166,1085197,0,0,1475,0,0.000000,16384,1337,85197,4,1.000000,0.000000
4608,4938689038,1038872,0,0,1376,0,0.000000,16384,1192,38872,4,1.000000,0.000000
4609,4939762234,1073196,0,0,1462,0,0.000000,16384,1336,73196,4,1.000000,0.000000
4610,4940838758,1076524,0,0,1441,0,0.000000,16384,1267,76524,4,1.000000,0.000000
4611,4941979646,1140888,0,0,1412,0,0.000000,16384,1250,140888,4,1.000000,0.000000
4612,4943084437,1104791,0,0,1339,0,0.000000,16384,1227,104791,4,1.000000,0.000000
4613,4944164998,1080561,0,0,1421,0,0.000000,16384,1234,80561,4,1.000000,0.000000
4614,4945239647,1074649,0,0,1459,0,0.000000,16384,1310,74649,4,1.000000,0.000000
4615,4946313466,1073819,0,0,1482,0,0.000000,16384,1327,73819,4,1.000000,0.000000
4616,4947381283,1067817,0,0,1496,0,0.000000,16384,1315,67817,4,1.000000,0.000000
4617,4948454928,1073645,0,0,1517,0,0.000000,16384,1376,73645,4,1.000000,0.000000
4618,4949526860,1071932,0,0,1507,0,0.000000,16384,1312,71932,4,1.000000,0.000000
4619,4950598341,1071481,0,0,1481,0,0.000000,16384,1359,71481,4,1.000000,0.000000
4620,4951670154,1071813,0,0,1498,0,0.000000,16384,1290,71813,4,1.000000,0.000000
4621,4952762690,1092536,0,0,1558,0,0.000000,16384,1436,92536,4,1.000000,0.000000
4622,4953828184,1065494,0,0,1506,0,0.000000,16384,1295,65494,4,1.000000,0.000000
4623,4954893290,1065106,0,0,1531,0,0.000000,16384,1410,65106,4,1.000000,0.000000
4624,4955956211,1062921,0,0,1491,0,0.000000,16384,1289,62921,4,1.000000,0.000000
4625,4957019419,1063208,0,0,1526,0,0.000000,16384,1392,63208,4,1.000000,0.000000
4626,4958084179,1064760,0,0,1519,0,0.000000,16384,1325,64760,4,1.000000,0.000000
4627,4959147230,1063051,0,0,1512,0,0.000000,16384,1370,63051,4,1.000000,0.000000
4628,4960209256,1062026,0,0,1508,0,0.000000,16384,1327,62026,4,1.000000,0.000000
4629,4961270594,1061338,0,0,1511,0,0.000000,16384,1356,61338,4,1.000000,0.000000
4630,4962333229,1062635,0,0,1524,0,0.000000,16384,1353,62635,4,1.000000,0.000000
4631,4963448595,1115366,0,0,1566,0,0.000000,16384,1401,115366,4,1.000000,0.000000
4632,4964519267,1070672,0,0,1506,0,0.000000,16384,1338,70672,4,1.000000,0.000000
4633,4965584281,1065014,0,0,1510,0,0.000000,16384,1342,65014,4,1.000000,0.000000
4634,4966650656,1066375,0,0,1523,0,0.000000,16384,1367,66375,4,1.000000,0.000000
4635,4967676252,1025596,0,0,1458,0,0.000000,16384,1278,25596,4,1.000000,0.000000
4636,4968749287,1073035,0,0,1532,0,0.000000,16384,1394,73035,4,1.000000,0.000000
4637,4969815446,1066159,0,0,1498,0,0.000000,16384,1300,66159,4,1.000000,0.000000
4638,4970877852,1062406,0,0,1477,0,0.000000,16384,1362,62406,4,1.000000,0.000000
4639,4971941317,1063465,0,0,1474,0,0.000000,16384,1270,63465,4,1.000000,0.000000
4640,4973004752,1063435,0,0,1512,0,0.000000,16384,1383,63435,4,1.000000,0.000000
4641,4974107482,1102730,0,0,1549,0,0.000000,16384,1346,102730,4,1.000000,0.000000
4642,4975176203,1068721,0,0,1492,0,0.000000,16384,1359,68721,4,1.000000,0.000000
4643,4976240518,1064315,0,0,1502,0,0.000000,16384,1317,64315,4,1.000000,0.000000
4644,4977301453,1060935,0,0,1504,0,0.000000,16384,1353,60935,4,1.000000,0.000000
4645,4978364819,1063366,0,0,1520,0,0.000000,16384,1347,63366,4,1.000000,0.000000
4646,4979431938,1067119,0,0,1516,0,0.000000,16384,1353,67119,4,1.000000,0.000000
4647,4980496601,1064663,0,0,1514,0,0.000000,16384,1354,64663,4,1.000000,0.000000
4648,4981560232,1063631,0,0,1522,0,0.000000,16384,1346,63631,4,1.000000,0.000000
4649,4982623809,1063577,0,0,1514,0,0.000000,16384,1364,63577,4,1.000000,0.000000
4650,4983676271,1052462,0,0,1492,0,0.000000,16384,1306,52462,4,1.000000,0.000000
4651,4984768061,1091790,0,0,1514,0,0.000000,16384,1380,91790,4,1.000000,0.000000
4652,4985835763,1067702,0,0,1511,0,0.000000,16384,1308,67702,4,1.000000,0.000000
4653,4986905207,1069444,0,0,1513,0,0.000000,16384,1391,69444,4,1.000000,0.000000
4654,4987967014,1061807,0,0,1527,0,0.000000,16384,1314,61807,4,1.000000,0.000000
4655,4989030493,1063479,0,0,1525,0,0.000000,16384,1409,63479,4,1.000000,0.000000
4656,4990092041,1061548,0,0,1530,0,0.000000,16384,1315,61548,4,1.000000,0.000000
4657,4991156182,1064141,0,0,1526,0,0.000000,16384,1409,64141,4,1.000000,0.000000
4658,4992217739,1061557,0,0,1515,0,0.000000,16384,1305,61557,4,1.000000,0.000000
4659,4993284116,1066377,0,0,1518,0,0.000000,16384,1392,66377,4,1.000000,0.000000
4660,4994350018,1065902,0,0,1513,0,0.000000,16384,1314,65902,4,1.000000,0.000000
4661,4995434989,1084971,0,0,1540,0,0.000000,16384,1403,84971,4,1.000000,0.000000
4662,4996501911,1066922,0,0,1506,0,0.000000,16384,1314,66922,4,1.000000,0.000000
4663,4997577631,1075720,0,0,1454,0,0.000000,16384,1310,75720,4,1.000000,0.000000
4664,4998646446,1068815,0,0,1502,0,0.000000,16384,1338,68815,4,1.000000,0.000000
4665,4999678724,1032278,0,0,1469,0,0.000000,16384,1297,32278,4,1.000000,0.000000
4666,5000742187,1063463,0,0,1515,0,0.000000,16384,1371,63463,4,1.000000,0.000000
4667,5001804369,1062182,0,0,1524,0,0.000000,16384,1332,62182,4,1.000000,0.000000
4668,5002903147,1098778,0,0,1522,0,0.000000,16384,1386,98778,4,1.000000,0.000000
4669,5003972148,1069001,0,0,1452,0,0.000000,16384,1252,69001,4,1.000000,0.000000
4670,5005199073,1226925,0,0,1660,0,0.000000,16384,1518,226925,4,1.000000,0.000000
4671,5006299721,1100648,0,0,1436,0,0.000000,16384,1242,100648,4,1.000000,0.000000
4672,5007374747,1075026,0,0,1424,0,0.000000,16384,1312,75026,4,1.000000,0.000000
4673,5008445553,1070806,0,0,1397,0,0.000000,16384,1224,70806,4,1.000000,0.000000
4674,5009516928,1071375,0,0,1391,0,0.000000,16384,1228,71375,4,1.000000,0.000000
4675,5010688385,1171457,0,0,1582,0,0.000000,16384,1433,171457,4,1.000000,0.000000
4676,5011762622,1074237,0,0,1428,0,0.000000,16384,1241,74237,4,1.000000,0.000000
4677,5012834304,1071682,0,0,1399,0,0.000000,16384,1287,71682,4,1.000000,0.000000
4678,5013910199,1075895,0,0,1419,0,0.000000,16384,1241,75895,4,1.000000,0.000000
4679,5015073918,1163719,0,0,1525,0,0.000000,16384,1367,163719,4,1.000000,0.000000
4680,5016150907,1076989,0,0,1391,0,0.000000,16384,1249,76989,4,1.000000,0.000000
4681,5017686373,1535466,0,0,2006,0,0.000000,16384,1792,535466,4,1.000000,0.000000
4682,5018762753,1076380,0,0,1402,0,0.000000,16384,1212,76380,4,1.000000,0.000000
4683,5019838182,1075429,0,0,1388,0,0.000000,16384,1262,75429,4,1.000000,0.000000
4684,5020917814,1079632,0,0,1387,0,0.000000,16384,1242,79632,4,1.000000,0.000000
4685,5021997147,1079333,0,0,1385,0,0.000000,16384,1199,79333,4,1.000000,0.000000
4686,5023070300,1073153,0,0,1384,0,0.000000,16384,1267,73153,4,1.000000,0.000000
4687,5024264739,1194439,0,0,1544,0,0.000000,16384,1357,194439,4,1.000000,0.000000
4688,5025340723,1075984,0,0,1386,0,0.000000,16384,1237,75984,4,1.000000,0.000000
4689,5026418888,1078165,0,0,1382,0,0.000000,16384,1260,78165,4,1.000000,0.000000
4690,5027496506,1077618,0,0,1390,0,0.000000,16384,1203,77618,4,1.000000,0.000000
4691,5028592325,1095819,0,0,1417,0,0.000000,16384,1278,95819,4,1.000000,0.000000
4692,5029673416,1081091,0,0,1413,0,0.000000,16384,1269,81091,4,1.000000,0.000000
4693,5030794104,1120688,0,0,1433,0,0.000000,16384,1241,120688,4,1.000000,0.000000
4694,5031872400,1078296,0,0,1389,0,0.000000,16384,1277,78296,4,1.000000,0.000000
4695,5032945858,1073458,0,0,1397,0,0.000000,16384,1232,73458,4,1.000000,0.000000
4696,5033977537,1031679,0,0,1344,0,0.000000,16384,1173,31679,4,1.000000,0.000000
4697,5035072505,1094968,0,0,1432,0,0.000000,16384,1320,94968,4,1.000000,0.000000
4698,5036143726,1071221,0,0,1407,0,0.000000,16384,1226,71221,4,1.000000,0.000000
4699,5037688571,1544845,0,0,2013,0,0.000000,16384,1797,544845,4,1.000000,0.000000
4700,5038762830,1074259,0,0,1419,0,0.000000,16384,1256,74259,4,1.000000,0.000000
4701,5039855424,1092594,0,0,1435,0,0.000000,16384,1310,92594,4,1.000000,0.000000
4702,5040932342,1076918,0,0,1429,0,0.000000,16384,1235,76918,4,1.000000,0.000000
4703,5042004649,1072307,0,0,1414,0,0.000000,16384,1285,72307,4,1.000000,0.000000
4704,5043054469,1049820,0,0,1383,0,0.000000,16384,1236,49820,4,1.000000,0.000000
4705,5044104192,1049723,0,0,1359,0,0.000000,16384,1178,49723,4,1.000000,0.000000
4706,5045177951,1073759,0,0,1371,0,0.000000,16384,1250,73759,4,1.000000,0.000000
4707,5046256443,1078492,0,0,1405,0,0.000000,16384,1254,78492,4,1.000000,0.000000
4708,5047332341,1075898,0,0,1426,0,0.000000,16384,1242,75898,4,1.000000,0.000000
4709,5048407888,1075547,0,0,1370,0,0.000000,16384,1257,75547,4,1.000000,0.000000
4710,5049479993,1072105,0,0,1459,0,0.000000,16384,1276,72105,4,1.000000,0.000000
4711,5050580792,1100799,0,0,1434,0,0.000000,16384,1282,100799,4,1.000000,0.000000
4712,5051651997,1071205,0,0,1383,0,0.000000,16384,1256,71205,4,1.000000,0.000000
4713,5052699765,1047768,0,0,1313,0,0.000000,16384,1142,47768,4,1.000000,0.000000
4714,5053776265,1076500,0,0,1350,0,0.000000,16384,1200,76500,4,1.000000,0.000000
4715,5054855793,1079528,0,0,1438,0,0.000000,16384,1313,79528,4,1.000000,0.000000
4716,5055930646,1074853,0,0,1408,0,0.000000,16384,1218,74853,4,1.000000,0.000000
4717,5057004474,1073828,0,0,1444,0,0.000000,16384,1311,73828,4,1.000000,0.000000
4718,5058078494,1074020,0,0,1318,0,0.000000,16384,1181,74020,4,1.000000,0.000000
4719,5059151734,1073240,0,0,1414,0,0.000000,16384,1222,73240,4,1.000000,0.000000
4720,5060226170,1074436,0,0,1410,0,0.000000,16384,1291,74436,4,1.000000,0.000000
4721,5061319586,1093416,0,0,1512,0,0.000000,16384,1328,93416,4,1.000000,0.000000
4722,5062386170,1066584,0,0,1469,0,0.000000,16384,1317,66584,4,1.000000,0.000000
4723,5063458409,1072239,0,0,1403,0,0.000000,16384,1264,72239,4,1.000000,0.000000
4724,5064530371,1071962,0,0,1420,0,0.000000,16384,1227,71962,4,1.000000,0.000000
4725,5065607696,1077325,0,0,1405,0,0.000000,16384,1289,77325,4,1.000000,0.000000
4726,5066681330,1073634,0,0,1438,0,0.000000,16384,1267,73634,4,1.000000,0.000000
4727,5067751512,1070182,0,0,1391,0,0.000000,16384,1226,70182,4,1.000000,0.000000
4728,5068831471,1079959,0,0,1408,0,0.000000,16384,1296,79959,4,1.000000,0.000000
4729,5070057944,1226473,0,0,1357,0,0.000000,16384,1177,226473,4,1.000000,0.000000
4730,5071143128,1085184,0,0,1408,0,0.000000,16384,1252,85184,4,1.000000,0.000000
4731,5072275279,1132151,0,0,1498,0,0.000000,16384,1356,132151,4,1.000000,0.000000
4732,5073350479,1075200,0,0,1409,0,0.000000,16384,1216,75200,4,1.000000,0.000000
4733,5074423518,1073039,0,0,1389,0,0.000000,16384,1276,73039,4,1.000000,0.000000
4734,5075494277,1070759,0,0,1428,0,0.000000,16384,1263,70759,4,1.000000,0.000000
4735,5076572298,1078021,0,0,1411,0,0.000000,16384,1240,78021,4,1.000000,0.000000
4736,5077648363,1076065,0,0,1408,0,0.000000,16384,1296,76065,4,1.000000,0.000000
4737,5078683440,1035077,0,0,1353,0,0.000000,16384,1174,35077,4,1.000000,0.000000
4738,5079754960,1071520,0,0,1399,0,0.000000,16384,1242,71520,4,1.000000,0.000000
4739,5080825469,1070509,0,0,1412,0,0.000000,16384,1289,70509,4,1.000000,0.000000
4740,5081898232,1072763,0,0,1492,0,0.000000,16384,1285,72763,4,1.000000,0.000000
4741,5083093089,1194857,0,0,1440,0,0.000000,16384,1322,194857,4,1.000000,0.000000
4742,5084207700,1114611,0,0,1450,0,0.000000,16384,1271,114611,4,1.000000,0.000000
4743,5085283216,1075516,0,0,1369,0,0.000000,16384,1212,75516,4,1.000000,0.000000
4744,5086360491,1077275,0,0,1382,0,0.000000,16384,1270,77275,4,1.000000,0.000000
4745,5087416350,1055859,0,0,1365,0,0.000000,16384,1185,55859,4,1.000000,0.000000
4746,5088488146,1071796,0,0,1428,0,0.000000,16384,1272,71796,4,1.000000,0.000000
4747,5089556130,1067984,0,0,1475,0,0.000000,16384,1334,67984,4,1.000000,0.000000
4748,5090624467,1068337,0,0,1412,0,0.000000,16384,1220,68337,4,1.000000,0.000000
4749,5091678030,1053563,0,0,1394,0,0.000000,16384,1279,53563,4,1.000000,0.000000
4750,5092754751,1076721,0,0,1532,0,0.000000,16384,1343,76721,4,1.000000,0.000000
4751,5093853758,1099007,0,0,1440,0,0.000000,16384,1293,99007,4,1.000000,0.000000
4752,5094927307,1073549,0,0,1389,0,0.000000,16384,1254,73549,4,1.000000,0.000000
4753,5096023178,1095871,0,0,1393,0,0.000000,16384,1205,95871,4,1.000000,0.000000
4754,5097093357,1070179,0,0,1193,0,0.000000,16384,1068,70179,4,1.000000,0.000000
4755,5098689923,1596566,0,0,2076,0,0.000000,16384,1852,596566,4,1.000000,0.000000
4756,5099764842,1074919,0,0,1408,0,0.000000,16384,1293,74919,4,1.000000,0.000000
4757,5100841885,1077043,0,0,1407,0,0.000000,16384,1216,77043,4,1.000000,0.000000
4758,5101918083,1076198,0,0,1427,0,0.000000,16384,1285,76198,4,1.000000,0.000000
4759,5102993899,1075816,0,0,1412,0,0.000000,16384,1269,75816,4,1.000000,0.000000
4760,5104072227,1078328,0,0,1426,0,0.000000,16384,1233,78328,4,1.000000,0.000000
4761,5105164405,1092178,0,0,1391,0,0.000000,16384,1279,92178,4,1.000000,0.000000
4762,5106237315,1072910,0,0,1392,0,0.000000,16384,1230,72910,4,1.000000,0.000000
4763,5107317549,1080234,0,0,1343,0,0.000000,16384,1169,80234,4,1.000000,0.000000
4764,5108395105,1077556,0,0,1358,0,0.000000,16384,1245,77556,4,1.000000,0.000000
4765,5109473866,1078761,0,0,1379,0,0.000000,16384,1224,78761,4,1.000000,0.000000
4766,5110547794,1073928,0,0,1206,0,0.000000,16384,1056,73928,4,1.000000,0.000000
4767,5111625719,1077925,0,0,1385,0,0.000000,16384,1243,77925,4,1.000000,0.000000
4768,5112686756,1061037,0,0,1360,0,0.000000,16384,1237,61037,4,1.000000,0.000000
4769,5113758787,1072031,0,0,1399,0,0.000000,16384,1210,72031,4,1.000000,0.000000
4770,5114830605,1071818,0,0,1384,0,0.000000,16384,1248,71818,4,1.000000,0.000000
4771,5115943029,1112424,0,0,1462,0,0.000000,16384,1312,112424,4,1.000000,0.000000
4772,5117019214,1076185,0,0,1411,0,0.000000,16384,1224,76185,4,1.000000,0.000000
4773,5118094030,1074816,0,0,1406,0,0.000000,16384,1295,74816,4,1.000000,0.000000
4774,5119168127,1074097,0,0,1396,0,0.000000,16384,1224,74097,4,1.000000,0.000000
4775,5120242313,1074186,0,0,1414,0,0.000000,16384,1250,74186,4,1.000000,0.000000
4776,5121311102,1068789,0,0,1388,0,0.000000,16384,1268,68789,4,1.000000,0.000000
4777,5122379513,1068411,0,0,1400,0,0.000000,16384,1280,68411,4,1.000000,0.000000
4778,5123449137,1069624,0,0,1428,0,0.000000,16384,1265,69624,4,1.000000,0.000000
4779,5124522650,1073513,0,0,1397,0,0.000000,16384,1224,73513,4,1.000000,0.000000
4780,5125606620,1083970,0,0,1421,0,0.000000,16384,1309,83970,4,1.000000,0.000000
4781,5126688236,1081616,0,0,1405,0,0.000000,16384,1218,81616,4,1.000000,0.000000
4782,5127760845,1072609,0,0,1425,0,0.000000,16384,1276,72609,4,1.000000,0.000000
4783,5128831292,1070447,0,0,1425,0,0.000000,16384,1287,70447,4,1.000000,0.000000
4784,5129900936,1069644,0,0,1437,0,0.000000,16384,1238,69644,4,1.000000,0.000000
4785,5130977648,1076712,0,0,1422,0,0.000000,16384,1311,76712,4,1.000000,0.000000
4786,5132051057,1073409,0,0,1403,0,0.000000,16384,1232,73409,4,1.000000,0.000000
4787,5133129759,1078702,0,0,1374,0,0.000000,16384,1209,78702,4,1.000000,0.000000
4788,5134205712,1075953,0,0,1382,0,0.000000,16384,1270,75953,4,1.000000,0.000000
4789,5135278946,1073234,0,0,1388,0,0.000000,16384,1211,73234,4,1.000000,0.000000
4790,5136352675,1073729,0,0,1380,0,0.000000,16384,1221,73729,4,1.000000,0.000000
4791,5137452031,1099356,0,0,1433,0,0.000000,16384,1312,99356,4,1.000000,0.000000
4792,5138524249,1072218,0,0,1402,0,0.000000,16384,1213,72218,4,1.000000,0.000000
4793,5139599551,1075302,0,0,1384,0,0.000000,16384,1246,75302,4,1.000000,0.000000
4794,5140684811,1085260,0,0,1402,0,0.000000,16384,1266,85260,4,1.000000,0.000000
4795,5141762046,1077235,0,0,1380,0,0.000000,16384,1196,77235,4,1.000000,0.000000
4796,5142833397,1071351,0,0,1392,0,0.000000,16384,1264,71351,4,1.000000,0.000000
4797,5143908624,1075227,0,0,1362,0,0.000000,16384,1222,75227,4,1.000000,0.000000
4798,5144981470,1072846,0,0,1322,0,0.000000,16384,1149,72846,4,1.000000,0.000000
4799,5146057002,1075532,0,0,1354,0,0.000000,16384,1219,75532,4,1.000000,0.000000
4800,5147135036,1078034,0,0,1395,0,0.000000,16384,1263,78034,4,1.000000,0.000000
4801,5148233621,1098585,0,0,1388,0,0.000000,16384,1202,98585,4,1.000000,0.000000
4802,5149314001,1080380,0,0,1379,0,0.000000,16384,1249,80380,4,1.000000,0.000000
4803,5150387600,1073599,0,0,1168,0,0.000000,16384,1056,73599,4,1.000000,0.000000
4804,5151463318,1075718,0,0,1372,0,0.000000,16384,1207,75718,4,1.000000,0.000000
4805,5152542880,1079562,0,0,1395,0,0.000000,16384,1224,79562,4,1.000000,0.000000
4806,5153620908,1078028,0,0,1401,0,0.000000,16384,1289,78028,4,1.000000,0.000000
4807,5154690870,1069962,0,0,1376,0,0.000000,16384,1196,69962,4,1.000000,0.000000
4808,5155764449,1073579,0,0,1390,0,0.000000,16384,1234,73579,4,1.000000,0.000000
4809,5156835148,1070699,0,0,1356,0,0.000000,16384,1244,70699,4,1.000000,0.000000
4810,5157914167,1079019,0,0,1373,0,0.000000,16384,1192,79019,4,1.000000,0.000000
4811,5159018887,1104720,0,0,1428,0,0.000000,16384,1273,104720,4,1.000000,0.000000
4812,5160095615,1076728,0,0,1336,0,0.000000,16384,1222,76728,4,1.000000,0.000000
4813,5161169904,1074289,0,0,1336,0,0.000000,16384,1159,74289,4,1.000000,0.000000
4814,5162245731,1075827,0,0,1385,0,0.000000,16384,1228,75827,4,1.000000,0.000000
4815,5163320760,1075029,0,0,1348,0,0.000000,16384,1236,75029,4,1.000000,0.000000
4816,5164398083,1077323,0,0,1352,0,0.000000,16384,1178,77323,4,1.000000,0.000000
4817,5165473907,1075824,0,0,1376,0,0.000000,16384,1213,75824,4,1.000000,0.000000
4818,5166548040,1074133,0,0,1361,0,0.000000,16384,1250,74133,4,1.000000,0.000000
4819,5167652663,1104623,0,0,1417,0,0.000000,16384,1235,104623,4,1.000000,0.000000
4820,5168698731,1046068,0,0,1297,0,0.000000,16384,1143,46068,4,1.000000,0.000000
4821,5169793533,1094802,0,0,1410,0,0.000000,16384,1298,94802,4,1.000000,0.000000
4822,5170866173,1072640,0,0,1382,0,0.000000,16384,1205,72640,4,1.000000,0.000000
4823,5171941081,1074908,0,0,1358,0,0.000000,16384,1199,74908,4,1.000000,0.000000
4824,5173013104,1072023,0,0,1393,0,0.000000,16384,1281,72023,4,1.000000,0.000000
4825,5174086634,1073530,0,0,1379,0,0.000000,16384,1198,73530,4,1.000000,0.000000
4826,5175158989,1072355,0,0,1353,0,0.000000,16384,1198,72355,4,1.000000,0.000000
4827,5176233539,1074550,0,0,1327,0,0.000000,16384,1215,74550,4,1.000000,0.000000
4828,5177312999,1079460,0,0,1222,0,0.000000,16384,1086,79460,4,1.000000,0.000000
4829,5178387611,1074612,0,0,1370,0,0.000000,16384,1187,74612,4,1.000000,0.000000
4830,5179463811,1076200,0,0,1370,0,0.000000,16384,1241,76200,4,1.000000,0.000000
4831,5180581551,1117740,0,0,1410,0,0.000000,16384,1266,117740,4,1.000000,0.000000
4832,5181662472,1080921,0,0,1384,0,0.000000,16384,1199,80921,4,1.000000,0.000000
4833,5182743062,1080590,0,0,1369,0,0.000000,16384,1250,80590,4,1.000000,0.000000
4834,5183816778,1073716,0,0,1378,0,0.000000,16384,1230,73716,4,1.000000,0.000000
4835,5184892152,1075374,0,0,1337,0,0.000000,16384,1161,75374,4,1.000000,0.000000
4836,5185970381,1078229,0,0,1377,0,0.000000,16384,1253,78229,4,1.000000,0.000000
4837,5187043586,1073205,0,0,1358,0,0.000000,16384,1218,73205,4,1.000000,0.000000
4838,5188118812,1075226,0,0,1389,0,0.000000,16384,1203,75226,4,1.000000,0.000000
4839,5189193049,1074237,0,0,1386,0,0.000000,16384,1264,74237,4,1.000000,0.000000
4840,5190269219,1076170,0,0,1204,0,0.000000,16384,1092,76170,4,1.000000,0.000000
4841,5191369482,1100263,0,0,1426,0,0.000000,16384,1231,100263,4,1.000000,0.000000
4842,5192447192,1077710,0,0,1418,0,0.000000,16384,1277,77710,4,1.000000,0.000000
4843,5193522935,1075743,0,0,1394,0,0.000000,16384,1255,75743,4,1.000000,0.000000
4844,5194596239,1073304,0,0,1402,0,0.000000,16384,1214,73304,4,1.000000,0.000000
4845,5195674082,1077843,0,0,1420,0,0.000000,16384,1299,77843,4,1.000000,0.000000
4846,5196743188,1069106,0,0,1442,0,0.000000,16384,1271,69106,4,1.000000,0.000000
4847,5197812586,1069398,0,0,1375,0,0.000000,16384,1209,69398,4,1.000000,0.000000
4848,5198880124,1067538,0,0,1416,0,0.000000,16384,1304,67538,4,1.000000,0.000000
4849,5199944655,1064531,0,0,1393,0,0.000000,16384,1209,64531,4,1.000000,0.000000
4850,5201012319,1067664,0,0,1438,0,0.000000,16384,1287,67664,4,1.000000,0.000000
4851,5202106761,1094442,0,0,1423,0,0.000000,16384,1284,94442,4,1.000000,0.000000
4852,5203174979,1068218,0,0,1223,0,0.000000,16384,1070,68218,4,1.000000,0.000000
4853,5204244965,1069986,0,0,1426,0,0.000000,16384,1270,69986,4,1.000000,0.000000
4854,5205314101,1069136,0,0,1418,0,0.000000,16384,1288,69136,4,1.000000,0.000000
4855,5206384678,1070577,0,0,1394,0,0.000000,16384,1207,70577,4,1.000000,0.000000
4856,5207452140,1067462,0,0,1443,0,0.000000,16384,1312,67462,4,1.000000,0.000000
4857,5208520044,1067904,0,0,1400,0,0.000000,16384,1245,67904,4,1.000000,0.000000
4858,5209588366,1068322,0,0,1384,0,0.000000,16384,1203,68322,4,1.000000,0.000000
4859,5210657084,1068718,0,0,1427,0,0.000000,16384,1315,68718,4,1.000000,0.000000
4860,5211691883,1034799,0,0,1335,0,0.000000,16384,1174,34799,4,1.000000,0.000000
4861,5212787872,1095989,0,0,1454,0,0.000000,16384,1279,95989,4,1.000000,0.000000
4862,5213852546,1064674,0,0,1396,0,0.000000,16384,1283,64674,4,1.000000,0.000000
4863,5214920577,1068031,0,0,1424,0,0.000000,16384,1229,68031,4,1.000000,0.000000
4864,5215988198,1067621,0,0,1408,0,0.000000,16384,1268,67621,4,1.000000,0.000000
4865,5217057326,1069128,0,0,1408,0,0.000000,16384,1268,69128,4,1.000000,0.000000
4866,5218124450,1067124,0,0,1434,0,0.000000,16384,1238,67124,4,1.000000,0.000000
4867,5219188796,1064346,0,0,1436,0,0.000000,16384,1324,64346,4,1.000000,0.000000
4868,5220256310,1067514,0,0,1401,0,0.000000,16384,1227,67514,4,1.000000,0.000000
4869,5221325144,1068834,0,0,1414,0,0.000000,16384,1252,68834,4,1.000000,0.000000
4870,5222393461,1068317,0,0,1426,0,0.000000,16384,1303,68317,4,1.000000,0.000000
4871,5223493174,1099713,0,0,1459,0,0.000000,16384,1258,99713,4,1.000000,0.000000
4872,5224567379,1074205,0,0,1447,0,0.000000,16384,1323,74205,4,1.000000,0.000000
4873,5225638574,1071195,0,0,1440,0,0.000000,16384,1268,71195,4,1.000000,0.000000
4874,5226689054,1050480,0,0,1399,0,0.000000,16384,1235,50480,4,1.000000,0.000000
4875,5227758838,1069784,0,0,1422,0,0.000000,16384,1305,69784,4,1.000000,0.000000
4876,5228826845,1068007,0,0,1412,0,0.000000,16384,1221,68007,4,1.000000,0.000000
4877,5229895353,1068508,0,0,1423,0,0.000000,16384,1283,68508,4,1.000000,0.000000
4878,5230965342,1069989,0,0,1445,0,0.000000,16384,1294,69989,4,1.000000,0.000000
4879,5232034518,1069176,0,0,1426,0,0.000000,16384,1240,69176,4,1.000000,0.000000
4880,5233105234,1070716,0,0,1382,0,0.000000,16384,1271,70716,4,1.000000,0.000000
4881,5234209848,1104614,0,0,1416,0,0.000000,16384,1240,104614,4,1.000000,0.000000
4882,5235280922,1071074,0,0,1418,0,0.000000,16384,1257,71074,4,1.000000,0.000000
4883,5236353904,1072982,0,0,1397,0,0.000000,16384,1278,72982,4,1.000000,0.000000
4884,5237429531,1075627,0,0,1396,0,0.000000,16384,1209,75627,4,1.000000,0.000000
4885,5238502156,1072625,0,0,1373,0,0.000000,16384,1232,72625,4,1.000000,0.000000
4886,5239570165,1068009,0,0,1431,0,0.000000,16384,1294,68009,4,1.000000,0.000000
4887,5240639214,1069049,0,0,1444,0,0.000000,16384,1245,69049,4,1.000000,0.000000
4888,5241680127,1040913,0,0,1414,0,0.000000,16384,1302,40913,4,1.000000,0.000000
4889,5242746580,1066453,0,0,1448,0,0.000000,16384,1270,66453,4,1.000000,0.000000
4890,5243816509,1069929,0,0,1210,0,0.000000,16384,1061,69929,4,1.000000,0.000000
4891,5244898686,1082177,0,0,1424,0,0.000000,16384,1303,82177,4,1.000000,0.000000
4892,5245965367,1066681,0,0,1395,0,0.000000,16384,1236,66681,4,1.000000,0.000000
4893,5247035120,1069753,0,0,1384,0,0.000000,16384,1207,69753,4,1.000000,0.000000
4894,5248103965,1068845,0,0,1404,0,0.000000,16384,1292,68845,4,1.000000,0.000000
4895,5249171496,1067531,0,0,1402,0,0.000000,16384,1225,67531,4,1.000000,0.000000
4896,5250241639,1070143,0,0,1388,0,0.000000,16384,1229,70143,4,1.000000,0.000000
4897,5251312586,1070947,0,0,1376,0,0.000000,16384,1264,70947,4,1.000000,0.000000
4898,5252385239,1072653,0,0,1376,0,0.000000,16384,1193,72653,4,1.000000,0.000000
4899,5253452907,1067668,0,0,1398,0,0.000000,16384,1245,67668,4,1.000000,0.000000
4900,5254521952,1069045,0,0,1392,0,0.000000,16384,1270,69045,4,1.000000,0.000000
4901,5255613212,1091260,0,0,1426,0,0.000000,16384,1232,91260,4,1.000000,0.000000
4902,5256680286,1067074,0,0,1188,0,0.000000,16384,1056,67074,4,1.000000,0.000000
4903,5257750502,1070216,0,0,1371,0,0.000000,16384,1259,70216,4,1.000000,0.000000
4904,5258817898,1067396,0,0,1409,0,0.000000,16384,1234,67396,4,1.000000,0.000000
4905,5259888121,1070223,0,0,1389,0,0.000000,16384,1228,70223,4,1.000000,0.000000
4906,5260957720,1069599,0,0,1390,0,0.000000,16384,1278,69599,4,1.000000,0.000000
4907,5262026169,1068449,0,0,1404,0,0.000000,16384,1215,68449,4,1.000000,0.000000
4908,5263092398,1066229,0,0,1403,0,0.000000,16384,1256,66229,4,1.000000,0.000000
4909,5264161009,1068611,0,0,1375,0,0.000000,16384,1249,68611,4,1.000000,0.000000
4910,5265228074,1067065,0,0,1360,0,0.000000,16384,1180,67065,4,1.000000,0.000000
4911,5266314167,1086093,0,0,1387,0,0.000000,16384,1245,86093,4,1.000000,0.000000
4912,5267382747,1068580,0,0,1369,0,0.000000,16384,1243,68580,4,1.000000,0.000000
4913,5268447746,1064999,0,0,1423,0,0.000000,16384,1229,64999,4,1.000000,0.000000
4914,5269514214,1066468,0,0,1397,0,0.000000,16384,1269,66468,4,1.000000,0.000000
4915,5270586271,1072057,0,0,1131,0,0.000000,16384,1019,72057,4,1.000000,0.000000
4916,5271655863,1069592,0,0,1372,0,0.000000,16384,1209,69592,4,1.000000,0.000000
4917,5272683609,1027746,0,0,1326,0,0.000000,16384,1153,27746,4,1.000000,0.000000
4918,5273750342,1066733,0,0,1406,0,0.000000,16384,1294,66733,4,1.000000,0.000000
4919,5274816331,1065989,0,0,1388,0,0.000000,16384,1223,65989,4,1.000000,0.000000
4920,5275884581,1068250,0,0,1394,0,0.000000,16384,1222,68250,4,1.000000,0.000000
4921,5276972893,1088312,0,0,1430,0,0.000000,16384,1319,88312,4,1.000000,0.000000
4922,5278042793,1069900,0,0,1401,0,0.000000,16384,1212,69900,4,1.000000,0.000000
4923,5279110735,1067942,0,0,1388,0,0.000000,16384,1241,67942,4,1.000000,0.000000
4924,5280178483,1067748,0,0,1387,0,0.000000,16384,1262,67748,4,1.000000,0.000000
4925,5281248976,1070493,0,0,1385,0,0.000000,16384,1199,70493,4,1.000000,0.000000
4926,5282318127,1069151,0,0,1382,0,0.000000,16384,1245,69151,4,1.000000,0.000000
4927,5283353968,1035841,0,0,1304,0,0.000000,16384,1186,35841,4,1.000000,0.000000
4928,5284425147,1071179,0,0,1375,0,0.000000,16384,1192,71179,4,1.000000,0.000000
4929,5285491839,1066692,0,0,1400,0,0.000000,16384,1253,66692,4,1.000000,0.000000
4930,5286559234,1067395,0,0,1412,0,0.000000,16384,1280,67395,4,1.000000,0.000000
4931,5287673848,1114614,0,0,1433,0,0.000000,16384,1238,114614,4,1.000000,0.000000
4932,5288744958,1071110,0,0,1346,0,0.000000,16384,1225,71110,4,1.000000,0.000000
4933,5289810941,1065983,0,0,1560,0,0.000000,16384,1380,65983,4,1.000000,0.000000
4934,5290877242,1066301,0,0,1501,0,0.000000,16384,1345,66301,4,1.000000,0.000000
4935,5291945239,1067997,0,0,1443,0,0.000000,16384,1293,67997,4,1.000000,0.000000
4936,5293011116,1065877,0,0,1544,0,0.000000,16384,1357,65877,4,1.000000,0.000000
4937,5294075993,1064877,0,0,1549,0,0.000000,16384,1399,64877,4,1.000000,0.000000
4938,5295140001,1064008,0,0,1588,0,0.000000,16384,1403,64008,4,1.000000,0.000000
4939,5296216563,1076562,0,0,1441,0,0.000000,16384,1301,76562,4,1.000000,0.000000
4940,5297293566,1077003,0,0,1069,0,0.000000,16384,948,77003,4,1.000000,0.000000
4941,5298389179,1095613,0,0,1476,0,0.000000,16384,1289,95613,4,1.000000,0.000000
4942,5299460756,1071577,0,0,1479,0,0.000000,16384,1356,71577,4,1.000000,0.000000
4943,5300528141,1067385,0,0,1438,0,0.000000,16384,1242,67385,4,1.000000,0.000000
4944,5301595451,1067310,0,0,1430,0,0.000000,16384,1301,67310,4,1.000000,0.000000
4945,5302660486,1065035,0,0,1462,0,0.000000,16384,1295,65035,4,1.000000,0.000000
4946,5303684610,1024124,0,0,1403,0,0.000000,16384,1233,24124,4,1.000000,0.000000
4947,5305681187,1996577,0,0,2622,0,0.000000,16384,2362,996577,4,1.000000,0.000000
4948,5306748515,1067328,0,0,1425,0,0.000000,16384,1238,67328,4,1.000000,0.000000
4949,5307816084,1067569,0,0,1460,0,0.000000,16384,1348,67569,4,1.000000,0.000000
4950,5308882037,1065953,0,0,1452,0,0.000000,16384,1256,65953,4,1.000000,0.000000
4951,5309975151,1093114,0,0,1463,0,0.000000,16384,1323,93114,4,1.000000,0.000000
4952,5311044906,1069755,0,0,1466,0,0.000000,16384,1303,69755,4,1.000000,0.000000
4953,5312110585,1065679,0,0,1446,0,0.000000,16384,1273,65679,4,1.000000,0.000000
4954,5313175855,1065270,0,0,1458,0,0.000000,16384,1331,65270,4,1.000000,0.000000
4955,5314241886,1066031,0,0,1488,0,0.000000,16384,1280,66031,4,1.000000,0.000000
4956,5315306495,1064609,0,0,1530,0,0.000000,16384,1417,64609,4,1.000000,0.000000
4957,5316371256,1064761,0,0,1559,0,0.000000,16384,1335,64761,4,1.000000,0.000000
4958,5317442087,1070831,0,0,1506,0,0.000000,16384,1394,70831,4,1.000000,0.000000
4959,5318513188,1071101,0,0,1469,0,0.000000,16384,1269,71101,4,1.000000,0.000000
4960,5319583921,1070733,0,0,1508,0,0.000000,16384,1371,70733,4,1.000000,0.000000
4961,5320680726,1096805,0,0,1527,0,0.000000,16384,1337,96805,4,1.000000,0.000000
4962,5321751065,1070339,0,0,1461,0,0.000000,16384,1315,70339,4,1.000000,0.000000
4963,5322822725,1071660,0,0,1437,0,0.000000,16384,1287,71660,4,1.000000,0.000000
4964,5323895227,1072502,0,0,1391,0,0.000000,16384,1206,72502,4,1.000000,0.000000
4965,5324971588,1076361,0,0,1391,0,0.000000,16384,1279,76361,4,1.000000,0.000000
4966,5326049897,1078309,0,0,1391,0,0.000000,16384,1228,78309,4,1.000000,0.000000
4967,5327129743,1079846,0,0,1361,0,0.000000,16384,1188,79846,4,1.000000,0.000000
4968,5328204160,1074417,0,0,1374,0,0.000000,16384,1262,74417,4,1.000000,0.000000
4969,5329276487,1072327,0,0,1443,0,0.000000,16384,1264,72327,4,1.000000,0.000000
4970,5330349171,1072684,0,0,1365,0,0.000000,16384,1208,72684,4,1.000000,0.000000
4971,5331452681,1103510,0,0,1397,0,0.000000,16384,1285,103510,4,1.000000,0.000000
4972,5332530257,1077576,0,0,1369,0,0.000000,16384,1186,77576,4,1.000000,0.000000
4973,5333601597,1071340,0,0,1305,0,0.000000,16384,1152,71340,4,1.000000,0.000000
4974,5334764781,1163184,0,0,1550,0,0.000000,16384,1415,163184,4,1.000000,0.000000
4975,5335836023,1071242,0,0,1395,0,0.000000,16384,1208,71242,4,1.000000,0.000000
4976,5336905150,1069127,0,0,1123,0,0.000000,16384,997,69127,4,1.000000,0.000000
4977,5337974879,1069729,0,0,1416,0,0.000000,16384,1304,69729,4,1.000000,0.000000
4978,5339043899,1069020,0,0,1391,0,0.000000,16384,1217,69020,4,1.000000,0.000000
4979,5340109247,1065348,0,0,1408,0,0.000000,16384,1246,65348,4,1.000000,0.000000
4980,5341179187,1069940,0,0,1359,0,0.000000,16384,1247,69940,4,1.000000,0.000000
4981,5342285804,1106617,0,0,1447,0,0.000000,16384,1252,106617,4,1.000000,0.000000
4982,5343360040,1074236,0,0,1384,0,0.000000,16384,1243,74236,4,1.000000,0.000000
4983,5344436040,1076000,0,0,1366,0,0.000000,16384,1241,76000,4,1.000000,0.000000
4984,5345505739,1069699,0,0,1389,0,0.000000,16384,1202,69699,4,1.000000,0.000000
4985,5346574895,1069156,0,0,1389,0,0.000000,16384,1253,69156,4,1.000000,0.000000
4986,5347647423,1072528,0,0,1408,0,0.000000,16384,1268,72528,4,1.000000,0.000000
4987,5348682063,1034640,0,0,1317,0,0.000000,16384,1145,34640,4,1.000000,0.000000
4988,5349826659,1144596,0,0,1305,0,0.000000,16384,1169,144596,4,1.000000,0.000000
4989,5350894248,1067589,0,0,1427,0,0.000000,16384,1300,67589,4,1.000000,0.000000
4990,5351962309,1068061,0,0,1424,0,0.000000,16384,1230,68061,4,1.000000,0.000000
4991,5353055834,1093525,0,0,1491,0,0.000000,16384,1364,93525,4,1.000000,0.000000
4992,5354122256,1066422,0,0,1447,0,0.000000,16384,1267,66422,4,1.000000,0.000000
4993,5355188321,1066065,0,0,1462,0,0.000000,16384,1305,66065,4,1.000000,0.000000
4994,5356252551,1064230,0,0,1470,0,0.000000,16384,1324,64230,4,1.000000,0.000000
4995,5357356337,1103786,0,0,1486,0,0.000000,16384,1297,103786,4,1.000000,0.000000
4996,5358424574,1068237,0,0,1417,0,0.000000,16384,1305,68237,4,1.000000,0.000000
4997,5359489678,1065104,0,0,1433,0,0.000000,16384,1239,65104,4,1.000000,0.000000
4998,5360557526,1067848,0,0,1405,0,0.000000,16384,1263,67848,4,1.000000,0.000000
4999,5361632671,1075145,0,0,1379,0,0.000000,16384,1247,75145,4,1.000000,0.000000
5000,5362687978,1055307,0,0,1357,0,0.000000,16384,1176,55307,4,1.000000,0.000000
5001,5363776308,1088330,0,0,1462,0,0.000000,16384,1326,88330,4,1.000000,0.000000
5002,5364843578,1067270,0,0,1435,0,0.000000,16384,1276,67270,4,1.000000,0.000000
5003,5365910060,1066482,0,0,1419,0,0.000000,16384,1242,66482,4,1.000000,0.000000
5004,5366975221,1065161,0,0,1421,0,0.000000,16384,1310,65161,4,1.000000,0.000000
5005,5368040704,1065483,0,0,1234,0,0.000000,16384,1081,65483,4,1.000000,0.000000
5006,5369106292,1065588,0,0,1187,0,0.000000,16384,1041,65588,4,1.000000,0.000000
5007,5370173078,1066786,0,0,1393,0,0.000000,16384,1244,66786,4,1.000000,0.000000
5008,5371243744,1070666,0,0,1388,0,0.000000,16384,1264,70666,4,1.000000,0.000000
5009,5372311827,1068083,0,0,1408,0,0.000000,16384,1218,68083,4,1.000000,0.000000
5010,5373383306,1071479,0,0,1422,0,0.000000,16384,1288,71479,4,1.000000,0.000000
5011,5374475071,1091765,0,0,1418,0,0.000000,16384,1267,91765,4,1.000000,0.000000
5012,5375545900,1070829,0,0,1458,0,0.000000,16384,1273,70829,4,1.000000,0.000000
5013,5376614588,1068688,0,0,1393,0,0.000000,16384,1281,68688,4,1.000000,0.000000
5014,5377679997,1065409,0,0,1398,0,0.000000,16384,1217,65409,4,1.000000,0.000000
5015,5378762850,1082853,0,0,1368,0,0.000000,16384,1213,82853,4,1.000000,0.000000
5016,5379831959,1069109,0,0,1385,0,0.000000,16384,1273,69109,4,1.000000,0.000000
5017,5380902953,1070994,0,0,1416,0,0.000000,16384,1224,70994,4,1.000000,0.000000
5018,5381970772,1067819,0,0,1426,0,0.000000,16384,1282,67819,4,1.000000,0.000000
5019,5383036705,1065933,0,0,1430,0,0.000000,16384,1286,65933,4,1.000000,0.000000
5020,5384104600,1067895,0,0,1405,0,0.000000,16384,1213,67895,4,1.000000,0.000000
5021,5385195114,1090514,0,0,1388,0,0.000000,16384,1276,90514,4,1.000000,0.000000
5022,5386265802,1070688,0,0,1376,0,0.000000,16384,1220,70688,4,1.000000,0.000000
5023,5387332833,1067031,0,0,1376,0,0.000000,16384,1196,67031,4,1.000000,0.000000
5024,5388401220,1068387,0,0,1357,0,0.000000,16384,1245,68387,4,1.000000,0.000000
5025,5389470401,1069181,0,0,1383,0,0.000000,16384,1227,69181,4,1.000000,0.000000
5026,5390537903,1067502,0,0,1189,0,0.000000,16384,1010,67502,4,1.000000,0.000000
5027,5391611093,1073190,0,0,1420,0,0.000000,16384,825,73190,4,1.000000,0.000000
5028,5392686238,1075145,0,0,1390,0,0.000000,16384,857,75145,4,1.000000,0.000000
5029,5393752925,1066687,0,0,1425,0,0.000000,16384,879,66687,4,1.000000,0.000000
5030,5394823886,1070961,0,0,1389,0,0.000000,16384,857,70961,4,1.000000,0.000000
5031,5395942892,1119006,0,0,1455,0,0.000000,16384,848,119006,4,1.000000,0.000000
5032,5397012290,1069398,0,0,1360,0,0.000000,16384,848,69398,4,1.000000,0.000000
5033,5398081548,1069258,0,0,1385,0,0.000000,16384,985,69258,4,1.000000,0.000000
5034,5399152860,1071312,0,0,1362,0,0.000000,16384,970,71312,4,1.000000,0.000000
5035,5400225899,1073039,0,0,1380,0,0.000000,16384,980,73039,4,1.000000,0.000000
5036,5401300038,1074139,0,0,1400,0,0.000000,16384,997,74139,4,1.000000,0.000000
5037,5402369616,1069578,0,0,1359,0,0.000000,16384,1149,69578,4,1.000000,0.000000
5038,5403441905,1072289,0,0,1375,0,0.000000,16384,1193,72289,4,1.000000,0.000000
5039,5404517052,1075147,0,0,1337,0,0.000000,16384,1193,75147,4,1.000000,0.000000
5040,5405591414,1074362,0,0,1353,0,0.000000,16384,1237,74362,4,1.000000,0.000000
5041,5406684061,1092647,0,0,1400,0,0.000000,16384,1216,92647,4,1.000000,0.000000
5042,5407757746,1073685,0,0,1369,0,0.000000,16384,1221,73685,4,1.000000,0.000000
5043,5408828334,1070588,0,0,1375,0,0.000000,16384,1256,70588,4,1.000000,0.000000
5044,5409899154,1070820,0,0,1390,0,0.000000,16384,1204,70820,4,1.000000,0.000000
5045,5410973731,1074577,0,0,1381,0,0.000000,16384,1238,74577,4,1.000000,0.000000
5046,5412043694,1069963,0,0,1369,0,0.000000,16384,1243,69963,4,1.000000,0.000000
5047,5413113259,1069565,0,0,1358,0,0.000000,16384,1181,69565,4,1.000000,0.000000
5048,5414182951,1069692,0,0,1407,0,0.000000,16384,1262,69692,4,1.000000,0.000000
5049,5415253620,1070669,0,0,1412,0,0.000000,16384,1274,70669,4,1.000000,0.000000
5050,5416324114,1070494,0,0,1283,0,0.000000,16384,1120,70494,4,1.000000,0.000000
5051,5417483579,1159465,0,0,1424,0,0.000000,16384,1277,159465,4,1.000000,0.000000
5052,5418556334,1072755,0,0,1390,0,0.000000,16384,1255,72755,4,1.000000,0.000000
5053,5419631310,1074976,0,0,1361,0,0.000000,16384,1182,74976,4,1.000000,0.000000
5054,5420693729,1062419,0,0,1334,0,0.000000,16384,1200,62419,4,1.000000,0.000000
5055,5421761184,1067455,0,0,1423,0,0.000000,16384,1287,67455,4,1.000000,0.000000
5056,5422831989,1070805,0,0,1400,0,0.000000,16384,1213,70805,4,1.000000,0.000000
5057,5423902079,1070090,0,0,1399,0,0.000000,16384,1270,70090,4,1.000000,0.000000
5058,5424972050,1069971,0,0,1405,0,0.000000,16384,1254,69971,4,1.000000,0.000000
5059,5426039964,1067914,0,0,1413,0,0.000000,16384,1232,67914,4,1.000000,0.000000
5060,5427107335,1067371,0,0,1409,0,0.000000,16384,1293,67371,4,1.000000,0.000000
5061,5428203545,1096210,0,0,1392,0,0.000000,16384,1221,96210,4,1.000000,0.000000
5062,5429274058,1070513,0,0,1354,0,0.000000,16384,1193,70513,4,1.000000,0.000000
5063,5430342469,1068411,0,0,1096,0,0.000000,16384,984,68411,4,1.000000,0.000000
5064,5431409666,1067197,0,0,1334,0,0.000000,16384,1218,67197,4,1.000000,0.000000
5065,5432481643,1071977,0,0,1372,0,0.000000,16384,1198,71977,4,1.000000,0.000000
5066,5433556274,1074631,0,0,1356,0,0.000000,16384,1198,74631,4,1.000000,0.000000
5067,5434629204,1072930,0,0,1325,0,0.000000,16384,1209,72930,4,1.000000,0.000000
5068,5435692442,1063238,0,0,1344,0,0.000000,16384,1186,63238,4,1.000000,0.000000
5069,5436761486,1069044,0,0,1356,0,0.000000,16384,1182,69044,4,1.000000,0.000000
5070,5437831483,1069997,0,0,1358,0,0.000000,16384,1242,69997,4,1.000000,0.000000
5071,5438927029,1095546,0,0,1420,0,0.000000,16384,1259,95546,4,1.000000,0.000000
5072,5439993139,1066110,0,0,1370,0,0.000000,16384,1199,66110,4,1.000000,0.000000
5073,5441059567,1066428,0,0,1371,0,0.000000,16384,1255,66428,4,1.000000,0.000000
5074,5442124973,1065406,0,0,1393,0,0.000000,16384,1227,65406,4,1.000000,0.000000
5075,5443193197,1068224,0,0,1416,0,0.000000,16384,1250,68224,4,1.000000,0.000000
5076,5444260844,1067647,0,0,1389,0,0.000000,16384,1273,67647,4,1.000000,0.000000
5077,5445331411,1070567,0,0,1370,0,0.000000,16384,1192,70567,4,1.000000,0.000000
5078,5446400793,1069382,0,0,1348,0,0.000000,16384,1194,69382,4,1.000000,0.000000
5079,5447470254,1069461,0,0,1374,0,0.000000,16384,1258,69461,4,1.000000,0.000000
5080,5448538954,1068700,0,0,1368,0,0.000000,16384,1194,68700,4,1.000000,0.000000
5081,5449660641,1121687,0,0,1435,0,0.000000,16384,1277,121687,4,1.000000,0.000000
5082,5450733687,1073046,0,0,1383,0,0.000000,16384,1258,73046,4,1.000000,0.000000
5083,5451801822,1068135,0,0,1384,0,0.000000,16384,1201,68135,4,1.000000,0.000000
5084,5452871284,1069462,0,0,1395,0,0.000000,16384,1255,69462,4,1.000000,0.000000
5085,5453939568,1068284,0,0,1395,0,0.000000,16384,1258,68284,4,1.000000,0.000000
5086,5455004183,1064615,0,0,1402,0,0.000000,16384,1215,64615,4,1.000000,0.000000
5087,5456071601,1067418,0,0,1413,0,0.000000,16384,1285,67418,4,1.000000,0.000000
5088,5457139233,1067632,0,0,1182,0,0.000000,16384,1070,67632,4,1.000000,0.000000
5089,5458207574,1068341,0,0,1358,0,0.000000,16384,1182,68341,4,1.000000,0.000000
5090,5459279269,1071695,0,0,1448,0,0.000000,16384,1292,71695,4,1.000000,0.000000
5091,5460378171,1098902,0,0,1433,0,0.000000,16384,1294,98902,4,1.000000,0.000000
5092,5461456466,1078295,0,0,1363,0,0.000000,16384,1184,78295,4,1.000000,0.000000
5093,5462527846,1071380,0,0,1383,0,0.000000,16384,1249,71380,4,1.000000,0.000000
5094,5463599931,1072085,0,0,1407,0,0.000000,16384,1263,72085,4,1.000000,0.000000
5095,5464675037,1075106,0,0,1419,0,0.000000,16384,1231,75106,4,1.000000,0.000000
5096,5465742388,1067351,0,0,1403,0,0.000000,16384,1287,67351,4,1.000000,0.000000
5097,5466809009,1066621,0,0,1396,0,0.000000,16384,1231,66621,4,1.000000,0.000000
5098,5467876710,1067701,0,0,1362,0,0.000000,16384,1195,67701,4,1.000000,0.000000
5099,5468942188,1065478,0,0,1398,0,0.000000,16384,1282,65478,4,1.000000,0.000000
5100,5470010896,1068708,0,0,1169,0,0.000000,16384,1041,68708,4,1.000000,0.000000
5101,5471139512,1128616,0,0,1426,0,0.000000,16384,1234,128616,4,1.000000,0.000000
5102,5472210975,1071463,0,0,1387,0,0.000000,16384,1259,71463,4,1.000000,0.000000
5103,5473280449,1069474,0,0,1333,0,0.000000,16384,1198,69474,4,1.000000,0.000000
5104,5474348503,1068054,0,0,1366,0,0.000000,16384,1186,68054,4,1.000000,0.000000
5105,5475424919,1076416,0,0,1315,0,0.000000,16384,1186,76416,4,1.000000,0.000000
5106,5476494556,1069637,0,0,1385,0,0.000000,16384,1255,69637,4,1.000000,0.000000
5107,5477564364,1069808,0,0,1388,0,0.000000,16384,1204,69808,4,1.000000,0.000000
5108,5478633892,1069528,0,0,1366,0,0.000000,16384,1232,69528,4,1.000000,0.000000
5109,5479680365,1046473,0,0,1407,0,0.000000,16384,1267,46473,4,1.000000,0.000000
5110,5480746031,1065666,0,0,1388,0,0.000000,16384,1204,65666,4,1.000000,0.000000
5111,5481832275,1086244,0,0,1481,0,0.000000,16384,1352,86244,4,1.000000,0.000000
5112,5482894149,1061874,0,0,1426,0,0.000000,16384,1255,61874,4,1.000000,0.000000
5113,5483953256,1059107,0,0,1302,0,0.000000,16384,1142,59107,4,1.000000,0.000000
5114,5485015096,1061840,0,0,1482,0,0.000000,16384,1366,61840,4,1.000000,0.000000
5115,5486079757,1064661,0,0,1570,0,0.000000,16384,1350,64661,4,1.000000,0.000000
5116,5487140473,1060716,0,0,1560,0,0.000000,16384,1435,60716,4,1.000000,0.000000
5117,5488200118,1059645,0,0,1674,0,0.000000,16384,1463,59645,4,1.000000,0.000000
5118,5489261088,1060970,0,0,1694,0,0.000000,16384,1511,60970,4,1.000000,0.000000
5119,5490320583,1059495,0,0,1641,0,0.000000,16384,1484,59495,4,1.000000,0.000000
5120,5491382840,1062257,0,0,1583,0,0.000000,16384,1377,62257,4,1.000000,0.000000
5121,5492461982,1079142,0,0,1646,0,0.000000,16384,1503,79142,4,1.000000,0.000000
5122,5493521196,1059214,0,0,1758,0,0.000000,16384,1547,59214,4,1.000000,0.000000
5123,5494580331,1059135,0,0,1562,0,0.000000,16384,1390,59135,4,1.000000,0.000000
5124,5495642341,1062010,0,0,1622,0,0.000000,16384,1458,62010,4,1.000000,0.000000
5125,5496678611,1036270,0,0,1245,0,0.000000,16384,1117,36270,4,1.000000,0.000000
5126,5497800193,1121582,0,0,1824,0,0.000000,16384,1616,121582,4,1.000000,0.000000
5127,5498865008,1064815,0,0,1647,0,0.000000,16384,1442,64815,4,1.000000,0.000000
5128,5499925310,1060302,0,0,1625,0,0.000000,16384,1487,60302,4,1.000000,0.000000
5129,5501132444,1207134,0,0,1926,0,0.000000,16384,1709,207134,4,1.000000,0.000000
5130,5502200017,1067573,0,0,1519,0,0.000000,16384,1328,67573,4,1.000000,0.000000
5131,5503764572,1564555,0,0,2285,0,0.000000,16384,2032,564555,4,1.000000,0.000000
5132,5504836610,1072038,0,0,1423,0,0.000000,16384,1307,72038,4,1.000000,0.000000
5133,5505904879,1068269,0,0,1439,0,0.000000,16384,1246,68269,4,1.000000,0.000000
5134,5507014836,1109957,0,0,1517,0,0.000000,16384,1374,109957,4,1.000000,0.000000
5135,5508104926,1090090,0,0,1452,0,0.000000,16384,1282,90090,4,1.000000,0.000000
5136,5509172014,1067088,0,0,1509,0,0.000000,16384,1346,67088,4,1.000000,0.000000
5137,5510237878,1065864,0,0,1374,0,0.000000,16384,1241,65864,4,1.000000,0.000000
5138,5511303873,1065995,0,0,1546,0,0.000000,16384,1344,65995,4,1.000000,0.000000
5139,5512370493,1066620,0,0,1536,0,0.000000,16384,1403,66620,4,1.000000,0.000000
5140,5513436304,1065811,0,0,1639,0,0.000000,16384,1436,65811,4,1.000000,0.000000
5141,5514556643,1120339,0,0,1856,0,0.000000,16384,1641,120339,4,1.000000,0.000000
5142,5515650222,1093579,0,0,1840,0,0.000000,16384,1659,93579,4,1.000000,0.000000
5143,5516717042,1066820,0,0,1766,0,0.000000,16384,1598,66820,4,1.000000,0.000000
5144,5517785349,1068307,0,0,1585,0,0.000000,16384,1365,68307,4,1.000000,0.000000
5145,5518852695,1067346,0,0,1558,0,0.000000,16384,1431,67346,4,1.000000,0.000000
5146,5519915366,1062671,0,0,1630,0,0.000000,16384,1421,62671,4,1.000000,0.000000
5147,5520981534,1066168,0,0,1748,0,0.000000,16384,1562,66168,4,1.000000,0.000000
5148,5522044337,1062803,0,0,1639,0,0.000000,16384,1485,62803,4,1.000000,0.000000
5149,5523103768,1059431,0,0,1342,0,0.000000,16384,1182,59431,4,1.000000,0.000000
5150,5524169215,1065447,0,0,1590,0,0.000000,16384,1414,65447,4,1.000000,0.000000
5151,5525260345,1091130,0,0,1501,0,0.000000,16384,1339,91130,4,1.000000,0.000000
5152,5526327721,1067376,0,0,1546,0,0.000000,16384,1376,67376,4,1.000000,0.000000
5153,5527390445,1062724,0,0,1538,0,0.000000,16384,1372,62724,4,1.000000,0.000000
5154,5528452093,1061648,0,0,1532,0,0.000000,16384,1362,61648,4,1.000000,0.000000
5155,5529513147,1061054,0,0,1531,0,0.000000,16384,1370,61054,4,1.000000,0.000000
5156,5530572509,1059362,0,0,1524,0,0.000000,16384,1349,59362,4,1.000000,0.000000
5157,5531634469,1061960,0,0,1541,0,0.000000,16384,1383,61960,4,1.000000,0.000000
5158,5532679836,1045367,0,0,1470,0,0.000000,16384,1292,45367,4,1.000000,0.000000
5159,5533740119,1060283,0,0,1630,0,0.000000,16384,1469,60283,4,1.000000,0.000000
5160,5534800889,1060770,0,0,1641,0,0.000000,16384,1462,60770,4,1.000000,0.000000
5161,5535882931,1082042,0,0,1677,0,0.000000,16384,1473,82042,4,1.000000,0.000000
5162,5536941998,1059067,0,0,1637,0,0.000000,16384,1497,59067,4,1.000000,0.000000
5163,5538000691,1058693,0,0,1650,0,0.000000,16384,1438,58693,4,1.000000,0.000000
5164,5539061993,1061302,0,0,1613,0,0.000000,16384,1453,61302,4,1.000000,0.000000
5165,5540123420,1061427,0,0,1650,0,0.000000,16384,1470,61427,4,1.000000,0.000000
5166,5541182016,1058596,0,0,1629,0,0.000000,16384,1434,58596,4,1.000000,0.000000
5167,5542240912,1058896,0,0,1634,0,0.000000,16384,1493,58896,4,1.000000,0.000000
5168,5543302574,1061662,0,0,1631,0,0.000000,16384,1411,61662,4,1.000000,0.000000
5169,5544364444,1061870,0,0,1574,0,0.000000,16384,1436,61870,4,1.000000,0.000000
5170,5545427466,1063022,0,0,1521,0,0.000000,16384,1323,63022,4,1.000000,0.000000
5171,5546522563,1095097,0,0,1492,0,0.000000,16384,1368,95097,4,1.000000,0.000000
5172,5547594504,1071941,0,0,1491,0,0.000000,16384,1286,71941,4,1.000000,0.000000
5173,5548682191,1087687,0,0,1485,0,0.000000,16384,1362,87687,4,1.000000,0.000000
5174,5550210432,1528241,0,0,2070,0,0.000000,16384,1846,528241,4,1.000000,0.000000
5175,5551281504,1071072,0,0,1440,0,0.000000,16384,1256,71072,4,1.000000,0.000000
5176,5552346755,1065251,0,0,1474,0,0.000000,16384,1322,65251,4,1.000000,0.000000
5177,5553409842,1063087,0,0,1547,0,0.000000,16384,1376,63087,4,1.000000,0.000000
5178,5554470083,1060241,0,0,1533,0,0.000000,16384,1368,60241,4,1.000000,0.000000
5179,5555532199,1062116,0,0,1525,0,0.000000,16384,1359,62116,4,1.000000,0.000000
5180,5556594509,1062310,0,0,1621,0,0.000000,16384,1451,62310,4,1.000000,0.000000
5181,5557674639,1080130,0,0,1659,0,0.000000,16384,1454,80130,4,1.000000,0.000000
5182,5558738015,1063376,0,0,1639,0,0.000000,16384,1497,63376,4,1.000000,0.000000
5183,5559799819,1061804,0,0,1626,0,0.000000,16384,1417,61804,4,1.000000,0.000000
5184,5560864509,1064690,0,0,1605,0,0.000000,16384,1450,64690,4,1.000000,0.000000
5185,5561931378,1066869,0,0,1539,0,0.000000,16384,1358,66869,4,1.000000,0.000000
5186,5562997594,1066216,0,0,1341,0,0.000000,16384,1225,66216,4,1.000000,0.000000
5187,5564047614,1050020,0,0,1486,0,0.000000,16384,1283,50020,4,1.000000,0.000000
5188,5565118153,1070539,0,0,1474,0,0.000000,16384,1340,70539,4,1.000000,0.000000
5189,5566198517,1080364,0,0,1502,0,0.000000,16384,1323,80364,4,1.000000,0.000000
5190,5567266838,1068321,0,0,1537,0,0.000000,16384,1380,68321,4,1.000000,0.000000
5191,5568354505,1087667,0,0,1565,0,0.000000,16384,1382,87667,4,1.000000,0.000000
5192,5569415661,1061156,0,0,1538,0,0.000000,16384,1386,61156,4,1.000000,0.000000
5193,5570476110,1060449,0,0,1536,0,0.000000,16384,1354,60449,4,1.000000,0.000000
5194,5571535961,1059851,0,0,1532,0,0.000000,16384,1378,59851,4,1.000000,0.000000
5195,5572693195,1157234,0,0,1656,0,0.000000,16384,1453,157234,4,1.000000,0.000000
5196,5573756396,1063201,0,0,1529,0,0.000000,16384,1396,63201,4,1.000000,0.000000
5197,5574815606,1059210,0,0,1542,0,0.000000,16384,1342,59210,4,1.000000,0.000000
5198,5575874785,1059179,0,0,1533,0,0.000000,16384,1397,59179,4,1.000000,0.000000
5199,5576934480,1059695,0,0,1543,0,0.000000,16384,1344,59695,4,1.000000,0.000000
5200,5577998070,1063590,0,0,1498,0,0.000000,16384,1361,63590,4,1.000000,0.000000
5201,5579089825,1091755,0,0,1545,0,0.000000,16384,1355,91755,4,1.000000,0.000000
5202,5580152386,1062561,0,0,1538,0,0.000000,16384,1392,62561,4,1.000000,0.000000
5203,5581212610,1060224,0,0,1529,0,0.000000,16384,1342,60224,4,1.000000,0.000000
5204,5582271867,1059257,0,0,1533,0,0.000000,16384,1383,59257,4,1.000000,0.000000
5205,5583331390,1059523,0,0,1541,0,0.000000,16384,1357,59523,4,1.000000,0.000000
5206,5584395137,1063747,0,0,1506,0,0.000000,16384,1355,63747,4,1.000000,0.000000
5207,5585457350,1062213,0,0,1533,0,0.000000,16384,1357,62213,4,1.000000,0.000000
5208,5586605852,1148502,0,0,1576,0,0.000000,16384,1416,148502,4,1.000000,0.000000
5209,5587676268,1070416,0,0,1464,0,0.000000,16384,1297,70416,4,1.000000,0.000000
5210,5588746716,1070448,0,0,1487,0,0.000000,16384,1322,70448,4,1.000000,0.000000
5211,5589840624,1093908,0,0,1490,0,0.000000,16384,1340,93908,4,1.000000,0.000000
5212,5590910353,1069729,0,0,1429,0,0.000000,16384,1243,69729,4,1.000000,0.000000
5213,5591981508,1071155,0,0,1434,0,0.000000,16384,1318,71155,4,1.000000,0.000000
5214,5593049513,1068005,0,0,1507,0,0.000000,16384,1310,68005,4,1.000000,0.000000
5215,5594112228,1062715,0,0,1543,0,0.000000,16384,1404,62715,4,1.000000,0.000000
5216,5595175696,1063468,0,0,1535,0,0.000000,16384,1339,63468,4,1.000000,0.000000
5217,5596235936,1060240,0,0,1506,0,0.000000,16384,1366,60240,4,1.000000,0.000000
5218,5597294459,1058523,0,0,1538,0,0.000000,16384,1350,58523,4,1.000000,0.000000
5219,5598352742,1058283,0,0,1540,0,0.000000,16384,1392,58283,4,1.000000,0.000000
5220,5599415007,1062265,0,0,1542,0,0.000000,16384,1354,62265,4,1.000000,0.000000
5221,5600505464,1090457,0,0,1659,0,0.000000,16384,1511,90457,4,1.000000,0.000000
5222,5601565133,1059669,0,0,1638,0,0.000000,16384,1418,59669,4,1.000000,0.000000
5223,5602626539,1061406,0,0,1589,0,0.000000,16384,1448,61406,4,1.000000,0.000000
5224,5603677353,1050814,0,0,1309,0,0.000000,16384,1141,50814,4,1.000000,0.000000
5225,5604809327,1131974,0,0,1596,0,0.000000,16384,1452,131974,4,1.000000,0.000000
5226,5605877298,1067971,0,0,1510,0,0.000000,16384,1313,67971,4,1.000000,0.000000
5227,5606943462,1066164,0,0,1543,0,0.000000,16384,1404,66164,4,1.000000,0.000000
5228,5608005696,1062234,0,0,1573,0,0.000000,16384,1370,62234,4,1.000000,0.000000
5229,5609065627,1059931,0,0,1640,0,0.000000,16384,1498,59931,4,1.000000,0.000000
5230,5610125379,1059752,0,0,1638,0,0.000000,16384,1427,59752,4,1.000000,0.000000
5231,5611224149,1098770,0,0,1686,0,0.000000,16384,1514,98770,4,1.000000,0.000000
5232,5612283461,1059312,0,0,1639,0,0.000000,16384,1472,59312,4,1.000000,0.000000
5233,5613346956,1063495,0,0,1640,0,0.000000,16384,1432,63495,4,1.000000,0.000000
5234,5614409189,1062233,0,0,1569,0,0.000000,16384,1441,62233,4,1.000000,0.000000
5235,5615470657,1061468,0,0,1574,0,0.000000,16384,1353,61468,4,1.000000,0.000000
5236,5616531186,1060529,0,0,1536,0,0.000000,16384,1418,60529,4,1.000000,0.000000
5237,5617590565,1059379,0,0,1629,0,0.000000,16384,1412,59379,4,1.000000,0.000000
5238,5618654521,1063956,0,0,1531,0,0.000000,16384,1395,63956,4,1.000000,0.000000
5239,5619674954,1020433,0,0,1498,0,0.000000,16384,1298,20433,4,1.000000,0.000000
5240,5620735829,1060875,0,0,1656,0,0.000000,16384,1506,60875,4,1.000000,0.000000
5241,5621821213,1085384,0,0,1668,0,0.000000,16384,1478,85384,4,1.000000,0.000000
5242,5622882687,1061474,0,0,1634,0,0.000000,16384,1446,61474,4,1.000000,0.000000
5243,5623942606,1059919,0,0,1652,0,0.000000,16384,1503,59919,4,1.000000,0.000000
5244,5625004396,1061790,0,0,1583,0,0.000000,16384,1364,61790,4,1.000000,0.000000
5245,5626066571,1062175,0,0,1655,0,0.000000,16384,1513,62175,4,1.000000,0.000000
5246,5627765933,1699362,0,0,2473,0,0.000000,16384,2167,699362,4,1.000000,0.000000
5247,5628834017,1068084,0,0,1463,0,0.000000,16384,1347,68084,4,1.000000,0.000000
5248,5629901591,1067574,0,0,1483,0,0.000000,16384,1289,67574,4,1.000000,0.000000
5249,5631268250,1366659,0,0,1834,0,0.000000,16384,1654,366659,4,1.000000,0.000000
5250,5632345845,1077595,0,0,1488,0,0.000000,16384,1306,77595,4,1.000000,0.000000
5251,5633438269,1092424,0,0,1649,0,0.000000,16384,1485,92424,4,1.000000,0.000000
5252,5634501267,1062998,0,0,1598,0,0.000000,16384,1422,62998,4,1.000000,0.000000
5253,5635566774,1065507,0,0,1615,0,0.000000,16384,1429,65507,4,1.000000,0.000000
5254,5636629466,1062692,0,0,1596,0,0.000000,16384,1446,62692,4,1.000000,0.000000
5255,5638069411,1439945,0,0,2078,0,0.000000,16384,1854,439945,4,1.000000,0.000000
5256,5639136629,1067218,0,0,1616,0,0.000000,16384,1399,67218,4,1.000000,0.000000
5257,5640198475,1061846,0,0,1638,0,0.000000,16384,1498,61846,4,1.000000,0.000000
5258,5641258782,1060307,0,0,1623,0,0.000000,16384,1424,60307,4,1.000000,0.000000
5259,5642318946,1060164,0,0,1616,0,0.000000,16384,1448,60164,4,1.000000,0.000000
5260,5643382786,1063840,0,0,1416,0,0.000000,16384,1248,63840,4,1.000000,0.000000
5261,5644546421,1163635,0,0,1693,0,0.000000,16384,1520,163635,4,1.000000,0.000000
5262,5645614670,1068249,0,0,1447,0,0.000000,16384,1284,68249,4,1.000000,0.000000
5263,5646677172,1062502,0,0,1633,0,0.000000,16384,1461,62502,4,1.000000,0.000000
5264,5647744807,1067635,0,0,1619,0,0.000000,16384,1451,67635,4,1.000000,0.000000
5265,5648809036,1064229,0,0,1622,0,0.000000,16384,1423,64229,4,1.000000,0.000000
5266,5649869491,1060455,0,0,1628,0,0.000000,16384,1491,60455,4,1.000000,0.000000
5267,5650929634,1060143,0,0,1631,0,0.000000,16384,1411,60143,4,1.000000,0.000000
5268,5652112188,1182554,0,0,1772,0,0.000000,16384,1544,182554,4,1.000000,0.000000
5269,5653179198,1067010,0,0,1606,0,0.000000,16384,1417,67010,4,1.000000,0.000000
5270,5654240765,1061567,0,0,1592,0,0.000000,16384,1445,61567,4,1.000000,0.000000
5271,5655323916,1083151,0,0,1592,0,0.000000,16384,1383,83151,4,1.000000,0.000000
5272,5656385798,1061882,0,0,1576,0,0.000000,16384,1448,61882,4,1.000000,0.000000
5273,5657448969,1063171,0,0,1523,0,0.000000,16384,1312,63171,4,1.000000,0.000000
5274,5658514632,1065663,0,0,1520,0,0.000000,16384,1396,65663,4,1.000000,0.000000
5275,5659580501,1065869,0,0,1635,0,0.000000,16384,1415,65869,4,1.000000,0.000000
5276,5660640340,1059839,0,0,1641,0,0.000000,16384,1494,59839,4,1.000000,0.000000
5277,5661681708,1041368,0,0,1494,0,0.000000,16384,1305,41368,4,1.000000,0.000000
5278,5662744520,1062812,0,0,1624,0,0.000000,16384,1470,62812,4,1.000000,0.000000
5279,5663803736,1059216,0,0,1637,0,0.000000,16384,1451,59216,4,1.000000,0.000000
5280,5664942585,1138849,0,0,1715,0,0.000000,16384,1512,138849,4,1.000000,0.000000
5281,5666040212,1097627,0,0,1587,0,0.000000,16384,1454,97627,4,1.000000,0.000000
5282,5667109199,1068987,0,0,1489,0,0.000000,16384,1287,68987,4,1.000000,0.000000
5283,5668181547,1072348,0,0,1408,0,0.000000,16384,1274,72348,4,1.000000,0.000000
5284,5669256177,1074630,0,0,1404,0,0.000000,16384,1257,74630,4,1.000000,0.000000
5285,5670325680,1069503,0,0,1510,0,0.000000,16384,1325,69503,4,1.000000,0.000000
5286,5671410552,1084872,0,0,1391,0,0.000000,16384,1275,84872,4,1.000000,0.000000
5287,5672488232,1077680,0,0,1415,0,0.000000,16384,1227,77680,4,1.000000,0.000000
5288,5673566416,1078184,0,0,1469,0,0.000000,16384,1321,78184,4,1.000000,0.000000
5289,5674637324,1070908,0,0,1487,0,0.000000,16384,1324,70908,4,1.000000,0.000000
5290,5675678688,1041364,0,0,1449,0,0.000000,16384,1280,41364,4,1.000000,0.000000
5291,5676792250,1113562,0,0,1552,0,0.000000,16384,1402,113562,4,1.000000,0.000000
5292,5677978188,1185938,0,0,1636,0,0.000000,16384,1450,185938,4,1.000000,0.000000
5293,5679047713,1069525,0,0,1446,0,0.000000,16384,1296,69525,4,1.000000,0.000000
5294,5680111897,1064184,0,0,1487,0,0.000000,16384,1301,64184,4,1.000000,0.000000
5295,5681176626,1064729,0,0,1473,0,0.000000,16384,1348,64729,4,1.000000,0.000000
5296,5682240326,1063700,0,0,1479,0,0.000000,16384,1276,63700,4,1.000000,0.000000
5297,5683305054,1064728,0,0,1303,0,0.000000,16384,1183,64728,4,1.000000,0.000000
5298,5684621413,1316359,0,0,1820,0,0.000000,16384,1596,316359,4,1.000000,0.000000
5299,5685686739,1065326,0,0,1446,0,0.000000,16384,1330,65326,4,1.000000,0.000000
5300,5686755747,1069008,0,0,1480,0,0.000000,16384,1293,69008,4,1.000000,0.000000
5301,5687851710,1095963,0,0,1516,0,0.000000,16384,1367,95963,4,1.000000,0.000000
5302,5688916369,1064659,0,0,1486,0,0.000000,16384,1315,64659,4,1.000000,0.000000
5303,5689981283,1064914,0,0,1481,0,0.000000,16384,1320,64914,4,1.000000,0.000000
5304,5691045703,1064420,0,0,1486,0,0.000000,16384,1334,64420,4,1.000000,0.000000
5305,5692111436,1065733,0,0,1481,0,0.000000,16384,1297,65733,4,1.000000,0.000000
5306,5693175774,1064338,0,0,1473,0,0.000000,16384,1348,64338,4,1.000000,0.000000
5307,5694238117,1062343,0,0,1466,0,0.000000,16384,1266,62343,4,1.000000,0.000000
5308,5695300921,1062804,0,0,1477,0,0.000000,16384,1350,62804,4,1.000000,0.000000
5309,5696365582,1064661,0,0,1484,0,0.000000,16384,1299,64661,4,1.000000,0.000000
5310,5698177750,1812168,0,0,2467,0,0.000000,16384,2208,812168,4,1.000000,0.000000
5311,5699277246,1099496,0,0,1504,0,0.000000,16384,1343,99496,4,1.000000,0.000000
5312,5700360299,1083053,0,0,1429,0,0.000000,16384,1254,83053,4,1.000000,0.000000
5313,5701690616,1330317,0,0,1660,0,0.000000,16384,1498,330317,4,1.000000,0.000000
5314,5702757269,1066653,0,0,1476,0,0.000000,16384,1302,66653,4,1.000000,0.000000
5315,5703825481,1068212,0,0,1450,0,0.000000,16384,1320,68212,4,1.000000,0.000000
5316,5704896218,1070737,0,0,1515,0,0.000000,16384,1309,70737,4,1.000000,0.000000
5317,5705961077,1064859,0,0,1513,0,0.000000,16384,1396,64859,4,1.000000,0.000000
5318,5707060267,1099190,0,0,1570,0,0.000000,16384,1351,99190,4,1.000000,0.000000
5319,5708127466,1067199,0,0,1518,0,0.000000,16384,1399,67199,4,1.000000,0.000000
5320,5710503607,2376141,0,0,3209,0,0.000000,16384,2848,1376141,4,1.000000,0.000000
5321,5711609864,1106257,0,0,1465,0,0.000000,16384,1273,106257,4,1.000000,0.000000
5322,5712684381,1074517,0,0,1481,0,0.000000,16384,1365,74517,4,1.000000,0.000000
5323,5713760022,1075641,0,0,1382,0,0.000000,16384,1198,75641,4,1.000000,0.000000
5324,5714831276,1071254,0,0,1471,0,0.000000,16384,1319,71254,4,1.000000,0.000000
5325,5715898205,1066929,0,0,1513,0,0.000000,16384,1350,66929,4,1.000000,0.000000
5326,5716960286,1062081,0,0,1510,0,0.000000,16384,1341,62081,4,1.000000,0.000000
5327,5718277895,1317609,0,0,1849,0,0.000000,16384,1625,317609,4,1.000000,0.000000
5328,5719348228,1070333,0,0,1512,0,0.000000,16384,1396,70333,4,1.000000,0.000000
5329,5720414592,1066364,0,0,1516,0,0.000000,16384,1309,66364,4,1.000000,0.000000
5330,5721478377,1063785,0,0,1524,0,0.000000,16384,1395,63785,4,1.000000,0.000000
5331,5722603533,1125156,0,0,1665,0,0.000000,16384,1445,125156,4,1.000000,0.000000
5332,5723681746,1078213,0,0,1290,0,0.000000,16384,1174,78213,4,1.000000,0.000000
5333,5724748785,1067039,0,0,1494,0,0.000000,16384,1326,67039,4,1.000000,0.000000
5334,5725818118,1069333,0,0,1472,0,0.000000,16384,1308,69333,4,1.000000,0.000000
5335,5726887687,1069569,0,0,1511,0,0.000000,16384,1359,69569,4,1.000000,0.000000
5336,5727950851,1063164,0,0,1507,0,0.000000,16384,1322,63164,4,1.000000,0.000000
5337,5729011905,1061054,0,0,1511,0,0.000000,16384,1373,61054,4,1.000000,0.000000
5338,5730082915,1071010,0,0,1584,0,0.000000,16384,1386,71010,4,1.000000,0.000000
5339,5731270810,1187895,0,0,1684,0,0.000000,16384,1509,187895,4,1.000000,0.000000
5340,5732342806,1071996,0,0,1504,0,0.000000,16384,1344,71996,4,1.000000,0.000000
5341,5733474713,1131907,0,0,1667,0,0.000000,16384,1473,131907,4,1.000000,0.000000
5342,5734571832,1097119,0,0,1640,0,0.000000,16384,1494,97119,4,1.000000,0.000000
5343,5735639261,1067429,0,0,1577,0,0.000000,16384,1361,67429,4,1.000000,0.000000
5344,5736684140,1044879,0,0,1545,0,0.000000,16384,1425,44879,4,1.000000,0.000000
5345,5737710140,1026000,0,0,1521,0,0.000000,16384,1309,26000,4,1.000000,0.000000
5346,5738780973,1070833,0,0,1534,0,0.000000,16384,1410,70833,4,1.000000,0.000000
5347,5739849167,1068194,0,0,1516,0,0.000000,16384,1311,68194,4,1.000000,0.000000
5348,5740912209,1063042,0,0,1517,0,0.000000,16384,1386,63042,4,1.000000,0.000000
5349,5741973781,1061572,0,0,1505,0,0.000000,16384,1312,61572,4,1.000000,0.000000
5350,5743040565,1066784,0,0,1488,0,0.000000,16384,1345,66784,4,1.000000,0.000000
5351,5744135639,1095074,0,0,1563,0,0.000000,16384,1377,95074,4,1.000000,0.000000
5352,5745197965,1062326,0,0,1512,0,0.000000,16384,1362,62326,4,1.000000,0.000000
5353,5746258935,1060970,0,0,1499,0,0.000000,16384,1327,60970,4,1.000000,0.000000
5354,5747319278,1060343,0,0,1510,0,0.000000,16384,1350,60343,4,1.000000,0.000000
5355,5749837319,2518041,0,0,3469,0,0.000000,16384,3102,1518041,4,1.000000,0.000000
5356,5750911290,1073971,0,0,1457,0,0.000000,16384,1264,73971,4,1.000000,0.000000
5357,5751983508,1072218,0,0,1466,0,0.000000,16384,1350,72218,4,1.000000,0.000000
5358,5753056756,1073248,0,0,1429,0,0.000000,16384,1242,73248,4,1.000000,0.000000
5359,5754129817,1073061,0,0,1417,0,0.000000,16384,1272,73061,4,1.000000,0.000000
5360,5755202851,1073034,0,0,1424,0,0.000000,16384,1281,73034,4,1.000000,0.000000
5361,5756305486,1102635,0,0,1446,0,0.000000,16384,1252,102635,4,1.000000,0.000000
5362,5757380453,1074967,0,0,1417,0,0.000000,16384,1302,74967,4,1.000000,0.000000
5363,5758458433,1077980,0,0,1452,0,0.000000,16384,1273,77980,4,1.000000,0.000000
5364,5759531522,1073089,0,0,1407,0,0.000000,16384,1253,73089,4,1.000000,0.000000
5365,5760611640,1080118,0,0,1404,0,0.000000,16384,1276,80118,4,1.000000,0.000000
5366,5761930949,1319309,0,0,1723,0,0.000000,16384,1516,319309,4,1.000000,0.000000
5367,5763024609,1093660,0,0,1347,0,0.000000,16384,1221,93660,4,1.000000,0.000000
5368,5764093529,1068920,0,0,1483,0,0.000000,16384,1280,68920,4,1.000000,0.000000
5369,5765223446,1129917,0,0,1560,0,0.000000,16384,1437,129917,4,1.000000,0.000000
5370,5766293356,1069910,0,0,1497,0,0.000000,16384,1289,69910,4,1.000000,0.000000
5371,5767384845,1091489,0,0,1554,0,0.000000,16384,1426,91489,4,1.000000,0.000000
5372,5768448530,1063685,0,0,1518,0,0.000000,16384,1313,63685,4,1.000000,0.000000
5373,5769551802,1103272,0,0,1643,0,0.000000,16384,1501,103272,4,1.000000,0.000000
5374,5770695846,1144044,0,0,1690,0,0.000000,16384,1481,144044,4,1.000000,0.000000
5375,5771766075,1070229,0,0,1613,0,0.000000,16384,1443,70229,4,1.000000,0.000000
5376,5772835314,1069239,0,0,1511,0,0.000000,16384,1344,69239,4,1.000000,0.000000
5377,5773905108,1069794,0,0,1583,0,0.000000,16384,1412,69794,4,1.000000,0.000000
5378,5774974800,1069692,0,0,1581,0,0.000000,16384,1412,69692,4,1.000000,0.000000
5379,5776039143,1064343,0,0,1521,0,0.000000,16384,1350,64343,4,1.000000,0.000000
5380,5777102420,1063277,0,0,1504,0,0.000000,16384,1343,63277,4,1.000000,0.000000
5381,5778304543,1202123,0,0,1693,0,0.000000,16384,1495,202123,4,1.000000,0.000000
5382,5779374349,1069806,0,0,1503,0,0.000000,16384,1362,69806,4,1.000000,0.000000
5383,5780439992,1065643,0,0,1597,0,0.000000,16384,1399,65643,4,1.000000,0.000000
5384,5781501526,1061534,0,0,1527,0,0.000000,16384,1389,61534,4,1.000000,0.000000
5385,5782564606,1063080,0,0,1575,0,0.000000,16384,1374,63080,4,1.000000,0.000000
5386,5783629520,1064914,0,0,1556,0,0.000000,16384,1421,64914,4,1.000000,0.000000
5387,5784678140,1048620,0,0,1462,0,0.000000,16384,1273,48620,4,1.000000,0.000000
5388,5785746885,1068745,0,0,1480,0,0.000000,16384,1333,68745,4,1.000000,0.000000
5389,5786811614,1064729,0,0,1498,0,0.000000,16384,1331,64729,4,1.000000,0.000000
5390,5787879214,1067600,0,0,1506,0,0.000000,16384,1341,67600,4,1.000000,0.000000
5391,5788985440,1106226,0,0,1571,0,0.000000,16384,1401,106226,4,1.000000,0.000000
5392,5790047490,1062050,0,0,1583,0,0.000000,16384,1413,62050,4,1.000000,0.000000
5393,5791116163,1068673,0,0,1535,0,0.000000,16384,1363,68673,4,1.000000,0.000000
5394,5792190621,1074458,0,0,1395,0,0.000000,16384,1234,74458,4,1.000000,0.000000
5395,5793259725,1069104,0,0,1501,0,0.000000,16384,1363,69104,4,1.000000,0.000000
5396,5794359735,1100010,0,0,1546,0,0.000000,16384,1349,100010,4,1.000000,0.000000
5397,5795437755,1078020,0,0,1515,0,0.000000,16384,1381,78020,4,1.000000,0.000000
5398,5796512277,1074522,0,0,1567,0,0.000000,16384,1365,74522,4,1.000000,0.000000
5399,5797785335,1273058,0,0,1789,0,0.000000,16384,1600,273058,4,1.000000,0.000000
5400,5798855714,1070379,0,0,1511,0,0.000000,16384,1360,70379,4,1.000000,0.000000
5401,5799944746,1089032,0,0,1633,0,0.000000,16384,1436,89032,4,1.000000,0.000000
5402,5801007253,1062507,0,0,1588,0,0.000000,16384,1449,62507,4,1.000000,0.000000
5403,5802068033,1060780,0,0,1601,0,0.000000,16384,1382,60780,4,1.000000,0.000000
5404,5803159316,1091283,0,0,1410,0,0.000000,16384,1293,91283,4,1.000000,0.000000
5405,5804264408,1105092,0,0,1506,0,0.000000,16384,1322,105092,4,1.000000,0.000000
5406,5805358823,1094415,0,0,1472,0,0.000000,16384,1320,94415,4,1.000000,0.000000
5407,5806429450,1070627,0,0,1507,0,0.000000,16384,1344,70627,4,1.000000,0.000000
5408,5807495158,1065708,0,0,1511,0,0.000000,16384,1342,65708,4,1.000000,0.000000
5409,5808560522,1065364,0,0,1533,0,0.000000,16384,1374,65364,4,1.000000,0.000000
5410,5809624430,1063908,0,0,1604,0,0.000000,16384,1422,63908,4,1.000000,0.000000
5411,5810683714,1059284,0,0,1594,0,0.000000,16384,1417,59284,4,1.000000,0.000000
5412,5811745687,1061973,0,0,1503,0,0.000000,16384,1345,61973,4,1.000000,0.000000
5413,5812810980,1065293,0,0,1616,0,0.000000,16384,1431,65293,4,1.000000,0.000000
5414,5813872814,1061834,0,0,1610,0,0.000000,16384,1459,61834,4,1.000000,0.000000
5415,5814935287,1062473,0,0,1437,0,0.000000,16384,1260,62473,4,1.000000,0.000000
5416,5815997541,1062254,0,0,1612,0,0.000000,16384,1453,62254,4,1.000000,0.000000
5417,5817058919,1061378,0,0,1606,0,0.000000,16384,1402,61378,4,1.000000,0.000000
5418,5818119749,1060830,0,0,1612,0,0.000000,16384,1477,60830,4,1.000000,0.000000
5419,5819185509,1065760,0,0,1526,0,0.000000,16384,1314,65760,4,1.000000,0.000000
5420,5820250966,1065457,0,0,1617,0,0.000000,16384,1481,65457,4,1.000000,0.000000
5421,5821339263,1088297,0,0,1647,0,0.000000,16384,1442,88297,4,1.000000,0.000000
5422,5822404455,1065192,0,0,1540,0,0.000000,16384,1388,65192,4,1.000000,0.000000
5423,5823511777,1107322,0,0,1542,0,0.000000,16384,1358,107322,4,1.000000,0.000000
5424,5824578399,1066622,0,0,1508,0,0.000000,16384,1363,66622,4,1.000000,0.000000
5425,5825643769,1065370,0,0,1522,0,0.000000,16384,1330,65370,4,1.000000,0.000000
5426,5826680307,1036538,0,0,1460,0,0.000000,16384,1336,36538,4,1.000000,0.000000
5427,5827742317,1062010,0,0,1604,0,0.000000,16384,1392,62010,4,1.000000,0.000000
5428,5828803025,1060708,0,0,1549,0,0.000000,16384,1412,60708,4,1.000000,0.000000
5429,5829863956,1060931,0,0,1623,0,0.000000,16384,1425,60931,4,1.000000,0.000000
5430,5830928244,1064288,0,0,1601,0,0.000000,16384,1435,64288,4,1.000000,0.000000
5431,5832048387,1120143,0,0,1617,0,0.000000,16384,1442,120143,4,1.000000,0.000000
5432,5833461622,1413235,0,0,1898,0,0.000000,16384,1679,413235,4,1.000000,0.000000
5433,5835309678,1848056,0,0,2534,0,0.000000,16384,2279,848056,4,1.000000,0.000000
5434,5836385937,1076259,0,0,1389,0,0.000000,16384,1204,76259,4,1.000000,0.000000
5435,5837788187,1402250,0,0,1851,0,0.000000,16384,1669,402250,4,1.000000,0.000000
5436,5838858830,1070643,0,0,1495,0,0.000000,16384,1333,70643,4,1.000000,0.000000
5437,5839924455,1065625,0,0,1516,0,0.000000,16384,1357,65625,4,1.000000,0.000000
5438,5840985868,1061413,0,0,1505,0,0.000000,16384,1328,61413,4,1.000000,0.000000
5439,5842047191,1061323,0,0,1534,0,0.000000,16384,1384,61323,4,1.000000,0.000000
5440,5843114364,1067173,0,0,1496,0,0.000000,16384,1310,67173,4,1.000000,0.000000
5441,5844216298,1101934,0,0,1549,0,0.000000,16384,1407,101934,4,1.000000,0.000000
5442,5845347921,1131623,0,0,1555,0,0.000000,16384,1361,131623,4,1.000000,0.000000
5443,5846417110,1069189,0,0,1519,0,0.000000,16384,1379,69189,4,1.000000,0.000000
5444,5847480057,1062947,0,0,1526,0,0.000000,16384,1330,62947,4,1.000000,0.000000
5445,5848547310,1067253,0,0,1524,0,0.000000,16384,1390,67253,4,1.000000,0.000000
5446,5849610001,1062691,0,0,1607,0,0.000000,16384,1405,62691,4,1.000000,0.000000
5447,5850672998,1062997,0,0,1511,0,0.000000,16384,1371,62997,4,1.000000,0.000000
5448,5851737479,1064481,0,0,1613,0,0.000000,16384,1417,64481,4,1.000000,0.000000
5449,5852886607,1149128,0,0,1708,0,0.000000,16384,1519,149128,4,1.000000,0.000000
5450,5853951880,1065273,0,0,1581,0,0.000000,16384,1430,65273,4,1.000000,0.000000
5451,5855036647,1084767,0,0,1650,0,0.000000,16384,1437,84767,4,1.000000,0.000000
5452,5856097561,1060914,0,0,1622,0,0.000000,16384,1485,60914,4,1.000000,0.000000
5453,5857158044,1060483,0,0,1601,0,0.000000,16384,1394,60483,4,1.000000,0.000000
5454,5858297998,1139954,0,0,1673,0,0.000000,16384,1506,139954,4,1.000000,0.000000
5455,5859369046,1071048,0,0,1571,0,0.000000,16384,1399,71048,4,1.000000,0.000000
5456,5860430670,1061624,0,0,1630,0,0.000000,16384,1442,61624,4,1.000000,0.000000
5457,5861495282,1064612,0,0,1626,0,0.000000,16384,1478,64612,4,1.000000,0.000000
5458,5862560229,1064947,0,0,1534,0,0.000000,16384,1331,64947,4,1.000000,0.000000
5459,5863677513,1117284,0,0,1568,0,0.000000,16384,1434,117284,4,1.000000,0.000000
5460,5864743335,1065822,0,0,1629,0,0.000000,16384,1410,65822,4,1.000000,0.000000
5461,5865831660,1088325,0,0,1666,0,0.000000,16384,1514,88325,4,1.000000,0.000000
5462,5866896485,1064825,0,0,1593,0,0.000000,16384,1409,64825,4,1.000000,0.000000
5463,5867956885,1060400,0,0,1616,0,0.000000,16384,1439,60400,4,1.000000,0.000000
5464,5869016794,1059909,0,0,1614,0,0.000000,16384,1451,59909,4,1.000000,0.000000
5465,5870077666,1060872,0,0,1639,0,0.000000,16384,1433,60872,4,1.000000,0.000000
5466,5871139324,1061658,0,0,1620,0,0.000000,16384,1483,61658,4,1.000000,0.000000
5467,5872342526,1203202,0,0,1769,0,0.000000,16384,1555,203202,4,1.000000,0.000000
5468,5873413487,1070961,0,0,1483,0,0.000000,16384,1327,70961,4,1.000000,0.000000
5469,5874683299,1269812,0,0,1670,0,0.000000,16384,1487,269812,4,1.000000,0.000000
5470,5875756625,1073326,0,0,1501,0,0.000000,16384,1331,73326,4,1.000000,0.000000
5471,5876855874,1099249,0,0,1442,0,0.000000,16384,1280,99249,4,1.000000,0.000000
5472,5878019449,1163575,0,0,1502,0,0.000000,16384,1356,163575,4,1.000000,0.000000
5473,5879309251,1289802,0,0,1728,0,0.000000,16384,1533,289802,4,1.000000,0.000000
5474,5880438782,1129531,0,0,1511,0,0.000000,16384,1339,129531,4,1.000000,0.000000
5475,5881519073,1080291,0,0,1431,0,0.000000,16384,1272,80291,4,1.000000,0.000000
5476,5882596172,1077099,0,0,1486,0,0.000000,16384,1342,77099,4,1.000000,0.000000
5477,5883733572,1137400,0,0,1367,0,0.000000,16384,1187,137400,4,1.000000,0.000000
5478,5885039436,1305864,0,0,1784,0,0.000000,16384,1615,305864,4,1.000000,0.000000
5479,5886141641,1102205,0,0,1512,0,0.000000,16384,1332,102205,4,1.000000,0.000000
5480,5887212480,1070839,0,0,1517,0,0.000000,16384,1372,70839,4,1.000000,0.000000
5481,5889268249,2055769,0,0,2807,0,0.000000,16384,2501,1055769,4,1.000000,0.000000
5482,5890341452,1073203,0,0,1435,0,0.000000,16384,1267,73203,4,1.000000,0.000000
5483,5891410107,1068655,0,0,1459,0,0.000000,16384,1295,68655,4,1.000000,0.000000
5484,5892482867,1072760,0,0,1502,0,0.000000,16384,1354,72760,4,1.000000,0.000000
5485,5893552950,1070083,0,0,1527,0,0.000000,16384,1339,70083,4,1.000000,0.000000
5486,5894653275,1100325,0,0,1654,0,0.000000,16384,1487,100325,4,1.000000,0.000000
5487,5895707131,1053856,0,0,1381,0,0.000000,16384,1211,53856,4,1.000000,0.000000
5488,5896776308,1069177,0,0,1605,0,0.000000,16384,1459,69177,4,1.000000,0.000000
5489,5897844898,1068590,0,0,1713,0,0.000000,16384,1519,68590,4,1.000000,0.000000
5490,5898911072,1066174,0,0,1577,0,0.000000,16384,1393,66174,4,1.000000,0.000000
5491,5900014072,1103000,0,0,1668,0,0.000000,16384,1421,103000,4,1.000000,0.000000
5492,5901077584,1063512,0,0,1599,0,0.000000,16384,1466,63512,4,1.000000,0.000000
5493,5902139372,1061788,0,0,1557,0,0.000000,16384,1342,61788,4,1.000000,0.000000
5494,5903200823,1061451,0,0,1554,0,0.000000,16384,1427,61451,4,1.000000,0.000000
5495,5904269632,1068809,0,0,1537,0,0.000000,16384,1327,68809,4,1.000000,0.000000
5496,5905334662,1065030,0,0,1591,0,0.000000,16384,1457,65030,4,1.000000,0.000000
5497,5906406032,1071370,0,0,1491,0,0.000000,16384,1290,71370,4,1.000000,0.000000
5498,5907473140,1067108,0,0,1584,0,0.000000,16384,1451,67108,4,1.000000,0.000000
5499,5908534093,1060953,0,0,1624,0,0.000000,16384,1421,60953,4,1.000000,0.000000
5500,5909600369,1066276,0,0,1551,0,0.000000,16384,1399,66276,4,1.000000,0.000000
5501,5910683396,1083027,0,0,1665,0,0.000000,16384,1477,83027,4,1.000000,0.000000
5502,5911748477,1065081,0,0,1610,0,0.000000,16384,1424,65081,4,1.000000,0.000000
5503,5912815981,1067504,0,0,1622,0,0.000000,16384,1471,67504,4,1.000000,0.000000
5504,5913877077,1061096,0,0,1603,0,0.000000,16384,1390,61096,4,1.000000,0.000000
5505,5914939282,1062205,0,0,1616,0,0.000000,16384,1480,62205,4,1.000000,0.000000
5506,5915999685,1060403,0,0,1515,0,0.000000,16384,1308,60403,4,1.000000,0.000000
5507,5917060070,1060385,0,0,1515,0,0.000000,16384,1397,60385,4,1.000000,0.000000
5508,5918121270,1061200,0,0,1593,0,0.000000,16384,1376,61200,4,1.000000,0.000000
5509,5919186225,1064955,0,0,1623,0,0.000000,16384,1477,64955,4,1.000000,0.000000
5510,5920255394,1069169,0,0,1557,0,0.000000,16384,1367,69169,4,1.000000,0.000000
5511,5921345716,1090322,0,0,1645,0,0.000000,16384,1476,90322,4,1.000000,0.000000
5512,5922408767,1063051,0,0,1629,0,0.000000,16384,1458,63051,4,1.000000,0.000000
5513,5923469941,1061174,0,0,1636,0,0.000000,16384,1435,61174,4,1.000000,0.000000
5514,5924533693,1063752,0,0,1564,0,0.000000,16384,1429,63752,4,1.000000,0.000000
5515,5925607826,1074133,0,0,1542,0,0.000000,16384,1336,74133,4,1.000000,0.000000
5516,5926689083,1081257,0,0,1631,0,0.000000,16384,1491,81257,4,1.000000,0.000000
5517,5927753159,1064076,0,0,1599,0,0.000000,16384,1389,64076,4,1.000000,0.000000
5518,5928818277,1065118,0,0,1548,0,0.000000,16384,1411,65118,4,1.000000,0.000000
5519,5929881702,1063425,0,0,1626,0,0.000000,16384,1427,63425,4,1.000000,0.000000
5520,5930945743,1064041,0,0,1624,0,0.000000,16384,1453,64041,4,1.000000,0.000000
5521,5932035966,1090223,0,0,1654,0,0.000000,16384,1484,90223,4,1.000000,0.000000
5522,5933098325,1062359,0,0,1596,0,0.000000,16384,1396,62359,4,1.000000,0.000000
5523,5934160636,1062311,0,0,1630,0,0.000000,16384,1494,62311,4,1.000000,0.000000
5524,5935224068,1063432,0,0,1614,0,0.000000,16384,1394,63432,4,1.000000,0.000000
5525,5936291291,1067223,0,0,1638,0,0.000000,16384,1487,67223,4,1.000000,0.000000
5526,5937354879,1063588,0,0,1621,0,0.000000,16384,1436,63588,4,1.000000,0.000000
5527,5938416048,1061169,0,0,1618,0,0.000000,16384,1436,61169,4,1.000000,0.000000
5528,5939476759,1060711,0,0,1617,0,0.000000,16384,1460,60711,4,1.000000,0.000000
5529,5940537732,1060973,0,0,1633,0,0.000000,16384,1421,60973,4,1.000000,0.000000
5530,5941636320,1098588,0,0,1686,0,0.000000,16384,1536,98588,4,1.000000,0.000000
5531,5942676533,1040213,0,0,1599,0,0.000000,16384,1405,40213,4,1.000000,0.000000
5532,5943737110,1060577,0,0,1616,0,0.000000,16384,1447,60577,4,1.000000,0.000000
5533,5944801224,1064114,0,0,1591,0,0.000000,16384,1420,64114,4,1.000000,0.000000
5534,5945866784,1065560,0,0,1594,0,0.000000,16384,1409,65560,4,1.000000,0.000000
5535,5946929914,1063130,0,0,1547,0,0.000000,16384,1396,63130,4,1.000000,0.000000
5536,5947990695,1060781,0,0,1559,0,0.000000,16384,1370,60781,4,1.000000,0.000000
5537,5949052040,1061345,0,0,1625,0,0.000000,16384,1477,61345,4,1.000000,0.000000
5538,5950113266,1061226,0,0,1619,0,0.000000,16384,1400,61226,4,1.000000,0.000000
5539,5951173516,1060250,0,0,1610,0,0.000000,16384,1474,60250,4,1.000000,0.000000
5540,5952234249,1060733,0,0,1625,0,0.000000,16384,1425,60733,4,1.000000,0.000000
5541,5953334259,1100010,0,0,1669,0,0.000000,16384,1491,100010,4,1.000000,0.000000
5542,5954399503,1065244,0,0,1622,0,0.000000,16384,1460,65244,4,1.000000,0.000000
5543,5955464651,1065148,0,0,1638,0,0.000000,16384,1429,65148,4,1.000000,0.000000
5544,5956523919,1059268,0,0,1634,0,0.000000,16384,1494,59268,4,1.000000,0.000000
5545,5957584608,1060689,0,0,1635,0,0.000000,16384,1428,60689,4,1.000000,0.000000
5546,5958646496,1061888,0,0,1613,0,0.000000,16384,1451,61888,4,1.000000,0.000000
5547,5959685797,1039301,0,0,1576,0,0.000000,16384,1402,39301,4,1.000000,0.000000
5548,5960752843,1067046,0,0,1601,0,0.000000,16384,1421,67046,4,1.000000,0.000000
5549,5961820903,1068060,0,0,1594,0,0.000000,16384,1434,68060,4,1.000000,0.000000
5550,5962895652,1074749,0,0,1482,0,0.000000,16384,1307,74749,4,1.000000,0.000000
5551,5964008032,1112380,0,0,1439,0,0.000000,16384,1282,112380,4,1.000000,0.000000
5552,5965087693,1079661,0,0,1421,0,0.000000,16384,1287,79661,4,1.000000,0.000000
5553,5966128495,1040802,0,0,1565,0,0.000000,16384,1362,40802,4,1.000000,0.000000
5554,5967189972,1061477,0,0,1555,0,0.000000,16384,1415,61477,4,1.000000,0.000000
5555,5968250485,1060513,0,0,1700,0,0.000000,16384,1501,60513,4,1.000000,0.000000
5556,5969307949,1057464,0,0,1816,0,0.000000,16384,1596,57464,4,1.000000,0.000000
5557,5970364481,1056532,0,0,1827,0,0.000000,16384,1645,56532,4,1.000000,0.000000
5558,5971421442,1056961,0,0,1828,0,0.000000,16384,1650,56961,4,1.000000,0.000000
5559,5972477759,1056317,0,0,1818,0,0.000000,16384,1614,56317,4,1.000000,0.000000
5560,5973533471,1055712,0,0,1826,0,0.000000,16384,1606,55712,4,1.000000,0.000000
5561,5974612013,1078542,0,0,1866,0,0.000000,16384,1656,78542,4,1.000000,0.000000
5562,5975670900,1058887,0,0,1828,0,0.000000,16384,1650,58887,4,1.000000,0.000000
5563,5976734947,1064047,0,0,1754,0,0.000000,16384,1578,64047,4,1.000000,0.000000
5564,5977794940,1059993,0,0,1774,0,0.000000,16384,1554,59993,4,1.000000,0.000000
5565,5978851554,1056614,0,0,1827,0,0.000000,16384,1620,56614,4,1.000000,0.000000
5566,5979908088,1056534,0,0,1817,0,0.000000,16384,1640,56534,4,1.000000,0.000000
5567,5980966205,1058117,0,0,1827,0,0.000000,16384,1647,58117,4,1.000000,0.000000
5568,5982022590,1056385,0,0,1825,0,0.000000,16384,1602,56385,4,1.000000,0.000000
5569,5983078480,1055890,0,0,1826,0,0.000000,16384,1605,55890,4,1.000000,0.000000
5570,5984134383,1055903,0,0,1830,0,0.000000,16384,1648,55903,4,1.000000,0.000000
5571,5985205674,1071291,0,0,1730,0,0.000000,16384,1572,71291,4,1.000000,0.000000
5572,5986268652,1062978,0,0,1742,0,0.000000,16384,1522,62978,4,1.000000,0.000000
5573,5987326819,1058167,0,0,1816,0,0.000000,16384,1604,58167,4,1.000000,0.000000
5574,5988383253,1056434,0,0,1817,0,0.000000,16384,1641,56434,4,1.000000,0.000000
5575,5989440383,1057130,0,0,1829,0,0.000000,16384,1652,57130,4,1.000000,0.000000
5576,5990496475,1056092,0,0,1825,0,0.000000,16384,1602,56092,4,1.000000,0.000000
5577,5991552106,1055631,0,0,1822,0,0.000000,16384,1602,55631,4,1.000000,0.000000
5578,5992607755,1055649,0,0,1825,0,0.000000,16384,1639,55649,4,1.000000,0.000000
5579,5993665398,1057643,0,0,1809,0,0.000000,16384,1636,57643,4,1.000000,0.000000
5580,5994726343,1060945,0,0,1816,0,0.000000,16384,1611,60945,4,1.000000,0.000000
5581,5995794915,1068572,0,0,1838,0,0.000000,16384,1617,68572,4,1.000000,0.000000
5582,5996851122,1056207,0,0,1828,0,0.000000,16384,1624,56207,4,1.000000,0.000000
5583,5997906950,1055828,0,0,1810,0,0.000000,16384,1636,55828,4,1.000000,0.000000
5584,5998962825,1055875,0,0,1825,0,0.000000,16384,1640,55875,4,1.000000,0.000000
5585,6000018585,1055760,0,0,1827,0,0.000000,16384,1607,55760,4,1.000000,0.000000
5586,6001074558,1055973,0,0,1816,0,0.000000,16384,1595,55973,4,1.000000,0.000000
5587,6002130235,1055677,0,0,1826,0,0.000000,16384,1649,55677,4,1.000000,0.000000
5588,6003209103,1078868,0,0,1865,0,0.000000,16384,1679,78868,4,1.000000,0.000000
5589,6004266460,1057357,0,0,1805,0,0.000000,16384,1601,57357,4,1.000000,0.000000
5590,6005324608,1058148,0,0,1741,0,0.000000,16384,1521,58148,4,1.000000,0.000000
5591,6006403413,1078805,0,0,1861,0,0.000000,16384,1672,78805,4,1.000000,0.000000
5592,6007464935,1061522,0,0,1636,0,0.000000,16384,1485,61522,4,1.000000,0.000000
5593,6008525820,1060885,0,0,1702,0,0.000000,16384,1482,60885,4,1.000000,0.000000
5594,6009583483,1057663,0,0,1668,0,0.000000,16384,1505,57663,4,1.000000,0.000000
5595,6010640691,1057208,0,0,1810,0,0.000000,16384,1633,57208,4,1.000000,0.000000
5596,6011698425,1057734,0,0,1819,0,0.000000,16384,1598,57734,4,1.000000,0.000000
5597,6012754330,1055905,0,0,1826,0,0.000000,16384,1603,55905,4,1.000000,0.000000
5598,6013810439,1056109,0,0,1828,0,0.000000,16384,1648,56109,4,1.000000,0.000000
5599,6014866282,1055843,0,0,1827,0,0.000000,16384,1648,55843,4,1.000000,0.000000
5600,6015922068,1055786,0,0,1825,0,0.000000,16384,1620,55786,4,1.000000,0.000000
5601,6016988511,1066443,0,0,1831,0,0.000000,16384,1611,66443,4,1.000000,0.000000
5602,6018044474,1055963,0,0,1827,0,0.000000,16384,1624,55963,4,1.000000,0.000000
5603,6019100580,1056106,0,0,1828,0,0.000000,16384,1650,56106,4,1.000000,0.000000
5604,6020158144,1057564,0,0,1827,0,0.000000,16384,1644,57564,4,1.000000,0.000000
5605,6021214398,1056254,0,0,1825,0,0.000000,16384,1605,56254,4,1.000000,0.000000
5606,6022270434,1056036,0,0,1827,0,0.000000,16384,1603,56036,4,1.000000,0.000000
5607,6023326277,1055843,0,0,1826,0,0.000000,16384,1647,55843,4,1.000000,0.000000
5608,6024383923,1057646,0,0,1824,0,0.000000,16384,1646,57646,4,1.000000,0.000000
5609,6025441979,1058056,0,0,1750,0,0.000000,16384,1543,58056,4,1.000000,0.000000
5610,6026502815,1060836,0,0,1784,0,0.000000,16384,1564,60836,4,1.000000,0.000000
5611,6027571986,1069171,0,0,1838,0,0.000000,16384,1659,69171,4,1.000000,0.000000
5612,6028630472,1058486,0,0,1684,0,0.000000,16384,1523,58486,4,1.000000,0.000000
5613,6029672243,1041771,0,0,1789,0,0.000000,16384,1569,41771,4,1.000000,0.000000
5614,6030728618,1056375,0,0,1824,0,0.000000,16384,1614,56375,4,1.000000,0.000000
5615,6031784872,1056254,0,0,1827,0,0.000000,16384,1648,56254,4,1.000000,0.000000
5616,6032842372,1057500,0,0,1815,0,0.000000,16384,1640,57500,4,1.000000,0.000000
5617,6033899149,1056777,0,0,1827,0,0.000000,16384,1603,56777,4,1.000000,0.000000
5618,6034956422,1057273,0,0,1814,0,0.000000,16384,1594,57273,4,1.000000,0.000000
5619,6036012468,1056046,0,0,1785,0,0.000000,16384,1611,56046,4,1.000000,0.000000
5620,6037068064,1055596,0,0,1826,0,0.000000,16384,1648,55596,4,1.000000,0.000000
5621,6038130131,1062067,0,0,1807,0,0.000000,16384,1595,62067,4,1.000000,0.000000
5622,6039186122,1055991,0,0,1825,0,0.000000,16384,1604,55991,4,1.000000,0.000000
5623,6040241880,1055758,0,0,1824,0,0.000000,16384,1634,55758,4,1.000000,0.000000
5624,6041298299,1056419,0,0,1814,0,0.000000,16384,1639,56419,4,1.000000,0.000000
5625,6042354772,1056473,0,0,1819,0,0.000000,16384,1621,56473,4,1.000000,0.000000
5626,6043411540,1056768,0,0,1824,0,0.000000,16384,1603,56768,4,1.000000,0.000000
5627,6044481643,1070103,0,0,1775,0,0.000000,16384,1578,70103,4,1.000000,0.000000
5628,6045586039,1104396,0,0,1577,0,0.000000,16384,1435,104396,4,1.000000,0.000000
5629,6046686929,1100890,0,0,1814,0,0.000000,16384,1594,100890,4,1.000000,0.000000
5630,6047706934,1020005,0,0,1706,0,0.000000,16384,1517,20005,4,1.000000,0.000000
5631,6048797201,1090267,0,0,1851,0,0.000000,16384,1667,90267,4,1.000000,0.000000
5632,6049861881,1064680,0,0,1798,0,0.000000,16384,1607,64680,4,1.000000,0.000000
5633,6050926213,1064332,0,0,1793,0,0.000000,16384,1573,64332,4,1.000000,0.000000
5634,6051989650,1063437,0,0,1784,0,0.000000,16384,1589,63437,4,1.000000,0.000000
5635,6053049886,1060236,0,0,1667,0,0.000000,16384,1522,60236,4,1.000000,0.000000
5636,6054108276,1058390,0,0,1709,0,0.000000,16384,1489,58390,4,1.000000,0.000000
5637,6055165532,1057256,0,0,1817,0,0.000000,16384,1611,57256,4,1.000000,0.000000
5638,6056221515,1055983,0,0,1827,0,0.000000,16384,1649,55983,4,1.000000,0.000000
5639,6057277449,1055934,0,0,1807,0,0.000000,16384,1627,55934,4,1.000000,0.000000
5640,6058333298,1055849,0,0,1818,0,0.000000,16384,1598,55849,4,1.000000,0.000000
5641,6059413872,1080574,0,0,1810,0,0.000000,16384,1591,80574,4,1.000000,0.000000
5642,6060478793,1064921,0,0,1677,0,0.000000,16384,1529,64921,4,1.000000,0.000000
5643,6061572900,1094107,0,0,1912,0,0.000000,16384,1714,94107,4,1.000000,0.000000
5644,6062635248,1062348,0,0,1781,0,0.000000,16384,1562,62348,4,1.000000,0.000000
5645,6063705787,1070539,0,0,1935,0,0.000000,16384,1711,70539,4,1.000000,0.000000
5646,6064799651,1093864,0,0,1933,0,0.000000,16384,1717,93864,4,1.000000,0.000000
5647,6065865056,1065405,0,0,1829,0,0.000000,16384,1650,65405,4,1.000000,0.000000
5648,6066928597,1063541,0,0,1859,0,0.000000,16384,1674,63541,4,1.000000,0.000000
5649,6067987998,1059401,0,0,1832,0,0.000000,16384,1624,59401,4,1.000000,0.000000
5650,6069044880,1056882,0,0,1828,0,0.000000,16384,1608,56882,4,1.000000,0.000000
5651,6070117161,1072281,0,0,1852,0,0.000000,16384,1646,72281,4,1.000000,0.000000
5652,6071173418,1056257,0,0,1825,0,0.000000,16384,1647,56257,4,1.000000,0.000000
5653,6072231474,1058056,0,0,1821,0,0.000000,16384,1641,58056,4,1.000000,0.000000
5654,6073288053,1056579,0,0,1823,0,0.000000,16384,1603,56579,4,1.000000,0.000000
5655,6074344030,1055977,0,0,1824,0,0.000000,16384,1600,55977,4,1.000000,0.000000
5656,6075430064,1086034,0,0,1946,0,0.000000,16384,1743,86034,4,1.000000,0.000000
5657,6076517990,1087926,0,0,1962,0,0.000000,16384,1756,87926,4,1.000000,0.000000
5658,6077607332,1089342,0,0,1974,0,0.000000,16384,1766,89342,4,1.000000,0.000000
5659,6078699599,1092267,0,0,1982,0,0.000000,16384,1774,92267,4,1.000000,0.000000
5660,6079761640,1062041,0,0,1910,0,0.000000,16384,1715,62041,4,1.000000,0.000000
5661,6080831213,1069573,0,0,1940,0,0.000000,16384,1724,69573,4,1.000000,0.000000
5662,6081893455,1062242,0,0,1921,0,0.000000,16384,1697,62242,4,1.000000,0.000000
5663,6082955654,1062199,0,0,1915,0,0.000000,16384,1695,62199,4,1.000000,0.000000
5664,6084015542,1059888,0,0,1832,0,0.000000,16384,1625,59888,4,1.000000,0.000000
5665,6085077278,1061736,0,0,1792,0,0.000000,16384,1621,61736,4,1.000000,0.000000
5666,6086141739,1064461,0,0,1660,0,0.000000,16384,1474,64461,4,1.000000,0.000000
5667,6087201867,1060128,0,0,1751,0,0.000000,16384,1536,60128,4,1.000000,0.000000
5668,6088260406,1058539,0,0,1669,0,0.000000,16384,1522,58539,4,1.000000,0.000000
5669,6089317716,1057310,0,0,1668,0,0.000000,16384,1474,57310,4,1.000000,0.000000
5670,6090405881,1088165,0,0,1816,0,0.000000,16384,1593,88165,4,1.000000,0.000000
5671,6091506347,1100466,0,0,1930,0,0.000000,16384,1732,100466,4,1.000000,0.000000
5672,6092565914,1059567,0,0,1799,0,0.000000,16384,1627,59567,4,1.000000,0.000000
5673,6093623234,1057320,0,0,1826,0,0.000000,16384,1631,57320,4,1.000000,0.000000
5674,6094671055,1047821,0,0,1805,0,0.000000,16384,1585,47821,4,1.000000,0.000000
5675,6095727457,1056402,0,0,1814,0,0.000000,16384,1608,56402,4,1.000000,0.000000
5676,6096785654,1058197,0,0,1825,0,0.000000,16384,1646,58197,4,1.000000,0.000000
5677,6097843277,1057623,0,0,1729,0,0.000000,16384,1550,57623,4,1.000000,0.000000
5678,6098899356,1056079,0,0,1810,0,0.000000,16384,1590,56079,4,1.000000,0.000000
5679,6099955405,1056049,0,0,1827,0,0.000000,16384,1622,56049,4,1.000000,0.000000
5680,6101011220,1055815,0,0,1828,0,0.000000,16384,1649,55815,4,1.000000,0.000000
5681,6102075550,1064330,0,0,1841,0,0.000000,16384,1661,64330,4,1.000000,0.000000
5682,6103132195,1056645,0,0,1816,0,0.000000,16384,1591,56645,4,1.000000,0.000000
5683,6104189241,1057046,0,0,1811,0,0.000000,16384,1591,57046,4,1.000000,0.000000
5684,6105247270,1058029,0,0,1749,0,0.000000,16384,1586,58029,4,1.000000,0.000000
5685,6106304065,1056795,0,0,1827,0,0.000000,16384,1651,56795,4,1.000000,0.000000
5686,6107363089,1059024,0,0,1801,0,0.000000,16384,1579,59024,4,1.000000,0.000000
5687,6108424502,1061413,0,0,1664,0,0.000000,16384,1472,61413,4,1.000000,0.000000
5688,6109484004,1059502,0,0,1830,0,0.000000,16384,1651,59502,4,1.000000,0.000000
5689,6110542198,1058194,0,0,1824,0,0.000000,16384,1633,58194,4,1.000000,0.000000
5690,6111599925,1057727,0,0,1818,0,0.000000,16384,1598,57727,4,1.000000,0.000000
5691,6112671927,1072002,0,0,1845,0,0.000000,16384,1627,72002,4,1.000000,0.000000
5692,6113728539,1056612,0,0,1825,0,0.000000,16384,1647,56612,4,1.000000,0.000000
5693,6114786134,1057595,0,0,1822,0,0.000000,16384,1313,57595,4,1.000000,0.000000
5694,6115843560,1057426,0,0,1822,0,0.000000,16384,1296,57426,4,1.000000,0.000000
5695,6116899743,1056183,0,0,1768,0,0.000000,16384,1257,56183,4,1.000000,0.000000
5696,6117955770,1056027,0,0,1852,0,0.000000,16384,1317,56027,4,1.000000,0.000000
5697,6119011570,1055800,0,0,1840,0,0.000000,16384,1310,55800,4,1.000000,0.000000
5698,6120067027,1055457,0,0,1849,0,0.000000,16384,1315,55457,4,1.000000,0.000000
5699,6121126977,1059950,0,0,1728,0,0.000000,16384,1228,59950,4,1.000000,0.000000
5700,6123791018,2664041,0,0,3591,0,0.000000,16384,2767,1664041,4,1.000000,0.000000
5701,6124888395,1097377,0,0,1471,0,0.000000,16384,1320,97377,4,1.000000,0.000000
5702,6125960999,1072604,0,0,1399,0,0.000000,16384,1256,72604,4,1.000000,0.000000
5703,6127027246,1066247,0,0,1618,0,0.000000,16384,1428,66247,4,1.000000,0.000000
5704,6128087524,1060278,0,0,1670,0,0.000000,16384,1484,60278,4,1.000000,0.000000
5705,6129147390,1059866,0,0,1668,0,0.000000,16384,1515,59866,4,1.000000,0.000000
5706,6130205804,1058414,0,0,1663,0,0.000000,16384,1443,58414,4,1.000000,0.000000
5707,6131263293,1057489,0,0,1668,0,0.000000,16384,1509,57489,4,1.000000,0.000000
5708,6132319753,1056460,0,0,1664,0,0.000000,16384,1483,56460,4,1.000000,0.000000
5709,6133376368,1056615,0,0,1664,0,0.000000,16384,1460,56615,4,1.000000,0.000000
5710,6134433503,1057135,0,0,1665,0,0.000000,16384,1519,57135,4,1.000000,0.000000
5711,6135518322,1084819,0,0,1654,0,0.000000,16384,1448,84819,4,1.000000,0.000000
5712,6136579465,1061143,0,0,1790,0,0.000000,16384,1588,61143,4,1.000000,0.000000
5713,6137636203,1056738,0,0,1827,0,0.000000,16384,1649,56738,4,1.000000,0.000000
5714,6138670901,1034698,0,0,1785,0,0.000000,16384,1601,34698,4,1.000000,0.000000
5715,6139727116,1056215,0,0,1824,0,0.000000,16384,1604,56215,4,1.000000,0.000000
5716,6140783510,1056394,0,0,1825,0,0.000000,16384,1610,56394,4,1.000000,0.000000
5717,6141839293,1055783,0,0,1827,0,0.000000,16384,1649,55783,4,1.000000,0.000000
5718,6142895498,1056205,0,0,1817,0,0.000000,16384,1641,56205,4,1.000000,0.000000
5719,6143951528,1056030,0,0,1813,0,0.000000,16384,1594,56030,4,1.000000,0.000000
5720,6145008045,1056517,0,0,1825,0,0.000000,16384,1605,56517,4,1.000000,0.000000
5721,6146077012,1068967,0,0,1754,0,0.000000,16384,1582,68967,4,1.000000,0.000000
5722,6147137724,1060712,0,0,1827,0,0.000000,16384,1649,60712,4,1.000000,0.000000
5723,6148195880,1058156,0,0,1825,0,0.000000,16384,1611,58156,4,1.000000,0.000000
5724,6149252655,1056775,0,0,1800,0,0.000000,16384,1580,56775,4,1.000000,0.000000
5725,6150309054,1056399,0,0,1823,0,0.000000,16384,1636,56399,4,1.000000,0.000000
5726,6151366068,1057014,0,0,1813,0,0.000000,16384,1637,57014,4,1.000000,0.000000
5727,6152422209,1056141,0,0,1815,0,0.000000,16384,1614,56141,4,1.000000,0.000000
5728,6153478061,1055852,0,0,1827,0,0.000000,16384,1607,55852,4,1.000000,0.000000
5729,6154534043,1055982,0,0,1794,0,0.000000,16384,1596,55982,4,1.000000,0.000000
5730,6155589840,1055797,0,0,1823,0,0.000000,16384,1646,55797,4,1.000000,0.000000
5731,6156655128,1065288,0,0,1842,0,0.000000,16384,1653,65288,4,1.000000,0.000000
5732,6157671276,1016148,0,0,1753,0,0.000000,16384,1533,16148,4,1.000000,0.000000
5733,6158727796,1056520,0,0,1818,0,0.000000,16384,1612,56520,4,1.000000,0.000000
5734,6159784335,1056539,0,0,1817,0,0.000000,16384,1641,56539,4,1.000000,0.000000
5735,6160840329,1055994,0,0,1828,0,0.000000,16384,1646,55994,4,1.000000,0.000000
5736,6161896359,1056030,0,0,1827,0,0.000000,16384,1606,56030,4,1.000000,0.000000
5737,6162954700,1058341,0,0,1742,0,0.000000,16384,1533,58341,4,1.000000,0.000000
5738,6164012132,1057432,0,0,1828,0,0.000000,16384,1650,57432,4,1.000000,0.000000
5739,6165069490,1057358,0,0,1826,0,0.000000,16384,1650,57358,4,1.000000,0.000000
5740,6166128606,1059116,0,0,1690,0,0.000000,16384,1470,59116,4,1.000000,0.000000
5741,6167216882,1088276,0,0,1671,0,0.000000,16384,1498,88276,4,1.000000,0.000000
5742,6168279997,1063115,0,0,1672,0,0.000000,16384,1505,63115,4,1.000000,0.000000
5743,6169338564,1058567,0,0,1666,0,0.000000,16384,1446,58567,4,1.000000,0.000000
5744,6170395243,1056679,0,0,1771,0,0.000000,16384,1604,56679,4,1.000000,0.000000
5745,6171451570,1056327,0,0,1828,0,0.000000,16384,1649,56327,4,1.000000,0.000000
5746,6172507711,1056141,0,0,1825,0,0.000000,16384,1607,56141,4,1.000000,0.000000
5747,6173563592,1055881,0,0,1827,0,0.000000,16384,1607,55881,4,1.000000,0.000000
5748,6174619375,1055783,0,0,1828,0,0.000000,16384,1638,55783,4,1.000000,0.000000
5749,6175671299,1051924,0,0,1783,0,0.000000,16384,1614,51924,4,1.000000,0.000000
5750,6176727541,1056242,0,0,1817,0,0.000000,16384,1611,56242,4,1.000000,0.000000
5751,6177793093,1065552,0,0,1842,0,0.000000,16384,1622,65552,4,1.000000,0.000000
5752,6178849207,1056114,0,0,1825,0,0.000000,16384,1622,56114,4,1.000000,0.000000
5753,6179905143,1055936,0,0,1827,0,0.000000,16384,1649,55936,4,1.000000,0.000000
5754,6180960992,1055849,0,0,1829,0,0.000000,16384,1647,55849,4,1.000000,0.000000
5755,6182016874,1055882,0,0,1825,0,0.000000,16384,1605,55882,4,1.000000,0.000000
5756,6183073165,1056291,0,0,1816,0,0.000000,16384,1592,56291,4,1.000000,0.000000
5757,6184129227,1056062,0,0,1818,0,0.000000,16384,1642,56062,4,1.000000,0.000000
5758,6185220591,1091364,0,0,1727,0,0.000000,16384,1563,91364,4,1.000000,0.000000
5759,6186284504,1063913,0,0,1595,0,0.000000,16384,1375,63913,4,1.000000,0.000000
5760,6187345827,1061323,0,0,1666,0,0.000000,16384,1520,61323,4,1.000000,0.000000
5761,6188416986,1071159,0,0,1680,0,0.000000,16384,1486,71159,4,1.000000,0.000000
5762,6189476500,1059514,0,0,1671,0,0.000000,16384,1475,59514,4,1.000000,0.000000
5763,6190534479,1057979,0,0,1666,0,0.000000,16384,1521,57979,4,1.000000,0.000000
5764,6191625965,1091486,0,0,1861,0,0.000000,16384,1642,91486,4,1.000000,0.000000
5765,6192702558,1076593,0,0,1832,0,0.000000,16384,1612,76593,4,1.000000,0.000000
5766,6193766130,1063572,0,0,1820,0,0.000000,16384,1624,63572,4,1.000000,0.000000
5767,6194829477,1063347,0,0,1811,0,0.000000,16384,1636,63347,4,1.000000,0.000000
5768,6195892938,1063461,0,0,1810,0,0.000000,16384,1617,63461,4,1.000000,0.000000
5769,6196955549,1062611,0,0,1909,0,0.000000,16384,1685,62611,4,1.000000,0.000000
5770,6198019131,1063582,0,0,1756,0,0.000000,16384,1546,63582,4,1.000000,0.000000
5771,6199084063,1064932,0,0,1844,0,0.000000,16384,1662,64932,4,1.000000,0.000000
5772,6200140524,1056461,0,0,1826,0,0.000000,16384,1648,56461,4,1.000000,0.000000
5773,6201197913,1057389,0,0,1814,0,0.000000,16384,1600,57389,4,1.000000,0.000000
5774,6202256501,1058588,0,0,1816,0,0.000000,16384,1596,58588,4,1.000000,0.000000
5775,6203313805,1057304,0,0,1832,0,0.000000,16384,1642,57304,4,1.000000,0.000000
5776,6204371451,1057646,0,0,1811,0,0.000000,16384,1635,57646,4,1.000000,0.000000
5777,6205428494,1057043,0,0,1827,0,0.000000,16384,1629,57043,4,1.000000,0.000000
5778,6206488718,1060224,0,0,1739,0,0.000000,16384,1519,60224,4,1.000000,0.000000
5779,6207546746,1058028,0,0,1831,0,0.000000,16384,1639,58028,4,1.000000,0.000000
5780,6208606958,1060212,0,0,1653,0,0.000000,16384,1505,60212,4,1.000000,0.000000
5781,6209671471,1064513,0,0,1834,0,0.000000,16384,1611,64513,4,1.000000,0.000000
5782,6210728978,1057507,0,0,1829,0,0.000000,16384,1608,57507,4,1.000000,0.000000
5783,6211786199,1057221,0,0,1820,0,0.000000,16384,1640,57221,4,1.000000,0.000000
5784,6212842873,1056674,0,0,1830,0,0.000000,16384,1651,56674,4,1.000000,0.000000
5785,6213898877,1056004,0,0,1826,0,0.000000,16384,1621,56004,4,1.000000,0.000000
5786,6214957137,1058260,0,0,1825,0,0.000000,16384,1605,58260,4,1.000000,0.000000
5787,6216013725,1056588,0,0,1829,0,0.000000,16384,1626,56588,4,1.000000,0.000000
5788,6217069957,1056232,0,0,1828,0,0.000000,16384,1649,56232,4,1.000000,0.000000
5789,6218126982,1057025,0,0,1708,0,0.000000,16384,1525,57025,4,1.000000,0.000000
5790,6219184606,1057624,0,0,1740,0,0.000000,16384,1521,57624,4,1.000000,0.000000
5791,6220258015,1073409,0,0,1855,0,0.000000,16384,1665,73409,4,1.000000,0.000000
5792,6221314128,1056113,0,0,1827,0,0.000000,16384,1648,56113,4,1.000000,0.000000
5793,6222369870,1055742,0,0,1826,0,0.000000,16384,1631,55742,4,1.000000,0.000000
5794,6223425995,1056125,0,0,1824,0,0.000000,16384,1603,56125,4,1.000000,0.000000
5795,6224481825,1055830,0,0,1825,0,0.000000,16384,1615,55830,4,1.000000,0.000000
5796,6225537701,1055876,0,0,1827,0,0.000000,16384,1648,55876,4,1.000000,0.000000
5797,6226596732,1059031,0,0,1685,0,0.000000,16384,1511,59031,4,1.000000,0.000000
5798,6227654417,1057685,0,0,1809,0,0.000000,16384,1589,57685,4,1.000000,0.000000
5799,6228671083,1016666,0,0,1744,0,0.000000,16384,1559,16666,4,1.000000,0.000000
5800,6229727410,1056327,0,0,1829,0,0.000000,16384,1650,56327,4,1.000000,0.000000
5801,6230791113,1063703,0,0,1838,0,0.000000,16384,1638,63703,4,1.000000,0.000000
5802,6231846961,1055848,0,0,1826,0,0.000000,16384,1606,55848,4,1.000000,0.000000
5803,6232903761,1056800,0,0,1772,0,0.000000,16384,1573,56800,4,1.000000,0.000000
5804,6233960527,1056766,0,0,1778,0,0.000000,16384,1610,56766,4,1.000000,0.000000
5805,6235017168,1056641,0,0,1646,0,0.000000,16384,1453,56641,4,1.000000,0.000000
5806,6236073675,1056507,0,0,1725,0,0.000000,16384,1523,56507,4,1.000000,0.000000
5807,6237129598,1055923,0,0,1827,0,0.000000,16384,1650,55923,4,1.000000,0.000000
5808,6238185645,1056047,0,0,1828,0,0.000000,16384,1643,56047,4,1.000000,0.000000
5809,6239241451,1055806,0,0,1825,0,0.000000,16384,1605,55806,4,1.000000,0.000000
5810,6240297144,1055693,0,0,1807,0,0.000000,16384,1588,55693,4,1.000000,0.000000
5811,6241358545,1061401,0,0,1823,0,0.000000,16384,1646,61401,4,1.000000,0.000000
5812,6242415098,1056553,0,0,1816,0,0.000000,16384,1640,56553,4,1.000000,0.000000
5813,6243472176,1057078,0,0,1793,0,0.000000,16384,1577,57078,4,1.000000,0.000000
5814,6244529160,1056984,0,0,1732,0,0.000000,16384,1523,56984,4,1.000000,0.000000
5815,6245586068,1056908,0,0,1816,0,0.000000,16384,1640,56908,4,1.000000,0.000000
5816,6246646129,1060061,0,0,1603,0,0.000000,16384,1428,60061,4,1.000000,0.000000
5817,6247690340,1044211,0,0,1451,0,0.000000,16384,1296,44211,4,1.000000,0.000000
5818,6248757996,1067656,0,0,1614,0,0.000000,16384,1433,67656,4,1.000000,0.000000
5819,6249820988,1062992,0,0,1567,0,0.000000,16384,1393,62992,4,1.000000,0.000000
5820,6250880529,1059541,0,0,1563,0,0.000000,16384,1401,59541,4,1.000000,0.000000
5821,6251957205,1076676,0,0,1583,0,0.000000,16384,1397,76676,4,1.000000,0.000000
5822,6253022022,1064817,0,0,1633,0,0.000000,16384,1483,64817,4,1.000000,0.000000
5823,6254083358,1061336,0,0,1562,0,0.000000,16384,1353,61336,4,1.000000,0.000000
5824,6255140837,1057479,0,0,1804,0,0.000000,16384,1631,57479,4,1.000000,0.000000
5825,6256197141,1056304,0,0,1829,0,0.000000,16384,1650,56304,4,1.000000,0.000000
5826,6257254445,1057304,0,0,1784,0,0.000000,16384,1565,57304,4,1.000000,0.000000
5827,6258311610,1057165,0,0,1811,0,0.000000,16384,1592,57165,4,1.000000,0.000000
5828,6259369503,1057893,0,0,1776,0,0.000000,16384,1608,57893,4,1.000000,0.000000
5829,6260432271,1062768,0,0,1762,0,0.000000,16384,1585,62768,4,1.000000,0.000000
5830,6261493062,1060791,0,0,1674,0,0.000000,16384,1454,60791,4,1.000000,0.000000
5831,6262561886,1068824,0,0,1739,0,0.000000,16384,1569,68824,4,1.000000,0.000000
5832,6263624258,1062372,0,0,1622,0,0.000000,16384,1452,62372,4,1.000000,0.000000
5833,6264674416,1050158,0,0,1791,0,0.000000,16384,1570,50158,4,1.000000,0.000000
5834,6265732517,1058101,0,0,1664,0,0.000000,16384,1508,58101,4,1.000000,0.000000
5835,6266793720,1061203,0,0,1601,0,0.000000,16384,1422,61203,4,1.000000,0.000000
5836,6267852897,1059177,0,0,1670,0,0.000000,16384,1475,59177,4,1.000000,0.000000
5837,6268910128,1057231,0,0,1698,0,0.000000,16384,1546,57231,4,1.000000,0.000000
5838,6269966974,1056846,0,0,1827,0,0.000000,16384,1610,56846,4,1.000000,0.000000
5839,6271023546,1056572,0,0,1824,0,0.000000,16384,1604,56572,4,1.000000,0.000000
5840,6272079532,1055986,0,0,1827,0,0.000000,16384,1636,55986,4,1.000000,0.000000
5841,6273156548,1077016,0,0,1780,0,0.000000,16384,1611,77016,4,1.000000,0.000000
5842,6274213125,1056577,0,0,1827,0,0.000000,16384,1623,56577,4,1.000000,0.000000
5843,6275268922,1055797,0,0,1822,0,0.000000,16384,1602,55797,4,1.000000,0.000000
5844,6276329254,1060332,0,0,1833,0,0.000000,16384,1629,60332,4,1.000000,0.000000
5845,6277390219,1060965,0,0,1836,0,0.000000,16384,1656,60965,4,1.000000,0.000000
5846,6278448013,1057794,0,0,1800,0,0.000000,16384,1620,57794,4,1.000000,0.000000
5847,6279505671,1057658,0,0,1753,0,0.000000,16384,1533,57658,4,1.000000,0.000000
5848,6280561897,1056226,0,0,1826,0,0.000000,16384,1618,56226,4,1.000000,0.000000
5849,6281617881,1055984,0,0,1827,0,0.000000,16384,1649,55984,4,1.000000,0.000000
5850,6282670532,1052651,0,0,1820,0,0.000000,16384,1642,52651,4,1.000000,0.000000
5851,6283741542,1071010,0,0,1844,0,0.000000,16384,1620,71010,4,1.000000,0.000000
5852,6284798546,1057004,0,0,1827,0,0.000000,16384,1607,57004,4,1.000000,0.000000
5853,6285856033,1057487,0,0,1756,0,0.000000,16384,1584,57487,4,1.000000,0.000000
5854,6286914991,1058958,0,0,1625,0,0.000000,16384,1457,58958,4,1.000000,0.000000
5855,6287981482,1066491,0,0,1567,0,0.000000,16384,1377,66491,4,1.000000,0.000000
5856,6289048510,1067028,0,0,1503,0,0.000000,16384,1357,67028,4,1.000000,0.000000
5857,6290110374,1061864,0,0,1606,0,0.000000,16384,1411,61864,4,1.000000,0.000000
5858,6291167999,1057625,0,0,1663,0,0.000000,16384,1518,57625,4,1.000000,0.000000
5859,6292225290,1057291,0,0,1608,0,0.000000,16384,1392,57291,4,1.000000,0.000000
5860,6293286750,1061460,0,0,1672,0,0.000000,16384,1513,61460,4,1.000000,0.000000
5861,6294364106,1077356,0,0,1695,0,0.000000,16384,1514,77356,4,1.000000,0.000000
5862,6295422199,1058093,0,0,1668,0,0.000000,16384,1457,58093,4,1.000000,0.000000
5863,6296479103,1056904,0,0,1669,0,0.000000,16384,1522,56904,4,1.000000,0.000000
5864,6297536576,1057473,0,0,1666,0,0.000000,16384,1468,57473,4,1.000000,0.000000
5865,6298593067,1056491,0,0,1742,0,0.000000,16384,1539,56491,4,1.000000,0.000000
5866,6299649177,1056110,0,0,1827,0,0.000000,16384,1649,56110,4,1.000000,0.000000
5867,6300670827,1021650,0,0,1728,0,0.000000,16384,1545,21650,4,1.000000,0.000000
5868,6301726982,1056155,0,0,1824,0,0.000000,16384,1604,56155,4,1.000000,0.000000
5869,6302783180,1056198,0,0,1827,0,0.000000,16384,1622,56198,4,1.000000,0.000000
5870,6303839174,1055994,0,0,1830,0,0.000000,16384,1652,55994,4,1.000000,0.000000
5871,6304902480,1063306,0,0,1720,0,0.000000,16384,1539,63306,4,1.000000,0.000000
5872,6305959782,1057302,0,0,1743,0,0.000000,16384,1523,57302,4,1.000000,0.000000
5873,6307018976,1059194,0,0,1742,0,0.000000,16384,1570,59194,4,1.000000,0.000000
5874,6308076773,1057797,0,0,1829,0,0.000000,16384,1650,57797,4,1.000000,0.000000
5875,6309143030,1066257,0,0,1644,0,0.000000,16384,1434,66257,4,1.000000,0.000000
5876,6310204167,1061137,0,0,1552,0,0.000000,16384,1404,61137,4,1.000000,0.000000
5877,6311262261,1058094,0,0,1621,0,0.000000,16384,1433,58094,4,1.000000,0.000000
5878,6312319701,1057440,0,0,1754,0,0.000000,16384,1547,57440,4,1.000000,0.000000
5879,6313376547,1056846,0,0,1827,0,0.000000,16384,1649,56846,4,1.000000,0.000000
5880,6314432399,1055852,0,0,1829,0,0.000000,16384,1651,55852,4,1.000000,0.000000
5881,6315499444,1067045,0,0,1843,0,0.000000,16384,1619,67045,4,1.000000,0.000000
5882,6316556367,1056923,0,0,1829,0,0.000000,16384,1609,56923,4,1.000000,0.000000
5883,6317612206,1055839,0,0,1829,0,0.000000,16384,1640,55839,4,1.000000,0.000000
5884,6318669950,1057744,0,0,1806,0,0.000000,16384,1632,57744,4,1.000000,0.000000
5885,6319726152,1056202,0,0,1814,0,0.000000,16384,1613,56202,4,1.000000,0.000000
5886,6320782151,1055999,0,0,1825,0,0.000000,16384,1605,55999,4,1.000000,0.000000
5887,6321837917,1055766,0,0,1823,0,0.000000,16384,1619,55766,4,1.000000,0.000000
5888,6322893705,1055788,0,0,1823,0,0.000000,16384,1647,55788,4,1.000000,0.000000
5889,6323949399,1055694,0,0,1825,0,0.000000,16384,1641,55694,4,1.000000,0.000000
5890,6325005170,1055771,0,0,1822,0,0.000000,16384,1602,55771,4,1.000000,0.000000
5891,6326077513,1072343,0,0,1853,0,0.000000,16384,1629,72343,4,1.000000,0.000000
5892,6327137580,1060067,0,0,1695,0,0.000000,16384,1539,60067,4,1.000000,0.000000
5893,6328196822,1059242,0,0,1831,0,0.000000,16384,1647,59242,4,1.000000,0.000000
5894,6329253035,1056213,0,0,1811,0,0.000000,16384,1591,56213,4,1.000000,0.000000
5895,6330309548,1056513,0,0,1824,0,0.000000,16384,1601,56513,4,1.000000,0.000000
5896,6331370177,1060629,0,0,1831,0,0.000000,16384,1653,60629,4,1.000000,0.000000
5897,6332431447,1061270,0,0,1809,0,0.000000,16384,1634,61270,4,1.000000,0.000000
5898,6333488115,1056668,0,0,1828,0,0.000000,16384,1616,56668,4,1.000000,0.000000
5899,6334544334,1056219,0,0,1821,0,0.000000,16384,1577,56219,4,1.000000,0.000000
5900,6335601234,1056900,0,0,1606,0,0.000000,16384,1406,56900,4,1.000000,0.000000
5901,6336669530,1068296,0,0,1671,0,0.000000,16384,1497,68296,4,1.000000,0.000000
5902,6337726587,1057057,0,0,1683,0,0.000000,16384,1516,57057,4,1.000000,0.000000
5903,6338782787,1056200,0,0,1823,0,0.000000,16384,1604,56200,4,1.000000,0.000000
5904,6339839907,1057120,0,0,1820,0,0.000000,16384,1608,57120,4,1.000000,0.000000
5905,6340895922,1056015,0,0,1829,0,0.000000,16384,1651,56015,4,1.000000,0.000000
5906,6341951999,1056077,0,0,1827,0,0.000000,16384,1649,56077,4,1.000000,0.000000
5907,6343008029,1056030,0,0,1826,0,0.000000,16384,1606,56030,4,1.000000,0.000000
5908,6344064003,1055974,0,0,1824,0,0.000000,16384,1604,55974,4,1.000000,0.000000
5909,6345120307,1056304,0,0,1810,0,0.000000,16384,1626,56304,4,1.000000,0.000000
5910,6346176091,1055784,0,0,1825,0,0.000000,16384,1647,55784,4,1.000000,0.000000
5911,6347238740,1062649,0,0,1705,0,0.000000,16384,1504,62649,4,1.000000,0.000000
5912,6348300266,1061526,0,0,1658,0,0.000000,16384,1467,61526,4,1.000000,0.000000
5913,6349358901,1058635,0,0,1827,0,0.000000,16384,1649,58635,4,1.000000,0.000000
5914,6350416227,1057326,0,0,1798,0,0.000000,16384,1606,57326,4,1.000000,0.000000
5915,6351473051,1056824,0,0,1829,0,0.000000,16384,1609,56824,4,1.000000,0.000000
5916,6352529449,1056398,0,0,1829,0,0.000000,16384,1618,56398,4,1.000000,0.000000
5917,6353585177,1055728,0,0,1827,0,0.000000,16384,1648,55728,4,1.000000,0.000000
5918,6354642234,1057057,0,0,1804,0,0.000000,16384,1629,57057,4,1.000000,0.000000
5919,6355670932,1028698,0,0,1762,0,0.000000,16384,1543,28698,4,1.000000,0.000000
5920,6356727652,1056720,0,0,1800,0,0.000000,16384,1589,56720,4,1.000000,0.000000
5921,6357792977,1065325,0,0,1830,0,0.000000,16384,1651,65325,4,1.000000,0.000000
5922,6358849252,1056275,0,0,1817,0,0.000000,16384,1643,56275,4,1.000000,0.000000
5923,6359905085,1055833,0,0,1823,0,0.000000,16384,1599,55833,4,1.000000,0.000000
5924,6360961038,1055953,0,0,1822,0,0.000000,16384,1602,55953,4,1.000000,0.000000
5925,6362021197,1060159,0,0,1800,0,0.000000,16384,1621,60159,4,1.000000,0.000000
5926,6363080352,1059155,0,0,1724,0,0.000000,16384,1563,59155,4,1.000000,0.000000
5927,6364137570,1057218,0,0,1757,0,0.000000,16384,1536,57218,4,1.000000,0.000000
5928,6365193812,1056242,0,0,1828,0,0.000000,16384,1616,56242,4,1.000000,0.000000
5929,6366249482,1055670,0,0,1827,0,0.000000,16384,1649,55670,4,1.000000,0.000000
5930,6367307698,1058216,0,0,1740,0,0.000000,16384,1567,58216,4,1.000000,0.000000
5931,6368372901,1065203,0,0,1843,0,0.000000,16384,1623,65203,4,1.000000,0.000000
5932,6369430539,1057638,0,0,1814,0,0.000000,16384,1596,57638,4,1.000000,0.000000
5933,6370487868,1057329,0,0,1805,0,0.000000,16384,1631,57329,4,1.000000,0.000000
5934,6371544548,1056680,0,0,1820,0,0.000000,16384,1643,56680,4,1.000000,0.000000
5935,6372600427,1055879,0,0,1823,0,0.000000,16384,1604,55879,4,1.000000,0.000000
5936,6373656323,1055896,0,0,1809,0,0.000000,16384,1589,55896,4,1.000000,0.000000
5937,6374670632,1014309,0,0,1751,0,0.000000,16384,1582,14309,4,1.000000,0.000000
5938,6375726694,1056062,0,0,1825,0,0.000000,16384,1647,56062,4,1.000000,0.000000
5939,6376774871,1048177,0,0,1810,0,0.000000,16384,1593,48177,4,1.000000,0.000000
5940,6377835969,1061098,0,0,1671,0,0.000000,16384,1472,61098,4,1.000000,0.000000
5941,6378918876,1082907,0,0,1826,0,0.000000,16384,1648,82907,4,1.000000,0.000000
5942,6379982126,1063250,0,0,1787,0,0.000000,16384,1604,63250,4,1.000000,0.000000
5943,6381045471,1063345,0,0,1775,0,0.000000,16384,1555,63345,4,1.000000,0.000000
5944,6382105464,1059993,0,0,1674,0,0.000000,16384,1498,59993,4,1.000000,0.000000
5945,6383164601,1059137,0,0,1672,0,0.000000,16384,1508,59137,4,1.000000,0.000000
5946,6384222283,1057682,0,0,1669,0,0.000000,16384,1449,57682,4,1.000000,0.000000
5947,6385280709,1058426,0,0,1641,0,0.000000,16384,1497,58426,4,1.000000,0.000000
5948,6386338112,1057403,0,0,1588,0,0.000000,16384,1395,57403,4,1.000000,0.000000
5949,6387397562,1059450,0,0,1693,0,0.000000,16384,1510,59450,4,1.000000,0.000000
5950,6388489681,1092119,0,0,1959,0,0.000000,16384,1755,92119,4,1.000000,0.000000
5951,6389589855,1100174,0,0,1978,0,0.000000,16384,1769,100174,4,1.000000,0.000000
5952,6390680071,1090216,0,0,1983,0,0.000000,16384,1773,90216,4,1.000000,0.000000
5953,6391703302,1023231,0,0,1857,0,0.000000,16384,1652,23231,4,1.000000,0.000000
5954,6392765640,1062338,0,0,1934,0,0.000000,16384,1710,62338,4,1.000000,0.000000
5955,6393826700,1061060,0,0,1820,0,0.000000,16384,1600,61060,4,1.000000,0.000000
5956,6394888625,1061925,0,0,1920,0,0.000000,16384,1719,61925,4,1.000000,0.000000
5957,6395976922,1088297,0,0,1866,0,0.000000,16384,1680,88297,4,1.000000,0.000000
5958,6397039604,1062682,0,0,1823,0,0.000000,16384,1646,62682,4,1.000000,0.000000
5959,6398103166,1063562,0,0,1816,0,0.000000,16384,1592,63562,4,1.000000,0.000000
5960,6399162856,1059690,0,0,1821,0,0.000000,16384,1601,59690,4,1.000000,0.000000
5961,6400227922,1065066,0,0,1842,0,0.000000,16384,1658,65066,4,1.000000,0.000000
5962,6401284393,1056471,0,0,1829,0,0.000000,16384,1650,56471,4,1.000000,0.000000
5963,6402340332,1055939,0,0,1827,0,0.000000,16384,1626,55939,4,1.000000,0.000000
5964,6403430014,1089682,0,0,1958,0,0.000000,16384,1734,89682,4,1.000000,0.000000
5965,6404489980,1059966,0,0,1819,0,0.000000,16384,1599,59966,4,1.000000,0.000000
5966,6405583252,1093272,0,0,1921,0,0.000000,16384,1716,93272,4,1.000000,0.000000
5967,6406661682,1078430,0,0,1870,0,0.000000,16384,1684,78430,4,1.000000,0.000000
5968,6407737504,1075822,0,0,1768,0,0.000000,16384,1595,75822,4,1.000000,0.000000
5969,6408801855,1064351,0,0,1914,0,0.000000,16384,1690,64351,4,1.000000,0.000000
5970,6409865730,1063875,0,0,1628,0,0.000000,16384,1431,63875,4,1.000000,0.000000
5971,6410937839,1072109,0,0,1682,0,0.000000,16384,1532,72109,4,1.000000,0.000000
5972,6411997041,1059202,0,0,1665,0,0.000000,16384,1456,59202,4,1.000000,0.000000
5973,6413054393,1057352,0,0,1724,0,0.000000,16384,1536,57352,4,1.000000,0.000000
5974,6414115224,1060831,0,0,1885,0,0.000000,16384,1696,60831,4,1.000000,0.000000
5975,6415174482,1059258,0,0,1834,0,0.000000,16384,1647,59258,4,1.000000,0.000000
5976,6416231487,1057005,0,0,1818,0,0.000000,16384,1598,57005,4,1.000000,0.000000
5977,6417287796,1056309,0,0,1819,0,0.000000,16384,1599,56309,4,1.000000,0.000000
5978,6418348439,1060643,0,0,1835,0,0.000000,16384,1656,60643,4,1.000000,0.000000
5979,6419409360,1060921,0,0,1835,0,0.000000,16384,1654,60921,4,1.000000,0.000000
5980,6420467097,1057737,0,0,1815,0,0.000000,16384,1607,57737,4,1.000000,0.000000
5981,6421531202,1064105,0,0,1842,0,0.000000,16384,1622,64105,4,1.000000,0.000000
5982,6422588199,1056997,0,0,1737,0,0.000000,16384,1555,56997,4,1.000000,0.000000
5983,6423644113,1055914,0,0,1828,0,0.000000,16384,1650,55914,4,1.000000,0.000000
5984,6424673419,1029306,0,0,1683,0,0.000000,16384,1483,29306,4,1.000000,0.000000
5985,6425731885,1058466,0,0,1728,0,0.000000,16384,1526,58466,4,1.000000,0.000000
5986,6426794819,1062934,0,0,1757,0,0.000000,16384,1593,62934,4,1.000000,0.000000
5987,6427855652,1060833,0,0,1649,0,0.000000,16384,1455,60833,4,1.000000,0.000000
5988,6428913115,1057463,0,0,1811,0,0.000000,16384,1594,57463,4,1.000000,0.000000
5989,6429969390,1056275,0,0,1827,0,0.000000,16384,1649,56275,4,1.000000,0.000000
5990,6431025903,1056513,0,0,1826,0,0.000000,16384,1648,56513,4,1.000000,0.000000
5991,6432102452,1076549,0,0,1857,0,0.000000,16384,1642,76549,4,1.000000,0.000000
5992,6433159259,1056807,0,0,1816,0,0.000000,16384,1595,56807,4,1.000000,0.000000
5993,6434215023,1055764,0,0,1827,0,0.000000,16384,1630,55764,4,1.000000,0.000000
5994,6435271466,1056443,0,0,1781,0,0.000000,16384,1612,56443,4,1.000000,0.000000
5995,6436328176,1056710,0,0,1791,0,0.000000,16384,1594,56710,4,1.000000,0.000000
5996,6437384355,1056179,0,0,1826,0,0.000000,16384,1606,56179,4,1.000000,0.000000
5997,6438440417,1056062,0,0,1824,0,0.000000,16384,1621,56062,4,1.000000,0.000000
5998,6439497039,1056622,0,0,1829,0,0.000000,16384,1651,56622,4,1.000000,0.000000
5999,6440553041,1056002,0,0,1826,0,0.000000,16384,1643,56002,4,1.000000,0.000000
6000,6441609114,1056073,0,0,1814,0,0.000000,16384,1594,56073,4,1.000000,0.000000
6001,6442670676,1061562,0,0,1830,0,0.000000,16384,1606,61562,4,1.000000,0.000000
6002,6443726871,1056195,0,0,1824,0,0.000000,16384,1647,56195,4,1.000000,0.000000
6003,6444782765,1055894,0,0,1823,0,0.000000,16384,1646,55894,4,1.000000,0.000000
6004,6445838629,1055864,0,0,1822,0,0.000000,16384,1612,55864,4,1.000000,0.000000
6005,6446903168,1064539,0,0,1773,0,0.000000,16384,1552,64539,4,1.000000,0.000000
6006,6447963584,1060416,0,0,1757,0,0.000000,16384,1585,60416,4,1.000000,0.000000
6007,6449021429,1057845,0,0,1749,0,0.000000,16384,1581,57845,4,1.000000,0.000000
6008,6450078119,1056690,0,0,1808,0,0.000000,16384,1589,56690,4,1.000000,0.000000
6009,6451134499,1056380,0,0,1827,0,0.000000,16384,1604,56380,4,1.000000,0.000000
6010,6452190261,1055762,0,0,1818,0,0.000000,16384,1643,55762,4,1.000000,0.000000
6011,6453254117,1063856,0,0,1840,0,0.000000,16384,1659,63856,4,1.000000,0.000000
6012,6454310819,1056702,0,0,1827,0,0.000000,16384,1618,56702,4,1.000000,0.000000
6013,6455368137,1057318,0,0,1812,0,0.000000,16384,1592,57318,4,1.000000,0.000000
6014,6456424811,1056674,0,0,1829,0,0.000000,16384,1633,56674,4,1.000000,0.000000
6015,6457480915,1056104,0,0,1818,0,0.000000,16384,1641,56104,4,1.000000,0.000000
6016,6458537086,1056171,0,0,1816,0,0.000000,16384,1625,56171,4,1.000000,0.000000
6017,6459593023,1055937,0,0,1825,0,0.000000,16384,1605,55937,4,1.000000,0.000000
6018,6460648832,1055809,0,0,1810,0,0.000000,16384,1599,55809,4,1.000000,0.000000
6019,6461670553,1021721,0,0,1745,0,0.000000,16384,1583,21721,4,1.000000,0.000000
6020,6462730700,1060147,0,0,1832,0,0.000000,16384,1641,60147,4,1.000000,0.000000
6021,6463797979,1067279,0,0,1784,0,0.000000,16384,1564,67279,4,1.000000,0.000000
6022,6464855418,1057439,0,0,1815,0,0.000000,16384,1608,57439,4,1.000000,0.000000
6023,6465911350,1055932,0,0,1816,0,0.000000,16384,1640,55932,4,1.000000,0.000000
6024,6466971553,1060203,0,0,1745,0,0.000000,16384,1564,60203,4,1.000000,0.000000
6025,6468029945,1058392,0,0,1708,0,0.000000,16384,1488,58392,4,1.000000,0.000000
6026,6469086718,1056773,0,0,1829,0,0.000000,16384,1642,56773,4,1.000000,0.000000
6027,6470142996,1056278,0,0,1829,0,0.000000,16384,1650,56278,4,1.000000,0.000000
6028,6471199549,1056553,0,0,1830,0,0.000000,16384,1632,56553,4,1.000000,0.000000
6029,6472255190,1055641,0,0,1824,0,0.000000,16384,1604,55641,4,1.000000,0.000000
6030,6473311196,1056006,0,0,1814,0,0.000000,16384,1607,56006,4,1.000000,0.000000
6031,6474375121,1063925,0,0,1830,0,0.000000,16384,1651,63925,4,1.000000,0.000000
6032,6475431209,1056088,0,0,1806,0,0.000000,16384,1628,56088,4,1.000000,0.000000
6033,6476486995,1055786,0,0,1826,0,0.000000,16384,1606,55786,4,1.000000,0.000000
6034,6477542715,1055720,0,0,1823,0,0.000000,16384,1598,55720,4,1.000000,0.000000
6035,6478598481,1055766,0,0,1825,0,0.000000,16384,1647,55766,4,1.000000,0.000000
6036,6479654293,1055812,0,0,1796,0,0.000000,16384,1624,55812,4,1.000000,0.000000
6037,6480670315,1016022,0,0,1752,0,0.000000,16384,1543,16022,4,1.000000,0.000000
6038,6481726432,1056117,0,0,1814,0,0.000000,16384,1590,56117,4,1.000000,0.000000
6039,6482782481,1056049,0,0,1827,0,0.000000,16384,1649,56049,4,1.000000,0.000000
6040,6483838410,1055929,0,0,1828,0,0.000000,16384,1650,55929,4,1.000000,0.000000
6041,6484907049,1068639,0,0,1846,0,0.000000,16384,1638,68639,4,1.000000,0.000000
6042,6485963854,1056805,0,0,1724,0,0.000000,16384,1504,56805,4,1.000000,0.000000
6043,6487023499,1059645,0,0,1645,0,0.000000,16384,1498,59645,4,1.000000,0.000000
6044,6488081378,1057879,0,0,1814,0,0.000000,16384,1620,57879,4,1.000000,0.000000
6045,6489137589,1056211,0,0,1814,0,0.000000,16384,1595,56211,4,1.000000,0.000000
6046,6490194380,1056791,0,0,1829,0,0.000000,16384,1619,56791,4,1.000000,0.000000
6047,6491251020,1056640,0,0,1827,0,0.000000,16384,1648,56640,4,1.000000,0.000000
6048,6492307991,1056971,0,0,1798,0,0.000000,16384,1623,56971,4,1.000000,0.000000
6049,6493363964,1055973,0,0,1826,0,0.000000,16384,1604,55973,4,1.000000,0.000000
6050,6494420268,1056304,0,0,1812,0,0.000000,16384,1590,56304,4,1.000000,0.000000
6051,6495483458,1063190,0,0,1836,0,0.000000,16384,1656,63190,4,1.000000,0.000000
6052,6496539109,1055651,0,0,1825,0,0.000000,16384,1647,55651,4,1.000000,0.000000
6053,6497594866,1055757,0,0,1826,0,0.000000,16384,1620,55757,4,1.000000,0.000000
6054,6498651066,1056200,0,0,1812,0,0.000000,16384,1592,56200,4,1.000000,0.000000
6055,6499672614,1021548,0,0,1679,0,0.000000,16384,1510,21548,4,1.000000,0.000000
6056,6500729624,1057010,0,0,1813,0,0.000000,16384,1638,57010,4,1.000000,0.000000
6057,6501786259,1056635,0,0,1825,0,0.000000,16384,1605,56635,4,1.000000,0.000000
6058,6502846110,1059851,0,0,1705,0,0.000000,16384,1499,59851,4,1.000000,0.000000
6059,6503904666,1058556,0,0,1795,0,0.000000,16384,1624,58556,4,1.000000,0.000000
6060,6504962400,1057734,0,0,1771,0,0.000000,16384,1588,57734,4,1.000000,0.000000
6061,6506028119,1065719,0,0,1831,0,0.000000,16384,1611,65719,4,1.000000,0.000000
6062,6507089473,1061354,0,0,1766,0,0.000000,16384,1562,61354,4,1.000000,0.000000
6063,6508152482,1063009,0,0,1730,0,0.000000,16384,1571,63009,4,1.000000,0.000000
6064,6509213118,1060636,0,0,1821,0,0.000000,16384,1620,60636,4,1.000000,0.000000
6065,6510275426,1062308,0,0,1671,0,0.000000,16384,1456,62308,4,1.000000,0.000000
6066,6511335999,1060573,0,0,1540,0,0.000000,16384,1419,60573,4,1.000000,0.000000
6067,6512394417,1058418,0,0,1628,0,0.000000,16384,1407,58418,4,1.000000,0.000000
6068,6513453219,1058802,0,0,1735,0,0.000000,16384,1564,58802,4,1.000000,0.000000
6069,6514510957,1057738,0,0,1819,0,0.000000,16384,1642,57738,4,1.000000,0.000000
6070,6515567027,1056070,0,0,1814,0,0.000000,16384,1599,56070,4,1.000000,0.000000
6071,6516633284,1066257,0,0,1829,0,0.000000,16384,1609,66257,4,1.000000,0.000000
6072,6517670399,1037115,0,0,1790,0,0.000000,16384,1607,37115,4,1.000000,0.000000
6073,6518726465,1056066,0,0,1811,0,0.000000,16384,1636,56066,4,1.000000,0.000000
6074,6519782523,1056058,0,0,1825,0,0.000000,16384,1619,56058,4,1.000000,0.000000
6075,6520838673,1056150,0,0,1826,0,0.000000,16384,1605,56150,4,1.000000,0.000000
6076,6521894932,1056259,0,0,1826,0,0.000000,16384,1625,56259,4,1.000000,0.000000
6077,6522950909,1055977,0,0,1826,0,0.000000,16384,1648,55977,4,1.000000,0.000000
6078,6524006731,1055822,0,0,1825,0,0.000000,16384,1641,55822,4,1.000000,0.000000
6079,6525062595,1055864,0,0,1823,0,0.000000,16384,1603,55864,4,1.000000,0.000000
6080,6526119017,1056422,0,0,1812,0,0.000000,16384,1592,56422,4,1.000000,0.000000
6081,6527182117,1063100,0,0,1748,0,0.000000,16384,1585,63100,4,1.000000,0.000000
6082,6528244359,1062242,0,0,1814,0,0.000000,16384,1633,62242,4,1.000000,0.000000
6083,6529301170,1056811,0,0,1816,0,0.000000,16384,1596,56811,4,1.000000,0.000000
6084,6530357368,1056198,0,0,1828,0,0.000000,16384,1605,56198,4,1.000000,0.000000
6085,6531413797,1056429,0,0,1828,0,0.000000,16384,1651,56429,4,1.000000,0.000000
6086,6532469611,1055814,0,0,1824,0,0.000000,16384,1646,55814,4,1.000000,0.000000
6087,6533525390,1055779,0,0,1824,0,0.000000,16384,1614,55779,4,1.000000,0.000000
6088,6534581014,1055624,0,0,1827,0,0.000000,16384,1606,55624,4,1.000000,0.000000
6089,6535636975,1055961,0,0,1815,0,0.000000,16384,1621,55961,4,1.000000,0.000000
6090,6536670664,1033689,0,0,1736,0,0.000000,16384,1576,33689,4,1.000000,0.000000
6091,6537743061,1072397,0,0,1853,0,0.000000,16384,1644,72397,4,1.000000,0.000000
6092,6538799528,1056467,0,0,1829,0,0.000000,16384,1609,56467,4,1.000000,0.000000
6093,6539855534,1056006,0,0,1805,0,0.000000,16384,1605,56006,4,1.000000,0.000000
6094,6540912513,1056979,0,0,1828,0,0.000000,16384,1580,56979,4,1.000000,0.000000
6095,6541968571,1056058,0,0,1825,0,0.000000,16384,1615,56058,4,1.000000,0.000000
6096,6543024923,1056352,0,0,1828,0,0.000000,16384,1650,56352,4,1.000000,0.000000
6097,6544081480,1056557,0,0,1829,0,0.000000,16384,1651,56557,4,1.000000,0.000000
6098,6545137320,1055840,0,0,1827,0,0.000000,16384,1605,55840,4,1.000000,0.000000
6099,6546228042,1090722,0,0,1852,0,0.000000,16384,1632,90722,4,1.000000,0.000000
6100,6547295120,1067078,0,0,1534,0,0.000000,16384,1401,67078,4,1.000000,0.000000
6101,6548373564,1078444,0,0,1538,0,0.000000,16384,1334,78444,4,1.000000,0.000000
6102,6549435212,1061648,0,0,1526,0,0.000000,16384,1398,61648,4,1.000000,0.000000
6103,6550502742,1067530,0,0,1565,0,0.000000,16384,1358,67530,4,1.000000,0.000000
6104,6551569364,1066622,0,0,1628,0,0.000000,16384,1476,66622,4,1.000000,0.000000
6105,6552632713,1063349,0,0,1531,0,0.000000,16384,1347,63349,4,1.000000,0.000000
6106,6553672999,1040286,0,0,1604,0,0.000000,16384,1443,40286,4,1.000000,0.000000
6107,6554733766,1060767,0,0,1624,0,0.000000,16384,1445,60767,4,1.000000,0.000000
6108,6555795591,1061825,0,0,1589,0,0.000000,16384,1406,61825,4,1.000000,0.000000
6109,6556856249,1060658,0,0,1626,0,0.000000,16384,1473,60658,4,1.000000,0.000000
6110,6557917551,1061302,0,0,1640,0,0.000000,16384,1420,61302,4,1.000000,0.000000
6111,6558994328,1076777,0,0,1608,0,0.000000,16384,1474,76777,4,1.000000,0.000000
6112,6560055424,1061096,0,0,1561,0,0.000000,16384,1359,61096,4,1.000000,0.000000
6113,6561115828,1060404,0,0,1600,0,0.000000,16384,1451,60404,4,1.000000,0.000000
6114,6562175778,1059950,0,0,1625,0,0.000000,16384,1438,59950,4,1.000000,0.000000
6115,6563239165,1063387,0,0,1574,0,0.000000,16384,1402,63387,4,1.000000,0.000000
6116,6564305368,1066203,0,0,1496,0,0.000000,16384,1332,66203,4,1.000000,0.000000
6117,6565369425,1064057,0,0,1593,0,0.000000,16384,1420,64057,4,1.000000,0.000000
6118,6566429574,1060149,0,0,1616,0,0.000000,16384,1448,60149,4,1.000000,0.000000
6119,6567492285,1062711,0,0,1508,0,0.000000,16384,1332,62711,4,1.000000,0.000000
6120,6568555537,1063252,0,0,1614,0,0.000000,16384,1455,63252,4,1.000000,0.000000
6121,6569635279,1079742,0,0,1669,0,0.000000,16384,1449,79742,4,1.000000,0.000000
6122,6570684270,1048991,0,0,1572,0,0.000000,16384,1448,48991,4,1.000000,0.000000
6123,6571745656,1061386,0,0,1635,0,0.000000,16384,1423,61386,4,1.000000,0.000000
6124,6572804980,1059324,0,0,1621,0,0.000000,16384,1462,59324,4,1.000000,0.000000
6125,6573877287,1072307,0,0,1540,0,0.000000,16384,1363,72307,4,1.000000,0.000000
6126,6574955229,1077942,0,0,1510,0,0.000000,16384,1358,77942,4,1.000000,0.000000
6127,6576033408,1078179,0,0,1496,0,0.000000,16384,1312,78179,4,1.000000,0.000000
6128,6577141164,1107756,0,0,1545,0,0.000000,16384,1402,107756,4,1.000000,0.000000
6129,6578230077,1088913,0,0,1417,0,0.000000,16384,1225,88913,4,1.000000,0.000000
6130,6579313438,1083361,0,0,1399,0,0.000000,16384,1282,83361,4,1.000000,0.000000
6131,6580474310,1160872,0,0,1588,0,0.000000,16384,1390,160872,4,1.000000,0.000000
6132,6581616232,1141922,0,0,1561,0,0.000000,16384,1423,141922,4,1.000000,0.000000
6133,6582734764,1118532,0,0,1548,0,0.000000,16384,1345,118532,4,1.000000,0.000000
6134,6583825187,1090423,0,0,1468,0,0.000000,16384,1335,90423,4,1.000000,0.000000
6135,6584926459,1101272,0,0,1500,0,0.000000,16384,1320,101272,4,1.000000,0.000000
6136,6586015818,1089359,0,0,1412,0,0.000000,16384,1260,89359,4,1.000000,0.000000
6137,6587098854,1083036,0,0,1441,0,0.000000,16384,1303,83036,4,1.000000,0.000000
6138,6588215139,1116285,0,0,1460,0,0.000000,16384,1262,116285,4,1.000000,0.000000
6139,6589300608,1085469,0,0,1397,0,0.000000,16384,1281,85469,4,1.000000,0.000000
6140,6590377459,1076851,0,0,1403,0,0.000000,16384,1240,76851,4,1.000000,0.000000
6141,6591526407,1148948,0,0,1566,0,0.000000,16384,1392,148948,4,1.000000,0.000000
6142,6592629214,1102807,0,0,1425,0,0.000000,16384,1282,102807,4,1.000000,0.000000
6143,6593690471,1061257,0,0,1364,0,0.000000,16384,1184,61257,4,1.000000,0.000000
6144,6594774876,1084405,0,0,1507,0,0.000000,16384,1383,84405,4,1.000000,0.000000
6145,6595849306,1074430,0,0,1490,0,0.000000,16384,1296,74430,4,1.000000,0.000000
6146,6596927589,1078283,0,0,1501,0,0.000000,16384,1359,78283,4,1.000000,0.000000
6147,6598011810,1084221,0,0,1518,0,0.000000,16384,1337,84221,4,1.000000,0.000000
6148,6599092848,1081038,0,0,1492,0,0.000000,16384,1337,81038,4,1.000000,0.000000
6149,6600171933,1079085,0,0,1504,0,0.000000,16384,1340,79085,4,1.000000,0.000000
6150,6601250100,1078167,0,0,1484,0,0.000000,16384,1316,78167,4,1.000000,0.000000
6151,6602360026,1109926,0,0,1551,0,0.000000,16384,1393,109926,4,1.000000,0.000000
6152,6603440606,1080580,0,0,1508,0,0.000000,16384,1330,80580,4,1.000000,0.000000
6153,6604582419,1141813,0,0,1507,0,0.000000,16384,1362,141813,4,1.000000,0.000000
6154,6605695491,1113072,0,0,1435,0,0.000000,16384,1244,113072,4,1.000000,0.000000
6155,6606780493,1085002,0,0,1500,0,0.000000,16384,1384,85002,4,1.000000,0.000000
6156,6607867420,1086927,0,0,1391,0,0.000000,16384,1208,86927,4,1.000000,0.000000
6157,6608948171,1080751,0,0,1419,0,0.000000,16384,1269,80751,4,1.000000,0.000000
6158,6610029046,1080875,0,0,1504,0,0.000000,16384,1350,80875,4,1.000000,0.000000
6159,6611250952,1221906,0,0,1606,0,0.000000,16384,1425,221906,4,1.000000,0.000000
6160,6612342402,1091450,0,0,1408,0,0.000000,16384,1267,91450,4,1.000000,0.000000
6161,6613460073,1117671,0,0,1437,0,0.000000,16384,1242,117671,4,1.000000,0.000000
6162,6614546586,1086513,0,0,1394,0,0.000000,16384,1277,86513,4,1.000000,0.000000
6163,6615631233,1084647,0,0,1409,0,0.000000,16384,1248,84647,4,1.000000,0.000000
6164,6616698585,1067352,0,0,1469,0,0.000000,16384,1299,67352,4,1.000000,0.000000
6165,6617772800,1074215,0,0,1494,0,0.000000,16384,1352,74215,4,1.000000,0.000000
6166,6618838263,1065463,0,0,1636,0,0.000000,16384,1441,65463,4,1.000000,0.000000
6167,6619904761,1066498,0,0,1544,0,0.000000,16384,1384,66498,4,1.000000,0.000000
6168,6620967374,1062613,0,0,1654,0,0.000000,16384,1475,62613,4,1.000000,0.000000
6169,6622026176,1058802,0,0,1707,0,0.000000,16384,1494,58802,4,1.000000,0.000000
6170,6623086159,1059983,0,0,1724,0,0.000000,16384,1567,59983,4,1.000000,0.000000
6171,6624163455,1077296,0,0,1860,0,0.000000,16384,1670,77296,4,1.000000,0.000000
6172,6625220718,1057263,0,0,1829,0,0.000000,16384,1608,57263,4,1.000000,0.000000
6173,6626277640,1056922,0,0,1826,0,0.000000,16384,1603,56922,4,1.000000,0.000000
6174,6627334370,1056730,0,0,1743,0,0.000000,16384,1580,56730,4,1.000000,0.000000
6175,6628394756,1060386,0,0,1624,0,0.000000,16384,1447,60386,4,1.000000,0.000000
6176,6629454020,1059264,0,0,1746,0,0.000000,16384,1530,59264,4,1.000000,0.000000
6177,6630511441,1057421,0,0,1728,0,0.000000,16384,1570,57421,4,1.000000,0.000000
6178,6631572996,1061555,0,0,1834,0,0.000000,16384,1648,61555,4,1.000000,0.000000
6179,6632634438,1061442,0,0,1833,0,0.000000,16384,1613,61442,4,1.000000,0.000000
6180,6633670981,1036543,0,0,1790,0,0.000000,16384,1572,36543,4,1.000000,0.000000
6181,6634738783,1067802,0,0,1846,0,0.000000,16384,1664,67802,4,1.000000,0.000000
6182,6635795622,1056839,0,0,1829,0,0.000000,16384,1651,56839,4,1.000000,0.000000
6183,6636851972,1056350,0,0,1754,0,0.000000,16384,1544,56350,4,1.000000,0.000000
6184,6637908742,1056770,0,0,1793,0,0.000000,16384,1572,56770,4,1.000000,0.000000
6185,6638965155,1056413,0,0,1813,0,0.000000,16384,1640,56413,4,1.000000,0.000000
6186,6640021291,1056136,0,0,1827,0,0.000000,16384,1649,56136,4,1.000000,0.000000
6187,6641077105,1055814,0,0,1825,0,0.000000,16384,1613,55814,4,1.000000,0.000000
6188,6642132974,1055869,0,0,1827,0,0.000000,16384,1607,55869,4,1.000000,0.000000
6189,6643188867,1055893,0,0,1827,0,0.000000,16384,1631,55893,4,1.000000,0.000000
6190,6644244663,1055796,0,0,1809,0,0.000000,16384,1634,55796,4,1.000000,0.000000
6191,6645318981,1074318,0,0,1843,0,0.000000,16384,1650,74318,4,1.000000,0.000000
6192,6646376279,1057298,0,0,1819,0,0.000000,16384,1599,57298,4,1.000000,0.000000
6193,6647432721,1056442,0,0,1828,0,0.000000,16384,1610,56442,4,1.000000,0.000000
6194,6648491887,1059166,0,0,1644,0,0.000000,16384,1504,59166,4,1.000000,0.000000
6195,6649550440,1058553,0,0,1829,0,0.000000,16384,1623,58553,4,1.000000,0.000000
6196,6650606858,1056418,0,0,1825,0,0.000000,16384,1605,56418,4,1.000000,0.000000
6197,6651663157,1056299,0,0,1826,0,0.000000,16384,1624,56299,4,1.000000,0.000000
6198,6652671898,1008741,0,0,1739,0,0.000000,16384,1578,8741,4,1.000000,0.000000
6199,6653728757,1056859,0,0,1808,0,0.000000,16384,1607,56859,4,1.000000,0.000000
6200,6654785758,1057001,0,0,1802,0,0.000000,16384,1582,57001,4,1.000000,0.000000
6201,6655851938,1066180,0,0,1806,0,0.000000,16384,1612,66180,4,1.000000,0.000000
6202,6656909112,1057174,0,0,1726,0,0.000000,16384,1568,57174,4,1.000000,0.000000
6203,6657965194,1056082,0,0,1827,0,0.000000,16384,1615,56082,4,1.000000,0.000000
6204,6659021066,1055872,0,0,1808,0,0.000000,16384,1587,55872,4,1.000000,0.000000
6205,6660077018,1055952,0,0,1825,0,0.000000,16384,1634,55952,4,1.000000,0.000000
6206,6661133052,1056034,0,0,1830,0,0.000000,16384,1650,56034,4,1.000000,0.000000
6207,6662188840,1055788,0,0,1825,0,0.000000,16384,1633,55788,4,1.000000,0.000000
6208,6663247077,1058237,0,0,1767,0,0.000000,16384,1547,58237,4,1.000000,0.000000
6209,6664303522,1056445,0,0,1823,0,0.000000,16384,1621,56445,4,1.000000,0.000000
6210,6665359547,1056025,0,0,1827,0,0.000000,16384,1648,56025,4,1.000000,0.000000
6211,6666421043,1061496,0,0,1835,0,0.000000,16384,1652,61496,4,1.000000,0.000000
6212,6667479601,1058558,0,0,1811,0,0.000000,16384,1591,58558,4,1.000000,0.000000
6213,6668539561,1059960,0,0,1697,0,0.000000,16384,1500,59960,4,1.000000,0.000000
6214,6669598402,1058841,0,0,1797,0,0.000000,16384,1625,58841,4,1.000000,0.000000
6215,6670654898,1056496,0,0,1827,0,0.000000,16384,1632,56496,4,1.000000,0.000000
6216,6671675776,1020878,0,0,1760,0,0.000000,16384,1540,20878,4,1.000000,0.000000
6217,6672738319,1062543,0,0,1825,0,0.000000,16384,1625,62543,4,1.000000,0.000000
6218,6673795176,1056857,0,0,1829,0,0.000000,16384,1651,56857,4,1.000000,0.000000
6219,6674851222,1056046,0,0,1831,0,0.000000,16384,1645,56046,4,1.000000,0.000000
6220,6675907129,1055907,0,0,1825,0,0.000000,16384,1605,55907,4,1.000000,0.000000
6221,6676974546,1067417,0,0,1843,0,0.000000,16384,1618,67417,4,1.000000,0.000000
6222,6678030675,1056129,0,0,1829,0,0.000000,16384,1650,56129,4,1.000000,0.000000
6223,6679086276,1055601,0,0,1827,0,0.000000,16384,1648,55601,4,1.000000,0.000000
6224,6680142343,1056067,0,0,1828,0,0.000000,16384,1623,56067,4,1.000000,0.000000
6225,6681198252,1055909,0,0,1824,0,0.000000,16384,1604,55909,4,1.000000,0.000000
6226,6682254671,1056419,0,0,1777,0,0.000000,16384,1584,56419,4,1.000000,0.000000
6227,6683310454,1055783,0,0,1828,0,0.000000,16384,1650,55783,4,1.000000,0.000000
6228,6684366432,1055978,0,0,1830,0,0.000000,16384,1637,55978,4,1.000000,0.000000
6229,6685422390,1055958,0,0,1829,0,0.000000,16384,1609,55958,4,1.000000,0.000000
6230,6686479947,1057557,0,0,1813,0,0.000000,16384,1600,57557,4,1.000000,0.000000
6231,6687542314,1062367,0,0,1762,0,0.000000,16384,1597,62367,4,1.000000,0.000000
6232,6688601118,1058804,0,0,1641,0,0.000000,16384,1455,58804,4,1.000000,0.000000
6233,6689659458,1058340,0,0,1667,0,0.000000,16384,1472,58340,4,1.000000,0.000000
6234,6690670942,1011484,0,0,1736,0,0.000000,16384,1576,11484,4,1.000000,0.000000
6235,6691728087,1057145,0,0,1831,0,0.000000,16384,1626,57145,4,1.000000,0.000000
6236,6692784599,1056512,0,0,1828,0,0.000000,16384,1608,56512,4,1.000000,0.000000
6237,6693840515,1055916,0,0,1825,0,0.000000,16384,1621,55916,4,1.000000,0.000000
6238,6694896163,1055648,0,0,1808,0,0.000000,16384,1634,55648,4,1.000000,0.000000
6239,6695952283,1056120,0,0,1827,0,0.000000,16384,1640,56120,4,1.000000,0.000000
6240,6697008246,1055963,0,0,1828,0,0.000000,16384,1609,55963,4,1.000000,0.000000
6241,6698074735,1066489,0,0,1669,0,0.000000,16384,1477,66489,4,1.000000,0.000000
6242,6699144260,1069525,0,0,1481,0,0.000000,16384,1333,69525,4,1.000000,0.000000
6243,6700211567,1067307,0,0,1474,0,0.000000,16384,1313,67307,4,1.000000,0.000000
6244,6701280725,1069158,0,0,1472,0,0.000000,16384,1301,69158,4,1.000000,0.000000
6245,6702350044,1069319,0,0,1478,0,0.000000,16384,1339,69319,4,1.000000,0.000000
6246,6703420432,1070388,0,0,1436,0,0.000000,16384,1242,70388,4,1.000000,0.000000
6247,6704490677,1070245,0,0,1516,0,0.000000,16384,1396,70245,4,1.000000,0.000000
6248,6705583220,1092543,0,0,1475,0,0.000000,16384,1278,92543,4,1.000000,0.000000
6249,6706655803,1072583,0,0,1417,0,0.000000,16384,1279,72583,4,1.000000,0.000000
6250,6707756096,1100293,0,0,1506,0,0.000000,16384,1340,100293,4,1.000000,0.000000
6251,6709008574,1252478,0,0,1670,0,0.000000,16384,1500,252478,4,1.000000,0.000000
6252,6710074405,1065831,0,0,1419,0,0.000000,16384,1253,65831,4,1.000000,0.000000
6253,6711138057,1063652,0,0,1555,0,0.000000,16384,1385,63652,4,1.000000,0.000000
6254,6712203483,1065426,0,0,1457,0,0.000000,16384,1305,65426,4,1.000000,0.000000
6255,6713267938,1064455,0,0,1564,0,0.000000,16384,1384,64455,4,1.000000,0.000000
6256,6714326523,1058585,0,0,1561,0,0.000000,16384,1397,58585,4,1.000000,0.000000
6257,6715384926,1058403,0,0,1561,0,0.000000,16384,1389,58403,4,1.000000,0.000000
6258,6716442855,1057929,0,0,1558,0,0.000000,16384,1387,57929,4,1.000000,0.000000
6259,6717501568,1058713,0,0,1562,0,0.000000,16384,1393,58713,4,1.000000,0.000000
6260,6718558997,1057429,0,0,1560,0,0.000000,16384,1384,57429,4,1.000000,0.000000
6261,6719640786,1081789,0,0,1595,0,0.000000,16384,1435,81789,4,1.000000,0.000000
6262,6720671350,1030564,0,0,1516,0,0.000000,16384,1336,30564,4,1.000000,0.000000
6263,6721728128,1056778,0,0,1617,0,0.000000,16384,1460,56778,4,1.000000,0.000000
6264,6722784673,1056545,0,0,1664,0,0.000000,16384,1444,56545,4,1.000000,0.000000
6265,6723841257,1056584,0,0,1666,0,0.000000,16384,1521,56584,4,1.000000,0.000000
6266,6724897926,1056669,0,0,1619,0,0.000000,16384,1429,56669,4,1.000000,0.000000
6267,6725955214,1057288,0,0,1774,0,0.000000,16384,1567,57288,4,1.000000,0.000000
6268,6727012977,1057763,0,0,1665,0,0.000000,16384,1519,57763,4,1.000000,0.000000
6269,6728071890,1058913,0,0,1648,0,0.000000,16384,1441,58913,4,1.000000,0.000000
6270,6729131392,1059502,0,0,1609,0,0.000000,16384,1445,59502,4,1.000000,0.000000
6271,6730202660,1071268,0,0,1688,0,0.000000,16384,1512,71268,4,1.000000,0.000000
6272,6731260404,1057744,0,0,1669,0,0.000000,16384,1454,57744,4,1.000000,0.000000
6273,6732317380,1056976,0,0,1761,0,0.000000,16384,1597,56976,4,1.000000,0.000000
6274,6733375617,1058237,0,0,1786,0,0.000000,16384,1605,58237,4,1.000000,0.000000
6275,6734432306,1056689,0,0,1664,0,0.000000,16384,1444,56689,4,1.000000,0.000000
6276,6735489697,1057391,0,0,1704,0,0.000000,16384,1542,57391,4,1.000000,0.000000
6277,6736546964,1057267,0,0,1666,0,0.000000,16384,1487,57267,4,1.000000,0.000000
6278,6737605979,1059015,0,0,1730,0,0.000000,16384,1511,59015,4,1.000000,0.000000
6279,6738672182,1066203,0,0,1657,0,0.000000,16384,1511,66203,4,1.000000,0.000000
6280,6739733869,1061687,0,0,1828,0,0.000000,16384,1634,61687,4,1.000000,0.000000
6281,6740803777,1069908,0,0,1834,0,0.000000,16384,1614,69908,4,1.000000,0.000000
6282,6741861005,1057228,0,0,1824,0,0.000000,16384,1610,57228,4,1.000000,0.000000
6283,6742918244,1057239,0,0,1800,0,0.000000,16384,1627,57239,4,1.000000,0.000000
6284,6743974789,1056545,0,0,1816,0,0.000000,16384,1639,56545,4,1.000000,0.000000
6285,6745030644,1055855,0,0,1823,0,0.000000,16384,1599,55855,4,1.000000,0.000000
6286,6746086735,1056091,0,0,1824,0,0.000000,16384,1604,56091,4,1.000000,0.000000
6287,6747142536,1055801,0,0,1823,0,0.000000,16384,1642,55801,4,1.000000,0.000000
6288,6748233973,1091437,0,0,1695,0,0.000000,16384,1536,91437,4,1.000000,0.000000
6289,6749297025,1063052,0,0,1648,0,0.000000,16384,1428,63052,4,1.000000,0.000000
6290,6750355386,1058361,0,0,1668,0,0.000000,16384,1513,58361,4,1.000000,0.000000
6291,6751426518,1071132,0,0,1684,0,0.000000,16384,1499,71132,4,1.000000,0.000000
6292,6752518093,1091575,0,0,1837,0,0.000000,16384,1617,91575,4,1.000000,0.000000
6293,6753580309,1062216,0,0,1666,0,0.000000,16384,1502,62216,4,1.000000,0.000000
6294,6754681838,1101529,0,0,1794,0,0.000000,16384,1618,101529,4,1.000000,0.000000
6295,6755744594,1062756,0,0,1636,0,0.000000,16384,1416,62756,4,1.000000,0.000000
6296,6756804404,1059810,0,0,1670,0,0.000000,16384,1514,59810,4,1.000000,0.000000
6297,6757865862,1061458,0,0,1555,0,0.000000,16384,1375,61458,4,1.000000,0.000000
6298,6758927381,1061519,0,0,1659,0,0.000000,16384,1477,61519,4,1.000000,0.000000
6299,6759985238,1057857,0,0,1660,0,0.000000,16384,1502,57857,4,1.000000,0.000000
6300,6761042714,1057476,0,0,1613,0,0.000000,16384,1396,57476,4,1.000000,0.000000
6301,6762125496,1082782,0,0,1691,0,0.000000,16384,1540,82782,4,1.000000,0.000000
6302,6763184601,1059105,0,0,1666,0,0.000000,16384,1474,59105,4,1.000000,0.000000
6303,6764243892,1059291,0,0,1645,0,0.000000,16384,1456,59291,4,1.000000,0.000000
6304,6765301508,1057616,0,0,1660,0,0.000000,16384,1513,57616,4,1.000000,0.000000
6305,6766358972,1057464,0,0,1659,0,0.000000,16384,1410,57464,4,1.000000,0.000000
6306,6767418169,1059197,0,0,1685,0,0.000000,16384,1199,59197,4,1.000000,0.000000
6307,6768479426,1061257,0,0,1636,0,0.000000,16384,1164,61257,4,1.000000,0.000000
6308,6769538242,1058816,0,0,1837,0,0.000000,16384,1307,58816,4,1.000000,0.000000
6309,6770594764,1056522,0,0,1851,0,0.000000,16384,1316,56522,4,1.000000,0.000000
6310,6771650893,1056129,0,0,1851,0,0.000000,16384,1316,56129,4,1.000000,0.000000
6311,6772676023,1025130,0,0,1733,0,0.000000,16384,1232,25130,4,1.000000,0.000000
6312,6773733105,1057082,0,0,1682,0,0.000000,16384,1197,57082,4,1.000000,0.000000
6313,6774794878,1061773,0,0,1750,0,0.000000,16384,1246,61773,4,1.000000,0.000000
6314,6775857716,1062838,0,0,1843,0,0.000000,16384,1516,62838,4,1.000000,0.000000
6315,6776918457,1060741,0,0,1832,0,0.000000,16384,1653,60741,4,1.000000,0.000000
6316,6777980952,1062495,0,0,1823,0,0.000000,16384,1614,62495,4,1.000000,0.000000
6317,6779039396,1058444,0,0,1806,0,0.000000,16384,1586,58444,4,1.000000,0.000000
6318,6780095575,1056179,0,0,1826,0,0.000000,16384,1632,56179,4,1.000000,0.000000
6319,6781151559,1055984,0,0,1818,0,0.000000,16384,1641,55984,4,1.000000,0.000000
6320,6782207592,1056033,0,0,1816,0,0.000000,16384,1623,56033,4,1.000000,0.000000
6321,6783274405,1066813,0,0,1845,0,0.000000,16384,1625,66813,4,1.000000,0.000000
6322,6784330617,1056212,0,0,1828,0,0.000000,16384,1612,56212,4,1.000000,0.000000
6323,6785386658,1056041,0,0,1827,0,0.000000,16384,1648,56041,4,1.000000,0.000000
6324,6786443764,1057106,0,0,1825,0,0.000000,16384,1647,57106,4,1.000000,0.000000
6325,6787501032,1057268,0,0,1648,0,0.000000,16384,1437,57268,4,1.000000,0.000000
6326,6788559917,1058885,0,0,1630,0,0.000000,16384,1467,58885,4,1.000000,0.000000
6327,6789618825,1058908,0,0,1798,0,0.000000,16384,1621,58908,4,1.000000,0.000000
6328,6790671786,1052961,0,0,1807,0,0.000000,16384,1587,52961,4,1.000000,0.000000
6329,6791728254,1056468,0,0,1816,0,0.000000,16384,1597,56468,4,1.000000,0.000000
6330,6792784939,1056685,0,0,1828,0,0.000000,16384,1648,56685,4,1.000000,0.000000
6331,6793847891,1062952,0,0,1783,0,0.000000,16384,1615,62952,4,1.000000,0.000000
6332,6794904424,1056533,0,0,1793,0,0.000000,16384,1575,56533,4,1.000000,0.000000
6333,6795961093,1056669,0,0,1771,0,0.000000,16384,1557,56669,4,1.000000,0.000000
6334,6797019251,1058158,0,0,1785,0,0.000000,16384,1615,58158,4,1.000000,0.000000
6335,6798076519,1057268,0,0,1809,0,0.000000,16384,1630,57268,4,1.000000,0.000000
6336,6799133800,1057281,0,0,1730,0,0.000000,16384,1510,57281,4,1.000000,0.000000
6337,6800194119,1060319,0,0,1707,0,0.000000,16384,1525,60319,4,1.000000,0.000000
6338,6801252730,1058611,0,0,1822,0,0.000000,16384,1645,58611,4,1.000000,0.000000
6339,6802343650,1090920,0,0,1705,0,0.000000,16384,1504,90920,4,1.000000,0.000000
6340,6803407310,1063660,0,0,1624,0,0.000000,16384,1440,63660,4,1.000000,0.000000
6341,6804511429,1104119,0,0,1852,0,0.000000,16384,1668,104119,4,1.000000,0.000000
6342,6805574028,1062599,0,0,1605,0,0.000000,16384,1412,62599,4,1.000000,0.000000
6343,6806636947,1062919,0,0,1652,0,0.000000,16384,1475,62919,4,1.000000,0.000000
6344,6807677380,1040433,0,0,1530,0,0.000000,16384,1368,40433,4,1.000000,0.000000
6345,6808740296,1062916,0,0,1621,0,0.000000,16384,1433,62916,4,1.000000,0.000000
6346,6809801510,1061214,0,0,1665,0,0.000000,16384,1517,61214,4,1.000000,0.000000
6347,6810859964,1058454,0,0,1666,0,0.000000,16384,1446,58454,4,1.000000,0.000000
6348,6811920235,1060271,0,0,1668,0,0.000000,16384,1505,60271,4,1.000000,0.000000
6349,6812982305,1062070,0,0,1576,0,0.000000,16384,1400,62070,4,1.000000,0.000000
6350,6814042588,1060283,0,0,1670,0,0.000000,16384,1477,60283,4,1.000000,0.000000
6351,6815125241,1082653,0,0,1706,0,0.000000,16384,1551,82653,4,1.000000,0.000000
6352,6816183728,1058487,0,0,1667,0,0.000000,16384,1458,58487,4,1.000000,0.000000
6353,6817241352,1057624,0,0,1668,0,0.000000,16384,1492,57624,4,1.000000,0.000000
6354,6818298709,1057357,0,0,1651,0,0.000000,16384,1487,57357,4,1.000000,0.000000
6355,6819354940,1056231,0,0,1621,0,0.000000,16384,1411,56231,4,1.000000,0.000000
6356,6820411942,1057002,0,0,1770,0,0.000000,16384,1604,57002,4,1.000000,0.000000
6357,6821468959,1057017,0,0,1828,0,0.000000,16384,1644,57017,4,1.000000,0.000000
6358,6822530143,1061184,0,0,1762,0,0.000000,16384,1542,61184,4,1.000000,0.000000
6359,6823591567,1061424,0,0,1696,0,0.000000,16384,1510,61424,4,1.000000,0.000000
6360,6824648970,1057403,0,0,1829,0,0.000000,16384,1650,57403,4,1.000000,0.000000
6361,6825672842,1023872,0,0,1762,0,0.000000,16384,1563,23872,4,1.000000,0.000000
6362,6826729781,1056939,0,0,1814,0,0.000000,16384,1594,56939,4,1.000000,0.000000
6363,6827787544,1057763,0,0,1825,0,0.000000,16384,1632,57763,4,1.000000,0.000000
6364,6828845772,1058228,0,0,1759,0,0.000000,16384,1594,58228,4,1.000000,0.000000
6365,6829904624,1058852,0,0,1823,0,0.000000,16384,1617,58852,4,1.000000,0.000000
6366,6830961331,1056707,0,0,1829,0,0.000000,16384,1608,56707,4,1.000000,0.000000
6367,6832017758,1056427,0,0,1830,0,0.000000,16384,1630,56427,4,1.000000,0.000000
6368,6833075036,1057278,0,0,1824,0,0.000000,16384,1646,57278,4,1.000000,0.000000
6369,6834131265,1056229,0,0,1823,0,0.000000,16384,1638,56229,4,1.000000,0.000000
6370,6835187011,1055746,0,0,1826,0,0.000000,16384,1606,55746,4,1.000000,0.000000
6371,6836262922,1075911,0,0,1841,0,0.000000,16384,1617,75911,4,1.000000,0.000000
6372,6837327315,1064393,0,0,1651,0,0.000000,16384,1507,64393,4,1.000000,0.000000
6373,6838389741,1062426,0,0,1669,0,0.000000,16384,1476,62426,4,1.000000,0.000000
6374,6839480094,1090353,0,0,1832,0,0.000000,16384,1609,90353,4,1.000000,0.000000
6375,6840574102,1094008,0,0,1846,0,0.000000,16384,1661,94008,4,1.000000,0.000000
6376,6841663950,1089848,0,0,1862,0,0.000000,16384,1676,89848,4,1.000000,0.000000
6377,6842706516,1042566,0,0,1788,0,0.000000,16384,1595,42566,4,1.000000,0.000000
6378,6843770111,1063595,0,0,1818,0,0.000000,16384,1598,63595,4,1.000000,0.000000
6379,6844832477,1062366,0,0,1825,0,0.000000,16384,1620,62366,4,1.000000,0.000000
6380,6845894599,1062122,0,0,1920,0,0.000000,16384,1723,62122,4,1.000000,0.000000
6381,6846965901,1071302,0,0,1927,0,0.000000,16384,1729,71302,4,1.000000,0.000000
6382,6848025013,1059112,0,0,1832,0,0.000000,16384,1644,59112,4,1.000000,0.000000
6383,6849083160,1058147,0,0,1745,0,0.000000,16384,1525,58147,4,1.000000,0.000000
6384,6850139808,1056648,0,0,1816,0,0.000000,16384,1614,56648,4,1.000000,0.000000
6385,6851196008,1056200,0,0,1771,0,0.000000,16384,1604,56200,4,1.000000,0.000000
6386,6852252460,1056452,0,0,1826,0,0.000000,16384,1631,56452,4,1.000000,0.000000
6387,6853309585,1057125,0,0,1755,0,0.000000,16384,1535,57125,4,1.000000,0.000000
6388,6854371798,1062213,0,0,1833,0,0.000000,16384,1633,62213,4,1.000000,0.000000
6389,6855470034,1098236,0,0,1952,0,0.000000,16384,1749,98236,4,1.000000,0.000000
6390,6856557932,1087898,0,0,1965,0,0.000000,16384,1759,87898,4,1.000000,0.000000
6391,6857655031,1097099,0,0,1991,0,0.000000,16384,1780,97099,4,1.000000,0.000000
6392,6858700808,1045777,0,0,1890,0,0.000000,16384,1698,45777,4,1.000000,0.000000
6393,6859761925,1061117,0,0,1805,0,0.000000,16384,1585,61117,4,1.000000,0.000000
6394,6860825263,1063338,0,0,1894,0,0.000000,16384,1670,63338,4,1.000000,0.000000
6395,6861888377,1063114,0,0,1748,0,0.000000,16384,1572,63114,4,1.000000,0.000000
6396,6862948704,1060327,0,0,1775,0,0.000000,16384,1607,60327,4,1.000000,0.000000
6397,6864006191,1057487,0,0,1777,0,0.000000,16384,1561,57487,4,1.000000,0.000000
6398,6865065050,1058859,0,0,1690,0,0.000000,16384,1493,58859,4,1.000000,0.000000
6399,6866122107,1057057,0,0,1818,0,0.000000,16384,1642,57057,4,1.000000,0.000000
6400,6867179707,1057600,0,0,1823,0,0.000000,16384,1632,57600,4,1.000000,0.000000
6401,6868255412,1075705,0,0,1855,0,0.000000,16384,1635,75705,4,1.000000,0.000000
6402,6869314753,1059341,0,0,1752,0,0.000000,16384,1545,59341,4,1.000000,0.000000
6403,6870373654,1058901,0,0,1815,0,0.000000,16384,1639,58901,4,1.000000,0.000000
6404,6871430643,1056989,0,0,1825,0,0.000000,16384,1643,56989,4,1.000000,0.000000
6405,6872492832,1062189,0,0,1682,0,0.000000,16384,1463,62189,4,1.000000,0.000000
6406,6873554927,1062095,0,0,1833,0,0.000000,16384,1634,62095,4,1.000000,0.000000
6407,6874608982,1054055,0,0,1800,0,0.000000,16384,1627,54055,4,1.000000,0.000000
6408,6875707218,1098236,0,0,1680,0,0.000000,16384,1488,98236,4,1.000000,0.000000
6409,6876767828,1060610,0,0,1670,0,0.000000,16384,1473,60610,4,1.000000,0.000000
6410,6877827207,1059379,0,0,1665,0,0.000000,16384,1519,59379,4,1.000000,0.000000
6411,6878897149,1069942,0,0,1673,0,0.000000,16384,1460,69942,4,1.000000,0.000000
6412,6879954480,1057331,0,0,1666,0,0.000000,16384,1492,57331,4,1.000000,0.000000
6413,6881012346,1057866,0,0,1668,0,0.000000,16384,1501,57866,4,1.000000,0.000000
6414,6882071621,1059275,0,0,1819,0,0.000000,16384,1599,59275,4,1.000000,0.000000
6415,6883133858,1062237,0,0,1891,0,0.000000,16384,1669,62237,4,1.000000,0.000000
6416,6884193240,1059382,0,0,1834,0,0.000000,16384,1655,59382,4,1.000000,0.000000
6417,6885259016,1065776,0,0,1684,0,0.000000,16384,1522,65776,4,1.000000,0.000000
6418,6886326038,1067022,0,0,1470,0,0.000000,16384,1283,67022,4,1.000000,0.000000
6419,6887389665,1063627,0,0,1537,0,0.000000,16384,1388,63627,4,1.000000,0.000000
6420,6888450170,1060505,0,0,1561,0,0.000000,16384,1371,60505,4,1.000000,0.000000
6421,6889532450,1082280,0,0,1567,0,0.000000,16384,1420,82280,4,1.000000,0.000000
6422,6890597307,1064857,0,0,1532,0,0.000000,16384,1339,64857,4,1.000000,0.000000
6423,6891662127,1064820,0,0,1539,0,0.000000,16384,1397,64820,4,1.000000,0.000000
6424,6892726866,1064739,0,0,1663,0,0.000000,16384,1446,64739,4,1.000000,0.000000
6425,6893786052,1059186,0,0,1562,0,0.000000,16384,1437,59186,4,1.000000,0.000000
6426,6894843012,1056960,0,0,1592,0,0.000000,16384,1378,56960,4,1.000000,0.000000
6427,6895900439,1057427,0,0,1811,0,0.000000,16384,1626,57427,4,1.000000,0.000000
6428,6896958991,1058552,0,0,1613,0,0.000000,16384,1458,58552,4,1.000000,0.000000
6429,6898019308,1060317,0,0,1753,0,0.000000,16384,1532,60317,4,1.000000,0.000000
6430,6899079221,1059913,0,0,1587,0,0.000000,16384,1440,59913,4,1.000000,0.000000
6431,6900156414,1077193,0,0,1696,0,0.000000,16384,1504,77193,4,1.000000,0.000000
6432,6901217139,1060725,0,0,1666,0,0.000000,16384,1466,60725,4,1.000000,0.000000
6433,6902275173,1058034,0,0,1757,0,0.000000,16384,1593,58034,4,1.000000,0.000000
6434,6903331896,1056723,0,0,1727,0,0.000000,16384,1531,56723,4,1.000000,0.000000
6435,6904388693,1056797,0,0,1754,0,0.000000,16384,1534,56797,4,1.000000,0.000000
6436,6905446815,1058122,0,0,1804,0,0.000000,16384,1631,58122,4,1.000000,0.000000
6437,6906504262,1057447,0,0,1821,0,0.000000,16384,1644,57447,4,1.000000,0.000000
6438,6907560292,1056030,0,0,1830,0,0.000000,16384,1615,56030,4,1.000000,0.000000
6439,6908616289,1055997,0,0,1829,0,0.000000,16384,1610,55997,4,1.000000,0.000000
6440,6909677179,1060890,0,0,1379,0,0.000000,16384,1263,60890,4,1.000000,0.000000
6441,6910748546,1071367,0,0,1815,0,0.000000,16384,1595,71367,4,1.000000,0.000000
6442,6911807654,1059108,0,0,1685,0,0.000000,16384,1496,59108,4,1.000000,0.000000
6443,6912867883,1060229,0,0,1774,0,0.000000,16384,1607,60229,4,1.000000,0.000000
6444,6913929443,1061560,0,0,1567,0,0.000000,16384,1363,61560,4,1.000000,0.000000
6445,6914988178,1058735,0,0,1810,0,0.000000,16384,1618,58735,4,1.000000,0.000000
6446,6916045749,1057571,0,0,1762,0,0.000000,16384,1598,57571,4,1.000000,0.000000
6447,6917107588,1061839,0,0,1733,0,0.000000,16384,1526,61839,4,1.000000,0.000000
6448,6918170450,1062862,0,0,1837,0,0.000000,16384,1615,62862,4,1.000000,0.000000
6449,6919227931,1057481,0,0,1825,0,0.000000,16384,1643,57481,4,1.000000,0.000000
6450,6920284225,1056294,0,0,1825,0,0.000000,16384,1647,56294,4,1.000000,0.000000
6451,6921362949,1078724,0,0,1829,0,0.000000,16384,1626,78724,4,1.000000,0.000000
6452,6922420157,1057208,0,0,1828,0,0.000000,16384,1608,57208,4,1.000000,0.000000
6453,6923476146,1055989,0,0,1826,0,0.000000,16384,1620,55989,4,1.000000,0.000000
6454,6924532064,1055918,0,0,1828,0,0.000000,16384,1650,55918,4,1.000000,0.000000
6455,6925588068,1056004,0,0,1803,0,0.000000,16384,1622,56004,4,1.000000,0.000000
6456,6926646467,1058399,0,0,1819,0,0.000000,16384,1600,58399,4,1.000000,0.000000
6457,6927672320,1025853,0,0,1737,0,0.000000,16384,1533,25853,4,1.000000,0.000000
6458,6928729114,1056794,0,0,1797,0,0.000000,16384,1625,56794,4,1.000000,0.000000
6459,6929788324,1059210,0,0,1656,0,0.000000,16384,1468,59210,4,1.000000,0.000000
6460,6930846521,1058197,0,0,1823,0,0.000000,16384,1603,58197,4,1.000000,0.000000
6461,6931916683,1070162,0,0,1839,0,0.000000,16384,1652,70162,4,1.000000,0.000000
6462,6932978111,1061428,0,0,1824,0,0.000000,16384,1646,61428,4,1.000000,0.000000
6463,6934036178,1058067,0,0,1829,0,0.000000,16384,1629,58067,4,1.000000,0.000000
6464,6935092511,1056333,0,0,1823,0,0.000000,16384,1604,56333,4,1.000000,0.000000
6465,6936148609,1056098,0,0,1815,0,0.000000,16384,1609,56098,4,1.000000,0.000000
6466,6937204755,1056146,0,0,1790,0,0.000000,16384,1619,56146,4,1.000000,0.000000
6467,6938260955,1056200,0,0,1735,0,0.000000,16384,1548,56200,4,1.000000,0.000000
6468,6939317339,1056384,0,0,1804,0,0.000000,16384,1584,56384,4,1.000000,0.000000
6469,6940373691,1056352,0,0,1831,0,0.000000,16384,1632,56352,4,1.000000,0.000000
6470,6941429982,1056291,0,0,1818,0,0.000000,16384,1641,56291,4,1.000000,0.000000
6471,6942494762,1064780,0,0,1823,0,0.000000,16384,1635,64780,4,1.000000,0.000000
6472,6943551132,1056370,0,0,1828,0,0.000000,16384,1608,56370,4,1.000000,0.000000
6473,6944607214,1056082,0,0,1828,0,0.000000,16384,1609,56082,4,1.000000,0.000000
6474,6945663492,1056278,0,0,1817,0,0.000000,16384,1640,56278,4,1.000000,0.000000
6475,6946670494,1007002,0,0,1738,0,0.000000,16384,1570,7002,4,1.000000,0.000000
6476,6947726694,1056200,0,0,1830,0,0.000000,16384,1610,56200,4,1.000000,0.000000
6477,6948783749,1057055,0,0,1804,0,0.000000,16384,1586,57055,4,1.000000,0.000000
6478,6949843490,1059741,0,0,1690,0,0.000000,16384,1538,59741,4,1.000000,0.000000
6479,6950902440,1058950,0,0,1833,0,0.000000,16384,1639,58950,4,1.000000,0.000000
6480,6951958726,1056286,0,0,1827,0,0.000000,16384,1607,56286,4,1.000000,0.000000
6481,6953024605,1065879,0,0,1825,0,0.000000,16384,1611,65879,4,1.000000,0.000000
6482,6954083662,1059057,0,0,1746,0,0.000000,16384,1584,59057,4,1.000000,0.000000
6483,6955141825,1058163,0,0,1709,0,0.000000,16384,1521,58163,4,1.000000,0.000000
6484,6956199000,1057175,0,0,1792,0,0.000000,16384,1572,57175,4,1.000000,0.000000
6485,6957255510,1056510,0,0,1809,0,0.000000,16384,1622,56510,4,1.000000,0.000000
6486,6958311915,1056405,0,0,1819,0,0.000000,16384,1644,56405,4,1.000000,0.000000
6487,6959368578,1056663,0,0,1824,0,0.000000,16384,1621,56663,4,1.000000,0.000000
6488,6960424534,1055956,0,0,1825,0,0.000000,16384,1606,55956,4,1.000000,0.000000
6489,6961480549,1056015,0,0,1811,0,0.000000,16384,1609,56015,4,1.000000,0.000000
6490,6962536876,1056327,0,0,1804,0,0.000000,16384,1630,56327,4,1.000000,0.000000
6491,6963599625,1062749,0,0,1789,0,0.000000,16384,1601,62749,4,1.000000,0.000000
6492,6964658559,1058934,0,0,1740,0,0.000000,16384,1520,58934,4,1.000000,0.000000
6493,6965671669,1013110,0,0,1583,0,0.000000,16384,1436,13110,4,1.000000,0.000000
6494,6966728556,1056887,0,0,1828,0,0.000000,16384,1634,56887,4,1.000000,0.000000
6495,6967784889,1056333,0,0,1828,0,0.000000,16384,1609,56333,4,1.000000,0.000000
6496,6968841768,1056879,0,0,1799,0,0.000000,16384,1590,56879,4,1.000000,0.000000
6497,6969899286,1057518,0,0,1700,0,0.000000,16384,1547,57518,4,1.000000,0.000000
6498,6970956575,1057289,0,0,1821,0,0.000000,16384,1619,57289,4,1.000000,0.000000
6499,6972013277,1056702,0,0,1810,0,0.000000,16384,1590,56702,4,1.000000,0.000000
6500,6973072510,1059233,0,0,1751,0,0.000000,16384,1564,59233,4,1.000000,0.000000
6501,6974150338,1077828,0,0,1853,0,0.000000,16384,1670,77828,4,1.000000,0.000000
6502,6975207697,1057359,0,0,1830,0,0.000000,16384,1636,57359,4,1.000000,0.000000
6503,6976263977,1056280,0,0,1830,0,0.000000,16384,1610,56280,4,1.000000,0.000000
6504,6977320297,1056320,0,0,1820,0,0.000000,16384,1606,56320,4,1.000000,0.000000
6505,6978376412,1056115,0,0,1829,0,0.000000,16384,1650,56115,4,1.000000,0.000000
6506,6979432325,1055913,0,0,1829,0,0.000000,16384,1651,55913,4,1.000000,0.000000
6507,6980488116,1055791,0,0,1827,0,0.000000,16384,1610,55791,4,1.000000,0.000000
6508,6981543902,1055786,0,0,1757,0,0.000000,16384,1537,55786,4,1.000000,0.000000
6509,6982600031,1056129,0,0,1820,0,0.000000,16384,1644,56129,4,1.000000,0.000000
6510,6983655828,1055797,0,0,1821,0,0.000000,16384,1644,55797,4,1.000000,0.000000
6511,6984670695,1014867,0,0,1743,0,0.000000,16384,1536,14867,4,1.000000,0.000000
6512,6985727231,1056536,0,0,1803,0,0.000000,16384,1577,56536,4,1.000000,0.000000
6513,6986783545,1056314,0,0,1787,0,0.000000,16384,1565,56314,4,1.000000,0.000000
6514,6987840510,1056965,0,0,1771,0,0.000000,16384,1559,56965,4,1.000000,0.000000
6515,6988896879,1056369,0,0,1817,0,0.000000,16384,1641,56369,4,1.000000,0.000000
6516,6989956015,1059136,0,0,1725,0,0.000000,16384,1549,59136,4,1.000000,0.000000
6517,6991014431,1058416,0,0,1829,0,0.000000,16384,1609,58416,4,1.000000,0.000000
6518,6992071284,1056853,0,0,1828,0,0.000000,16384,1615,56853,4,1.000000,0.000000
6519,6993127796,1056512,0,0,1758,0,0.000000,16384,1594,56512,4,1.000000,0.000000
6520,6994184496,1056700,0,0,1661,0,0.000000,16384,1474,56700,4,1.000000,0.000000
6521,6995248433,1063937,0,0,1835,0,0.000000,16384,1615,63937,4,1.000000,0.000000
6522,6996305402,1056969,0,0,1823,0,0.000000,16384,1634,56969,4,1.000000,0.000000
6523,6997361576,1056174,0,0,1813,0,0.000000,16384,1638,56174,4,1.000000,0.000000
6524,6998425752,1064176,0,0,1820,0,0.000000,16384,1620,64176,4,1.000000,0.000000
6525,6999486772,1061020,0,0,1818,0,0.000000,16384,1598,61020,4,1.000000,0.000000
6526,7000544570,1057798,0,0,1826,0,0.000000,16384,1620,57798,4,1.000000,0.000000
6527,7001601497,1056927,0,0,1818,0,0.000000,16384,1643,56927,4,1.000000,0.000000
6528,7002657495,1055998,0,0,1828,0,0.000000,16384,1645,55998,4,1.000000,0.000000
6529,7003696304,1038809,0,0,1782,0,0.000000,16384,1562,38809,4,1.000000,0.000000
6530,7004753209,1056905,0,0,1805,0,0.000000,16384,1593,56905,4,1.000000,0.000000
6531,7005818026,1064817,0,0,1685,0,0.000000,16384,1535,64817,4,1.000000,0.000000
6532,7006874708,1056682,0,0,1796,0,0.000000,16384,1594,56682,4,1.000000,0.000000
6533,7007931189,1056481,0,0,1767,0,0.000000,16384,1547,56481,4,1.000000,0.000000
6534,7008987377,1056188,0,0,1817,0,0.000000,16384,1631,56188,4,1.000000,0.000000
6535,7010048253,1060876,0,0,1715,0,0.000000,16384,1561,60876,4,1.000000,0.000000
6536,7011110011,1061758,0,0,1833,0,0.000000,16384,1608,61758,4,1.000000,0.000000
6537,7012169620,1059609,0,0,1792,0,0.000000,16384,1572,59609,4,1.000000,0.000000
6538,7013227641,1058021,0,0,1821,0,0.000000,16384,1643,58021,4,1.000000,0.000000
6539,7014288405,1060764,0,0,1577,0,0.000000,16384,1416,60764,4,1.000000,0.000000
6540,7015347877,1059472,0,0,1663,0,0.000000,16384,1457,59472,4,1.000000,0.000000
6541,7016414984,1067107,0,0,1790,0,0.000000,16384,1618,67107,4,1.000000,0.000000
6542,7017472363,1057379,0,0,1808,0,0.000000,16384,1626,57379,4,1.000000,0.000000
6543,7018529290,1056927,0,0,1819,0,0.000000,16384,1599,56927,4,1.000000,0.000000
6544,7019585842,1056552,0,0,1827,0,0.000000,16384,1607,56552,4,1.000000,0.000000
6545,7020643408,1057566,0,0,1806,0,0.000000,16384,1632,57566,4,1.000000,0.000000
6546,7021670900,1027492,0,0,1762,0,0.000000,16384,1592,27492,4,1.000000,0.000000
6547,7022727715,1056815,0,0,1824,0,0.000000,16384,1604,56815,4,1.000000,0.000000
6548,7023783675,1055960,0,0,1825,0,0.000000,16384,1601,55960,4,1.000000,0.000000
6549,7024839872,1056197,0,0,1818,0,0.000000,16384,1641,56197,4,1.000000,0.000000
6550,7025895721,1055849,0,0,1829,0,0.000000,16384,1651,55849,4,1.000000,0.000000
6551,7026966452,1070731,0,0,1837,0,0.000000,16384,1628,70731,4,1.000000,0.000000
6552,7028022647,1056195,0,0,1808,0,0.000000,16384,1588,56195,4,1.000000,0.000000
6553,7029079049,1056402,0,0,1766,0,0.000000,16384,1581,56402,4,1.000000,0.000000
6554,7030138104,1059055,0,0,1702,0,0.000000,16384,1547,59055,4,1.000000,0.000000
6555,7031196520,1058416,0,0,1748,0,0.000000,16384,1528,58416,4,1.000000,0.000000
6556,7032253280,1056760,0,0,1749,0,0.000000,16384,1552,56760,4,1.000000,0.000000
6557,7033310108,1056828,0,0,1731,0,0.000000,16384,1572,56828,4,1.000000,0.000000
6558,7034367143,1057035,0,0,1762,0,0.000000,16384,1554,57035,4,1.000000,0.000000
6559,7035422889,1055746,0,0,1827,0,0.000000,16384,1607,55746,4,1.000000,0.000000
6560,7036478673,1055784,0,0,1816,0,0.000000,16384,1631,55784,4,1.000000,0.000000
6561,7037542261,1063588,0,0,1799,0,0.000000,16384,1626,63588,4,1.000000,0.000000
6562,7038598427,1056166,0,0,1824,0,0.000000,16384,1617,56166,4,1.000000,0.000000
6563,7039654232,1055805,0,0,1824,0,0.000000,16384,1605,55805,4,1.000000,0.000000
6564,7040670640,1016408,0,0,1754,0,0.000000,16384,1568,16408,4,1.000000,0.000000
6565,7041730964,1060324,0,0,1825,0,0.000000,16384,1647,60324,4,1.000000,0.000000
6566,7042791977,1061013,0,0,1837,0,0.000000,16384,1637,61013,4,1.000000,0.000000
6567,7043849340,1057363,0,0,1794,0,0.000000,16384,1574,57363,4,1.000000,0.000000
6568,7044910570,1061230,0,0,1571,0,0.000000,16384,1418,61230,4,1.000000,0.000000
6569,7045972717,1062147,0,0,1515,0,0.000000,16384,1332,62147,4,1.000000,0.000000
6570,7047032876,1060159,0,0,1770,0,0.000000,16384,1577,60159,4,1.000000,0.000000
6571,7048111047,1078171,0,0,1865,0,0.000000,16384,1680,78171,4,1.000000,0.000000
6572,7049168327,1057280,0,0,1823,0,0.000000,16384,1636,57280,4,1.000000,0.000000
6573,7050229468,1061141,0,0,1717,0,0.000000,16384,1497,61141,4,1.000000,0.000000
6574,7051288383,1058915,0,0,1821,0,0.000000,16384,1623,58915,4,1.000000,0.000000
6575,7052344727,1056344,0,0,1817,0,0.000000,16384,1641,56344,4,1.000000,0.000000
6576,7053401273,1056546,0,0,1806,0,0.000000,16384,1616,56546,4,1.000000,0.000000
6577,7054458804,1057531,0,0,1800,0,0.000000,16384,1581,57531,4,1.000000,0.000000
6578,7055516014,1057210,0,0,1685,0,0.000000,16384,1504,57210,4,1.000000,0.000000
6579,7056572039,1056025,0,0,1796,0,0.000000,16384,1624,56025,4,1.000000,0.000000
6580,7057628159,1056120,0,0,1809,0,0.000000,16384,1598,56120,4,1.000000,0.000000
6581,7058679728,1051569,0,0,1733,0,0.000000,16384,1515,51569,4,1.000000,0.000000
6582,7059743439,1063711,0,0,1659,0,0.000000,16384,1516,63711,4,1.000000,0.000000
6583,7060808155,1064716,0,0,1665,0,0.000000,16384,1470,64716,4,1.000000,0.000000
6584,7061875133,1066978,0,0,1650,0,0.000000,16384,1463,66978,4,1.000000,0.000000
6585,7062934374,1059241,0,0,1823,0,0.000000,16384,1645,59241,4,1.000000,0.000000
6586,7063991710,1057336,0,0,1822,0,0.000000,16384,1623,57336,4,1.000000,0.000000
6587,7065050055,1058345,0,0,1755,0,0.000000,16384,1535,58345,4,1.000000,0.000000
6588,7066107339,1057284,0,0,1829,0,0.000000,16384,1635,57284,4,1.000000,0.000000
6589,7067163203,1055864,0,0,1827,0,0.000000,16384,1648,55864,4,1.000000,0.000000
6590,7068219137,1055934,0,0,1800,0,0.000000,16384,1608,55934,4,1.000000,0.000000
6591,7069288465,1069328,0,0,1847,0,0.000000,16384,1627,69328,4,1.000000,0.000000
6592,7070346663,1058198,0,0,1730,0,0.000000,16384,1535,58198,4,1.000000,0.000000
6593,7071403583,1056920,0,0,1826,0,0.000000,16384,1648,56920,4,1.000000,0.000000
6594,7072460322,1056739,0,0,1811,0,0.000000,16384,1621,56739,4,1.000000,0.000000
6595,7073516740,1056418,0,0,1824,0,0.000000,16384,1604,56418,4,1.000000,0.000000
6596,7074573193,1056453,0,0,1825,0,0.000000,16384,1611,56453,4,1.000000,0.000000
6597,7075628988,1055795,0,0,1825,0,0.000000,16384,1647,55795,4,1.000000,0.000000
6598,7076670257,1041269,0,0,1795,0,0.000000,16384,1623,41269,4,1.000000,0.000000
6599,7077726075,1055818,0,0,1823,0,0.000000,16384,1598,55818,4,1.000000,0.000000
6600,7078782079,1056004,0,0,1822,0,0.000000,16384,1603,56004,4,1.000000,0.000000
6601,7079856782,1074703,0,0,1857,0,0.000000,16384,1669,74703,4,1.000000,0.000000
6602,7080913127,1056345,0,0,1828,0,0.000000,16384,1650,56345,4,1.000000,0.000000
6603,7081968896,1055769,0,0,1827,0,0.000000,16384,1629,55769,4,1.000000,0.000000
6604,7083025259,1056363,0,0,1827,0,0.000000,16384,1606,56363,4,1.000000,0.000000
6605,7084081133,1055874,0,0,1828,0,0.000000,16384,1619,55874,4,1.000000,0.000000
6606,7085137053,1055920,0,0,1831,0,0.000000,16384,1651,55920,4,1.000000,0.000000
6607,7086192650,1055597,0,0,1705,0,0.000000,16384,1531,55597,4,1.000000,0.000000
6608,7087260621,1067971,0,0,1841,0,0.000000,16384,1621,67971,4,1.000000,0.000000
6609,7088322142,1061521,0,0,1654,0,0.000000,16384,1477,61521,4,1.000000,0.000000
6610,7089379706,1057564,0,0,1669,0,0.000000,16384,1506,57564,4,1.000000,0.000000
6611,7090451502,1071796,0,0,1669,0,0.000000,16384,1449,71796,4,1.000000,0.000000
6612,7091544778,1093276,0,0,1846,0,0.000000,16384,1660,93276,4,1.000000,0.000000
6613,7092635147,1090369,0,0,1857,0,0.000000,16384,1673,90369,4,1.000000,0.000000
6614,7093708186,1073039,0,0,1836,0,0.000000,16384,1642,73039,4,1.000000,0.000000
6615,7094771816,1063630,0,0,1812,0,0.000000,16384,1592,63630,4,1.000000,0.000000
6616,7095833305,1061489,0,0,1786,0,0.000000,16384,1581,61489,4,1.000000,0.000000
6617,7096895665,1062360,0,0,1921,0,0.000000,16384,1724,62360,4,1.000000,0.000000
6618,7097955686,1060021,0,0,1833,0,0.000000,16384,1653,60021,4,1.000000,0.000000
6619,7099016867,1061181,0,0,1894,0,0.000000,16384,1688,61181,4,1.000000,0.000000
6620,7100079143,1062276,0,0,1897,0,0.000000,16384,1673,62276,4,1.000000,0.000000
6621,7101148002,1068859,0,0,1846,0,0.000000,16384,1626,68859,4,1.000000,0.000000
6622,7102204590,1056588,0,0,1827,0,0.000000,16384,1640,56588,4,1.000000,0.000000
6623,7103260781,1056191,0,0,1826,0,0.000000,16384,1648,56191,4,1.000000,0.000000
6624,7104316919,1056138,0,0,1808,0,0.000000,16384,1609,56138,4,1.000000,0.000000
6625,7105414175,1097256,0,0,1967,0,0.000000,16384,1743,97256,4,1.000000,0.000000
6626,7106503166,1088991,0,0,1932,0,0.000000,16384,1711,88991,4,1.000000,0.000000
6627,7107591433,1088267,0,0,1968,0,0.000000,16384,1745,88267,4,1.000000,0.000000
6628,7108680583,1089150,0,0,1979,0,0.000000,16384,1756,89150,4,1.000000,0.000000
6629,7109709283,1028700,0,0,1866,0,0.000000,16384,1681,28700,4,1.000000,0.000000
6630,7110770551,1061268,0,0,1758,0,0.000000,16384,1594,61268,4,1.000000,0.000000
6631,7111842400,1071849,0,0,1937,0,0.000000,16384,1721,71849,4,1.000000,0.000000
6632,7112906090,1063690,0,0,1890,0,0.000000,16384,1668,63690,4,1.000000,0.000000
6633,7113967321,1061231,0,0,1823,0,0.000000,16384,1600,61231,4,1.000000,0.000000
6634,7115028770,1061449,0,0,1560,0,0.000000,16384,1434,61449,4,1.000000,0.000000
6635,7116089189,1060419,0,0,1700,0,0.000000,16384,1491,60419,4,1.000000,0.000000
6636,7117146378,1057189,0,0,1817,0,0.000000,16384,1604,57189,4,1.000000,0.000000
6637,7118203676,1057298,0,0,1830,0,0.000000,16384,1651,57298,4,1.000000,0.000000
6638,7119261180,1057504,0,0,1816,0,0.000000,16384,1639,57504,4,1.000000,0.000000
6639,7120317042,1055862,0,0,1824,0,0.000000,16384,1605,55862,4,1.000000,0.000000
6640,7121372743,1055701,0,0,1829,0,0.000000,16384,1609,55701,4,1.000000,0.000000
6641,7122439928,1067185,0,0,1834,0,0.000000,16384,1644,67185,4,1.000000,0.000000
6642,7123495844,1055916,0,0,1825,0,0.000000,16384,1647,55916,4,1.000000,0.000000
6643,7124553919,1058075,0,0,1822,0,0.000000,16384,1626,58075,4,1.000000,0.000000
6644,7125611108,1057189,0,0,1816,0,0.000000,16384,1596,57189,4,1.000000,0.000000
6645,7126669064,1057956,0,0,1825,0,0.000000,16384,1617,57956,4,1.000000,0.000000
6646,7127725103,1056039,0,0,1814,0,0.000000,16384,1638,56039,4,1.000000,0.000000
6647,7128781031,1055928,0,0,1828,0,0.000000,16384,1648,55928,4,1.000000,0.000000
6648,7129838645,1057614,0,0,1785,0,0.000000,16384,1565,57614,4,1.000000,0.000000
6649,7130896968,1058323,0,0,1707,0,0.000000,16384,1511,58323,4,1.000000,0.000000
6650,7131954560,1057592,0,0,1829,0,0.000000,16384,1651,57592,4,1.000000,0.000000
6651,7133029597,1075037,0,0,1848,0,0.000000,16384,1657,75037,4,1.000000,0.000000
6652,7134086427,1056830,0,0,1824,0,0.000000,16384,1605,56830,4,1.000000,0.000000
6653,7135143621,1057194,0,0,1809,0,0.000000,16384,1591,57194,4,1.000000,0.000000
6654,7136199887,1056266,0,0,1827,0,0.000000,16384,1648,56266,4,1.000000,0.000000
6655,7137257768,1057881,0,0,1828,0,0.000000,16384,1650,57881,4,1.000000,0.000000
6656,7138314157,1056389,0,0,1790,0,0.000000,16384,1577,56389,4,1.000000,0.000000
6657,7139370710,1056553,0,0,1828,0,0.000000,16384,1608,56553,4,1.000000,0.000000
6658,7140426553,1055843,0,0,1826,0,0.000000,16384,1638,55843,4,1.000000,0.000000
6659,7141482889,1056336,0,0,1819,0,0.000000,16384,1643,56336,4,1.000000,0.000000
6660,7142538777,1055888,0,0,1827,0,0.000000,16384,1627,55888,4,1.000000,0.000000
6661,7143600986,1062209,0,0,1836,0,0.000000,16384,1616,62209,4,1.000000,0.000000
6662,7144656830,1055844,0,0,1830,0,0.000000,16384,1619,55844,4,1.000000,0.000000
6663,7145670573,1013743,0,0,1727,0,0.000000,16384,1569,13743,4,1.000000,0.000000
6664,7146726683,1056110,0,0,1738,0,0.000000,16384,1543,56110,4,1.000000,0.000000
6665,7147782713,1056030,0,0,1826,0,0.000000,16384,1606,56030,4,1.000000,0.000000
6666,7148838825,1056112,0,0,1806,0,0.000000,16384,1615,56112,4,1.000000,0.000000
6667,7149895785,1056960,0,0,1828,0,0.000000,16384,1649,56960,4,1.000000,0.000000
6668,7150954779,1058994,0,0,1657,0,0.000000,16384,1467,58994,4,1.000000,0.000000
6669,7152012841,1058062,0,0,1827,0,0.000000,16384,1603,58062,4,1.000000,0.000000
6670,7153069228,1056387,0,0,1828,0,0.000000,16384,1648,56387,4,1.000000,0.000000
6671,7154133356,1064128,0,0,1824,0,0.000000,16384,1646,64128,4,1.000000,0.000000
6672,7155190676,1057320,0,0,1792,0,0.000000,16384,1586,57320,4,1.000000,0.000000
6673,7156246966,1056290,0,0,1798,0,0.000000,16384,1578,56290,4,1.000000,0.000000
6674,7157303076,1056110,0,0,1816,0,0.000000,16384,1629,56110,4,1.000000,0.000000
6675,7158359064,1055988,0,0,1826,0,0.000000,16384,1648,55988,4,1.000000,0.000000
6676,7159415535,1056471,0,0,1826,0,0.000000,16384,1627,56471,4,1.000000,0.000000
6677,7160471446,1055911,0,0,1828,0,0.000000,16384,1608,55911,4,1.000000,0.000000
6678,7161527289,1055843,0,0,1826,0,0.000000,16384,1617,55843,4,1.000000,0.000000
6679,7162583114,1055825,0,0,1827,0,0.000000,16384,1648,55825,4,1.000000,0.000000
6680,7163638999,1055885,0,0,1810,0,0.000000,16384,1633,55885,4,1.000000,0.000000
6681,7164670798,1031799,0,0,1757,0,0.000000,16384,1538,31799,4,1.000000,0.000000
6682,7165728821,1058023,0,0,1762,0,0.000000,16384,1560,58023,4,1.000000,0.000000
6683,7166786250,1057429,0,0,1826,0,0.000000,16384,1649,57429,4,1.000000,0.000000
6684,7167842389,1056139,0,0,1818,0,0.000000,16384,1633,56139,4,1.000000,0.000000
6685,7168898378,1055989,0,0,1825,0,0.000000,16384,1605,55989,4,1.000000,0.000000
6686,7169954469,1056091,0,0,1828,0,0.000000,16384,1605,56091,4,1.000000,0.000000
6687,7171011504,1057035,0,0,1772,0,0.000000,16384,1607,57035,4,1.000000,0.000000
6688,7172068989,1057485,0,0,1832,0,0.000000,16384,1653,57485,4,1.000000,0.000000
6689,7173124903,1055914,0,0,1813,0,0.000000,16384,1592,55914,4,1.000000,0.000000
6690,7174180771,1055868,0,0,1824,0,0.000000,16384,1604,55868,4,1.000000,0.000000
6691,7175246138,1065367,0,0,1840,0,0.000000,16384,1653,65367,4,1.000000,0.000000
6692,7176303702,1057564,0,0,1758,0,0.000000,16384,1594,57564,4,1.000000,0.000000
6693,7177360160,1056458,0,0,1828,0,0.000000,16384,1615,56458,4,1.000000,0.000000
6694,7178416310,1056150,0,0,1825,0,0.000000,16384,1605,56150,4,1.000000,0.000000
6695,7179472370,1056060,0,0,1813,0,0.000000,16384,1621,56060,4,1.000000,0.000000
6696,7180528367,1055997,0,0,1829,0,0.000000,16384,1650,55997,4,1.000000,0.000000
6697,7181583973,1055606,0,0,1814,0,0.000000,16384,1621,55606,4,1.000000,0.000000
6698,7182639699,1055726,0,0,1823,0,0.000000,16384,1603,55726,4,1.000000,0.000000
6699,7183670415,1030716,0,0,1779,0,0.000000,16384,1577,30716,4,1.000000,0.000000
6700,7184726312,1055897,0,0,1827,0,0.000000,16384,1649,55897,4,1.000000,0.000000
6701,7185794520,1068208,0,0,1845,0,0.000000,16384,1661,68208,4,1.000000,0.000000
6702,7186851449,1056929,0,0,1788,0,0.000000,16384,1568,56929,4,1.000000,0.000000
6703,7187908800,1057351,0,0,1714,0,0.000000,16384,1516,57351,4,1.000000,0.000000
6704,7188965294,1056494,0,0,1783,0,0.000000,16384,1614,56494,4,1.000000,0.000000
6705,7190021202,1055908,0,0,1772,0,0.000000,16384,1575,55908,4,1.000000,0.000000
6706,7191079017,1057815,0,0,1763,0,0.000000,16384,1543,57815,4,1.000000,0.000000
6707,7192137383,1058366,0,0,1834,0,0.000000,16384,1645,58366,4,1.000000,0.000000
6708,7193193561,1056178,0,0,1827,0,0.000000,16384,1568,56178,4,1.000000,0.000000
6709,7194249281,1055720,0,0,1828,0,0.000000,16384,1629,55720,4,1.000000,0.000000
6710,7195305296,1056015,0,0,1827,0,0.000000,16384,1649,56015,4,1.000000,0.000000
6711,7196368022,1062726,0,0,1819,0,0.000000,16384,1632,62726,4,1.000000,0.000000
6712,7197424292,1056270,0,0,1814,0,0.000000,16384,1594,56270,4,1.000000,0.000000
6713,7198480283,1055991,0,0,1777,0,0.000000,16384,1570,55991,4,1.000000,0.000000
6714,7199536353,1056070,0,0,1792,0,0.000000,16384,1621,56070,4,1.000000,0.000000
6715,7200593002,1056649,0,0,1826,0,0.000000,16384,1640,56649,4,1.000000,0.000000
6716,7201649751,1056749,0,0,1803,0,0.000000,16384,1583,56749,4,1.000000,0.000000
6717,7202670443,1020692,0,0,1652,0,0.000000,16384,1469,20692,4,1.000000,0.000000
6718,7203726702,1056259,0,0,1827,0,0.000000,16384,1649,56259,4,1.000000,0.000000
6719,7204782798,1056096,0,0,1803,0,0.000000,16384,1600,56096,4,1.000000,0.000000
6720,7205838448,1055650,0,0,1794,0,0.000000,16384,1574,55650,4,1.000000,0.000000
6721,7206899795,1061347,0,0,1838,0,0.000000,16384,1642,61347,4,1.000000,0.000000
6722,7207955656,1055861,0,0,1829,0,0.000000,16384,1651,55861,4,1.000000,0.000000
6723,7209011343,1055687,0,0,1828,0,0.000000,16384,1638,55687,4,1.000000,0.000000
6724,7210067066,1055723,0,0,1825,0,0.000000,16384,1605,55723,4,1.000000,0.000000
6725,7211124537,1057471,0,0,1687,0,0.000000,16384,1497,57471,4,1.000000,0.000000
6726,7212182042,1057505,0,0,1821,0,0.000000,16384,1643,57505,4,1.000000,0.000000
6727,7213238450,1056408,0,0,1817,0,0.000000,16384,1620,56408,4,1.000000,0.000000
6728,7214294430,1055980,0,0,1824,0,0.000000,16384,1605,55980,4,1.000000,0.000000
6729,7215354873,1060443,0,0,1615,0,0.000000,16384,1448,60443,4,1.000000,0.000000
6730,7216413774,1058901,0,0,1752,0,0.000000,16384,1579,58901,4,1.000000,0.000000
6731,7217479017,1065243,0,0,1829,0,0.000000,16384,1609,65243,4,1.000000,0.000000
6732,7218536569,1057552,0,0,1831,0,0.000000,16384,1608,57552,4,1.000000,0.000000
6733,7219593439,1056870,0,0,1827,0,0.000000,16384,1651,56870,4,1.000000,0.000000
6734,7220649118,1055679,0,0,1817,0,0.000000,16384,1641,55679,4,1.000000,0.000000
6735,7221673878,1024760,0,0,1758,0,0.000000,16384,1546,24760,4,1.000000,0.000000
6736,7222729934,1056056,0,0,1827,0,0.000000,16384,1606,56056,4,1.000000,0.000000
6737,7223785806,1055872,0,0,1828,0,0.000000,16384,1646,55872,4,1.000000,0.000000
6738,7224841545,1055739,0,0,1826,0,0.000000,16384,1648,55739,4,1.000000,0.000000
6739,7225897362,1055817,0,0,1825,0,0.000000,16384,1621,55817,4,1.000000,0.000000
6740,7226953107,1055745,0,0,1826,0,0.000000,16384,1606,55745,4,1.000000,0.000000
6741,7228012588,1059481,0,0,1818,0,0.000000,16384,1616,59481,4,1.000000,0.000000
6742,7229068883,1056295,0,0,1810,0,0.000000,16384,1635,56295,4,1.000000,0.000000
6743,7230125703,1056820,0,0,1756,0,0.000000,16384,1568,56820,4,1.000000,0.000000
6744,7231183453,1057750,0,0,1751,0,0.000000,16384,1532,57750,4,1.000000,0.000000
6745,7232240849,1057396,0,0,1825,0,0.000000,16384,1634,57396,4,1.000000,0.000000
6746,7233299751,1058902,0,0,1779,0,0.000000,16384,1610,58902,4,1.000000,0.000000
6747,7234357917,1058166,0,0,1831,0,0.000000,16384,1627,58166,4,1.000000,0.000000
6748,7235414783,1056866,0,0,1826,0,0.000000,16384,1606,56866,4,1.000000,0.000000
6749,7236471191,1056408,0,0,1828,0,0.000000,16384,1623,56408,4,1.000000,0.000000
6750,7237527947,1056756,0,0,1829,0,0.000000,16384,1651,56756,4,1.000000,0.000000
6751,7238599405,1071458,0,0,1815,0,0.000000,16384,1634,71458,4,1.000000,0.000000
6752,7239656036,1056631,0,0,1797,0,0.000000,16384,1576,56631,4,1.000000,0.000000
6753,7240670624,1014588,0,0,1729,0,0.000000,16384,1531,14588,4,1.000000,0.000000
6754,7241727096,1056472,0,0,1826,0,0.000000,16384,1648,56472,4,1.000000,0.000000
6755,7242783134,1056038,0,0,1827,0,0.000000,16384,1640,56038,4,1.000000,0.000000
6756,7243845680,1062546,0,0,1736,0,0.000000,16384,1516,62546,4,1.000000,0.000000
6757,7244916969,1071289,0,0,1643,0,0.000000,16384,1476,71289,4,1.000000,0.000000
6758,7245982807,1065838,0,0,1789,0,0.000000,16384,1615,65838,4,1.000000,0.000000
6759,7247044457,1061650,0,0,1668,0,0.000000,16384,1449,61650,4,1.000000,0.000000
6760,7248102988,1058531,0,0,1670,0,0.000000,16384,1506,58531,4,1.000000,0.000000
6761,7249174245,1071257,0,0,1686,0,0.000000,16384,1510,71257,4,1.000000,0.000000
6762,7250231371,1057126,0,0,1665,0,0.000000,16384,1452,57126,4,1.000000,0.000000
6763,7251291200,1059829,0,0,1626,0,0.000000,16384,1488,59829,4,1.000000,0.000000
6764,7252349324,1058124,0,0,1820,0,0.000000,16384,1611,58124,4,1.000000,0.000000
6765,7253435610,1086286,0,0,1951,0,0.000000,16384,1731,86286,4,1.000000,0.000000
6766,7254525622,1090012,0,0,1944,0,0.000000,16384,1720,90012,4,1.000000,0.000000
6767,7255614357,1088735,0,0,1961,0,0.000000,16384,1737,88735,4,1.000000,0.000000
6768,7256709028,1094671,0,0,1968,0,0.000000,16384,1758,94671,4,1.000000,0.000000
6769,7257771253,1062225,0,0,1931,0,0.000000,16384,1732,62225,4,1.000000,0.000000
6770,7258833471,1062218,0,0,1923,0,0.000000,16384,1726,62218,4,1.000000,0.000000
6771,7259902692,1069221,0,0,1910,0,0.000000,16384,1715,69221,4,1.000000,0.000000
6772,7260964736,1062044,0,0,1799,0,0.000000,16384,1588,62044,4,1.000000,0.000000
6773,7262024019,1059283,0,0,1822,0,0.000000,16384,1602,59283,4,1.000000,0.000000
6774,7263080829,1056810,0,0,1817,0,0.000000,16384,1628,56810,4,1.000000,0.000000
6775,7264137091,1056262,0,0,1829,0,0.000000,16384,1651,56262,4,1.000000,0.000000
6776,7265195228,1058137,0,0,1769,0,0.000000,16384,1572,58137,4,1.000000,0.000000
6777,7266251965,1056737,0,0,1825,0,0.000000,16384,1605,56737,4,1.000000,0.000000
6778,7267309772,1057807,0,0,1823,0,0.000000,16384,1624,57807,4,1.000000,0.000000
6779,7268366751,1056979,0,0,1817,0,0.000000,16384,1641,56979,4,1.000000,0.000000
6780,7269423390,1056639,0,0,1830,0,0.000000,16384,1641,56639,4,1.000000,0.000000
6781,7270488429,1065039,0,0,1830,0,0.000000,16384,1610,65039,4,1.000000,0.000000
6782,7271549306,1060877,0,0,1674,0,0.000000,16384,1484,60877,4,1.000000,0.000000
6783,7272608407,1059101,0,0,1802,0,0.000000,16384,1629,59101,4,1.000000,0.000000
6784,7273668818,1060411,0,0,1790,0,0.000000,16384,1589,60411,4,1.000000,0.000000
6785,7274727346,1058528,0,0,1815,0,0.000000,16384,1595,58528,4,1.000000,0.000000
6786,7275784267,1056921,0,0,1820,0,0.000000,16384,1624,56921,4,1.000000,0.000000
6787,7276840230,1055963,0,0,1819,0,0.000000,16384,1643,55963,4,1.000000,0.000000
6788,7277896112,1055882,0,0,1816,0,0.000000,16384,1624,55882,4,1.000000,0.000000
6789,7278951882,1055770,0,0,1817,0,0.000000,16384,1597,55770,4,1.000000,0.000000
6790,7280009652,1057770,0,0,1829,0,0.000000,16384,1616,57770,4,1.000000,0.000000
6791,7281074370,1064718,0,0,1840,0,0.000000,16384,1659,64718,4,1.000000,0.000000
6792,7282130480,1056110,0,0,1830,0,0.000000,16384,1651,56110,4,1.000000,0.000000
6793,7283186318,1055838,0,0,1827,0,0.000000,16384,1612,55838,4,1.000000,0.000000
6794,7284242127,1055809,0,0,1827,0,0.000000,16384,1607,55809,4,1.000000,0.000000
6795,7285297870,1055743,0,0,1825,0,0.000000,16384,1633,55743,4,1.000000,0.000000
6796,7286354415,1056545,0,0,1704,0,0.000000,16384,1550,56545,4,1.000000,0.000000
6797,7287430523,1076108,0,0,1842,0,0.000000,16384,1624,76108,4,1.000000,0.000000
6798,7288526785,1096262,0,0,1822,0,0.000000,16384,1602,96262,4,1.000000,0.000000
6799,7289618686,1091901,0,0,1857,0,0.000000,16384,1658,91901,4,1.000000,0.000000
6800,7290702366,1083680,0,0,1854,0,0.000000,16384,1671,83680,4,1.000000,0.000000
6801,7291782724,1080358,0,0,1686,0,0.000000,16384,1504,80358,4,1.000000,0.000000
6802,7292847557,1064833,0,0,1810,0,0.000000,16384,1590,64833,4,1.000000,0.000000
6803,7293911301,1063744,0,0,1778,0,0.000000,16384,1593,63744,4,1.000000,0.000000
6804,7294974387,1063086,0,0,1781,0,0.000000,16384,1613,63086,4,1.000000,0.000000
6805,7296034766,1060379,0,0,1672,0,0.000000,16384,1465,60379,4,1.000000,0.000000
6806,7297092229,1057463,0,0,1667,0,0.000000,16384,1487,57463,4,1.000000,0.000000
6807,7298150750,1058521,0,0,1668,0,0.000000,16384,1507,58521,4,1.000000,0.000000
6808,7299209381,1058631,0,0,1686,0,0.000000,16384,1467,58631,4,1.000000,0.000000
6809,7300265566,1056185,0,0,1826,0,0.000000,16384,1638,56185,4,1.000000,0.000000
6810,7301321532,1055966,0,0,1829,0,0.000000,16384,1650,55966,4,1.000000,0.000000
6811,7302415651,1094119,0,0,1964,0,0.000000,16384,1758,94119,4,1.000000,0.000000
6812,7303504278,1088627,0,0,1955,0,0.000000,16384,1740,88627,4,1.000000,0.000000
6813,7304594204,1089926,0,0,1975,0,0.000000,16384,1751,89926,4,1.000000,0.000000
6814,7305684665,1090461,0,0,1981,0,0.000000,16384,1757,90461,4,1.000000,0.000000
6815,7306702523,1017858,0,0,1800,0,0.000000,16384,1580,17858,4,1.000000,0.000000
6816,7307764953,1062430,0,0,1935,0,0.000000,16384,1732,62430,4,1.000000,0.000000
6817,7308827093,1062140,0,0,1926,0,0.000000,16384,1727,62140,4,1.000000,0.000000
6818,7309888954,1061861,0,0,1920,0,0.000000,16384,1724,61861,4,1.000000,0.000000
6819,7310951946,1062992,0,0,1898,0,0.000000,16384,1707,62992,4,1.000000,0.000000
6820,7312014588,1062642,0,0,1653,0,0.000000,16384,1434,62642,4,1.000000,0.000000
6821,7313083822,1069234,0,0,1683,0,0.000000,16384,1514,69234,4,1.000000,0.000000
6822,7314141895,1058073,0,0,1643,0,0.000000,16384,1472,58073,4,1.000000,0.000000
6823,7315200493,1058598,0,0,1732,0,0.000000,16384,1512,58598,4,1.000000,0.000000
6824,7316261089,1060596,0,0,1670,0,0.000000,16384,1520,60596,4,1.000000,0.000000
6825,7317319974,1058885,0,0,1821,0,0.000000,16384,1631,58885,4,1.000000,0.000000
6826,7318378408,1058434,0,0,1724,0,0.000000,16384,1504,58434,4,1.000000,0.000000
6827,7319438577,1060169,0,0,1643,0,0.000000,16384,1483,60169,4,1.000000,0.000000
6828,7320496384,1057807,0,0,1777,0,0.000000,16384,1597,57807,4,1.000000,0.000000
6829,7321553204,1056820,0,0,1818,0,0.000000,16384,1597,56820,4,1.000000,0.000000
6830,7322609423,1056219,0,0,1826,0,0.000000,16384,1611,56219,4,1.000000,0.000000
6831,7323670916,1061493,0,0,1826,0,0.000000,16384,1648,61493,4,1.000000,0.000000
6832,7324727202,1056286,0,0,1810,0,0.000000,16384,1635,56286,4,1.000000,0.000000
6833,7325782980,1055778,0,0,1830,0,0.000000,16384,1611,55778,4,1.000000,0.000000
6834,7326839320,1056340,0,0,1819,0,0.000000,16384,1599,56340,4,1.000000,0.000000
6835,7327895749,1056429,0,0,1815,0,0.000000,16384,1630,56429,4,1.000000,0.000000
6836,7328952366,1056617,0,0,1799,0,0.000000,16384,1626,56617,4,1.000000,0.000000
6837,7330009729,1057363,0,0,1780,0,0.000000,16384,1574,57363,4,1.000000,0.000000
6838,7331066205,1056476,0,0,1770,0,0.000000,16384,1549,56476,4,1.000000,0.000000
6839,7332124259,1058054,0,0,1646,0,0.000000,16384,1502,58054,4,1.000000,0.000000
6840,7333182254,1057995,0,0,1806,0,0.000000,16384,1611,57995,4,1.000000,0.000000
6841,7334246259,1064005,0,0,1839,0,0.000000,16384,1619,64005,4,1.000000,0.000000
6842,7335303417,1057158,0,0,1818,0,0.000000,16384,1608,57158,4,1.000000,0.000000
6843,7336361682,1058265,0,0,1830,0,0.000000,16384,1651,58265,4,1.000000,0.000000
6844,7337419066,1057384,0,0,1769,0,0.000000,16384,1594,57384,4,1.000000,0.000000
6845,7338475410,1056344,0,0,1777,0,0.000000,16384,1557,56344,4,1.000000,0.000000
6846,7339531385,1055975,0,0,1827,0,0.000000,16384,1616,55975,4,1.000000,0.000000
6847,7340587156,1055771,0,0,1829,0,0.000000,16384,1650,55771,4,1.000000,0.000000
6848,7341642944,1055788,0,0,1829,0,0.000000,16384,1651,55788,4,1.000000,0.000000
6849,7342671397,1028453,0,0,1773,0,0.000000,16384,1557,28453,4,1.000000,0.000000
6850,7343727349,1055952,0,0,1818,0,0.000000,16384,1595,55952,4,1.000000,0.000000
6851,7344796971,1069622,0,0,1850,0,0.000000,16384,1668,69622,4,1.000000,0.000000
6852,7345853281,1056310,0,0,1779,0,0.000000,16384,1611,56310,4,1.000000,0.000000
6853,7346909346,1056065,0,0,1831,0,0.000000,16384,1616,56065,4,1.000000,0.000000
6854,7347965415,1056069,0,0,1831,0,0.000000,16384,1611,56069,4,1.000000,0.000000
6855,7349021247,1055832,0,0,1815,0,0.000000,16384,1622,55832,4,1.000000,0.000000
6856,7350077267,1056020,0,0,1830,0,0.000000,16384,1652,56020,4,1.000000,0.000000
6857,7351133054,1055787,0,0,1818,0,0.000000,16384,1625,55787,4,1.000000,0.000000
6858,7352190784,1057730,0,0,1747,0,0.000000,16384,1527,57730,4,1.000000,0.000000
6859,7353247945,1057161,0,0,1828,0,0.000000,16384,1630,57161,4,1.000000,0.000000
6860,7354308638,1060693,0,0,1774,0,0.000000,16384,1606,60693,4,1.000000,0.000000
6861,7355382064,1073426,0,0,1631,0,0.000000,16384,1437,73426,4,1.000000,0.000000
6862,7356443507,1061443,0,0,1655,0,0.000000,16384,1472,61443,4,1.000000,0.000000
6863,7357502932,1059425,0,0,1670,0,0.000000,16384,1513,59425,4,1.000000,0.000000
6864,7358560955,1058023,0,0,1665,0,0.000000,16384,1445,58023,4,1.000000,0.000000
6865,7359618901,1057946,0,0,1650,0,0.000000,16384,1499,57946,4,1.000000,0.000000
6866,7360670644,1051743,0,0,1793,0,0.000000,16384,1604,51743,4,1.000000,0.000000
6867,7361727933,1057289,0,0,1829,0,0.000000,16384,1609,57289,4,1.000000,0.000000
6868,7362785364,1057431,0,0,1807,0,0.000000,16384,1598,57431,4,1.000000,0.000000
6869,7363841895,1056531,0,0,1822,0,0.000000,16384,1644,56531,4,1.000000,0.000000
6870,7364897840,1055945,0,0,1810,0,0.000000,16384,1633,55945,4,1.000000,0.000000
6871,7365964569,1066729,0,0,1756,0,0.000000,16384,1536,66729,4,1.000000,0.000000
6872,7367021385,1056816,0,0,1819,0,0.000000,16384,1608,56816,4,1.000000,0.000000
6873,7368076799,1055414,0,0,1827,0,0.000000,16384,1649,55414,4,1.000000,0.000000
6874,7369132608,1055809,0,0,1828,0,0.000000,16384,1650,55809,4,1.000000,0.000000
6875,7370188512,1055904,0,0,1811,0,0.000000,16384,1590,55904,4,1.000000,0.000000
6876,7371244282,1055770,0,0,1827,0,0.000000,16384,1607,55770,4,1.000000,0.000000
6877,7372302487,1058205,0,0,1727,0,0.000000,16384,1562,58205,4,1.000000,0.000000
6878,7373360746,1058259,0,0,1832,0,0.000000,16384,1654,58259,4,1.000000,0.000000
6879,7374416910,1056164,0,0,1826,0,0.000000,16384,1605,56164,4,1.000000,0.000000
6880,7375473293,1056383,0,0,1809,0,0.000000,16384,1589,56383,4,1.000000,0.000000
6881,7376537802,1064509,0,0,1839,0,0.000000,16384,1652,64509,4,1.000000,0.000000
6882,7377593765,1055963,0,0,1829,0,0.000000,16384,1651,55963,4,1.000000,0.000000
6883,7378649364,1055599,0,0,1826,0,0.000000,16384,1627,55599,4,1.000000,0.000000
6884,7379670465,1021101,0,0,1762,0,0.000000,16384,1542,21101,4,1.000000,0.000000
6885,7380726404,1055939,0,0,1829,0,0.000000,16384,1632,55939,4,1.000000,0.000000
6886,7381782083,1055679,0,0,1827,0,0.000000,16384,1649,55679,4,1.000000,0.000000
6887,7382837976,1055893,0,0,1818,0,0.000000,16384,1629,55893,4,1.000000,0.000000
6888,7383893661,1055685,0,0,1827,0,0.000000,16384,1607,55685,4,1.000000,0.000000
6889,7384949417,1055756,0,0,1806,0,0.000000,16384,1593,55756,4,1.000000,0.000000
6890,7386005013,1055596,0,0,1827,0,0.000000,16384,1648,55596,4,1.000000,0.000000
6891,7387065164,1060151,0,0,1718,0,0.000000,16384,1546,60151,4,1.000000,0.000000
6892,7388122152,1056988,0,0,1638,0,0.000000,16384,1419,56988,4,1.000000,0.000000
6893,7389178236,1056084,0,0,1825,0,0.000000,16384,1649,56084,4,1.000000,0.000000
6894,7390233747,1055511,0,0,1828,0,0.000000,16384,1649,55511,4,1.000000,0.000000
6895,7391289800,1056053,0,0,1808,0,0.000000,16384,1598,56053,4,1.000000,0.000000
6896,7392347851,1058051,0,0,1765,0,0.000000,16384,1545,58051,4,1.000000,0.000000
6897,7393405228,1057377,0,0,1831,0,0.000000,16384,1648,57377,4,1.000000,0.000000
6898,7394461475,1056247,0,0,1830,0,0.000000,16384,1652,56247,4,1.000000,0.000000
6899,7395517455,1055980,0,0,1829,0,0.000000,16384,1626,55980,4,1.000000,0.000000
6900,7396573640,1056185,0,0,1809,0,0.000000,16384,1588,56185,4,1.000000,0.000000
6901,7397647433,1073793,0,0,1836,0,0.000000,16384,1633,73793,4,1.000000,0.000000
6902,7398670720,1023287,0,0,1759,0,0.000000,16384,1594,23287,4,1.000000,0.000000
6903,7399728545,1057825,0,0,1823,0,0.000000,16384,1326,57825,4,1.000000,0.000000
6904,7400785185,1056640,0,0,1849,0,0.000000,16384,1315,56640,4,1.000000,0.000000
6905,7401841181,1055996,0,0,1850,0,0.000000,16384,1316,55996,4,1.000000,0.000000
6906,7402897272,1056091,0,0,1851,0,0.000000,16384,1317,56091,4,1.000000,0.000000
6907,7403953096,1055824,0,0,1847,0,0.000000,16384,1315,55824,4,1.000000,0.000000
6908,7405008661,1055565,0,0,1850,0,0.000000,16384,1316,55565,4,1.000000,0.000000
6909,7406064145,1055484,0,0,1821,0,0.000000,16384,1294,55484,4,1.000000,0.000000
6910,7407119963,1055818,0,0,1834,0,0.000000,16384,1305,55818,4,1.000000,0.000000
6911,7408180459,1060496,0,0,1825,0,0.000000,16384,1522,60496,4,1.000000,0.000000
6912,7409236266,1055807,0,0,1827,0,0.000000,16384,1649,55807,4,1.000000,0.000000
6913,7410291856,1055590,0,0,1809,0,0.000000,16384,1635,55590,4,1.000000,0.000000
6914,7411347778,1055922,0,0,1805,0,0.000000,16384,1587,55922,4,1.000000,0.000000
6915,7412405384,1057606,0,0,1754,0,0.000000,16384,1540,57606,4,1.000000,0.000000
6916,7413463417,1058033,0,0,1821,0,0.000000,16384,1645,58033,4,1.000000,0.000000
6917,7414520183,1056766,0,0,1820,0,0.000000,16384,1643,56766,4,1.000000,0.000000
6918,7415577510,1057327,0,0,1688,0,0.000000,16384,1475,57327,4,1.000000,0.000000
6919,7416638155,1060645,0,0,1584,0,0.000000,16384,1422,60645,4,1.000000,0.000000
6920,7417671894,1033739,0,0,1623,0,0.000000,16384,1445,33739,4,1.000000,0.000000
6921,7418738466,1066572,0,0,1685,0,0.000000,16384,1483,66572,4,1.000000,0.000000
6922,7419796836,1058370,0,0,1710,0,0.000000,16384,1556,58370,4,1.000000,0.000000
6923,7420854434,1057598,0,0,1813,0,0.000000,16384,1609,57598,4,1.000000,0.000000
6924,7421910266,1055832,0,0,1829,0,0.000000,16384,1609,55832,4,1.000000,0.000000
6925,7422966492,1056226,0,0,1811,0,0.000000,16384,1612,56226,4,1.000000,0.000000
6926,7424022500,1056008,0,0,1828,0,0.000000,16384,1650,56008,4,1.000000,0.000000
6927,7425078364,1055864,0,0,1825,0,0.000000,16384,1638,55864,4,1.000000,0.000000
6928,7426133943,1055579,0,0,1824,0,0.000000,16384,1604,55579,4,1.000000,0.000000
6929,7427190631,1056688,0,0,1821,0,0.000000,16384,1602,56688,4,1.000000,0.000000
6930,7428246350,1055719,0,0,1817,0,0.000000,16384,1640,55719,4,1.000000,0.000000
6931,7429306999,1060649,0,0,1834,0,0.000000,16384,1655,60649,4,1.000000,0.000000
6932,7430363892,1056893,0,0,1762,0,0.000000,16384,1548,56893,4,1.000000,0.000000
6933,7431420662,1056770,0,0,1830,0,0.000000,16384,1611,56770,4,1.000000,0.000000
6934,7432478075,1057413,0,0,1760,0,0.000000,16384,1590,57413,4,1.000000,0.000000
6935,7433535447,1057372,0,0,1829,0,0.000000,16384,1651,57372,4,1.000000,0.000000
6936,7434592202,1056755,0,0,1827,0,0.000000,16384,1611,56755,4,1.000000,0.000000
6937,7435648710,1056508,0,0,1828,0,0.000000,16384,1608,56508,4,1.000000,0.000000
6938,7436671266,1022556,0,0,1653,0,0.000000,16384,1494,22556,4,1.000000,0.000000
6939,7437727050,1055784,0,0,1825,0,0.000000,16384,1644,55784,4,1.000000,0.000000
6940,7438783181,1056131,0,0,1795,0,0.000000,16384,1575,56131,4,1.000000,0.000000
6941,7439846183,1063002,0,0,1839,0,0.000000,16384,1616,63002,4,1.000000,0.000000
6942,7440902255,1056072,0,0,1826,0,0.000000,16384,1649,56072,4,1.000000,0.000000
6943,7441958076,1055821,0,0,1828,0,0.000000,16384,1650,55821,4,1.000000,0.000000
6944,7443013928,1055852,0,0,1828,0,0.000000,16384,1618,55852,4,1.000000,0.000000
6945,7444069582,1055654,0,0,1826,0,0.000000,16384,1606,55654,4,1.000000,0.000000
6946,7445127710,1058128,0,0,1811,0,0.000000,16384,1616,58128,4,1.000000,0.000000
6947,7446183882,1056172,0,0,1823,0,0.000000,16384,1646,56172,4,1.000000,0.000000
6948,7447239705,1055823,0,0,1827,0,0.000000,16384,1635,55823,4,1.000000,0.000000
6949,7448295427,1055722,0,0,1829,0,0.000000,16384,1609,55722,4,1.000000,0.000000
6950,7449352074,1056647,0,0,1810,0,0.000000,16384,1596,56647,4,1.000000,0.000000
6951,7450421688,1069614,0,0,1847,0,0.000000,16384,1665,69614,4,1.000000,0.000000
6952,7451477690,1056002,0,0,1825,0,0.000000,16384,1647,56002,4,1.000000,0.000000
6953,7452536395,1058705,0,0,1744,0,0.000000,16384,1534,58705,4,1.000000,0.000000
6954,7453593590,1057195,0,0,1824,0,0.000000,16384,1600,57195,4,1.000000,0.000000
6955,7454649784,1056194,0,0,1829,0,0.000000,16384,1652,56194,4,1.000000,0.000000
6956,7455670802,1021018,0,0,1765,0,0.000000,16384,1600,21018,4,1.000000,0.000000
6957,7456728062,1057260,0,0,1697,0,0.000000,16384,1479,57260,4,1.000000,0.000000
6958,7457784191,1056129,0,0,1827,0,0.000000,16384,1620,56129,4,1.000000,0.000000
6959,7458840137,1055946,0,0,1831,0,0.000000,16384,1652,55946,4,1.000000,0.000000
6960,7459896001,1055864,0,0,1829,0,0.000000,16384,1651,55864,4,1.000000,0.000000
6961,7460957677,1061676,0,0,1839,0,0.000000,16384,1615,61676,4,1.000000,0.000000
6962,7462013583,1055906,0,0,1825,0,0.000000,16384,1605,55906,4,1.000000,0.000000
6963,7463069852,1056269,0,0,1679,0,0.000000,16384,1522,56269,4,1.000000,0.000000
6964,7464125860,1056008,0,0,1811,0,0.000000,16384,1628,56008,4,1.000000,0.000000
6965,7465181558,1055698,0,0,1826,0,0.000000,16384,1606,55698,4,1.000000,0.000000
6966,7466240620,1059062,0,0,1758,0,0.000000,16384,1550,59062,4,1.000000,0.000000
6967,7467297634,1057014,0,0,1826,0,0.000000,16384,1648,57014,4,1.000000,0.000000
6968,7468353749,1056115,0,0,1828,0,0.000000,16384,1650,56115,4,1.000000,0.000000
6969,7469410304,1056555,0,0,1828,0,0.000000,16384,1604,56555,4,1.000000,0.000000
6970,7470466507,1056203,0,0,1827,0,0.000000,16384,1607,56203,4,1.000000,0.000000
6971,7471528199,1061692,0,0,1840,0,0.000000,16384,1653,61692,4,1.000000,0.000000
6972,7472586165,1057966,0,0,1734,0,0.000000,16384,1574,57966,4,1.000000,0.000000
6973,7473643467,1057302,0,0,1827,0,0.000000,16384,1610,57302,4,1.000000,0.000000
6974,7474670655,1027188,0,0,1771,0,0.000000,16384,1551,27188,4,1.000000,0.000000
6975,7475727146,1056491,0,0,1811,0,0.000000,16384,1634,56491,4,1.000000,0.000000
6976,7476783915,1056769,0,0,1832,0,0.000000,16384,1653,56769,4,1.000000,0.000000
6977,7477839522,1055607,0,0,1814,0,0.000000,16384,1606,55607,4,1.000000,0.000000
6978,7478895381,1055859,0,0,1811,0,0.000000,16384,1590,55859,4,1.000000,0.000000
6979,7479951195,1055814,0,0,1813,0,0.000000,16384,1622,55814,4,1.000000,0.000000
6980,7481007043,1055848,0,0,1830,0,0.000000,16384,1651,55848,4,1.000000,0.000000
6981,7482068824,1061781,0,0,1838,0,0.000000,16384,1645,61781,4,1.000000,0.000000
6982,7483124836,1056012,0,0,1826,0,0.000000,16384,1606,56012,4,1.000000,0.000000
6983,7484180443,1055607,0,0,1828,0,0.000000,16384,1611,55607,4,1.000000,0.000000
6984,7485236170,1055727,0,0,1829,0,0.000000,16384,1651,55727,4,1.000000,0.000000
6985,7486291849,1055679,0,0,1828,0,0.000000,16384,1649,55679,4,1.000000,0.000000
6986,7487347961,1056112,0,0,1813,0,0.000000,16384,1599,56112,4,1.000000,0.000000
6987,7488405510,1057549,0,0,1639,0,0.000000,16384,1444,57549,4,1.000000,0.000000
6988,7489461540,1056030,0,0,1827,0,0.000000,16384,1648,56030,4,1.000000,0.000000
6989,7490518545,1057005,0,0,1831,0,0.000000,16384,1645,57005,4,1.000000,0.000000
6990,7491574691,1056146,0,0,1827,0,0.000000,16384,1607,56146,4,1.000000,0.000000
6991,7492637193,1062502,0,0,1727,0,0.000000,16384,1524,62502,4,1.000000,0.000000
6992,7493673817,1036624,0,0,1758,0,0.000000,16384,1594,36624,4,1.000000,0.000000
6993,7494730980,1057163,0,0,1812,0,0.000000,16384,1615,57163,4,1.000000,0.000000
6994,7495787589,1056609,0,0,1826,0,0.000000,16384,1605,56609,4,1.000000,0.000000
6995,7496843602,1056013,0,0,1826,0,0.000000,16384,1619,56013,4,1.000000,0.000000
6996,7497899546,1055944,0,0,1828,0,0.000000,16384,1650,55944,4,1.000000,0.000000
6997,7498955239,1055693,0,0,1828,0,0.000000,16384,1650,55693,4,1.000000,0.000000
6998,7500011988,1056749,0,0,1824,0,0.000000,16384,1600,56749,4,1.000000,0.000000
6999,7501068537,1056549,0,0,1827,0,0.000000,16384,1607,56549,4,1.000000,0.000000
7000,7502124633,1056096,0,0,1809,0,0.000000,16384,1628,56096,4,1.000000,0.000000
7001,7503193289,1068656,0,0,1849,0,0.000000,16384,1667,68656,4,1.000000,0.000000
7002,7504249361,1056072,0,0,1830,0,0.000000,16384,1629,56072,4,1.000000,0.000000
7003,7505304977,1055616,0,0,1829,0,0.000000,16384,1609,55616,4,1.000000,0.000000
7004,7506361648,1056671,0,0,1802,0,0.000000,16384,1599,56671,4,1.000000,0.000000
7005,7507417619,1055971,0,0,1825,0,0.000000,16384,1647,55971,4,1.000000,0.000000
7006,7508473536,1055917,0,0,1828,0,0.000000,16384,1645,55917,4,1.000000,0.000000
7007,7509529345,1055809,0,0,1824,0,0.000000,16384,1604,55809,4,1.000000,0.000000
7008,7510585250,1055905,0,0,1826,0,0.000000,16384,1602,55905,4,1.000000,0.000000
7009,7511641172,1055922,0,0,1829,0,0.000000,16384,1649,55922,4,1.000000,0.000000
7010,7512672335,1031163,0,0,1730,0,0.000000,16384,1570,31163,4,1.000000,0.000000
7011,7513734283,1061948,0,0,1835,0,0.000000,16384,1611,61948,4,1.000000,0.000000
7012,7514790836,1056553,0,0,1807,0,0.000000,16384,1587,56553,4,1.000000,0.000000
7013,7515847068,1056232,0,0,1827,0,0.000000,16384,1647,56232,4,1.000000,0.000000
7014,7516906322,1059254,0,0,1674,0,0.000000,16384,1514,59254,4,1.000000,0.000000
7015,7517965153,1058831,0,0,1818,0,0.000000,16384,1598,58831,4,1.000000,0.000000
7016,7519022022,1056869,0,0,1816,0,0.000000,16384,1602,56869,4,1.000000,0.000000
7017,7520078961,1056939,0,0,1831,0,0.000000,16384,1652,56939,4,1.000000,0.000000
7018,7521135820,1056859,0,0,1831,0,0.000000,16384,1652,56859,4,1.000000,0.000000
7019,7522191354,1055534,0,0,1810,0,0.000000,16384,1594,55534,4,1.000000,0.000000
7020,7523246900,1055546,0,0,1829,0,0.000000,16384,1609,55546,4,1.000000,0.000000
7021,7524311399,1064499,0,0,1842,0,0.000000,16384,1650,64499,4,1.000000,0.000000
7022,7525367288,1055889,0,0,1819,0,0.000000,16384,1643,55889,4,1.000000,0.000000
7023,7526423377,1056089,0,0,1826,0,0.000000,16384,1630,56089,4,1.000000,0.000000
7024,7527479254,1055877,0,0,1712,0,0.000000,16384,1492,55877,4,1.000000,0.000000
7025,7528534912,1055658,0,0,1818,0,0.000000,16384,1630,55658,4,1.000000,0.000000
7026,7529590604,1055692,0,0,1707,0,0.000000,16384,1554,55692,4,1.000000,0.000000
7027,7530646408,1055804,0,0,1807,0,0.000000,16384,1585,55804,4,1.000000,0.000000
7028,7531670212,1023804,0,0,1767,0,0.000000,16384,1554,23804,4,1.000000,0.000000
7029,7532727764,1057552,0,0,1765,0,0.000000,16384,1599,57552,4,1.000000,0.000000
7030,7533784773,1057009,0,0,1827,0,0.000000,16384,1645,57009,4,1.000000,0.000000
7031,7534847183,1062410,0,0,1824,0,0.000000,16384,1604,62410,4,1.000000,0.000000
7032,7535903733,1056550,0,0,1816,0,0.000000,16384,1592,56550,4,1.000000,0.000000
7033,7536959947,1056214,0,0,1816,0,0.000000,16384,1641,56214,4,1.000000,0.000000
7034,7538015683,1055736,0,0,1818,0,0.000000,16384,1642,55736,4,1.000000,0.000000
7035,7539072186,1056503,0,0,1692,0,0.000000,16384,1483,56503,4,1.000000,0.000000
7036,7540128237,1056051,0,0,1778,0,0.000000,16384,1573,56051,4,1.000000,0.000000
7037,7541183989,1055752,0,0,1816,0,0.000000,16384,1640,55752,4,1.000000,0.000000
7038,7542239330,1055341,0,0,1825,0,0.000000,16384,1642,55341,4,1.000000,0.000000
7039,7543295613,1056283,0,0,1817,0,0.000000,16384,1597,56283,4,1.000000,0.000000
7040,7544351981,1056368,0,0,1813,0,0.000000,16384,1593,56368,4,1.000000,0.000000
7041,7545413043,1061062,0,0,1834,0,0.000000,16384,1655,61062,4,1.000000,0.000000
7042,7546469442,1056399,0,0,1828,0,0.000000,16384,1649,56399,4,1.000000,0.000000
7043,7547525199,1055757,0,0,1826,0,0.000000,16384,1616,55757,4,1.000000,0.000000
7044,7548581833,1056634,0,0,1812,0,0.000000,16384,1592,56634,4,1.000000,0.000000
7045,7549639562,1057729,0,0,1793,0,0.000000,16384,1605,57729,4,1.000000,0.000000
7046,7550701371,1061809,0,0,1830,0,0.000000,16384,1651,61809,4,1.000000,0.000000
7047,7551762045,1060674,0,0,1671,0,0.000000,16384,1478,60674,4,1.000000,0.000000
7048,7552823320,1061275,0,0,1622,0,0.000000,16384,1438,61275,4,1.000000,0.000000
7049,7553887108,1063788,0,0,1781,0,0.000000,16384,1612,63788,4,1.000000,0.000000
7050,7554947598,1060490,0,0,1671,0,0.000000,16384,1464,60490,4,1.000000,0.000000
7051,7556029415,1081817,0,0,1804,0,0.000000,16384,1596,81817,4,1.000000,0.000000
7052,7557094117,1064702,0,0,1664,0,0.000000,16384,1519,64702,4,1.000000,0.000000
7053,7558157482,1063365,0,0,1668,0,0.000000,16384,1461,63365,4,1.000000,0.000000
7054,7559216429,1058947,0,0,1669,0,0.000000,16384,1489,58947,4,1.000000,0.000000
7055,7560273666,1057237,0,0,1668,0,0.000000,16384,1508,57237,4,1.000000,0.000000
7056,7561334071,1060405,0,0,1665,0,0.000000,16384,1445,60405,4,1.000000,0.000000
7057,7562427229,1093158,0,0,1830,0,0.000000,16384,1646,93158,4,1.000000,0.000000
7058,7563516682,1089453,0,0,1840,0,0.000000,16384,1658,89453,4,1.000000,0.000000
7059,7564608786,1092104,0,0,1949,0,0.000000,16384,1748,92104,4,1.000000,0.000000
7060,7565691848,1083062,0,0,1794,0,0.000000,16384,1574,83062,4,1.000000,0.000000
7061,7566761870,1070022,0,0,1772,0,0.000000,16384,1559,70022,4,1.000000,0.000000
7062,7567820873,1059003,0,0,1825,0,0.000000,16384,1647,59003,4,1.000000,0.000000
7063,7568877494,1056621,0,0,1821,0,0.000000,16384,1644,56621,4,1.000000,0.000000
7064,7569933848,1056354,0,0,1806,0,0.000000,16384,1588,56354,4,1.000000,0.000000
7065,7570990223,1056375,0,0,1827,0,0.000000,16384,1608,56375,4,1.000000,0.000000
7066,7572046096,1055873,0,0,1830,0,0.000000,16384,1642,55873,4,1.000000,0.000000
7067,7573103781,1057685,0,0,1742,0,0.000000,16384,1581,57685,4,1.000000,0.000000
7068,7574160426,1056645,0,0,1816,0,0.000000,16384,1601,56645,4,1.000000,0.000000
7069,7575217504,1057078,0,0,1806,0,0.000000,16384,1586,57078,4,1.000000,0.000000
7070,7576274130,1056626,0,0,1828,0,0.000000,16384,1641,56626,4,1.000000,0.000000
7071,7577338466,1064336,0,0,1842,0,0.000000,16384,1660,64336,4,1.000000,0.000000
7072,7578394463,1055997,0,0,1829,0,0.000000,16384,1634,55997,4,1.000000,0.000000
7073,7579451759,1057296,0,0,1826,0,0.000000,16384,1605,57296,4,1.000000,0.000000
7074,7580508792,1057033,0,0,1793,0,0.000000,16384,1588,57033,4,1.000000,0.000000
7075,7581564711,1055919,0,0,1827,0,0.000000,16384,1649,55919,4,1.000000,0.000000
7076,7582620747,1056036,0,0,1829,0,0.000000,16384,1649,56036,4,1.000000,0.000000
7077,7583670398,1049651,0,0,1800,0,0.000000,16384,1580,49651,4,1.000000,0.000000
7078,7584726125,1055727,0,0,1826,0,0.000000,16384,1602,55727,4,1.000000,0.000000
7079,7585782000,1055875,0,0,1828,0,0.000000,16384,1651,55875,4,1.000000,0.000000
7080,7586838421,1056421,0,0,1828,0,0.000000,16384,1649,56421,4,1.000000,0.000000
7081,7587900130,1061709,0,0,1837,0,0.000000,16384,1629,61709,4,1.000000,0.000000
7082,7588961602,1061472,0,0,1807,0,0.000000,16384,1587,61472,4,1.000000,0.000000
7083,7590022181,1060579,0,0,1834,0,0.000000,16384,1635,60579,4,1.000000,0.000000
7084,7591079175,1056994,0,0,1819,0,0.000000,16384,1641,56994,4,1.000000,0.000000
7085,7592150857,1071682,0,0,1846,0,0.000000,16384,1659,71682,4,1.000000,0.000000
7086,7593213028,1062171,0,0,1634,0,0.000000,16384,1414,62171,4,1.000000,0.000000
7087,7594272879,1059851,0,0,1635,0,0.000000,16384,1488,59851,4,1.000000,0.000000
7088,7595330260,1057381,0,0,1662,0,0.000000,16384,1470,57381,4,1.000000,0.000000
7089,7596387312,1057052,0,0,1653,0,0.000000,16384,1463,57052,4,1.000000,0.000000
7090,7597444099,1056787,0,0,1669,0,0.000000,16384,1521,56787,4,1.000000,0.000000
7091,7598513128,1069029,0,0,1681,0,0.000000,16384,1462,69029,4,1.000000,0.000000
7092,7599570938,1057810,0,0,1658,0,0.000000,16384,1491,57810,4,1.000000,0.000000
7093,7600628445,1057507,0,0,1668,0,0.000000,16384,1495,57507,4,1.000000,0.000000
7094,7601671132,1042687,0,0,1640,0,0.000000,16384,1433,42687,4,1.000000,0.000000
7095,7602727416,1056284,0,0,1719,0,0.000000,16384,1562,56284,4,1.000000,0.000000
7096,7603783550,1056134,0,0,1825,0,0.000000,16384,1629,56134,4,1.000000,0.000000
7097,7604839336,1055786,0,0,1827,0,0.000000,16384,1607,55786,4,1.000000,0.000000
7098,7605895921,1056585,0,0,1716,0,0.000000,16384,1526,56585,4,1.000000,0.000000
7099,7606953392,1057471,0,0,1761,0,0.000000,16384,1596,57471,4,1.000000,0.000000
7100,7608010345,1056953,0,0,1827,0,0.000000,16384,1618,56953,4,1.000000,0.000000
7101,7609080300,1069955,0,0,1850,0,0.000000,16384,1630,69955,4,1.000000,0.000000
7102,7610144370,1064070,0,0,1729,0,0.000000,16384,1545,64070,4,1.000000,0.000000
7103,7611213830,1069460,0,0,1505,0,0.000000,16384,1349,69460,4,1.000000,0.000000
7104,7612282437,1068607,0,0,1477,0,0.000000,16384,1318,68607,4,1.000000,0.000000
7105,7613399949,1117512,0,0,1510,0,0.000000,16384,1337,117512,4,1.000000,0.000000
7106,7614474053,1074104,0,0,1461,0,0.000000,16384,1320,74104,4,1.000000,0.000000
7107,7615543861,1069808,0,0,1455,0,0.000000,16384,1251,69808,4,1.000000,0.000000
7108,7616609048,1065187,0,0,1429,0,0.000000,16384,1237,65187,4,1.000000,0.000000
7109,7617678382,1069334,0,0,1505,0,0.000000,16384,1367,69334,4,1.000000,0.000000
7110,7618746795,1068413,0,0,1498,0,0.000000,16384,1316,68413,4,1.000000,0.000000
7111,7619834584,1087789,0,0,1594,0,0.000000,16384,1440,87789,4,1.000000,0.000000
7112,7620894497,1059913,0,0,1541,0,0.000000,16384,1348,59913,4,1.000000,0.000000
7113,7621952945,1058448,0,0,1587,0,0.000000,16384,1443,58448,4,1.000000,0.000000
7114,7623010038,1057093,0,0,1659,0,0.000000,16384,1440,57093,4,1.000000,0.000000
7115,7624066863,1056825,0,0,1666,0,0.000000,16384,1515,56825,4,1.000000,0.000000
7116,7625124510,1057647,0,0,1655,0,0.000000,16384,1466,57647,4,1.000000,0.000000
7117,7626181104,1056594,0,0,1665,0,0.000000,16384,1470,56594,4,1.000000,0.000000
7118,7627237358,1056254,0,0,1661,0,0.000000,16384,1518,56254,4,1.000000,0.000000
7119,7628293573,1056215,0,0,1805,0,0.000000,16384,1583,56215,4,1.000000,0.000000
7120,7629350521,1056948,0,0,1828,0,0.000000,16384,1608,56948,4,1.000000,0.000000
7121,7630414945,1064424,0,0,1808,0,0.000000,16384,1629,64424,4,1.000000,0.000000
7122,7631480317,1065372,0,0,1692,0,0.000000,16384,1531,65372,4,1.000000,0.000000
7123,7632542334,1062017,0,0,1646,0,0.000000,16384,1426,62017,4,1.000000,0.000000
7124,7633601116,1058782,0,0,1571,0,0.000000,16384,1438,58782,4,1.000000,0.000000
7125,7634691976,1090860,0,0,1860,0,0.000000,16384,1653,90860,4,1.000000,0.000000
7126,7635756130,1064154,0,0,1817,0,0.000000,16384,1597,64154,4,1.000000,0.000000
7127,7636821101,1064971,0,0,1815,0,0.000000,16384,1612,64971,4,1.000000,0.000000
7128,7637885284,1064183,0,0,1802,0,0.000000,16384,1629,64183,4,1.000000,0.000000
7129,7638949325,1064041,0,0,1659,0,0.000000,16384,1471,64041,4,1.000000,0.000000
7130,7640011680,1062355,0,0,1671,0,0.000000,16384,1473,62355,4,1.000000,0.000000
7131,7641084173,1072493,0,0,1689,0,0.000000,16384,1539,72493,4,1.000000,0.000000
7132,7642141131,1056958,0,0,1663,0,0.000000,16384,1455,56958,4,1.000000,0.000000
7133,7643197370,1056239,0,0,1739,0,0.000000,16384,1547,56239,4,1.000000,0.000000
7134,7644253153,1055783,0,0,1803,0,0.000000,16384,1630,55783,4,1.000000,0.000000
7135,7645311669,1058516,0,0,1668,0,0.000000,16384,1473,58516,4,1.000000,0.000000
7136,7646398624,1086955,0,0,1940,0,0.000000,16384,1716,86955,4,1.000000,0.000000
7137,7647489248,1090624,0,0,1948,0,0.000000,16384,1724,90624,4,1.000000,0.000000
7138,7648579324,1090076,0,0,1975,0,0.000000,16384,1766,90076,4,1.000000,0.000000
7139,7649670446,1091122,0,0,1979,0,0.000000,16384,1771,91122,4,1.000000,0.000000
7140,7650708012,1037566,0,0,1888,0,0.000000,16384,1698,37566,4,1.000000,0.000000
7141,7651781295,1073283,0,0,1943,0,0.000000,16384,1741,73283,4,1.000000,0.000000
7142,7652843355,1062060,0,0,1926,0,0.000000,16384,1723,62060,4,1.000000,0.000000
7143,7653905942,1062587,0,0,1693,0,0.000000,16384,1473,62587,4,1.000000,0.000000
7144,7654965484,1059542,0,0,1822,0,0.000000,16384,1625,59542,4,1.000000,0.000000
7145,7656022853,1057369,0,0,1820,0,0.000000,16384,1643,57369,4,1.000000,0.000000
7146,7657081131,1058278,0,0,1788,0,0.000000,16384,1597,58278,4,1.000000,0.000000
7147,7658139706,1058575,0,0,1807,0,0.000000,16384,1588,58575,4,1.000000,0.000000
7148,7659195637,1055931,0,0,1817,0,0.000000,16384,1613,55931,4,1.000000,0.000000
7149,7660252111,1056474,0,0,1813,0,0.000000,16384,1637,56474,4,1.000000,0.000000
7150,7661309176,1057065,0,0,1829,0,0.000000,16384,1645,57065,4,1.000000,0.000000
7151,7662411240,1102064,0,0,1959,0,0.000000,16384,1734,102064,4,1.000000,0.000000
7152,7663501476,1090236,0,0,1957,0,0.000000,16384,1734,90236,4,1.000000,0.000000
7153,7664589674,1088198,0,0,1972,0,0.000000,16384,1751,88198,4,1.000000,0.000000
7154,7665678384,1088710,0,0,1980,0,0.000000,16384,1757,88710,4,1.000000,0.000000
7155,7666745136,1066752,0,0,1786,0,0.000000,16384,1596,66752,4,1.000000,0.000000
7156,7667804673,1059537,0,0,1833,0,0.000000,16384,1653,59537,4,1.000000,0.000000
7157,7668865211,1060538,0,0,1917,0,0.000000,16384,1723,60538,4,1.000000,0.000000
7158,7669928288,1063077,0,0,1900,0,0.000000,16384,1676,63077,4,1.000000,0.000000
7159,7670990910,1062622,0,0,1899,0,0.000000,16384,1679,62622,4,1.000000,0.000000
7160,7672053453,1062543,0,0,1902,0,0.000000,16384,1678,62543,4,1.000000,0.000000
7161,7673172813,1119360,0,0,1877,0,0.000000,16384,1683,119360,4,1.000000,0.000000
7162,7674235820,1063007,0,0,1650,0,0.000000,16384,1504,63007,4,1.000000,0.000000
7163,7675294065,1058245,0,0,1749,0,0.000000,16384,1529,58245,4,1.000000,0.000000
7164,7676350717,1056652,0,0,1828,0,0.000000,16384,1616,56652,4,1.000000,0.000000
7165,7677437000,1086283,0,0,1953,0,0.000000,16384,1750,86283,4,1.000000,0.000000
7166,7678526677,1089677,0,0,1967,0,0.000000,16384,1761,89677,4,1.000000,0.000000
7167,7679614200,1087523,0,0,1971,0,0.000000,16384,1764,87523,4,1.000000,0.000000
7168,7680701457,1087257,0,0,1977,0,0.000000,16384,1768,87257,4,1.000000,0.000000
7169,7681763756,1062299,0,0,1935,0,0.000000,16384,1736,62299,4,1.000000,0.000000
7170,7682825758,1062002,0,0,1914,0,0.000000,16384,1690,62002,4,1.000000,0.000000
7171,7683898760,1073002,0,0,1925,0,0.000000,16384,1705,73002,4,1.000000,0.000000
7172,7684960981,1062221,0,0,1914,0,0.000000,16384,1690,62221,4,1.000000,0.000000
7173,7686020251,1059270,0,0,1833,0,0.000000,16384,1639,59270,4,1.000000,0.000000
7174,7687077785,1057534,0,0,1830,0,0.000000,16384,1651,57534,4,1.000000,0.000000
7175,7688136222,1058437,0,0,1795,0,0.000000,16384,1603,58437,4,1.000000,0.000000
7176,7689194648,1058426,0,0,1724,0,0.000000,16384,1505,58426,4,1.000000,0.000000
7177,7690251669,1057021,0,0,1827,0,0.000000,16384,1637,57021,4,1.000000,0.000000
7178,7691307839,1056170,0,0,1829,0,0.000000,16384,1650,56170,4,1.000000,0.000000
7179,7692364483,1056644,0,0,1831,0,0.000000,16384,1636,56644,4,1.000000,0.000000
7180,7693430257,1065774,0,0,1744,0,0.000000,16384,1524,65774,4,1.000000,0.000000
7181,7694499541,1069284,0,0,1834,0,0.000000,16384,1634,69284,4,1.000000,0.000000
7182,7695556043,1056502,0,0,1828,0,0.000000,16384,1651,56502,4,1.000000,0.000000
7183,7696615121,1059078,0,0,1829,0,0.000000,16384,1642,59078,4,1.000000,0.000000
7184,7697671546,1056425,0,0,1806,0,0.000000,16384,1586,56425,4,1.000000,0.000000
7185,7698727836,1056290,0,0,1728,0,0.000000,16384,1530,56290,4,1.000000,0.000000
7186,7699786903,1059067,0,0,1792,0,0.000000,16384,1620,59067,4,1.000000,0.000000
7187,7700957033,1170130,0,0,1607,0,0.000000,16384,1417,170130,4,1.000000,0.000000
7188,7702023725,1066692,0,0,1488,0,0.000000,16384,1340,66692,4,1.000000,0.000000
7189,7703084786,1061061,0,0,1594,0,0.000000,16384,1406,61061,4,1.000000,0.000000
7190,7704152971,1068185,0,0,1642,0,0.000000,16384,1464,68185,4,1.000000,0.000000
7191,7705232808,1079837,0,0,1641,0,0.000000,16384,1479,79837,4,1.000000,0.000000
7192,7706290782,1057974,0,0,1649,0,0.000000,16384,1433,57974,4,1.000000,0.000000
7193,7707353302,1062520,0,0,1601,0,0.000000,16384,1469,62520,4,1.000000,0.000000
7194,7708418023,1064721,0,0,1670,0,0.000000,16384,1462,64721,4,1.000000,0.000000
7195,7709480295,1062272,0,0,1661,0,0.000000,16384,1484,62272,4,1.000000,0.000000
7196,7710539496,1059201,0,0,1667,0,0.000000,16384,1504,59201,4,1.000000,0.000000
7197,7711597860,1058364,0,0,1668,0,0.000000,16384,1447,58364,4,1.000000,0.000000
7198,7712654370,1056510,0,0,1665,0,0.000000,16384,1517,56510,4,1.000000,0.000000
7199,7713684195,1029825,0,0,1530,0,0.000000,16384,1343,29825,4,1.000000,0.000000
7200,7714746816,1062621,0,0,1565,0,0.000000,16384,1414,62621,4,1.000000,0.000000
7201,7715824803,1077987,0,0,1675,0,0.000000,16384,1486,77987,4,1.000000,0.000000
7202,7716889909,1065106,0,0,1639,0,0.000000,16384,1446,65106,4,1.000000,0.000000
7203,7718037094,1147185,0,0,1701,0,0.000000,16384,1548,147185,4,1.000000,0.000000
7204,7719101033,1063939,0,0,1541,0,0.000000,16384,1331,63939,4,1.000000,0.000000
7205,7720160074,1059041,0,0,1562,0,0.000000,16384,1432,59041,4,1.000000,0.000000
7206,7721218498,1058424,0,0,1560,0,0.000000,16384,1354,58424,4,1.000000,0.000000
7207,7722277802,1059304,0,0,1559,0,0.000000,16384,1422,59304,4,1.000000,0.000000
7208,7723334850,1057048,0,0,1557,0,0.000000,16384,1358,57048,4,1.000000,0.000000
7209,7724424876,1090026,0,0,1678,0,0.000000,16384,1510,90026,4,1.000000,0.000000
7210,7725516686,1091810,0,0,1819,0,0.000000,16384,1643,91810,4,1.000000,0.000000
7211,7726597053,1080367,0,0,1689,0,0.000000,16384,1473,80367,4,1.000000,0.000000
7212,7727691187,1094134,0,0,1850,0,0.000000,16384,1639,94134,4,1.000000,0.000000
7213,7728754655,1063468,0,0,1818,0,0.000000,16384,1642,63468,4,1.000000,0.000000
7214,7729816093,1061438,0,0,1791,0,0.000000,16384,1614,61438,4,1.000000,0.000000
7215,7730878659,1062566,0,0,1848,0,0.000000,16384,1624,62566,4,1.000000,0.000000
7216,7731940820,1062161,0,0,1902,0,0.000000,16384,1682,62161,4,1.000000,0.000000
7217,7733002942,1062122,0,0,1908,0,0.000000,16384,1694,62122,4,1.000000,0.000000
7218,7734064960,1062018,0,0,1662,0,0.000000,16384,1517,62018,4,1.000000,0.000000
7219,7735124321,1059361,0,0,1764,0,0.000000,16384,1558,59361,4,1.000000,0.000000
7220,7736181385,1057064,0,0,1732,0,0.000000,16384,1519,57064,4,1.000000,0.000000
7221,7737249932,1068547,0,0,1763,0,0.000000,16384,1598,68547,4,1.000000,0.000000
7222,7738309166,1059234,0,0,1834,0,0.000000,16384,1653,59234,4,1.000000,0.000000
7223,7739366353,1057187,0,0,1796,0,0.000000,16384,1576,57187,4,1.000000,0.000000
7224,7740423263,1056910,0,0,1809,0,0.000000,16384,1590,56910,4,1.000000,0.000000
7225,7741479605,1056342,0,0,1828,0,0.000000,16384,1650,56342,4,1.000000,0.000000
7226,7742535682,1056077,0,0,1827,0,0.000000,16384,1649,56077,4,1.000000,0.000000
7227,7743591399,1055717,0,0,1827,0,0.000000,16384,1614,55717,4,1.000000,0.000000
7228,7744646972,1055573,0,0,1826,0,0.000000,16384,1605,55573,4,1.000000,0.000000
7229,7745671114,1024142,0,0,1746,0,0.000000,16384,1568,24142,4,1.000000,0.000000
7230,7746727106,1055992,0,0,1825,0,0.000000,16384,1647,55992,4,1.000000,0.000000
7231,7747791478,1064372,0,0,1820,0,0.000000,16384,1613,64372,4,1.000000,0.000000
7232,7748848665,1057187,0,0,1697,0,0.000000,16384,1481,57187,4,1.000000,0.000000
7233,7749906198,1057533,0,0,1831,0,0.000000,16384,1652,57533,4,1.000000,0.000000
7234,7750961986,1055788,0,0,1829,0,0.000000,16384,1651,55788,4,1.000000,0.000000
7235,7752017760,1055774,0,0,1828,0,0.000000,16384,1617,55774,4,1.000000,0.000000
7236,7753073631,1055871,0,0,1829,0,0.000000,16384,1609,55871,4,1.000000,0.000000
7237,7754131009,1057378,0,0,1737,0,0.000000,16384,1557,57378,4,1.000000,0.000000
7238,7755188161,1057152,0,0,1831,0,0.000000,16384,1652,57152,4,1.000000,0.000000
7239,7756243854,1055693,0,0,1818,0,0.000000,16384,1613,55693,4,1.000000,0.000000
7240,7757298150,1054296,0,0,1662,0,0.000000,16384,1452,54296,4,1.000000,0.000000
7241,7758373089,1074939,0,0,1585,0,0.000000,16384,1455,74939,4,1.000000,0.000000
7242,7759432248,1059159,0,0,1665,0,0.000000,16384,1449,59159,4,1.000000,0.000000
7243,7760490237,1057989,0,0,1672,0,0.000000,16384,1501,57989,4,1.000000,0.000000
7244,7761549546,1059309,0,0,1658,0,0.000000,16384,1489,59309,4,1.000000,0.000000
7245,7762608265,1058719,0,0,1670,0,0.000000,16384,1454,58719,4,1.000000,0.000000
7246,7763673821,1065556,0,0,1618,0,0.000000,16384,1482,65556,4,1.000000,0.000000
7247,7764731494,1057673,0,0,1665,0,0.000000,16384,1461,57673,4,1.000000,0.000000
7248,7765788499,1057005,0,0,1669,0,0.000000,16384,1487,57005,4,1.000000,0.000000
7249,7766846197,1057698,0,0,1664,0,0.000000,16384,1506,57698,4,1.000000,0.000000
7250,7767903642,1057445,0,0,1826,0,0.000000,16384,1606,57445,4,1.000000,0.000000
7251,7768971003,1067361,0,0,1777,0,0.000000,16384,1569,67361,4,1.000000,0.000000
7252,7770028140,1057137,0,0,1697,0,0.000000,16384,1546,57137,4,1.000000,0.000000
7253,7771084505,1056365,0,0,1820,0,0.000000,16384,1614,56365,4,1.000000,0.000000
7254,7772140883,1056378,0,0,1807,0,0.000000,16384,1588,56378,4,1.000000,0.000000
7255,7773198650,1057767,0,0,1733,0,0.000000,16384,1554,57767,4,1.000000,0.000000
7256,7774261354,1062704,0,0,1598,0,0.000000,16384,1437,62704,4,1.000000,0.000000
7257,7775322591,1061237,0,0,1756,0,0.000000,16384,1536,61237,4,1.000000,0.000000
7258,7776380874,1058283,0,0,1824,0,0.000000,16384,1637,58283,4,1.000000,0.000000
7259,7777437545,1056671,0,0,1821,0,0.000000,16384,1644,56671,4,1.000000,0.000000
7260,7778502282,1064737,0,0,1521,0,0.000000,16384,1325,64737,4,1.000000,0.000000
7261,7779599960,1097678,0,0,1619,0,0.000000,16384,1468,97678,4,1.000000,0.000000
7262,7780660861,1060901,0,0,1562,0,0.000000,16384,1377,60901,4,1.000000,0.000000
7263,7781671832,1010971,0,0,1733,0,0.000000,16384,1540,10971,4,1.000000,0.000000
7264,7782729334,1057502,0,0,1815,0,0.000000,16384,1639,57502,4,1.000000,0.000000
7265,7783785883,1056549,0,0,1747,0,0.000000,16384,1552,56549,4,1.000000,0.000000
7266,7784841979,1056096,0,0,1827,0,0.000000,16384,1607,56096,4,1.000000,0.000000
7267,7785897962,1055983,0,0,1827,0,0.000000,16384,1630,55983,4,1.000000,0.000000
7268,7786956756,1058794,0,0,1829,0,0.000000,16384,1650,58794,4,1.000000,0.000000
7269,7788013745,1056989,0,0,1673,0,0.000000,16384,1485,56989,4,1.000000,0.000000
7270,7789073502,1059757,0,0,1810,0,0.000000,16384,1590,59757,4,1.000000,0.000000
7271,7790143504,1070002,0,0,1852,0,0.000000,16384,1660,70002,4,1.000000,0.000000
7272,7791200545,1057041,0,0,1831,0,0.000000,16384,1652,57041,4,1.000000,0.000000
7273,7792256833,1056288,0,0,1812,0,0.000000,16384,1619,56288,4,1.000000,0.000000
7274,7793312711,1055878,0,0,1827,0,0.000000,16384,1607,55878,4,1.000000,0.000000
7275,7794370882,1058171,0,0,1721,0,0.000000,16384,1531,58171,4,1.000000,0.000000
7276,7795427868,1056986,0,0,1817,0,0.000000,16384,1641,56986,4,1.000000,0.000000
7277,7796484274,1056406,0,0,1819,0,0.000000,16384,1621,56406,4,1.000000,0.000000
7278,7797541346,1057072,0,0,1830,0,0.000000,16384,1610,57072,4,1.000000,0.000000
7279,7798597687,1056341,0,0,1821,0,0.000000,16384,1613,56341,4,1.000000,0.000000
7280,7799654790,1057103,0,0,1827,0,0.000000,16384,1649,57103,4,1.000000,0.000000
7281,7800675111,1020321,0,0,1646,0,0.000000,16384,1468,20321,4,1.000000,0.000000
7282,7801739026,1063915,0,0,1823,0,0.000000,16384,1603,63915,4,1.000000,0.000000
7283,7802801690,1062664,0,0,1783,0,0.000000,16384,1597,62664,4,1.000000,0.000000
7284,7803859994,1058304,0,0,1819,0,0.000000,16384,1644,58304,4,1.000000,0.000000
7285,7804917214,1057220,0,0,1828,0,0.000000,16384,1625,57220,4,1.000000,0.000000
7286,7805973634,1056420,0,0,1825,0,0.000000,16384,1604,56420,4,1.000000,0.000000
7287,7807030505,1056871,0,0,1765,0,0.000000,16384,1572,56871,4,1.000000,0.000000
7288,7808086455,1055950,0,0,1816,0,0.000000,16384,1641,55950,4,1.000000,0.000000
7289,7809143766,1057311,0,0,1815,0,0.000000,16384,1620,57311,4,1.000000,0.000000
7290,7810201376,1057610,0,0,1806,0,0.000000,16384,1586,57610,4,1.000000,0.000000
7291,7811267868,1066492,0,0,1843,0,0.000000,16384,1633,66492,4,1.000000,0.000000
7292,7812324141,1056273,0,0,1816,0,0.000000,16384,1640,56273,4,1.000000,0.000000
7293,7813382015,1057874,0,0,1827,0,0.000000,16384,1649,57874,4,1.000000,0.000000
7294,7814442228,1060213,0,0,1685,0,0.000000,16384,1465,60213,4,1.000000,0.000000
7295,7815500639,1058411,0,0,1830,0,0.000000,16384,1628,58411,4,1.000000,0.000000
7296,7816557208,1056569,0,0,1828,0,0.000000,16384,1649,56569,4,1.000000,0.000000
7297,7817613777,1056569,0,0,1830,0,0.000000,16384,1647,56569,4,1.000000,0.000000
7298,7818677314,1063537,0,0,1676,0,0.000000,16384,1455,63537,4,1.000000,0.000000
7299,7819738016,1060702,0,0,1803,0,0.000000,16384,1614,60702,4,1.000000,0.000000
7300,7820795166,1057150,0,0,1668,0,0.000000,16384,1518,57150,4,1.000000,0.000000
7301,7821869593,1074427,0,0,1679,0,0.000000,16384,1459,74427,4,1.000000,0.000000
7302,7822928356,1058763,0,0,1822,0,0.000000,16384,1626,58763,4,1.000000,0.000000
7303,7823985934,1057578,0,0,1806,0,0.000000,16384,1632,57578,4,1.000000,0.000000
7304,7825042227,1056293,0,0,1829,0,0.000000,16384,1635,56293,4,1.000000,0.000000
7305,7826099828,1057601,0,0,1824,0,0.000000,16384,1604,57601,4,1.000000,0.000000
7306,7827156655,1056827,0,0,1831,0,0.000000,16384,1615,56827,4,1.000000,0.000000
7307,7828212600,1055945,0,0,1800,0,0.000000,16384,1569,55945,4,1.000000,0.000000
7308,7829269277,1056677,0,0,1817,0,0.000000,16384,1600,56677,4,1.000000,0.000000
7309,7830325764,1056487,0,0,1800,0,0.000000,16384,1627,56487,4,1.000000,0.000000
7310,7831382497,1056733,0,0,1815,0,0.000000,16384,1641,56733,4,1.000000,0.000000
7311,7832454743,1072246,0,0,1845,0,0.000000,16384,1621,72246,4,1.000000,0.000000
7312,7833510928,1056185,0,0,1817,0,0.000000,16384,1597,56185,4,1.000000,0.000000
7313,7834568156,1057228,0,0,1748,0,0.000000,16384,1576,57228,4,1.000000,0.000000
7314,7835624862,1056706,0,0,1829,0,0.000000,16384,1650,56706,4,1.000000,0.000000
7315,7836679983,1055121,0,0,1743,0,0.000000,16384,1534,55121,4,1.000000,0.000000
7316,7837743936,1063953,0,0,1776,0,0.000000,16384,1562,63953,4,1.000000,0.000000
7317,7838801909,1057973,0,0,1829,0,0.000000,16384,1651,57973,4,1.000000,0.000000
7318,7839862797,1060888,0,0,1793,0,0.000000,16384,1621,60888,4,1.000000,0.000000
7319,7840923592,1060795,0,0,1835,0,0.000000,16384,1611,60795,4,1.000000,0.000000
7320,7841980483,1056891,0,0,1826,0,0.000000,16384,1606,56891,4,1.000000,0.000000
7321,7843045026,1064543,0,0,1844,0,0.000000,16384,1655,64543,4,1.000000,0.000000
7322,7844101671,1056645,0,0,1819,0,0.000000,16384,1642,56645,4,1.000000,0.000000
7323,7845157864,1056193,0,0,1826,0,0.000000,16384,1628,56193,4,1.000000,0.000000
7324,7846215657,1057793,0,0,1821,0,0.000000,16384,1601,57793,4,1.000000,0.000000
7325,7847272004,1056347,0,0,1827,0,0.000000,16384,1618,56347,4,1.000000,0.000000
7326,7848329842,1057838,0,0,1793,0,0.000000,16384,1623,57838,4,1.000000,0.000000
7327,7849386984,1057142,0,0,1828,0,0.000000,16384,1643,57142,4,1.000000,0.000000
7328,7850442966,1055982,0,0,1826,0,0.000000,16384,1606,55982,4,1.000000,0.000000
7329,7851498941,1055975,0,0,1826,0,0.000000,16384,1602,55975,4,1.000000,0.000000
7330,7852554836,1055895,0,0,1759,0,0.000000,16384,1595,55895,4,1.000000,0.000000
7331,7853617318,1062482,0,0,1837,0,0.000000,16384,1657,62482,4,1.000000,0.000000
7332,7854674326,1057008,0,0,1705,0,0.000000,16384,1488,57008,4,1.000000,0.000000
7333,7855733639,1059313,0,0,1831,0,0.000000,16384,1621,59313,4,1.000000,0.000000
7334,7856790966,1057327,0,0,1802,0,0.000000,16384,1629,57327,4,1.000000,0.000000
7335,7857847687,1056721,0,0,1822,0,0.000000,16384,1641,56721,4,1.000000,0.000000
7336,7858904961,1057274,0,0,1826,0,0.000000,16384,1605,57274,4,1.000000,0.000000
7337,7859961637,1056676,0,0,1814,0,0.000000,16384,1592,56676,4,1.000000,0.000000
7338,7861017673,1056036,0,0,1806,0,0.000000,16384,1632,56036,4,1.000000,0.000000
7339,7862073829,1056156,0,0,1827,0,0.000000,16384,1649,56156,4,1.000000,0.000000
7340,7863129851,1056022,0,0,1827,0,0.000000,16384,1615,56022,4,1.000000,0.000000
7341,7864192796,1062945,0,0,1836,0,0.000000,16384,1616,62945,4,1.000000,0.000000
7342,7865248757,1055961,0,0,1806,0,0.000000,16384,1612,55961,4,1.000000,0.000000
7343,7866306290,1057533,0,0,1771,0,0.000000,16384,1604,57533,4,1.000000,0.000000
7344,7867363008,1056718,0,0,1826,0,0.000000,16384,1623,56718,4,1.000000,0.000000
7345,7868419468,1056460,0,0,1816,0,0.000000,16384,1596,56460,4,1.000000,0.000000
7346,7869475926,1056458,0,0,1826,0,0.000000,16384,1623,56458,4,1.000000,0.000000
7347,7870532124,1056198,0,0,1827,0,0.000000,16384,1649,56198,4,1.000000,0.000000
7348,7871588049,1055925,0,0,1827,0,0.000000,16384,1644,55925,4,1.000000,0.000000
7349,7872644133,1056084,0,0,1826,0,0.000000,16384,1606,56084,4,1.000000,0.000000
7350,7873670361,1026228,0,0,1771,0,0.000000,16384,1557,26228,4,1.000000,0.000000
7351,7874732243,1061882,0,0,1747,0,0.000000,16384,1585,61882,4,1.000000,0.000000
7352,7875790022,1057779,0,0,1813,0,0.000000,16384,1625,57779,4,1.000000,0.000000
7353,7876846052,1056030,0,0,1820,0,0.000000,16384,1600,56030,4,1.000000,0.000000
7354,7877902226,1056174,0,0,1827,0,0.000000,16384,1611,56174,4,1.000000,0.000000
7355,7878958340,1056114,0,0,1807,0,0.000000,16384,1633,56114,4,1.000000,0.000000
7356,7880014420,1056080,0,0,1828,0,0.000000,16384,1649,56080,4,1.000000,0.000000
7357,7881070164,1055744,0,0,1826,0,0.000000,16384,1607,55744,4,1.000000,0.000000
7358,7882125882,1055718,0,0,1810,0,0.000000,16384,1590,55718,4,1.000000,0.000000
7359,7883182223,1056341,0,0,1814,0,0.000000,16384,1631,56341,4,1.000000,0.000000
7360,7884238002,1055779,0,0,1815,0,0.000000,16384,1640,55779,4,1.000000,0.000000
7361,7885307550,1069548,0,0,1850,0,0.000000,16384,1644,69548,4,1.000000,0.000000
7362,7886364099,1056549,0,0,1814,0,0.000000,16384,1594,56549,4,1.000000,0.000000
7363,7887421171,1057072,0,0,1782,0,0.000000,16384,1586,57072,4,1.000000,0.000000
7364,7888477400,1056229,0,0,1735,0,0.000000,16384,1576,56229,4,1.000000,0.000000
7365,7889537782,1060382,0,0,1832,0,0.000000,16384,1623,60382,4,1.000000,0.000000
7366,7890600852,1063070,0,0,1790,0,0.000000,16384,1570,63070,4,1.000000,0.000000
7367,7891672940,1072088,0,0,1537,0,0.000000,16384,1402,72088,4,1.000000,0.000000
7368,7892735911,1062971,0,0,1667,0,0.000000,16384,1466,62971,4,1.000000,0.000000
7369,7893793657,1057746,0,0,1665,0,0.000000,16384,1480,57746,4,1.000000,0.000000
7370,7894853221,1059564,0,0,1654,0,0.000000,16384,1499,59564,4,1.000000,0.000000
7371,7895923315,1070094,0,0,1852,0,0.000000,16384,1631,70094,4,1.000000,0.000000
7372,7896980429,1057114,0,0,1829,0,0.000000,16384,1606,57114,4,1.000000,0.000000
7373,7898036928,1056499,0,0,1828,0,0.000000,16384,1650,56499,4,1.000000,0.000000
7374,7899092815,1055887,0,0,1828,0,0.000000,16384,1649,55887,4,1.000000,0.000000
7375,7900149555,1056740,0,0,1791,0,0.000000,16384,1584,56740,4,1.000000,0.000000
7376,7901205963,1056408,0,0,1799,0,0.000000,16384,1578,56408,4,1.000000,0.000000
7377,7902262035,1056072,0,0,1819,0,0.000000,16384,1634,56072,4,1.000000,0.000000
7378,7903318803,1056768,0,0,1729,0,0.000000,16384,1570,56768,4,1.000000,0.000000
7379,7904375941,1057138,0,0,1658,0,0.000000,16384,1443,57138,4,1.000000,0.000000
7380,7905433123,1057182,0,0,1806,0,0.000000,16384,1609,57182,4,1.000000,0.000000
7381,7906494642,1061519,0,0,1839,0,0.000000,16384,1658,61519,4,1.000000,0.000000
7382,7907550700,1056058,0,0,1704,0,0.000000,16384,1518,56058,4,1.000000,0.000000
7383,7908607111,1056411,0,0,1814,0,0.000000,16384,1594,56411,4,1.000000,0.000000
7384,7909662703,1055592,0,0,1826,0,0.000000,16384,1632,55592,4,1.000000,0.000000
7385,7910670543,1007840,0,0,1743,0,0.000000,16384,1581,7840,4,1.000000,0.000000
7386,7911726648,1056105,0,0,1826,0,0.000000,16384,1618,56105,4,1.000000,0.000000
7387,7912782514,1055866,0,0,1825,0,0.000000,16384,1605,55866,4,1.000000,0.000000
7388,7913838286,1055772,0,0,1830,0,0.000000,16384,1630,55772,4,1.000000,0.000000
7389,7914894273,1055987,0,0,1725,0,0.000000,16384,1567,55987,4,1.000000,0.000000
7390,7915951145,1056872,0,0,1786,0,0.000000,16384,1580,56872,4,1.000000,0.000000
7391,7917011990,1060845,0,0,1716,0,0.000000,16384,1503,60845,4,1.000000,0.000000
7392,7918068871,1056881,0,0,1809,0,0.000000,16384,1634,56881,4,1.000000,0.000000
7393,7919214963,1146092,0,0,1838,0,0.000000,16384,1658,146092,4,1.000000,0.000000
7394,7920279653,1064690,0,0,1722,0,0.000000,16384,1510,64690,4,1.000000,0.000000
7395,7921337270,1057617,0,0,1819,0,0.000000,16384,1603,57617,4,1.000000,0.000000
7396,7922393946,1056676,0,0,1820,0,0.000000,16384,1643,56676,4,1.000000,0.000000
7397,7923451394,1057448,0,0,1830,0,0.000000,16384,1651,57448,4,1.000000,0.000000
7398,7924507281,1055887,0,0,1813,0,0.000000,16384,1597,55887,4,1.000000,0.000000
7399,7925563085,1055804,0,0,1825,0,0.000000,16384,1605,55804,4,1.000000,0.000000
7400,7926619619,1056534,0,0,1829,0,0.000000,16384,1639,56534,4,1.000000,0.000000
7401,7927671503,1051884,0,0,1800,0,0.000000,16384,1628,51884,4,1.000000,0.000000
7402,7928727523,1056020,0,0,1819,0,0.000000,16384,1617,56020,4,1.000000,0.000000
7403,7929783963,1056440,0,0,1788,0,0.000000,16384,1568,56440,4,1.000000,0.000000
7404,7930840264,1056301,0,0,1800,0,0.000000,16384,1609,56301,4,1.000000,0.000000
7405,7931896277,1056013,0,0,1818,0,0.000000,16384,1642,56013,4,1.000000,0.000000
7406,7932952229,1055952,0,0,1817,0,0.000000,16384,1620,55952,4,1.000000,0.000000
7407,7934007976,1055747,0,0,1823,0,0.000000,16384,1602,55747,4,1.000000,0.000000
7408,7935065647,1057671,0,0,1743,0,0.000000,16384,1551,57671,4,1.000000,0.000000
7409,7936122374,1056727,0,0,1818,0,0.000000,16384,1643,56727,4,1.000000,0.000000
7410,7937178360,1055986,0,0,1826,0,0.000000,16384,1630,55986,4,1.000000,0.000000
7411,7938249000,1070640,0,0,1838,0,0.000000,16384,1618,70640,4,1.000000,0.000000
7412,7939310531,1061531,0,0,1829,0,0.000000,16384,1614,61531,4,1.000000,0.000000
7413,7940371506,1060975,0,0,1825,0,0.000000,16384,1647,60975,4,1.000000,0.000000
7414,7941428397,1056891,0,0,1830,0,0.000000,16384,1651,56891,4,1.000000,0.000000
7415,7942484612,1056215,0,0,1829,0,0.000000,16384,1613,56215,4,1.000000,0.000000
7416,7943540781,1056169,0,0,1808,0,0.000000,16384,1588,56169,4,1.000000,0.000000
7417,7944596580,1055799,0,0,1826,0,0.000000,16384,1638,55799,4,1.000000,0.000000
7418,7945654045,1057465,0,0,1824,0,0.000000,16384,1646,57465,4,1.000000,0.000000
7419,7946670823,1016778,0,0,1756,0,0.000000,16384,1558,16778,4,1.000000,0.000000
7420,7947727439,1056616,0,0,1822,0,0.000000,16384,1602,56616,4,1.000000,0.000000
7421,7948792533,1065094,0,0,1828,0,0.000000,16384,1633,65094,4,1.000000,0.000000
7422,7949848686,1056153,0,0,1829,0,0.000000,16384,1650,56153,4,1.000000,0.000000
7423,7950905110,1056424,0,0,1830,0,0.000000,16384,1640,56424,4,1.000000,0.000000
7424,7951960937,1055827,0,0,1829,0,0.000000,16384,1608,55827,4,1.000000,0.000000
7425,7953016987,1056050,0,0,1829,0,0.000000,16384,1611,56050,4,1.000000,0.000000
7426,7954073071,1056084,0,0,1829,0,0.000000,16384,1650,56084,4,1.000000,0.000000
7427,7955130090,1057019,0,0,1737,0,0.000000,16384,1571,57019,4,1.000000,0.000000
7428,7956187464,1057374,0,0,1769,0,0.000000,16384,1549,57374,4,1.000000,0.000000
7429,7957243632,1056168,0,0,1796,0,0.000000,16384,1590,56168,4,1.000000,0.000000
7430,7958300018,1056386,0,0,1826,0,0.000000,16384,1648,56386,4,1.000000,0.000000
7431,7959362487,1062469,0,0,1839,0,0.000000,16384,1659,62469,4,1.000000,0.000000
7432,7960419717,1057230,0,0,1814,0,0.000000,16384,1590,57230,4,1.000000,0.000000
7433,7961476236,1056519,0,0,1824,0,0.000000,16384,1604,56519,4,1.000000,0.000000
7434,7962537041,1060805,0,0,1831,0,0.000000,16384,1648,60805,4,1.000000,0.000000
7435,7963599183,1062142,0,0,1822,0,0.000000,16384,1645,62142,4,1.000000,0.000000
7436,7964656055,1056872,0,0,1815,0,0.000000,16384,1611,56872,4,1.000000,0.000000
7437,7965670662,1014607,0,0,1749,0,0.000000,16384,1529,14607,4,1.000000,0.000000
7438,7966728751,1058089,0,0,1750,0,0.000000,16384,1579,58089,4,1.000000,0.000000
7439,7967786277,1057526,0,0,1829,0,0.000000,16384,1651,57526,4,1.000000,0.000000
7440,7968842522,1056245,0,0,1828,0,0.000000,16384,1613,56245,4,1.000000,0.000000
7441,7969908175,1065653,0,0,1820,0,0.000000,16384,1600,65653,4,1.000000,0.000000
7442,7970964621,1056446,0,0,1826,0,0.000000,16384,1634,56446,4,1.000000,0.000000
7443,7972020606,1055985,0,0,1826,0,0.000000,16384,1648,55985,4,1.000000,0.000000
7444,7973076225,1055619,0,0,1826,0,0.000000,16384,1631,55619,4,1.000000,0.000000
7445,7974132209,1055984,0,0,1825,0,0.000000,16384,1606,55984,4,1.000000,0.000000
7446,7975190901,1058692,0,0,1696,0,0.000000,16384,1509,58692,4,1.000000,0.000000
7447,7976248770,1057869,0,0,1827,0,0.000000,16384,1648,57869,4,1.000000,0.000000
7448,7977305253,1056483,0,0,1827,0,0.000000,16384,1629,56483,4,1.000000,0.000000
7449,7978361537,1056284,0,0,1827,0,0.000000,16384,1607,56284,4,1.000000,0.000000
7450,7979417667,1056130,0,0,1826,0,0.000000,16384,1616,56130,4,1.000000,0.000000
7451,7980481304,1063637,0,0,1840,0,0.000000,16384,1660,63637,4,1.000000,0.000000
7452,7981537194,1055890,0,0,1825,0,0.000000,16384,1647,55890,4,1.000000,0.000000
7453,7982593402,1056208,0,0,1807,0,0.000000,16384,1587,56208,4,1.000000,0.000000
7454,7983649177,1055775,0,0,1823,0,0.000000,16384,1603,55775,4,1.000000,0.000000
7455,7984670481,1021304,0,0,1762,0,0.000000,16384,1591,21304,4,1.000000,0.000000
7456,7985726614,1056133,0,0,1812,0,0.000000,16384,1636,56133,4,1.000000,0.000000
7457,7986782494,1055880,0,0,1826,0,0.000000,16384,1609,55880,4,1.000000,0.000000
7458,7987838883,1056389,0,0,1743,0,0.000000,16384,1528,56389,4,1.000000,0.000000
7459,7988894778,1055895,0,0,1780,0,0.000000,16384,1611,55895,4,1.000000,0.000000
7460,7989955137,1060359,0,0,1826,0,0.000000,16384,1649,60359,4,1.000000,0.000000
7461,7991035655,1080518,0,0,1863,0,0.000000,16384,1640,80518,4,1.000000,0.000000
7462,7992093157,1057502,0,0,1829,0,0.000000,16384,1609,57502,4,1.000000,0.000000
7463,7993149244,1056087,0,0,1826,0,0.000000,16384,1633,56087,4,1.000000,0.000000
7464,7994207198,1057954,0,0,1829,0,0.000000,16384,1649,57954,4,1.000000,0.000000
7465,7995264485,1057287,0,0,1691,0,0.000000,16384,1500,57287,4,1.000000,0.000000
7466,7996321925,1057440,0,0,1663,0,0.000000,16384,1465,57440,4,1.000000,0.000000
7467,7997379115,1057190,0,0,1766,0,0.000000,16384,1600,57190,4,1.000000,0.000000
7468,7998435914,1056799,0,0,1828,0,0.000000,16384,1632,56799,4,1.000000,0.000000
7469,7999493273,1057359,0,0,1827,0,0.000000,16384,1607,57359,4,1.000000,0.000000
7470,8000550306,1057033,0,0,1829,0,0.000000,16384,1616,57033,4,1.000000,0.000000
7471,8001612991,1062685,0,0,1835,0,0.000000,16384,1656,62685,4,1.000000,0.000000
7472,8002670588,1057597,0,0,1824,0,0.000000,16384,1646,57597,4,1.000000,0.000000
7473,8003751663,1081075,0,0,1847,0,0.000000,16384,1629,81075,4,1.000000,0.000000
7474,8004807733,1056070,0,0,1826,0,0.000000,16384,1605,56070,4,1.000000,0.000000
7475,8005863828,1056095,0,0,1824,0,0.000000,16384,1632,56095,4,1.000000,0.000000
7476,8006919881,1056053,0,0,1827,0,0.000000,16384,1648,56053,4,1.000000,0.000000
7477,8007976354,1056473,0,0,1667,0,0.000000,16384,1475,56473,4,1.000000,0.000000
7478,8009032302,1055948,0,0,1769,0,0.000000,16384,1555,55948,4,1.000000,0.000000
7479,8010088725,1056423,0,0,1804,0,0.000000,16384,1630,56423,4,1.000000,0.000000
7480,8011144553,1055828,0,0,1805,0,0.000000,16384,1633,55828,4,1.000000,0.000000
7481,8012204164,1059611,0,0,1818,0,0.000000,16384,1594,59611,4,1.000000,0.000000
7482,8013259713,1055549,0,0,1823,0,0.000000,16384,1603,55549,4,1.000000,0.000000
7483,8014315868,1056155,0,0,1825,0,0.000000,16384,1642,56155,4,1.000000,0.000000
7484,8015373316,1057448,0,0,1741,0,0.000000,16384,1581,57448,4,1.000000,0.000000
7485,8016430211,1056895,0,0,1827,0,0.000000,16384,1606,56895,4,1.000000,0.000000
7486,8017486890,1056679,0,0,1828,0,0.000000,16384,1608,56679,4,1.000000,0.000000
7487,8018542962,1056072,0,0,1825,0,0.000000,16384,1637,56072,4,1.000000,0.000000
7488,8019602202,1059240,0,0,1784,0,0.000000,16384,1615,59240,4,1.000000,0.000000
7489,8020663602,1061400,0,0,1716,0,0.000000,16384,1513,61400,4,1.000000,0.000000
7490,8021726932,1063330,0,0,1698,0,0.000000,16384,1499,63330,4,1.000000,0.000000
7491,8022797793,1070861,0,0,1844,0,0.000000,16384,1662,70861,4,1.000000,0.000000
7492,8023856033,1058240,0,0,1829,0,0.000000,16384,1646,58240,4,1.000000,0.000000
7493,8024913183,1057150,0,0,1826,0,0.000000,16384,1606,57150,4,1.000000,0.000000
7494,8025969229,1056046,0,0,1805,0,0.000000,16384,1583,56046,4,1.000000,0.000000
7495,8027024995,1055766,0,0,1829,0,0.000000,16384,1651,55766,4,1.000000,0.000000
7496,8028080828,1055833,0,0,1811,0,0.000000,16384,1637,55833,4,1.000000,0.000000
7497,8029137362,1056534,0,0,1740,0,0.000000,16384,1530,56534,4,1.000000,0.000000
7498,8030193112,1055750,0,0,1713,0,0.000000,16384,1513,55750,4,1.000000,0.000000
7499,8031248867,1055755,0,0,1808,0,0.000000,16384,1633,55755,4,1.000000,0.000000
7500,8032304565,1055698,0,0,1826,0,0.000000,16384,1637,55698,4,1.000000,0.000000
7501,8033364920,1060355,0,0,1833,0,0.000000,16384,1547,60355,4,1.000000,0.000000
7502,8034420980,1056060,0,0,1848,0,0.000000,16384,1315,56060,4,1.000000,0.000000
7503,8035478231,1057251,0,0,1753,0,0.000000,16384,1246,57251,4,1.000000,0.000000
7504,8036534596,1056365,0,0,1851,0,0.000000,16384,1317,56365,4,1.000000,0.000000
7505,8037591095,1056499,0,0,1732,0,0.000000,16384,1232,56499,4,1.000000,0.000000
7506,8038648136,1057041,0,0,1852,0,0.000000,16384,1318,57041,4,1.000000,0.000000
7507,8039675985,1027849,0,0,1778,0,0.000000,16384,1264,27849,4,1.000000,0.000000
7508,8040736854,1060869,0,0,1858,0,0.000000,16384,1322,60869,4,1.000000,0.000000
7509,8041793681,1056827,0,0,1851,0,0.000000,16384,1321,56827,4,1.000000,0.000000
7510,8042849941,1056260,0,0,1825,0,0.000000,16384,1623,56260,4,1.000000,0.000000
7511,8043923420,1073479,0,0,1853,0,0.000000,16384,1634,73479,4,1.000000,0.000000
7512,8045019755,1096335,0,0,1622,0,0.000000,16384,1451,96335,4,1.000000,0.000000
7513,8046085810,1066055,0,0,1521,0,0.000000,16384,1356,66055,4,1.000000,0.000000
7514,8047146343,1060533,0,0,1669,0,0.000000,16384,1477,60533,4,1.000000,0.000000
7515,8048209275,1062932,0,0,1664,0,0.000000,16384,1516,62932,4,1.000000,0.000000
7516,8049268993,1059718,0,0,1670,0,0.000000,16384,1450,59718,4,1.000000,0.000000
7517,8050326536,1057543,0,0,1666,0,0.000000,16384,1502,57543,4,1.000000,0.000000
7518,8051382984,1056448,0,0,1667,0,0.000000,16384,1491,56448,4,1.000000,0.000000
7519,8052476024,1093040,0,0,1836,0,0.000000,16384,1616,93040,4,1.000000,0.000000
7520,8053568386,1092362,0,0,1847,0,0.000000,16384,1641,92362,4,1.000000,0.000000
7521,8054683190,1114804,0,0,1900,0,0.000000,16384,1707,114804,4,1.000000,0.000000
7522,8055746591,1063401,0,0,1722,0,0.000000,16384,1557,63401,4,1.000000,0.000000
7523,8056810109,1063518,0,0,1908,0,0.000000,16384,1683,63518,4,1.000000,0.000000
7524,8057871894,1061785,0,0,1820,0,0.000000,16384,1600,61785,4,1.000000,0.000000
7525,8058931282,1059388,0,0,1829,0,0.000000,16384,1639,59388,4,1.000000,0.000000
7526,8059990529,1059247,0,0,1826,0,0.000000,16384,1648,59247,4,1.000000,0.000000
7527,8061079174,1088645,0,0,1866,0,0.000000,16384,1671,88645,4,1.000000,0.000000
7528,8062144236,1065062,0,0,1609,0,0.000000,16384,1389,65062,4,1.000000,0.000000
7529,8063205243,1061007,0,0,1662,0,0.000000,16384,1517,61007,4,1.000000,0.000000
7530,8064262685,1057442,0,0,1752,0,0.000000,16384,1557,57442,4,1.000000,0.000000
7531,8065335499,1072814,0,0,1853,0,0.000000,16384,1633,72814,4,1.000000,0.000000
7532,8066396504,1061005,0,0,1767,0,0.000000,16384,1576,61005,4,1.000000,0.000000
7533,8067453654,1057150,0,0,1681,0,0.000000,16384,1532,57150,4,1.000000,0.000000
7534,8068509761,1056107,0,0,1828,0,0.000000,16384,1604,56107,4,1.000000,0.000000
7535,8069595933,1086172,0,0,1967,0,0.000000,16384,1746,86172,4,1.000000,0.000000
7536,8070688539,1092606,0,0,1985,0,0.000000,16384,1762,92606,4,1.000000,0.000000
7537,8071709020,1020481,0,0,1849,0,0.000000,16384,1646,20481,4,1.000000,0.000000
7538,8072771628,1062608,0,0,1909,0,0.000000,16384,1715,62608,4,1.000000,0.000000
7539,8073833893,1062265,0,0,1917,0,0.000000,16384,1721,62265,4,1.000000,0.000000
7540,8074895898,1062005,0,0,1922,0,0.000000,16384,1725,62005,4,1.000000,0.000000
7541,8075965098,1069200,0,0,1758,0,0.000000,16384,1540,69200,4,1.000000,0.000000
7542,8077024896,1059798,0,0,1832,0,0.000000,16384,1612,59798,4,1.000000,0.000000
7543,8078081849,1056953,0,0,1830,0,0.000000,16384,1651,56953,4,1.000000,0.000000
7544,8079138073,1056224,0,0,1820,0,0.000000,16384,1644,56224,4,1.000000,0.000000
7545,8080194955,1056882,0,0,1817,0,0.000000,16384,1604,56882,4,1.000000,0.000000
7546,8081251602,1056647,0,0,1827,0,0.000000,16384,1606,56647,4,1.000000,0.000000
7547,8082307425,1055823,0,0,1827,0,0.000000,16384,1634,55823,4,1.000000,0.000000
7548,8083363821,1056396,0,0,1826,0,0.000000,16384,1648,56396,4,1.000000,0.000000
7549,8084419932,1056111,0,0,1829,0,0.000000,16384,1637,56111,4,1.000000,0.000000
7550,8085475751,1055819,0,0,1825,0,0.000000,16384,1605,55819,4,1.000000,0.000000
7551,8086541605,1065854,0,0,1818,0,0.000000,16384,1604,65854,4,1.000000,0.000000
7552,8087597944,1056339,0,0,1794,0,0.000000,16384,1622,56339,4,1.000000,0.000000
7553,8088653708,1055764,0,0,1732,0,0.000000,16384,1554,55764,4,1.000000,0.000000
7554,8089676019,1022311,0,0,1753,0,0.000000,16384,1533,22311,4,1.000000,0.000000
7555,8090738580,1062561,0,0,1839,0,0.000000,16384,1641,62561,4,1.000000,0.000000
7556,8091796141,1057561,0,0,1803,0,0.000000,16384,1629,57561,4,1.000000,0.000000
7557,8092852781,1056640,0,0,1826,0,0.000000,16384,1634,56640,4,1.000000,0.000000
7558,8093908804,1056023,0,0,1829,0,0.000000,16384,1608,56023,4,1.000000,0.000000
7559,8094967509,1058705,0,0,1713,0,0.000000,16384,1521,58705,4,1.000000,0.000000
7560,8096029212,1061703,0,0,1596,0,0.000000,16384,1449,61703,4,1.000000,0.000000
7561,8097112553,1083341,0,0,1596,0,0.000000,16384,1385,83341,4,1.000000,0.000000
7562,8098171765,1059212,0,0,1606,0,0.000000,16384,1472,59212,4,1.000000,0.000000
7563,8099229593,1057828,0,0,1686,0,0.000000,16384,1475,57828,4,1.000000,0.000000
7564,8100287642,1058049,0,0,1826,0,0.000000,16384,1615,58049,4,1.000000,0.000000
7565,8101344284,1056642,0,0,1827,0,0.000000,16384,1649,56642,4,1.000000,0.000000
7566,8102400479,1056195,0,0,1828,0,0.000000,16384,1650,56195,4,1.000000,0.000000
7567,8103456804,1056325,0,0,1816,0,0.000000,16384,1595,56325,4,1.000000,0.000000
7568,8104512848,1056044,0,0,1807,0,0.000000,16384,1587,56044,4,1.000000,0.000000
7569,8105568868,1056020,0,0,1820,0,0.000000,16384,1640,56020,4,1.000000,0.000000
7570,8106624725,1055857,0,0,1830,0,0.000000,16384,1651,55857,4,1.000000,0.000000
7571,8107671496,1046771,0,0,1779,0,0.000000,16384,1574,46771,4,1.000000,0.000000
7572,8108727511,1056015,0,0,1829,0,0.000000,16384,1609,56015,4,1.000000,0.000000
7573,8109783382,1055871,0,0,1826,0,0.000000,16384,1633,55871,4,1.000000,0.000000
7574,8110843175,1059793,0,0,1824,0,0.000000,16384,1646,59793,4,1.000000,0.000000
7575,8111904141,1060966,0,0,1800,0,0.000000,16384,1607,60966,4,1.000000,0.000000
7576,8112961093,1056952,0,0,1791,0,0.000000,16384,1571,56952,4,1.000000,0.000000
7577,8114017055,1055962,0,0,1825,0,0.000000,16384,1623,55962,4,1.000000,0.000000
7578,8115073070,1056015,0,0,1828,0,0.000000,16384,1649,56015,4,1.000000,0.000000
7579,8116130430,1057360,0,0,1742,0,0.000000,16384,1559,57360,4,1.000000,0.000000
7580,8117187929,1057499,0,0,1793,0,0.000000,16384,1573,57499,4,1.000000,0.000000
7581,8118254082,1066153,0,0,1843,0,0.000000,16384,1639,66153,4,1.000000,0.000000
7582,8119311042,1056960,0,0,1818,0,0.000000,16384,1641,56960,4,1.000000,0.000000
7583,8120374021,1062979,0,0,1731,0,0.000000,16384,1548,62979,4,1.000000,0.000000
7584,8121467794,1093773,0,0,1787,0,0.000000,16384,1567,93773,4,1.000000,0.000000
7585,8122559367,1091573,0,0,1850,0,0.000000,16384,1648,91573,4,1.000000,0.000000
7586,8123650788,1091421,0,0,1851,0,0.000000,16384,1668,91421,4,1.000000,0.000000
7587,8124705586,1054798,0,0,1811,0,0.000000,16384,1632,54798,4,1.000000,0.000000
7588,8125767885,1062299,0,0,1671,0,0.000000,16384,1451,62299,4,1.000000,0.000000
7589,8126829864,1061979,0,0,1808,0,0.000000,16384,1617,61979,4,1.000000,0.000000
7590,8127893241,1063377,0,0,1792,0,0.000000,16384,1621,63377,4,1.000000,0.000000
7591,8128968014,1074773,0,0,1806,0,0.000000,16384,1603,74773,4,1.000000,0.000000
7592,8130028463,1060449,0,0,1675,0,0.000000,16384,1461,60449,4,1.000000,0.000000
7593,8131089779,1061316,0,0,1799,0,0.000000,16384,1628,61316,4,1.000000,0.000000
7594,8132149140,1059361,0,0,1818,0,0.000000,16384,1642,59361,4,1.000000,0.000000
7595,8133205785,1056645,0,0,1830,0,0.000000,16384,1608,56645,4,1.000000,0.000000
7596,8134262063,1056278,0,0,1831,0,0.000000,16384,1611,56278,4,1.000000,0.000000
7597,8135322765,1060702,0,0,1831,0,0.000000,16384,1642,60702,4,1.000000,0.000000
7598,8136383963,1061198,0,0,1746,0,0.000000,16384,1584,61198,4,1.000000,0.000000
7599,8137442095,1058132,0,0,1824,0,0.000000,16384,1611,58132,4,1.000000,0.000000
7600,8138500376,1058281,0,0,1826,0,0.000000,16384,1605,58281,4,1.000000,0.000000
7601,8139569019,1068643,0,0,1813,0,0.000000,16384,1622,68643,4,1.000000,0.000000
7602,8140627364,1058345,0,0,1669,0,0.000000,16384,1521,58345,4,1.000000,0.000000
7603,8141670601,1043237,0,0,1791,0,0.000000,16384,1571,43237,4,1.000000,0.000000
7604,8142726636,1056035,0,0,1826,0,0.000000,16384,1603,56035,4,1.000000,0.000000
7605,8143782982,1056346,0,0,1826,0,0.000000,16384,1650,56346,4,1.000000,0.000000
7606,8144839149,1056167,0,0,1828,0,0.000000,16384,1650,56167,4,1.000000,0.000000
7607,8145895119,1055970,0,0,1810,0,0.000000,16384,1599,55970,4,1.000000,0.000000
7608,8146951149,1056030,0,0,1800,0,0.000000,16384,1580,56030,4,1.000000,0.000000
7609,8148007361,1056212,0,0,1829,0,0.000000,16384,1640,56212,4,1.000000,0.000000
7610,8149064060,1056699,0,0,1827,0,0.000000,16384,1649,56699,4,1.000000,0.000000
7611,8150137206,1073146,0,0,1855,0,0.000000,16384,1657,73146,4,1.000000,0.000000
7612,8151195002,1057796,0,0,1828,0,0.000000,16384,1609,57796,4,1.000000,0.000000
7613,8152251064,1056062,0,0,1808,0,0.000000,16384,1594,56062,4,1.000000,0.000000
7614,8153307110,1056046,0,0,1828,0,0.000000,16384,1650,56046,4,1.000000,0.000000
7615,8154363270,1056160,0,0,1829,0,0.000000,16384,1650,56160,4,1.000000,0.000000
7616,8155419160,1055890,0,0,1827,0,0.000000,16384,1610,55890,4,1.000000,0.000000
7617,8156477157,1057997,0,0,1758,0,0.000000,16384,1538,57997,4,1.000000,0.000000
7618,8157536110,1058953,0,0,1804,0,0.000000,16384,1632,58953,4,1.000000,0.000000
7619,8158592985,1056875,0,0,1828,0,0.000000,16384,1649,56875,4,1.000000,0.000000
7620,8159649249,1056264,0,0,1827,0,0.000000,16384,1614,56264,4,1.000000,0.000000
7621,8160671137,1021888,0,0,1759,0,0.000000,16384,1539,21888,4,1.000000,0.000000
7622,8161733084,1061947,0,0,1705,0,0.000000,16384,1548,61947,4,1.000000,0.000000
7623,8162793845,1060761,0,0,1787,0,0.000000,16384,1604,60761,4,1.000000,0.000000
7624,8163851395,1057550,0,0,1800,0,0.000000,16384,1580,57550,4,1.000000,0.000000
7625,8164908927,1057532,0,0,1724,0,0.000000,16384,1532,57532,4,1.000000,0.000000
7626,8165965793,1056866,0,0,1828,0,0.000000,16384,1650,56866,4,1.000000,0.000000
7627,8167025224,1059431,0,0,1753,0,0.000000,16384,1559,59431,4,1.000000,0.000000
7628,8168082390,1057166,0,0,1820,0,0.000000,16384,1600,57166,4,1.000000,0.000000
7629,8169138384,1055994,0,0,1826,0,0.000000,16384,1629,55994,4,1.000000,0.000000
7630,8170194321,1055937,0,0,1829,0,0.000000,16384,1650,55937,4,1.000000,0.000000
7631,8171261305,1066984,0,0,1846,0,0.000000,16384,1658,66984,4,1.000000,0.000000
7632,8172317341,1056036,0,0,1817,0,0.000000,16384,1597,56036,4,1.000000,0.000000
7633,8173373575,1056234,0,0,1822,0,0.000000,16384,1599,56234,4,1.000000,0.000000
7634,8174429462,1055887,0,0,1827,0,0.000000,16384,1651,55887,4,1.000000,0.000000
7635,8175485188,1055726,0,0,1829,0,0.000000,16384,1650,55726,4,1.000000,0.000000
7636,8176543424,1058236,0,0,1755,0,0.000000,16384,1545,58236,4,1.000000,0.000000
7637,8177601354,1057930,0,0,1701,0,0.000000,16384,1500,57930,4,1.000000,0.000000
7638,8178658051,1056697,0,0,1827,0,0.000000,16384,1650,56697,4,1.000000,0.000000
7639,8179670774,1012723,0,0,1748,0,0.000000,16384,1566,12723,4,1.000000,0.000000
7640,8180727655,1056881,0,0,1814,0,0.000000,16384,1593,56881,4,1.000000,0.000000
7641,8181797208,1069553,0,0,1812,0,0.000000,16384,1608,69553,4,1.000000,0.000000
7642,8182853320,1056112,0,0,1827,0,0.000000,16384,1649,56112,4,1.000000,0.000000
7643,8183909608,1056288,0,0,1830,0,0.000000,16384,1649,56288,4,1.000000,0.000000
7644,8184965637,1056029,0,0,1827,0,0.000000,16384,1603,56029,4,1.000000,0.000000
7645,8186021591,1055954,0,0,1826,0,0.000000,16384,1606,55954,4,1.000000,0.000000
7646,8187077559,1055968,0,0,1826,0,0.000000,16384,1643,55968,4,1.000000,0.000000
7647,8188134163,1056604,0,0,1819,0,0.000000,16384,1643,56604,4,1.000000,0.000000
7648,8189191860,1057697,0,0,1748,0,0.000000,16384,1543,57697,4,1.000000,0.000000
7649,8190249149,1057289,0,0,1658,0,0.000000,16384,1463,57289,4,1.000000,0.000000
7650,8191305296,1056147,0,0,1773,0,0.000000,16384,1606,56147,4,1.000000,0.000000
7651,8192367382,1062086,0,0,1837,0,0.000000,16384,1639,62086,4,1.000000,0.000000
7652,8193424103,1056721,0,0,1830,0,0.000000,16384,1610,56721,4,1.000000,0.000000
7653,8194480245,1056142,0,0,1829,0,0.000000,16384,1615,56142,4,1.000000,0.000000
7654,8195536388,1056143,0,0,1829,0,0.000000,16384,1651,56143,4,1.000000,0.000000
7655,8196594484,1058096,0,0,1761,0,0.000000,16384,1589,58096,4,1.000000,0.000000
7656,8197655919,1061435,0,0,1825,0,0.000000,16384,1605,61435,4,1.000000,0.000000
7657,8198675996,1020077,0,0,1760,0,0.000000,16384,1551,20077,4,1.000000,0.000000
7658,8199734152,1058156,0,0,1802,0,0.000000,16384,1628,58156,4,1.000000,0.000000
7659,8200791569,1057417,0,0,1666,0,0.000000,16384,1485,57417,4,1.000000,0.000000
7660,8201849575,1058006,0,0,1661,0,0.000000,16384,1458,58006,4,1.000000,0.000000
7661,8202925157,1075582,0,0,1721,0,0.000000,16384,1564,75582,4,1.000000,0.000000
7662,8203981571,1056414,0,0,1816,0,0.000000,16384,1616,56414,4,1.000000,0.000000
7663,8205037685,1056114,0,0,1819,0,0.000000,16384,1599,56114,4,1.000000,0.000000
7664,8206094005,1056320,0,0,1830,0,0.000000,16384,1625,56320,4,1.000000,0.000000
7665,8207151569,1057564,0,0,1821,0,0.000000,16384,1644,57564,4,1.000000,0.000000
7666,8208208829,1057260,0,0,1814,0,0.000000,16384,1632,57260,4,1.000000,0.000000
7667,8209265287,1056458,0,0,1829,0,0.000000,16384,1608,56458,4,1.000000,0.000000
7668,8210321812,1056525,0,0,1811,0,0.000000,16384,1589,56525,4,1.000000,0.000000
7669,8211378926,1057114,0,0,1805,0,0.000000,16384,1633,57114,4,1.000000,0.000000
7670,8212435431,1056505,0,0,1827,0,0.000000,16384,1649,56505,4,1.000000,0.000000
7671,8213497209,1061778,0,0,1840,0,0.000000,16384,1624,61778,4,1.000000,0.000000
7672,8214553047,1055838,0,0,1826,0,0.000000,16384,1607,55838,4,1.000000,0.000000
7673,8215608768,1055721,0,0,1827,0,0.000000,16384,1631,55721,4,1.000000,0.000000
7674,8216669814,1061046,0,0,1718,0,0.000000,16384,1562,61046,4,1.000000,0.000000
7675,8217727595,1057781,0,0,1817,0,0.000000,16384,1605,57781,4,1.000000,0.000000
7676,8218784148,1056553,0,0,1824,0,0.000000,16384,1604,56553,4,1.000000,0.000000
7677,8219840648,1056500,0,0,1827,0,0.000000,16384,1633,56500,4,1.000000,0.000000
7678,8220915075,1074427,0,0,1800,0,0.000000,16384,1628,74427,4,1.000000,0.000000
7679,8221977457,1062382,0,0,1604,0,0.000000,16384,1410,62382,4,1.000000,0.000000
7680,8223036013,1058556,0,0,1719,0,0.000000,16384,1529,58556,4,1.000000,0.000000
7681,8224102034,1066021,0,0,1843,0,0.000000,16384,1661,66021,4,1.000000,0.000000
7682,8225159585,1057551,0,0,1823,0,0.000000,16384,1630,57551,4,1.000000,0.000000
7683,8226216418,1056833,0,0,1831,0,0.000000,16384,1612,56833,4,1.000000,0.000000
7684,8227272271,1055853,0,0,1826,0,0.000000,16384,1610,55853,4,1.000000,0.000000
7685,8228328080,1055809,0,0,1815,0,0.000000,16384,1640,55809,4,1.000000,0.000000
7686,8229388361,1060281,0,0,1813,0,0.000000,16384,1638,60281,4,1.000000,0.000000
7687,8230448022,1059661,0,0,1833,0,0.000000,16384,1611,59661,4,1.000000,0.000000
7688,8231505543,1057521,0,0,1829,0,0.000000,16384,1609,57521,4,1.000000,0.000000
7689,8232594889,1089346,0,0,1820,0,0.000000,16384,1633,89346,4,1.000000,0.000000
7690,8233657515,1062626,0,0,1646,0,0.000000,16384,1493,62626,4,1.000000,0.000000
7691,8234704652,1047137,0,0,1791,0,0.000000,16384,1571,47137,4,1.000000,0.000000
7692,8235769053,1064401,0,0,1815,0,0.000000,16384,1605,64401,4,1.000000,0.000000
7693,8236831107,1062054,0,0,1622,0,0.000000,16384,1485,62054,4,1.000000,0.000000
7694,8237890352,1059245,0,0,1667,0,0.000000,16384,1454,59245,4,1.000000,0.000000
7695,8238947447,1057095,0,0,1667,0,0.000000,16384,1494,57095,4,1.000000,0.000000
7696,8240004875,1057428,0,0,1642,0,0.000000,16384,1475,57428,4,1.000000,0.000000
7697,8241066207,1061332,0,0,1761,0,0.000000,16384,1541,61332,4,1.000000,0.000000
7698,8242126726,1060519,0,0,1639,0,0.000000,16384,1486,60519,4,1.000000,0.000000
7699,8243183942,1057216,0,0,1661,0,0.000000,16384,1474,57216,4,1.000000,0.000000
7700,8244240934,1056992,0,0,1668,0,0.000000,16384,1470,56992,4,1.000000,0.000000
7701,8245308022,1067088,0,0,1815,0,0.000000,16384,1639,67088,4,1.000000,0.000000
7702,8246365722,1057700,0,0,1828,0,0.000000,16384,1641,57700,4,1.000000,0.000000
7703,8247422513,1056791,0,0,1827,0,0.000000,16384,1608,56791,4,1.000000,0.000000
7704,8248478966,1056453,0,0,1819,0,0.000000,16384,1597,56453,4,1.000000,0.000000
7705,8249535142,1056176,0,0,1815,0,0.000000,16384,1640,56176,4,1.000000,0.000000
7706,8250591503,1056361,0,0,1825,0,0.000000,16384,1551,56361,4,1.000000,0.000000
7707,8251647123,1055620,0,0,1826,0,0.000000,16384,1644,55620,4,1.000000,0.000000
7708,8252670372,1023249,0,0,1770,0,0.000000,16384,1603,23249,4,1.000000,0.000000
7709,8253726327,1055955,0,0,1829,0,0.000000,16384,1613,55955,4,1.000000,0.000000
7710,8254782297,1055970,0,0,1828,0,0.000000,16384,1609,55970,4,1.000000,0.000000
7711,8255852621,1070324,0,0,1825,0,0.000000,16384,1632,70324,4,1.000000,0.000000
7712,8256913091,1060470,0,0,1709,0,0.000000,16384,1554,60470,4,1.000000,0.000000
7713,8257972970,1059879,0,0,1817,0,0.000000,16384,1601,59879,4,1.000000,0.000000
7714,8259029887,1056917,0,0,1830,0,0.000000,16384,1610,56917,4,1.000000,0.000000
7715,8260088590,1058703,0,0,1834,0,0.000000,16384,1642,58703,4,1.000000,0.000000
7716,8261145971,1057381,0,0,1793,0,0.000000,16384,1622,57381,4,1.000000,0.000000
7717,8262202526,1056555,0,0,1826,0,0.000000,16384,1625,56555,4,1.000000,0.000000
7718,8263258348,1055822,0,0,1828,0,0.000000,16384,1608,55822,4,1.000000,0.000000
7719,8264314145,1055797,0,0,1819,0,0.000000,16384,1613,55797,4,1.000000,0.000000
7720,8265370056,1055911,0,0,1820,0,0.000000,16384,1643,55911,4,1.000000,0.000000
7721,8266433701,1063645,0,0,1839,0,0.000000,16384,1658,63645,4,1.000000,0.000000
7722,8267493135,1059434,0,0,1744,0,0.000000,16384,1523,59434,4,1.000000,0.000000
7723,8268551376,1058241,0,0,1719,0,0.000000,16384,1529,58241,4,1.000000,0.000000
7724,8269608110,1056734,0,0,1826,0,0.000000,16384,1648,56734,4,1.000000,0.000000
7725,8270663922,1055812,0,0,1826,0,0.000000,16384,1631,55812,4,1.000000,0.000000
7726,8271670817,1006895,0,0,1740,0,0.000000,16384,1520,6895,4,1.000000,0.000000
7727,8272728567,1057750,0,0,1670,0,0.000000,16384,1506,57750,4,1.000000,0.000000
7728,8273785250,1056683,0,0,1666,0,0.000000,16384,1490,56683,4,1.000000,0.000000
7729,8274841800,1056550,0,0,1829,0,0.000000,16384,1609,56550,4,1.000000,0.000000
7730,8275898000,1056200,0,0,1826,0,0.000000,16384,1625,56200,4,1.000000,0.000000
7731,8276963991,1065991,0,0,1760,0,0.000000,16384,1596,65991,4,1.000000,0.000000
7732,8278022540,1058549,0,0,1832,0,0.000000,16384,1633,58549,4,1.000000,0.000000
7733,8279078854,1056314,0,0,1829,0,0.000000,16384,1609,56314,4,1.000000,0.000000
7734,8280134713,1055859,0,0,1829,0,0.000000,16384,1618,55859,4,1.000000,0.000000
7735,8281191788,1057075,0,0,1830,0,0.000000,16384,1651,57075,4,1.000000,0.000000
7736,8282247645,1055857,0,0,1807,0,0.000000,16384,1633,55857,4,1.000000,0.000000
7737,8283303235,1055590,0,0,1827,0,0.000000,16384,1602,55590,4,1.000000,0.000000
7738,8284359304,1056069,0,0,1810,0,0.000000,16384,1591,56069,4,1.000000,0.000000
7739,8285415352,1056048,0,0,1826,0,0.000000,16384,1645,56048,4,1.000000,0.000000
7740,8286471346,1055994,0,0,1828,0,0.000000,16384,1650,55994,4,1.000000,0.000000
7741,8287534589,1063243,0,0,1838,0,0.000000,16384,1633,63243,4,1.000000,0.000000
7742,8288590732,1056143,0,0,1727,0,0.000000,16384,1507,56143,4,1.000000,0.000000
7743,8289646752,1056020,0,0,1829,0,0.000000,16384,1643,56020,4,1.000000,0.000000
7744,8290671037,1024285,0,0,1741,0,0.000000,16384,1579,24285,4,1.000000,0.000000
7745,8291727126,1056089,0,0,1826,0,0.000000,16384,1610,56089,4,1.000000,0.000000
7746,8292783126,1056000,0,0,1825,0,0.000000,16384,1605,56000,4,1.000000,0.000000
7747,8293840101,1056975,0,0,1820,0,0.000000,16384,1631,56975,4,1.000000,0.000000
7748,8294896999,1056898,0,0,1744,0,0.000000,16384,1582,56898,4,1.000000,0.000000
7749,8295952827,1055828,0,0,1828,0,0.000000,16384,1615,55828,4,1.000000,0.000000
7750,8297009967,1057140,0,0,1744,0,0.000000,16384,1524,57140,4,1.000000,0.000000
7751,8298073864,1063897,0,0,1838,0,0.000000,16384,1657,63897,4,1.000000,0.000000
7752,8299130677,1056813,0,0,1729,0,0.000000,16384,1570,56813,4,1.000000,0.000000
7753,8300186939,1056262,0,0,1805,0,0.000000,16384,1584,56262,4,1.000000,0.000000
7754,8301243964,1057025,0,0,1821,0,0.000000,16384,1598,57025,4,1.000000,0.000000
7755,8302299740,1055776,0,0,1829,0,0.000000,16384,1651,55776,4,1.000000,0.000000
7756,8303355367,1055627,0,0,1827,0,0.000000,16384,1648,55627,4,1.000000,0.000000
7757,8304411122,1055755,0,0,1827,0,0.000000,16384,1620,55755,4,1.000000,0.000000
7758,8305466897,1055775,0,0,1826,0,0.000000,16384,1606,55775,4,1.000000,0.000000
7759,8306522781,1055884,0,0,1827,0,0.000000,16384,1626,55884,4,1.000000,0.000000
7760,8307568413,1045632,0,0,1785,0,0.000000,16384,1615,45632,4,1.000000,0.000000
7761,8308680943,1112530,0,0,1882,0,0.000000,16384,1689,112530,4,1.000000,0.000000
7762,8309704317,1023374,0,0,1741,0,0.000000,16384,1521,23374,4,1.000000,0.000000
7763,8310767723,1063406,0,0,1813,0,0.000000,16384,1607,63406,4,1.000000,0.000000
7764,8311831310,1063587,0,0,1813,0,0.000000,16384,1638,63587,4,1.000000,0.000000
7765,8312894820,1063510,0,0,1803,0,0.000000,16384,1620,63510,4,1.000000,0.000000
7766,8313956247,1061427,0,0,1663,0,0.000000,16384,1443,61427,4,1.000000,0.000000
7767,8315014483,1058236,0,0,1670,0,0.000000,16384,1514,58236,4,1.000000,0.000000
7768,8316071490,1057007,0,0,1669,0,0.000000,16384,1485,57007,4,1.000000,0.000000
7769,8317129669,1058179,0,0,1696,0,0.000000,16384,1488,58179,4,1.000000,0.000000
7770,8318187463,1057794,0,0,1830,0,0.000000,16384,1651,57794,4,1.000000,0.000000
7771,8319252777,1065314,0,0,1842,0,0.000000,16384,1661,65314,4,1.000000,0.000000
7772,8320309978,1057201,0,0,1807,0,0.000000,16384,1591,57201,4,1.000000,0.000000
7773,8321402570,1092592,0,0,1792,0,0.000000,16384,1572,92592,4,1.000000,0.000000
7774,8322466526,1063956,0,0,1584,0,0.000000,16384,1451,63956,4,1.000000,0.000000
7775,8323526630,1060104,0,0,1670,0,0.000000,16384,1467,60104,4,1.000000,0.000000
7776,8324585108,1058478,0,0,1669,0,0.000000,16384,1485,58478,4,1.000000,0.000000
7777,8325643227,1058119,0,0,1811,0,0.000000,16384,1636,58119,4,1.000000,0.000000
7778,8326672275,1029048,0,0,1777,0,0.000000,16384,1572,29048,4,1.000000,0.000000
7779,8327730122,1057847,0,0,1810,0,0.000000,16384,1590,57847,4,1.000000,0.000000
7780,8328788614,1058492,0,0,1757,0,0.000000,16384,1581,58492,4,1.000000,0.000000
7781,8329854914,1066300,0,0,1843,0,0.000000,16384,1661,66300,4,1.000000,0.000000
7782,8330912463,1057549,0,0,1827,0,0.000000,16384,1621,57549,4,1.000000,0.000000
7783,8331968599,1056136,0,0,1825,0,0.000000,16384,1605,56136,4,1.000000,0.000000
7784,8333024872,1056273,0,0,1774,0,0.000000,16384,1584,56273,4,1.000000,0.000000
7785,8334080850,1055978,0,0,1827,0,0.000000,16384,1648,55978,4,1.000000,0.000000
7786,8335136825,1055975,0,0,1826,0,0.000000,16384,1631,55975,4,1.000000,0.000000
7787,8336192456,1055631,0,0,1828,0,0.000000,16384,1608,55631,4,1.000000,0.000000
7788,8337251012,1058556,0,0,1752,0,0.000000,16384,1554,58556,4,1.000000,0.000000
7789,8338312590,1061578,0,0,1834,0,0.000000,16384,1655,61578,4,1.000000,0.000000
7790,8339373912,1061322,0,0,1833,0,0.000000,16384,1646,61322,4,1.000000,0.000000
7791,8340441070,1067158,0,0,1815,0,0.000000,16384,1595,67158,4,1.000000,0.000000
7792,8341498452,1057382,0,0,1817,0,0.000000,16384,1599,57382,4,1.000000,0.000000
7793,8342554116,1055664,0,0,1827,0,0.000000,16384,1648,55664,4,1.000000,0.000000
7794,8343609928,1055812,0,0,1831,0,0.000000,16384,1652,55812,4,1.000000,0.000000
7795,8344668013,1058085,0,0,1828,0,0.000000,16384,1615,58085,4,1.000000,0.000000
7796,8345725104,1057091,0,0,1814,0,0.000000,16384,1595,57091,4,1.000000,0.000000
7797,8346781640,1056536,0,0,1799,0,0.000000,16384,1610,56536,4,1.000000,0.000000
7798,8347837439,1055799,0,0,1801,0,0.000000,16384,1629,55799,4,1.000000,0.000000
7799,8348894568,1057129,0,0,1816,0,0.000000,16384,1613,57129,4,1.000000,0.000000
7800,8349950968,1056400,0,0,1828,0,0.000000,16384,1608,56400,4,1.000000,0.000000
7801,8351012513,1061545,0,0,1839,0,0.000000,16384,1634,61545,4,1.000000,0.000000
7802,8352068387,1055874,0,0,1828,0,0.000000,16384,1649,55874,4,1.000000,0.000000
7803,8353124932,1056545,0,0,1829,0,0.000000,16384,1648,56545,4,1.000000,0.000000
7804,8354185615,1060683,0,0,1800,0,0.000000,16384,1581,60683,4,1.000000,0.000000
7805,8355245483,1059868,0,0,1833,0,0.000000,16384,1609,59868,4,1.000000,0.000000
7806,8356302152,1056669,0,0,1830,0,0.000000,16384,1650,56669,4,1.000000,0.000000
7807,8357360850,1058698,0,0,1745,0,0.000000,16384,1585,58698,4,1.000000,0.000000
7808,8358419191,1058341,0,0,1687,0,0.000000,16384,1467,58341,4,1.000000,0.000000
7809,8359476674,1057483,0,0,1758,0,0.000000,16384,1568,57483,4,1.000000,0.000000
7810,8360532815,1056141,0,0,1817,0,0.000000,16384,1642,56141,4,1.000000,0.000000
7811,8361607988,1075173,0,0,1847,0,0.000000,16384,1648,75173,4,1.000000,0.000000
7812,8362664768,1056780,0,0,1795,0,0.000000,16384,1575,56780,4,1.000000,0.000000
7813,8363723510,1058742,0,0,1819,0,0.000000,16384,1614,58742,4,1.000000,0.000000
7814,8364779689,1056179,0,0,1829,0,0.000000,16384,1650,56179,4,1.000000,0.000000
7815,8365835655,1055966,0,0,1819,0,0.000000,16384,1639,55966,4,1.000000,0.000000
7816,8366891663,1056008,0,0,1819,0,0.000000,16384,1599,56008,4,1.000000,0.000000
7817,8367950081,1058418,0,0,1681,0,0.000000,16384,1485,58418,4,1.000000,0.000000
7818,8369007953,1057872,0,0,1775,0,0.000000,16384,1607,57872,4,1.000000,0.000000
7819,8370063864,1055911,0,0,1825,0,0.000000,16384,1625,55911,4,1.000000,0.000000
7820,8371119786,1055922,0,0,1824,0,0.000000,16384,1604,55922,4,1.000000,0.000000
7821,8372182368,1062582,0,0,1819,0,0.000000,16384,1614,62582,4,1.000000,0.000000
7822,8373238304,1055936,0,0,1828,0,0.000000,16384,1649,55936,4,1.000000,0.000000
7823,8374294065,1055761,0,0,1816,0,0.000000,16384,1636,55761,4,1.000000,0.000000
7824,8375351150,1057085,0,0,1820,0,0.000000,16384,1600,57085,4,1.000000,0.000000
7825,8376407290,1056140,0,0,1828,0,0.000000,16384,1604,56140,4,1.000000,0.000000
7826,8377465896,1058606,0,0,1728,0,0.000000,16384,1569,58606,4,1.000000,0.000000
7827,8378523880,1057984,0,0,1820,0,0.000000,16384,1639,57984,4,1.000000,0.000000
7828,8379580283,1056403,0,0,1821,0,0.000000,16384,1601,56403,4,1.000000,0.000000
7829,8380636102,1055819,0,0,1729,0,0.000000,16384,1524,55819,4,1.000000,0.000000
7830,8381671499,1035397,0,0,1791,0,0.000000,16384,1620,35397,4,1.000000,0.000000
7831,8382734250,1062751,0,0,1819,0,0.000000,16384,1631,62751,4,1.000000,0.000000
7832,8383790533,1056283,0,0,1817,0,0.000000,16384,1597,56283,4,1.000000,0.000000
7833,8384846941,1056408,0,0,1800,0,0.000000,16384,1589,56408,4,1.000000,0.000000
7834,8385903191,1056250,0,0,1789,0,0.000000,16384,1618,56250,4,1.000000,0.000000
7835,8386958907,1055716,0,0,1825,0,0.000000,16384,1643,55716,4,1.000000,0.000000
7836,8388015585,1056678,0,0,1814,0,0.000000,16384,1594,56678,4,1.000000,0.000000
7837,8389072598,1057013,0,0,1828,0,0.000000,16384,1604,57013,4,1.000000,0.000000
7838,8390129274,1056676,0,0,1761,0,0.000000,16384,1597,56676,4,1.000000,0.000000
7839,8391185534,1056260,0,0,1747,0,0.000000,16384,1571,56260,4,1.000000,0.000000
7840,8392241524,1055990,0,0,1800,0,0.000000,16384,1580,55990,4,1.000000,0.000000
7841,8393302194,1060670,0,0,1833,0,0.000000,16384,1620,60670,4,1.000000,0.000000
7842,8394359392,1057198,0,0,1829,0,0.000000,16384,1651,57198,4,1.000000,0.000000
7843,8395416120,1056728,0,0,1829,0,0.000000,16384,1650,56728,4,1.000000,0.000000
7844,8396472289,1056169,0,0,1827,0,0.000000,16384,1609,56169,4,1.000000,0.000000
7845,8397530277,1057988,0,0,1765,0,0.000000,16384,1545,57988,4,1.000000,0.000000
7846,8398588231,1057954,0,0,1757,0,0.000000,16384,1594,57954,4,1.000000,0.000000
7847,8399645439,1057208,0,0,1823,0,0.000000,16384,1645,57208,4,1.000000,0.000000
7848,8400671417,1025978,0,0,1746,0,0.000000,16384,1527,25978,4,1.000000,0.000000
7849,8401727643,1056226,0,0,1828,0,0.000000,16384,1614,56226,4,1.000000,0.000000
7850,8402783520,1055877,0,0,1826,0,0.000000,16384,1648,55877,4,1.000000,0.000000
7851,8403845022,1061502,0,0,1835,0,0.000000,16384,1655,61502,4,1.000000,0.000000
7852,8404901461,1056439,0,0,1826,0,0.000000,16384,1610,56439,4,1.000000,0.000000
7853,8405957128,1055667,0,0,1814,0,0.000000,16384,1594,55667,4,1.000000,0.000000
7854,8407014090,1056962,0,0,1821,0,0.000000,16384,1632,56962,4,1.000000,0.000000
7855,8408070025,1055935,0,0,1695,0,0.000000,16384,1544,55935,4,1.000000,0.000000
7856,8409125789,1055764,0,0,1826,0,0.000000,16384,1602,55764,4,1.000000,0.000000
7857,8410181390,1055601,0,0,1823,0,0.000000,16384,1603,55601,4,1.000000,0.000000
7858,8411238435,1057045,0,0,1746,0,0.000000,16384,1579,57045,4,1.000000,0.000000
7859,8412294580,1056145,0,0,1827,0,0.000000,16384,1649,56145,4,1.000000,0.000000
7860,8413350565,1055985,0,0,1824,0,0.000000,16384,1605,55985,4,1.000000,0.000000
7861,8414417539,1066974,0,0,1832,0,0.000000,16384,1611,66974,4,1.000000,0.000000
7862,8415473739,1056200,0,0,1826,0,0.000000,16384,1637,56200,4,1.000000,0.000000
7863,8416529851,1056112,0,0,1826,0,0.000000,16384,1648,56112,4,1.000000,0.000000
7864,8417587848,1057997,0,0,1770,0,0.000000,16384,1574,57997,4,1.000000,0.000000
7865,8418645535,1057687,0,0,1828,0,0.000000,16384,1608,57687,4,1.000000,0.000000
7866,8419670710,1025175,0,0,1770,0,0.000000,16384,1581,25175,4,1.000000,0.000000
7867,8420727018,1056308,0,0,1815,0,0.000000,16384,1639,56308,4,1.000000,0.000000
7868,8421784488,1057470,0,0,1829,0,0.000000,16384,1630,57470,4,1.000000,0.000000
7869,8422844151,1059663,0,0,1592,0,0.000000,16384,1387,59663,4,1.000000,0.000000
7870,8423902950,1058799,0,0,1797,0,0.000000,16384,1625,58799,4,1.000000,0.000000
7871,8424969143,1066193,0,0,1777,0,0.000000,16384,1594,66193,4,1.000000,0.000000
7872,8426027715,1058572,0,0,1826,0,0.000000,16384,1606,58572,4,1.000000,0.000000
7873,8427086245,1058530,0,0,1815,0,0.000000,16384,1602,58530,4,1.000000,0.000000
7874,8428143321,1057076,0,0,1820,0,0.000000,16384,1644,57076,4,1.000000,0.000000
7875,8429199478,1056157,0,0,1823,0,0.000000,16384,1647,56157,4,1.000000,0.000000
7876,8430257056,1057578,0,0,1828,0,0.000000,16384,1605,57578,4,1.000000,0.000000
7877,8431313059,1056003,0,0,1824,0,0.000000,16384,1604,56003,4,1.000000,0.000000
7878,8432369842,1056783,0,0,1764,0,0.000000,16384,1590,56783,4,1.000000,0.000000
7879,8433427166,1057324,0,0,1814,0,0.000000,16384,1639,57324,4,1.000000,0.000000
7880,8434483132,1055966,0,0,1828,0,0.000000,16384,1613,55966,4,1.000000,0.000000
7881,8435546389,1063257,0,0,1838,0,0.000000,16384,1618,63257,4,1.000000,0.000000
7882,8436603105,1056716,0,0,1828,0,0.000000,16384,1632,56716,4,1.000000,0.000000
7883,8437661683,1058578,0,0,1651,0,0.000000,16384,1507,58578,4,1.000000,0.000000
7884,8438671161,1009478,0,0,1741,0,0.000000,16384,1521,9478,4,1.000000,0.000000
7885,8439727957,1056796,0,0,1820,0,0.000000,16384,1609,56796,4,1.000000,0.000000
7886,8440784900,1056943,0,0,1721,0,0.000000,16384,1564,56943,4,1.000000,0.000000
7887,8441842177,1057277,0,0,1828,0,0.000000,16384,1631,57277,4,1.000000,0.000000
7888,8442898088,1055911,0,0,1823,0,0.000000,16384,1604,55911,4,1.000000,0.000000
7889,8443953796,1055708,0,0,1824,0,0.000000,16384,1613,55708,4,1.000000,0.000000
7890,8445009941,1056145,0,0,1828,0,0.000000,16384,1650,56145,4,1.000000,0.000000
7891,8446073657,1063716,0,0,1823,0,0.000000,16384,1647,63716,4,1.000000,0.000000
7892,8447129927,1056270,0,0,1803,0,0.000000,16384,1581,56270,4,1.000000,0.000000
7893,8448189947,1060020,0,0,1832,0,0.000000,16384,1611,60020,4,1.000000,0.000000
7894,8449250316,1060369,0,0,1834,0,0.000000,16384,1650,60369,4,1.000000,0.000000
7895,8450306873,1056557,0,0,1828,0,0.000000,16384,1649,56557,4,1.000000,0.000000
7896,8451363672,1056799,0,0,1810,0,0.000000,16384,1609,56799,4,1.000000,0.000000
7897,8452419437,1055765,0,0,1825,0,0.000000,16384,1605,55765,4,1.000000,0.000000
7898,8453475116,1055679,0,0,1825,0,0.000000,16384,1622,55679,4,1.000000,0.000000
7899,8454530736,1055620,0,0,1824,0,0.000000,16384,1647,55620,4,1.000000,0.000000
7900,8455586576,1055840,0,0,1829,0,0.000000,16384,1645,55840,4,1.000000,0.000000
7901,8456650013,1063437,0,0,1836,0,0.000000,16384,1561,63437,4,1.000000,0.000000
7902,8457674608,1024595,0,0,1624,0,0.000000,16384,1452,24595,4,1.000000,0.000000
7903,8458733074,1058466,0,0,1656,0,0.000000,16384,1453,58466,4,1.000000,0.000000
7904,8459790298,1057224,0,0,1669,0,0.000000,16384,1522,57224,4,1.000000,0.000000
7905,8460846882,1056584,0,0,1687,0,0.000000,16384,1481,56584,4,1.000000,0.000000
7906,8461903302,1056420,0,0,1826,0,0.000000,16384,1610,56420,4,1.000000,0.000000
7907,8462959100,1055798,0,0,1806,0,0.000000,16384,1632,55798,4,1.000000,0.000000
7908,8464018228,1059128,0,0,1810,0,0.000000,16384,1636,59128,4,1.000000,0.000000
7909,8465078881,1060653,0,0,1836,0,0.000000,16384,1612,60653,4,1.000000,0.000000
7910,8466135528,1056647,0,0,1828,0,0.000000,16384,1607,56647,4,1.000000,0.000000
7911,8467207856,1072328,0,0,1855,0,0.000000,16384,1664,72328,4,1.000000,0.000000
7912,8468266165,1058309,0,0,1771,0,0.000000,16384,1604,58309,4,1.000000,0.000000
7913,8469323790,1057625,0,0,1821,0,0.000000,16384,1615,57625,4,1.000000,0.000000
7914,8470379893,1056103,0,0,1825,0,0.000000,16384,1606,56103,4,1.000000,0.000000
7915,8471436007,1056114,0,0,1826,0,0.000000,16384,1624,56114,4,1.000000,0.000000
7916,8472492088,1056081,0,0,1830,0,0.000000,16384,1651,56081,4,1.000000,0.000000
7917,8473547962,1055874,0,0,1830,0,0.000000,16384,1647,55874,4,1.000000,0.000000
7918,8474603534,1055572,0,0,1827,0,0.000000,16384,1607,55572,4,1.000000,0.000000
7919,8475661062,1057528,0,0,1822,0,0.000000,16384,1598,57528,4,1.000000,0.000000
7920,8476670991,1009929,0,0,1645,0,0.000000,16384,1503,9929,4,1.000000,0.000000
7921,8477735136,1064145,0,0,1642,0,0.000000,16384,1448,64145,4,1.000000,0.000000
7922,8478793855,1058719,0,0,1680,0,0.000000,16384,1490,58719,4,1.000000,0.000000
7923,8479850294,1056439,0,0,1828,0,0.000000,16384,1650,56439,4,1.000000,0.000000
7924,8480906377,1056083,0,0,1828,0,0.000000,16384,1632,56083,4,1.000000,0.000000
7925,8481962447,1056070,0,0,1826,0,0.000000,16384,1606,56070,4,1.000000,0.000000
7926,8483018160,1055713,0,0,1827,0,0.000000,16384,1614,55713,4,1.000000,0.000000
7927,8484073893,1055733,0,0,1827,0,0.000000,16384,1649,55733,4,1.000000,0.000000
7928,8485129429,1055536,0,0,1827,0,0.000000,16384,1649,55536,4,1.000000,0.000000
7929,8486185025,1055596,0,0,1825,0,0.000000,16384,1606,55596,4,1.000000,0.000000
7930,8487240753,1055728,0,0,1826,0,0.000000,16384,1606,55728,4,1.000000,0.000000
7931,8488302180,1061427,0,0,1835,0,0.000000,16384,1645,61427,4,1.000000,0.000000
7932,8489359242,1057062,0,0,1783,0,0.000000,16384,1614,57062,4,1.000000,0.000000
7933,8490415527,1056285,0,0,1729,0,0.000000,16384,1524,56285,4,1.000000,0.000000
7934,8491472025,1056498,0,0,1823,0,0.000000,16384,1603,56498,4,1.000000,0.000000
7935,8492528055,1056030,0,0,1827,0,0.000000,16384,1644,56030,4,1.000000,0.000000
7936,8493584321,1056266,0,0,1826,0,0.000000,16384,1648,56266,4,1.000000,0.000000
7937,8494640180,1055859,0,0,1827,0,0.000000,16384,1624,55859,4,1.000000,0.000000
7938,8495672871,1032691,0,0,1782,0,0.000000,16384,1562,32691,4,1.000000,0.000000
7939,8496728823,1055952,0,0,1827,0,0.000000,16384,1631,55952,4,1.000000,0.000000
7940,8497785911,1057088,0,0,1784,0,0.000000,16384,1614,57088,4,1.000000,0.000000
7941,8498849120,1063209,0,0,1837,0,0.000000,16384,1639,63209,4,1.000000,0.000000
7942,8499905997,1056877,0,0,1815,0,0.000000,16384,1594,56877,4,1.000000,0.000000
7943,8500962318,1056321,0,0,1695,0,0.000000,16384,1513,56321,4,1.000000,0.000000
7944,8502018523,1056205,0,0,1786,0,0.000000,16384,1616,56205,4,1.000000,0.000000
7945,8503074794,1056271,0,0,1827,0,0.000000,16384,1616,56271,4,1.000000,0.000000
7946,8504130371,1055577,0,0,1828,0,0.000000,16384,1608,55577,4,1.000000,0.000000
7947,8505186173,1055802,0,0,1826,0,0.000000,16384,1628,55802,4,1.000000,0.000000
7948,8506241741,1055568,0,0,1826,0,0.000000,16384,1648,55568,4,1.000000,0.000000
7949,8507297508,1055767,0,0,1827,0,0.000000,16384,1638,55767,4,1.000000,0.000000
7950,8508354707,1057199,0,0,1795,0,0.000000,16384,1576,57199,4,1.000000,0.000000
7951,8509415447,1060740,0,0,1833,0,0.000000,16384,1618,60740,4,1.000000,0.000000
7952,8510471222,1055775,0,0,1827,0,0.000000,16384,1649,55775,4,1.000000,0.000000
7953,8511526993,1055771,0,0,1827,0,0.000000,16384,1649,55771,4,1.000000,0.000000
7954,8512582971,1055978,0,0,1827,0,0.000000,16384,1610,55978,4,1.000000,0.000000
7955,8513638757,1055786,0,0,1829,0,0.000000,16384,1609,55786,4,1.000000,0.000000
7956,8514670400,1031643,0,0,1783,0,0.000000,16384,1600,31643,4,1.000000,0.000000
7957,8515726423,1056023,0,0,1814,0,0.000000,16384,1639,56023,4,1.000000,0.000000
7958,8516782091,1055668,0,0,1828,0,0.000000,16384,1622,55668,4,1.000000,0.000000
7959,8517838942,1056851,0,0,1773,0,0.000000,16384,1553,56851,4,1.000000,0.000000
7960,8518896076,1057134,0,0,1831,0,0.000000,16384,1638,57134,4,1.000000,0.000000
7961,8519965008,1068932,0,0,1850,0,0.000000,16384,1667,68932,4,1.000000,0.000000
7962,8521021419,1056411,0,0,1828,0,0.000000,16384,1640,56411,4,1.000000,0.000000
7963,8522077505,1056086,0,0,1825,0,0.000000,16384,1605,56086,4,1.000000,0.000000
7964,8523136546,1059041,0,0,1646,0,0.000000,16384,1463,59041,4,1.000000,0.000000
7965,8524195942,1059396,0,0,1752,0,0.000000,16384,1588,59396,4,1.000000,0.000000
7966,8525252722,1056780,0,0,1665,0,0.000000,16384,1452,56780,4,1.000000,0.000000
7967,8526310583,1057861,0,0,1672,0,0.000000,16384,1499,57861,4,1.000000,0.000000
7968,8527367536,1056953,0,0,1771,0,0.000000,16384,1604,56953,4,1.000000,0.000000
7969,8528423962,1056426,0,0,1739,0,0.000000,16384,1519,56426,4,1.000000,0.000000
7970,8529479816,1055854,0,0,1824,0,0.000000,16384,1612,55854,4,1.000000,0.000000
7971,8530545071,1065255,0,0,1841,0,0.000000,16384,1660,65255,4,1.000000,0.000000
7972,8531601458,1056387,0,0,1827,0,0.000000,16384,1649,56387,4,1.000000,0.000000
7973,8532657317,1055859,0,0,1816,0,0.000000,16384,1599,55859,4,1.000000,0.000000
7974,8533670375,1013058,0,0,1733,0,0.000000,16384,1521,13058,4,1.000000,0.000000
7975,8534726402,1056027,0,0,1827,0,0.000000,16384,1649,56027,4,1.000000,0.000000
7976,8535782318,1055916,0,0,1826,0,0.000000,16384,1648,55916,4,1.000000,0.000000
7977,8536838137,1055819,0,0,1827,0,0.000000,16384,1611,55819,4,1.000000,0.000000
7978,8537896199,1058062,0,0,1755,0,0.000000,16384,1535,58062,4,1.000000,0.000000
7979,8538953698,1057499,0,0,1829,0,0.000000,16384,1650,57499,4,1.000000,0.000000
7980,8540010018,1056320,0,0,1758,0,0.000000,16384,1594,56320,4,1.000000,0.000000
7981,8541074080,1064062,0,0,1664,0,0.000000,16384,1447,64062,4,1.000000,0.000000
7982,8542131873,1057793,0,0,1801,0,0.000000,16384,1606,57793,4,1.000000,0.000000
7983,8543187998,1056125,0,0,1825,0,0.000000,16384,1647,56125,4,1.000000,0.000000
7984,8544243818,1055820,0,0,1814,0,0.000000,16384,1623,55820,4,1.000000,0.000000
7985,8545299713,1055895,0,0,1825,0,0.000000,16384,1605,55895,4,1.000000,0.000000
7986,8546356178,1056465,0,0,1806,0,0.000000,16384,1596,56465,4,1.000000,0.000000
7987,8547412035,1055857,0,0,1826,0,0.000000,16384,1648,55857,4,1.000000,0.000000
7988,8548469899,1057864,0,0,1708,0,0.000000,16384,1532,57864,4,1.000000,0.000000
7989,8549527614,1057715,0,0,1767,0,0.000000,16384,1547,57715,4,1.000000,0.000000
7990,8550584595,1056981,0,0,1827,0,0.000000,16384,1631,56981,4,1.000000,0.000000
7991,8551645405,1060810,0,0,1831,0,0.000000,16384,1652,60810,4,1.000000,0.000000
7992,8552670703,1025298,0,0,1754,0,0.000000,16384,1565,25298,4,1.000000,0.000000
7993,8553726625,1055922,0,0,1823,0,0.000000,16384,1603,55922,4,1.000000,0.000000
7994,8554782583,1055958,0,0,1805,0,0.000000,16384,1605,55958,4,1.000000,0.000000
7995,8555839150,1056567,0,0,1813,0,0.000000,16384,1638,56567,4,1.000000,0.000000
7996,8556879373,1040223,0,0,1792,0,0.000000,16384,1603,40223,4,1.000000,0.000000
7997,8557928480,1049107,0,0,1611,0,0.000000,16384,1400,49107,4,1.000000,0.000000
7998,8558992102,1063622,0,0,1564,0,0.000000,16384,1439,63622,4,1.000000,0.000000
7999,8560052546,1060444,0,0,1663,0,0.000000,16384,1443,60444,4,1.000000,0.000000
8000,8561113775,1061229,0,0,1668,0,0.000000,16384,1502,61229,4,1.000000,0.000000
8001,8562182875,1069100,0,0,1677,0,0.000000,16384,1503,69100,4,1.000000,0.000000
8002,8563240242,1057367,0,0,1668,0,0.000000,16384,1454,57367,4,1.000000,0.000000
8003,8564298393,1058151,0,0,1663,0,0.000000,16384,1517,58151,4,1.000000,0.000000
8004,8565387635,1089242,0,0,1818,0,0.000000,16384,1617,89242,4,1.000000,0.000000
8005,8566478077,1090442,0,0,1834,0,0.000000,16384,1615,90442,4,1.000000,0.000000
8006,8567539242,1061165,0,0,1671,0,0.000000,16384,1495,61165,4,1.000000,0.000000
8007,8568601003,1061761,0,0,1745,0,0.000000,16384,1581,61761,4,1.000000,0.000000
8008,8569691054,1090051,0,0,1979,0,0.000000,16384,1755,90051,4,1.000000,0.000000
8009,8570753353,1062299,0,0,1934,0,0.000000,16384,1710,62299,4,1.000000,0.000000
8010,8571815292,1061939,0,0,1916,0,0.000000,16384,1696,61939,4,1.000000,0.000000
8011,8572894846,1079554,0,0,1930,0,0.000000,16384,1706,79554,4,1.000000,0.000000
8012,8573957049,1062203,0,0,1916,0,0.000000,16384,1717,62203,4,1.000000,0.000000
8013,8575016077,1059028,0,0,1834,0,0.000000,16384,1655,59028,4,1.000000,0.000000
8014,8576072907,1056830,0,0,1819,0,0.000000,16384,1633,56830,4,1.000000,0.000000
8015,8577128983,1056076,0,0,1824,0,0.000000,16384,1604,56076,4,1.000000,0.000000
8016,8578187849,1058866,0,0,1739,0,0.000000,16384,1536,58866,4,1.000000,0.000000
8017,8579244648,1056799,0,0,1826,0,0.000000,16384,1648,56799,4,1.000000,0.000000
8018,8580301394,1056746,0,0,1818,0,0.000000,16384,1635,56746,4,1.000000,0.000000
8019,8581359652,1058258,0,0,1830,0,0.000000,16384,1610,58258,4,1.000000,0.000000
8020,8582416732,1057080,0,0,1827,0,0.000000,16384,1603,57080,4,1.000000,0.000000
8021,8583482627,1065895,0,0,1844,0,0.000000,16384,1663,65895,4,1.000000,0.000000
8022,8584538881,1056254,0,0,1817,0,0.000000,16384,1640,56254,4,1.000000,0.000000
8023,8585594634,1055753,0,0,1827,0,0.000000,16384,1621,55753,4,1.000000,0.000000
8024,8586651813,1057179,0,0,1829,0,0.000000,16384,1609,57179,4,1.000000,0.000000
8025,8587675963,1024150,0,0,1736,0,0.000000,16384,1552,24150,4,1.000000,0.000000
8026,8588733371,1057408,0,0,1687,0,0.000000,16384,1531,57408,4,1.000000,0.000000
8027,8589789495,1056124,0,0,1825,0,0.000000,16384,1605,56124,4,1.000000,0.000000
8028,8590850174,1060679,0,0,1825,0,0.000000,16384,1601,60679,4,1.000000,0.000000
8029,8591910860,1060686,0,0,1827,0,0.000000,16384,1650,60686,4,1.000000,0.000000
8030,8592967384,1056524,0,0,1825,0,0.000000,16384,1647,56524,4,1.000000,0.000000
8031,8594032240,1064856,0,0,1840,0,0.000000,16384,1631,64856,4,1.000000,0.000000
8032,8595088951,1056711,0,0,1828,0,0.000000,16384,1608,56711,4,1.000000,0.000000
8033,8596144724,1055773,0,0,1815,0,0.000000,16384,1615,55773,4,1.000000,0.000000
8034,8597201601,1056877,0,0,1777,0,0.000000,16384,1609,56877,4,1.000000,0.000000
8035,8598259139,1057538,0,0,1660,0,0.000000,16384,1468,57538,4,1.000000,0.000000
8036,8599315863,1056724,0,0,1827,0,0.000000,16384,1603,56724,4,1.000000,0.000000
8037,8600373352,1057489,0,0,1820,0,0.000000,16384,1643,57489,4,1.000000,0.000000
8038,8601430580,1057228,0,0,1832,0,0.000000,16384,1652,57228,4,1.000000,0.000000
8039,8602486789,1056209,0,0,1831,0,0.000000,16384,1624,56209,4,1.000000,0.000000
8040,8603542620,1055831,0,0,1826,0,0.000000,16384,1606,55831,4,1.000000,0.000000
8041,8604606066,1063446,0,0,1816,0,0.000000,16384,1617,63446,4,1.000000,0.000000
8042,8605663512,1057446,0,0,1827,0,0.000000,16384,1649,57446,4,1.000000,0.000000
8043,8606722865,1059353,0,0,1832,0,0.000000,16384,1645,59353,4,1.000000,0.000000
8044,8607779538,1056673,0,0,1813,0,0.000000,16384,1593,56673,4,1.000000,0.000000
8045,8608835684,1056146,0,0,1772,0,0.000000,16384,1563,56146,4,1.000000,0.000000
8046,8609897448,1061764,0,0,1612,0,0.000000,16384,1477,61764,4,1.000000,0.000000
8047,8610959820,1062372,0,0,1495,0,0.000000,16384,1290,62372,4,1.000000,0.000000
8048,8612028121,1068301,0,0,1556,0,0.000000,16384,1429,68301,4,1.000000,0.000000
8049,8613100280,1072159,0,0,1421,0,0.000000,16384,1233,72159,4,1.000000,0.000000
8050,8614169628,1069348,0,0,1445,0,0.000000,16384,1297,69348,4,1.000000,0.000000
8051,8615257020,1087392,0,0,1581,0,0.000000,16384,1405,87392,4,1.000000,0.000000
8052,8616321207,1064187,0,0,1421,0,0.000000,16384,1265,64187,4,1.000000,0.000000
8053,8617381032,1059825,0,0,1555,0,0.000000,16384,1396,59825,4,1.000000,0.000000
8054,8618446238,1065206,0,0,1469,0,0.000000,16384,1292,65206,4,1.000000,0.000000
8055,8619511500,1065262,0,0,1562,0,0.000000,16384,1414,65262,4,1.000000,0.000000
8056,8620572989,1061489,0,0,1540,0,0.000000,16384,1352,61489,4,1.000000,0.000000
8057,8621632642,1059653,0,0,1563,0,0.000000,16384,1411,59653,4,1.000000,0.000000
8058,8622673441,1040799,0,0,1529,0,0.000000,16384,1345,40799,4,1.000000,0.000000
8059,8623734516,1061075,0,0,1544,0,0.000000,16384,1394,61075,4,1.000000,0.000000
8060,8624796302,1061786,0,0,1560,0,0.000000,16384,1374,61786,4,1.000000,0.000000
8061,8625879041,1082739,0,0,1597,0,0.000000,16384,1433,82739,4,1.000000,0.000000
8062,8626943663,1064622,0,0,1498,0,0.000000,16384,1326,64622,4,1.000000,0.000000
8063,8628008936,1065273,0,0,1528,0,0.000000,16384,1374,65273,4,1.000000,0.000000
8064,8629068819,1059883,0,0,1659,0,0.000000,16384,1473,59883,4,1.000000,0.000000
8065,8630127931,1059112,0,0,1623,0,0.000000,16384,1435,59112,4,1.000000,0.000000
8066,8631220651,1092720,0,0,1699,0,0.000000,16384,1546,92720,4,1.000000,0.000000
8067,8632284152,1063501,0,0,1551,0,0.000000,16384,1336,63501,4,1.000000,0.000000
8068,8633343628,1059476,0,0,1565,0,0.000000,16384,1437,59476,4,1.000000,0.000000
8069,8634401268,1057640,0,0,1557,0,0.000000,16384,1349,57640,4,1.000000,0.000000
8070,8635458671,1057403,0,0,1605,0,0.000000,16384,1462,57403,4,1.000000,0.000000
8071,8636591897,1133226,0,0,1907,0,0.000000,16384,1710,133226,4,1.000000,0.000000
8072,8637685275,1093378,0,0,1864,0,0.000000,16384,1640,93378,4,1.000000,0.000000
8073,8638747271,1061996,0,0,1619,0,0.000000,16384,1430,61996,4,1.000000,0.000000
8074,8639806304,1059033,0,0,1669,0,0.000000,16384,1522,59033,4,1.000000,0.000000
8075,8640863676,1057372,0,0,1657,0,0.000000,16384,1437,57372,4,1.000000,0.000000
8076,8641921095,1057419,0,0,1669,0,0.000000,16384,1505,57419,4,1.000000,0.000000
8077,8642985875,1064780,0,0,1538,0,0.000000,16384,1366,64780,4,1.000000,0.000000
8078,8644049122,1063247,0,0,1535,0,0.000000,16384,1373,63247,4,1.000000,0.000000
8079,8645107931,1058809,0,0,1715,0,0.000000,16384,1537,58809,4,1.000000,0.000000
8080,8646166624,1058693,0,0,1611,0,0.000000,16384,1404,58693,4,1.000000,0.000000
8081,8647253129,1086505,0,0,1664,0,0.000000,16384,1519,86505,4,1.000000,0.000000
8082,8648312849,1059720,0,0,1670,0,0.000000,16384,1466,59720,4,1.000000,0.000000
8083,8649370578,1057729,0,0,1667,0,0.000000,16384,1485,57729,4,1.000000,0.000000
8084,8650427690,1057112,0,0,1669,0,0.000000,16384,1511,57112,4,1.000000,0.000000
8085,8651489306,1061616,0,0,1669,0,0.000000,16384,1449,61616,4,1.000000,0.000000
8086,8652551113,1061807,0,0,1675,0,0.000000,16384,1518,61807,4,1.000000,0.000000
8087,8653608083,1056970,0,0,1668,0,0.000000,16384,1485,56970,4,1.000000,0.000000
8088,8654664036,1055953,0,0,1819,0,0.000000,16384,1599,55953,4,1.000000,0.000000
8089,8655722660,1058624,0,0,1821,0,0.000000,16384,1630,58624,4,1.000000,0.000000
8090,8656778865,1056205,0,0,1824,0,0.000000,16384,1647,56205,4,1.000000,0.000000
8091,8657843545,1064680,0,0,1844,0,0.000000,16384,1648,64680,4,1.000000,0.000000
8092,8658905112,1061567,0,0,1511,0,0.000000,16384,1317,61567,4,1.000000,0.000000
8093,8659969924,1064812,0,0,1540,0,0.000000,16384,1398,64812,4,1.000000,0.000000
8094,8661033189,1063265,0,0,1574,0,0.000000,16384,1374,63265,4,1.000000,0.000000
8095,8662094346,1061157,0,0,1581,0,0.000000,16384,1445,61157,4,1.000000,0.000000
8096,8663154339,1059993,0,0,1735,0,0.000000,16384,1515,59993,4,1.000000,0.000000
8097,8664213387,1059048,0,0,1775,0,0.000000,16384,1580,59048,4,1.000000,0.000000
8098,8665273384,1059997,0,0,1766,0,0.000000,16384,1600,59997,4,1.000000,0.000000
8099,8666331050,1057666,0,0,1766,0,0.000000,16384,1563,57666,4,1.000000,0.000000
8100,8667387651,1056601,0,0,1721,0,0.000000,16384,1508,56601,4,1.000000,0.000000
8101,8668460338,1072687,0,0,1693,0,0.000000,16384,1541,72687,4,1.000000,0.000000
8102,8669518304,1057966,0,0,1847,0,0.000000,16384,1343,57966,4,1.000000,0.000000
8103,8670574374,1056070,0,0,1851,0,0.000000,16384,1318,56070,4,1.000000,0.000000
8104,8671631235,1056861,0,0,1823,0,0.000000,16384,1297,56861,4,1.000000,0.000000
8105,8672671937,1040702,0,0,1806,0,0.000000,16384,1284,40702,4,1.000000,0.000000
8106,8673728382,1056445,0,0,1848,0,0.000000,16384,1314,56445,4,1.000000,0.000000
8107,8674784332,1055950,0,0,1851,0,0.000000,16384,1317,55950,4,1.000000,0.000000
8108,8675840092,1055760,0,0,1850,0,0.000000,16384,1316,55760,4,1.000000,0.000000
8109,8676895899,1055807,0,0,1848,0,0.000000,16384,1314,55807,4,1.000000,0.000000
8110,8677951727,1055828,0,0,1827,0,0.000000,16384,1323,55828,4,1.000000,0.000000
8111,8679019080,1067353,0,0,1718,0,0.000000,16384,1437,67353,4,1.000000,0.000000
8112,8680076243,1057163,0,0,1820,0,0.000000,16384,1542,57163,4,1.000000,0.000000
8113,8681133092,1056849,0,0,1809,0,0.000000,16384,1365,56849,4,1.000000,0.000000
8114,8682193127,1060035,0,0,1828,0,0.000000,16384,1593,60035,4,1.000000,0.000000
8115,8683254015,1060888,0,0,1857,0,0.000000,16384,1419,60888,4,1.000000,0.000000
8116,8684310861,1056846,0,0,1836,0,0.000000,16384,1539,56846,4,1.000000,0.000000
8117,8685367709,1056848,0,0,1816,0,0.000000,16384,1522,56848,4,1.000000,0.000000
8118,8686423760,1056051,0,0,1850,0,0.000000,16384,1424,56051,4,1.000000,0.000000
8119,8687479799,1056039,0,0,1826,0,0.000000,16384,1632,56039,4,1.000000,0.000000
8120,8688536090,1056291,0,0,1842,0,0.000000,16384,1339,56291,4,1.000000,0.000000
8121,8689614171,1078081,0,0,1863,0,0.000000,16384,1619,78081,4,1.000000,0.000000
8122,8690671498,1057327,0,0,1803,0,0.000000,16384,1452,57327,4,1.000000,0.000000
8123,8691728487,1056989,0,0,1824,0,0.000000,16384,1427,56989,4,1.000000,0.000000
8124,8692784752,1056265,0,0,1809,0,0.000000,16384,1611,56265,4,1.000000,0.000000
8125,8693840619,1055867,0,0,1857,0,0.000000,16384,1335,55867,4,1.000000,0.000000
8126,8694896475,1055856,0,0,1828,0,0.000000,16384,1625,55856,4,1.000000,0.000000
8127,8695952157,1055682,0,0,1828,0,0.000000,16384,1439,55682,4,1.000000,0.000000
8128,8697008049,1055892,0,0,1830,0,0.000000,16384,1493,55892,4,1.000000,0.000000
8129,8698067989,1059940,0,0,1813,0,0.000000,16384,1562,59940,4,1.000000,0.000000
8130,8699129814,1061825,0,0,1749,0,0.000000,16384,1253,61825,4,1.000000,0.000000
8131,8700199159,1069345,0,0,1788,0,0.000000,16384,1599,69345,4,1.000000,0.000000
8132,8701256222,1057063,0,0,1832,0,0.000000,16384,1435,57063,4,1.000000,0.000000
8133,8702312976,1056754,0,0,1839,0,0.000000,16384,1515,56754,4,1.000000,0.000000
8134,8703370189,1057213,0,0,1819,0,0.000000,16384,1551,57213,4,1.000000,0.000000
8135,8704425914,1055725,0,0,1848,0,0.000000,16384,1376,55725,4,1.000000,0.000000
8136,8705481883,1055969,0,0,1824,0,0.000000,16384,1590,55969,4,1.000000,0.000000
8137,8706537575,1055692,0,0,1845,0,0.000000,16384,1426,55692,4,1.000000,0.000000
8138,8707593126,1055551,0,0,1837,0,0.000000,16384,1534,55551,4,1.000000,0.000000
8139,8708649373,1056247,0,0,1747,0,0.000000,16384,1479,56247,4,1.000000,0.000000
8140,8709670864,1021491,0,0,1767,0,0.000000,16384,1341,21491,4,1.000000,0.000000
8141,8710732414,1061550,0,0,1830,0,0.000000,16384,1594,61550,4,1.000000,0.000000
8142,8711788217,1055803,0,0,1844,0,0.000000,16384,1402,55803,4,1.000000,0.000000
8143,8712844241,1056024,0,0,1817,0,0.000000,16384,1528,56024,4,1.000000,0.000000
8144,8713900125,1055884,0,0,1831,0,0.000000,16384,1538,55884,4,1.000000,0.000000
8145,8714956661,1056536,0,0,1846,0,0.000000,16384,1422,56536,4,1.000000,0.000000
8146,8716012678,1056017,0,0,1825,0,0.000000,16384,1636,56017,4,1.000000,0.000000
8147,8717068470,1055792,0,0,1854,0,0.000000,16384,1347,55792,4,1.000000,0.000000
8148,8718125084,1056614,0,0,1831,0,0.000000,16384,1597,56614,4,1.000000,0.000000
8149,8719182669,1057585,0,0,1718,0,0.000000,16384,1393,57585,4,1.000000,0.000000
8150,8720239850,1057181,0,0,1848,0,0.000000,16384,1436,57181,4,1.000000,0.000000
8151,8721302309,1062459,0,0,1835,0,0.000000,16384,1641,62459,4,1.000000,0.000000
8152,8722359904,1057595,0,0,1854,0,0.000000,16384,1339,57595,4,1.000000,0.000000
8153,8723416738,1056834,0,0,1803,0,0.000000,16384,1606,56834,4,1.000000,0.000000
8154,8724478404,1061666,0,0,1569,0,0.000000,16384,1261,61666,4,1.000000,0.000000
8155,8725538827,1060423,0,0,1655,0,0.000000,16384,1278,60423,4,1.000000,0.000000
8156,8726596616,1057789,0,0,1796,0,0.000000,16384,1588,57789,4,1.000000,0.000000
8157,8727653901,1057285,0,0,1837,0,0.000000,16384,1371,57285,4,1.000000,0.000000
8158,8728671705,1017804,0,0,1748,0,0.000000,16384,1479,17804,4,1.000000,0.000000
8159,8729727801,1056096,0,0,1833,0,0.000000,16384,1538,56096,4,1.000000,0.000000
8160,8730784996,1057195,0,0,1852,0,0.000000,16384,1429,57195,4,1.000000,0.000000
8161,8731850295,1065299,0,0,1842,0,0.000000,16384,1647,65299,4,1.000000,0.000000
8162,8732906276,1055981,0,0,1855,0,0.000000,16384,1347,55981,4,1.000000,0.000000
8163,8733963515,1057239,0,0,1789,0,0.000000,16384,1567,57239,4,1.000000,0.000000
8164,8735020548,1057033,0,0,1822,0,0.000000,16384,1472,57033,4,1.000000,0.000000
8165,8736076493,1055945,0,0,1798,0,0.000000,16384,1406,55945,4,1.000000,0.000000
8166,8737134761,1058268,0,0,1755,0,0.000000,16384,1576,58268,4,1.000000,0.000000
8167,8738192124,1057363,0,0,1852,0,0.000000,16384,1338,57363,4,1.000000,0.000000
8168,8739249756,1057632,0,0,1761,0,0.000000,16384,1560,57632,4,1.000000,0.000000
8169,8740306266,1056510,0,0,1834,0,0.000000,16384,1468,56510,4,1.000000,0.000000
8170,8741362854,1056588,0,0,1801,0,0.000000,16384,1425,56588,4,1.000000,0.000000
8171,8742437042,1074188,0,0,1855,0,0.000000,16384,1644,74188,4,1.000000,0.000000
8172,8743493531,1056489,0,0,1861,0,0.000000,16384,1330,56489,4,1.000000,0.000000
8173,8744549473,1055942,0,0,1827,0,0.000000,16384,1638,55942,4,1.000000,0.000000
8174,8745605933,1056460,0,0,1841,0,0.000000,16384,1442,56460,4,1.000000,0.000000
8175,8746661880,1055947,0,0,1818,0,0.000000,16384,1504,55947,4,1.000000,0.000000
8176,8747670494,1008614,0,0,1737,0,0.000000,16384,1495,8614,4,1.000000,0.000000
8177,8748727248,1056754,0,0,1801,0,0.000000,16384,1309,56754,4,1.000000,0.000000
8178,8749784722,1057474,0,0,1806,0,0.000000,16384,1604,57474,4,1.000000,0.000000
8179,8750841258,1056536,0,0,1849,0,0.000000,16384,1443,56536,4,1.000000,0.000000
8180,8751897174,1055916,0,0,1840,0,0.000000,16384,1528,55916,4,1.000000,0.000000
8181,8752958903,1061729,0,0,1840,0,0.000000,16384,1560,61729,4,1.000000,0.000000
8182,8754015173,1056270,0,0,1855,0,0.000000,16384,1415,56270,4,1.000000,0.000000
8183,8755070704,1055531,0,0,1826,0,0.000000,16384,1602,55531,4,1.000000,0.000000
8184,8756126383,1055679,0,0,1851,0,0.000000,16384,1394,55679,4,1.000000,0.000000
8185,8757242557,1116174,0,0,1918,0,0.000000,16384,1633,116174,4,1.000000,0.000000
8186,8758303639,1061082,0,0,1580,0,0.000000,16384,1325,61082,4,1.000000,0.000000
8187,8759367587,1063948,0,0,1543,0,0.000000,16384,1131,63948,4,1.000000,0.000000
8188,8760428310,1060723,0,0,1555,0,0.000000,16384,1402,60723,4,1.000000,0.000000
8189,8761487478,1059168,0,0,1564,0,0.000000,16384,1252,59168,4,1.000000,0.000000
8190,8762546007,1058529,0,0,1660,0,0.000000,16384,1282,58529,4,1.000000,0.000000
8191,8763614007,1068000,0,0,1680,0,0.000000,16384,1472,68000,4,1.000000,0.000000
8192,8764671084,1057077,0,0,1681,0,0.000000,16384,1292,57077,4,1.000000,0.000000
8193,8765728587,1057503,0,0,1677,0,0.000000,16384,1400,57503,4,1.000000,0.000000
8194,8766785916,1057329,0,0,1828,0,0.000000,16384,1563,57329,4,1.000000,0.000000
8195,8767842033,1056117,0,0,1852,0,0.000000,16384,1375,56117,4,1.000000,0.000000
8196,8768899296,1057263,0,0,1759,0,0.000000,16384,1547,57263,4,1.000000,0.000000
8197,8769956824,1057528,0,0,1832,0,0.000000,16384,1426,57528,4,1.000000,0.000000
8198,8771012681,1055857,0,0,1836,0,0.000000,16384,1527,55857,4,1.000000,0.000000
8199,8772068426,1055745,0,0,1829,0,0.000000,16384,1550,55745,4,1.000000,0.000000
8200,8773126982,1058556,0,0,1840,0,0.000000,16384,1404,58556,4,1.000000,0.000000
8201,8774191181,1064199,0,0,1677,0,0.000000,16384,1455,64199,4,1.000000,0.000000
8202,8775248882,1057701,0,0,1755,0,0.000000,16384,1365,57701,4,1.000000,0.000000
8203,8776313439,1064557,0,0,1557,0,0.000000,16384,1281,64557,4,1.000000,0.000000
8204,8777380619,1067180,0,0,1515,0,0.000000,16384,1351,67180,4,1.000000,0.000000
8205,8778442738,1062119,0,0,1606,0,0.000000,16384,1170,62119,4,1.000000,0.000000
8206,8779506764,1064026,0,0,1539,0,0.000000,16384,1306,64026,4,1.000000,0.000000
8207,8780566932,1060168,0,0,1792,0,0.000000,16384,1533,60168,4,1.000000,0.000000
8208,8781624806,1057874,0,0,1836,0,0.000000,16384,1368,57874,4,1.000000,0.000000
8209,8782670876,1046070,0,0,1794,0,0.000000,16384,1569,46070,4,1.000000,0.000000
8210,8783727078,1056202,0,0,1842,0,0.000000,16384,1431,56202,4,1.000000,0.000000
8211,8784806440,1079362,0,0,1875,0,0.000000,16384,1564,79362,4,1.000000,0.000000
8212,8785862543,1056103,0,0,1824,0,0.000000,16384,1537,56103,4,1.000000,0.000000
8213,8786918400,1055857,0,0,1851,0,0.000000,16384,1421,55857,4,1.000000,0.000000
8214,8787974347,1055947,0,0,1829,0,0.000000,16384,1629,55947,4,1.000000,0.000000
8215,8789031579,1057232,0,0,1822,0,0.000000,16384,1340,57232,4,1.000000,0.000000
8216,8790087971,1056392,0,0,1831,0,0.000000,16384,1571,56392,4,1.000000,0.000000
8217,8791143965,1055994,0,0,1804,0,0.000000,16384,1483,55994,4,1.000000,0.000000
8218,8792204470,1060505,0,0,1678,0,0.000000,16384,1301,60505,4,1.000000,0.000000
8219,8793271263,1066793,0,0,1492,0,0.000000,16384,1309,66793,4,1.000000,0.000000
8220,8794331977,1060714,0,0,1632,0,0.000000,16384,1281,60714,4,1.000000,0.000000
8221,8795429268,1097291,0,0,1857,0,0.000000,16384,1529,97291,4,1.000000,0.000000
8222,8796489266,1059998,0,0,1830,0,0.000000,16384,1564,59998,4,1.000000,0.000000
8223,8797547378,1058112,0,0,1852,0,0.000000,16384,1376,58112,4,1.000000,0.000000
8224,8798603425,1056047,0,0,1817,0,0.000000,16384,1589,56047,4,1.000000,0.000000
8225,8799661512,1058087,0,0,1644,0,0.000000,16384,1289,58087,4,1.000000,0.000000
8226,8800672689,1011177,0,0,1591,0,0.000000,16384,1280,11177,4,1.000000,0.000000
8227,8801731108,1058419,0,0,1667,0,0.000000,16384,1490,58419,4,1.000000,0.000000
8228,8802788438,1057330,0,0,1833,0,0.000000,16384,1326,57330,4,1.000000,0.000000
8229,8803846083,1057645,0,0,1822,0,0.000000,16384,1612,57645,4,1.000000,0.000000
8230,8804902421,1056338,0,0,1838,0,0.000000,16384,1458,56338,4,1.000000,0.000000
8231,8805969392,1066971,0,0,1858,0,0.000000,16384,1490,66971,4,1.000000,0.000000
8232,8807025543,1056151,0,0,1825,0,0.000000,16384,1601,56151,4,1.000000,0.000000
8233,8808081175,1055632,0,0,1839,0,0.000000,16384,1321,55632,4,1.000000,0.000000
8234,8809139390,1058215,0,0,1710,0,0.000000,16384,1537,58215,4,1.000000,0.000000
8235,8810196288,1056898,0,0,1832,0,0.000000,16384,1443,56898,4,1.000000,0.000000
8236,8811252343,1056055,0,0,1839,0,0.000000,16384,1507,56055,4,1.000000,0.000000
8237,8812308211,1055868,0,0,1824,0,0.000000,16384,1570,55868,4,1.000000,0.000000
8238,8813364227,1056016,0,0,1852,0,0.000000,16384,1364,56016,4,1.000000,0.000000
8239,8814420100,1055873,0,0,1780,0,0.000000,16384,1571,55873,4,1.000000,0.000000
8240,8815475990,1055890,0,0,1827,0,0.000000,16384,1423,55890,4,1.000000,0.000000
8241,8816537820,1061830,0,0,1849,0,0.000000,16384,1536,61830,4,1.000000,0.000000
8242,8817593745,1055925,0,0,1830,0,0.000000,16384,1552,55925,4,1.000000,0.000000
8243,8818650226,1056481,0,0,1849,0,0.000000,16384,1410,56481,4,1.000000,0.000000
8244,8819672059,1021833,0,0,1676,0,0.000000,16384,1455,21833,4,1.000000,0.000000
8245,8820729446,1057387,0,0,1852,0,0.000000,16384,1434,57387,4,1.000000,0.000000
8246,8821785803,1056357,0,0,1838,0,0.000000,16384,1538,56357,4,1.000000,0.000000
8247,8822841792,1055989,0,0,1822,0,0.000000,16384,1536,55989,4,1.000000,0.000000
8248,8823898499,1056707,0,0,1791,0,0.000000,16384,1373,56707,4,1.000000,0.000000
8249,8824961998,1063499,0,0,1585,0,0.000000,16384,1383,63499,4,1.000000,0.000000
8250,8826023545,1061547,0,0,1645,0,0.000000,16384,1290,61547,4,1.000000,0.000000
8251,8827093354,1069809,0,0,1624,0,0.000000,16384,1301,69809,4,1.000000,0.000000
8252,8828151379,1058025,0,0,1664,0,0.000000,16384,1490,58025,4,1.000000,0.000000
8253,8829208663,1057284,0,0,1756,0,0.000000,16384,1272,57284,4,1.000000,0.000000
8254,8830265555,1056892,0,0,1824,0,0.000000,16384,1588,56892,4,1.000000,0.000000
8255,8831321617,1056062,0,0,1828,0,0.000000,16384,1480,56062,4,1.000000,0.000000
8256,8832377333,1055716,0,0,1836,0,0.000000,16384,1442,55716,4,1.000000,0.000000
8257,8833434445,1057112,0,0,1815,0,0.000000,16384,1617,57112,4,1.000000,0.000000
8258,8834490938,1056493,0,0,1851,0,0.000000,16384,1329,56493,4,1.000000,0.000000
8259,8835546821,1055883,0,0,1828,0,0.000000,16384,1633,55883,4,1.000000,0.000000
8260,8836603223,1056402,0,0,1830,0,0.000000,16384,1440,56402,4,1.000000,0.000000
8261,8837663954,1060731,0,0,1841,0,0.000000,16384,1510,60731,4,1.000000,0.000000
8262,8838723719,1059765,0,0,1829,0,0.000000,16384,1571,59765,4,1.000000,0.000000
8263,8839782350,1058631,0,0,1635,0,0.000000,16384,1167,58631,4,1.000000,0.000000
8264,8840840023,1057673,0,0,1801,0,0.000000,16384,1613,57673,4,1.000000,0.000000
8265,8841896772,1056749,0,0,1789,0,0.000000,16384,1411,56749,4,1.000000,0.000000
8266,8842953194,1056422,0,0,1843,0,0.000000,16384,1498,56422,4,1.000000,0.000000
8267,8844010452,1057258,0,0,1828,0,0.000000,16384,1584,57258,4,1.000000,0.000000
8268,8845069349,1058897,0,0,1799,0,0.000000,16384,1302,58897,4,1.000000,0.000000
8269,8846127197,1057848,0,0,1731,0,0.000000,16384,1549,57848,4,1.000000,0.000000
8270,8847183368,1056171,0,0,1812,0,0.000000,16384,1420,56171,4,1.000000,0.000000
8271,8848257099,1073731,0,0,1861,0,0.000000,16384,1534,73731,4,1.000000,0.000000
8272,8849313557,1056458,0,0,1811,0,0.000000,16384,1548,56458,4,1.000000,0.000000
8273,8850369946,1056389,0,0,1838,0,0.000000,16384,1360,56389,4,1.000000,0.000000
8274,8851425921,1055975,0,0,1816,0,0.000000,16384,1596,55975,4,1.000000,0.000000
8275,8852481908,1055987,0,0,1830,0,0.000000,16384,1420,55987,4,1.000000,0.000000
8276,8853537816,1055908,0,0,1809,0,0.000000,16384,1510,55908,4,1.000000,0.000000
8277,8854593544,1055728,0,0,1819,0,0.000000,16384,1542,55728,4,1.000000,0.000000
8278,8855649127,1055583,0,0,1848,0,0.000000,16384,1410,55583,4,1.000000,0.000000
8279,8856670491,1021364,0,0,1758,0,0.000000,16384,1538,21364,4,1.000000,0.000000
8280,8857727039,1056548,0,0,1835,0,0.000000,16384,1397,56548,4,1.000000,0.000000
8281,8858789219,1062180,0,0,1828,0,0.000000,16384,1536,62180,4,1.000000,0.000000
8282,8859848896,1059677,0,0,1604,0,0.000000,16384,1376,59677,4,1.000000,0.000000
8283,8860908072,1059176,0,0,1823,0,0.000000,16384,1373,59176,4,1.000000,0.000000
8284,8861965761,1057689,0,0,1756,0,0.000000,16384,1528,57689,4,1.000000,0.000000
8285,8863023185,1057424,0,0,1833,0,0.000000,16384,1423,57424,4,1.000000,0.000000
8286,8864079982,1056797,0,0,1838,0,0.000000,16384,1535,56797,4,1.000000,0.000000
8287,8865136736,1056754,0,0,1761,0,0.000000,16384,1496,56754,4,1.000000,0.000000
8288,8866193618,1056882,0,0,1711,0,0.000000,16384,1280,56882,4,1.000000,0.000000
8289,8867249972,1056354,0,0,1825,0,0.000000,16384,1598,56354,4,1.000000,0.000000
8290,8868305917,1055945,0,0,1784,0,0.000000,16384,1381,55945,4,1.000000,0.000000
8291,8869373372,1067455,0,0,1787,0,0.000000,16384,1492,67455,4,1.000000,0.000000
8292,8870430820,1057448,0,0,1780,0,0.000000,16384,1516,57448,4,1.000000,0.000000
8293,8871487829,1057009,0,0,1726,0,0.000000,16384,1280,57009,4,1.000000,0.000000
8294,8872543916,1056087,0,0,1792,0,0.000000,16384,1577,56087,4,1.000000,0.000000
8295,8873600007,1056091,0,0,1836,0,0.000000,16384,1426,56091,4,1.000000,0.000000
8296,8874655963,1055956,0,0,1828,0,0.000000,16384,1523,55956,4,1.000000,0.000000
8297,8875670430,1014467,0,0,1753,0,0.000000,16384,1495,14467,4,1.000000,0.000000
8298,8876727730,1057300,0,0,1849,0,0.000000,16384,1401,57300,4,1.000000,0.000000
8299,8877783885,1056155,0,0,1817,0,0.000000,16384,1589,56155,4,1.000000,0.000000
8300,8878840228,1056343,0,0,1820,0,0.000000,16384,1388,56343,4,1.000000,0.000000
8301,8879904952,1064724,0,0,1660,0,0.000000,16384,1399,64724,4,1.000000,0.000000
8302,8880963477,1058525,0,0,1787,0,0.000000,16384,1522,58525,4,1.000000,0.000000
8303,8882020342,1056865,0,0,1824,0,0.000000,16384,1374,56865,4,1.000000,0.000000
8304,8883077245,1056903,0,0,1826,0,0.000000,16384,1598,56903,4,1.000000,0.000000
8305,8884134570,1057325,0,0,1845,0,0.000000,16384,1413,57325,4,1.000000,0.000000
8306,8885195628,1061058,0,0,1840,0,0.000000,16384,1543,61058,4,1.000000,0.000000
8307,8886256092,1060464,0,0,1842,0,0.000000,16384,1545,60464,4,1.000000,0.000000
8308,8887312815,1056723,0,0,1852,0,0.000000,16384,1428,56723,4,1.000000,0.000000
8309,8888369916,1057101,0,0,1830,0,0.000000,16384,1633,57101,4,1.000000,0.000000
8310,8889427699,1057783,0,0,1851,0,0.000000,16384,1347,57783,4,1.000000,0.000000
8311,8890493607,1065908,0,0,1843,0,0.000000,16384,1610,65908,4,1.000000,0.000000
8312,8891552631,1059024,0,0,1713,0,0.000000,16384,1389,59024,4,1.000000,0.000000
8313,8892616949,1064318,0,0,1550,0,0.000000,16384,1199,64318,4,1.000000,0.000000
8314,8893672694,1055745,0,0,1541,0,0.000000,16384,1348,55745,4,1.000000,0.000000
8315,8894730449,1057755,0,0,1675,0,0.000000,16384,1317,57755,4,1.000000,0.000000
8316,8895787268,1056819,0,0,1840,0,0.000000,16384,1506,56819,4,1.000000,0.000000
8317,8896844646,1057378,0,0,1826,0,0.000000,16384,1572,57378,4,1.000000,0.000000
8318,8897900510,1055864,0,0,1849,0,0.000000,16384,1361,55864,4,1.000000,0.000000
8319,8898956230,1055720,0,0,1825,0,0.000000,16384,1608,55720,4,1.000000,0.000000
8320,8900016024,1059794,0,0,1651,0,0.000000,16384,1294,59794,4,1.000000,0.000000
8321,8901099029,1083005,0,0,1814,0,0.000000,16384,1494,83005,4,1.000000,0.000000
8322,8902160483,1061454,0,0,1834,0,0.000000,16384,1572,61454,4,1.000000,0.000000
8323,8903217871,1057388,0,0,1860,0,0.000000,16384,1380,57388,4,1.000000,0.000000
8324,8904274052,1056181,0,0,1825,0,0.000000,16384,1597,56181,4,1.000000,0.000000
8325,8905330299,1056247,0,0,1823,0,0.000000,16384,1416,56247,4,1.000000,0.000000
8326,8906386533,1056234,0,0,1833,0,0.000000,16384,1530,56234,4,1.000000,0.000000
8327,8907442394,1055861,0,0,1828,0,0.000000,16384,1543,55861,4,1.000000,0.000000
8328,8908500391,1057997,0,0,1831,0,0.000000,16384,1403,57997,4,1.000000,0.000000
8329,8909557246,1056855,0,0,1816,0,0.000000,16384,1603,56855,4,1.000000,0.000000
8330,8910613179,1055933,0,0,1845,0,0.000000,16384,1377,55933,4,1.000000,0.000000
8331,8911675070,1061891,0,0,1800,0,0.000000,16384,1526,61891,4,1.000000,0.000000
8332,8912731691,1056621,0,0,1832,0,0.000000,16384,1528,56621,4,1.000000,0.000000
8333,8913787628,1055937,0,0,1843,0,0.000000,16384,1427,55937,4,1.000000,0.000000
8334,8914843502,1055874,0,0,1827,0,0.000000,16384,1634,55874,4,1.000000,0.000000
8335,8915899309,1055807,0,0,1853,0,0.000000,16384,1343,55807,4,1.000000,0.000000
8336,8916955189,1055880,0,0,1829,0,0.000000,16384,1616,55880,4,1.000000,0.000000
8337,8918012073,1056884,0,0,1841,0,0.000000,16384,1465,56884,4,1.000000,0.000000
8338,8919068133,1056060,0,0,1826,0,0.000000,16384,1460,56060,4,1.000000,0.000000
8339,8920126299,1058166,0,0,1708,0,0.000000,16384,1515,58166,4,1.000000,0.000000
8340,8921184075,1057776,0,0,1814,0,0.000000,16384,1305,57776,4,1.000000,0.000000
8341,8922248672,1064597,0,0,1842,0,0.000000,16384,1637,64597,4,1.000000,0.000000
8342,8923305430,1056758,0,0,1838,0,0.000000,16384,1451,56758,4,1.000000,0.000000
8343,8924361969,1056539,0,0,1829,0,0.000000,16384,1486,56539,4,1.000000,0.000000
8344,8925478757,1116788,0,0,1770,0,0.000000,16384,1544,116788,4,1.000000,0.000000
8345,8926543252,1064495,0,0,1666,0,0.000000,16384,1191,64495,4,1.000000,0.000000
8346,8927636652,1093400,0,0,1865,0,0.000000,16384,1655,93400,4,1.000000,0.000000
8347,8928706383,1069731,0,0,1828,0,0.000000,16384,1442,69731,4,1.000000,0.000000
8348,8929770794,1064411,0,0,1833,0,0.000000,16384,1495,64411,4,1.000000,0.000000
8349,8930831423,1060629,0,0,1669,0,0.000000,16384,1457,60629,4,1.000000,0.000000
8350,8931890697,1059274,0,0,1692,0,0.000000,16384,1212,59274,4,1.000000,0.000000
8351,8932960412,1069715,0,0,1687,0,0.000000,16384,1479,69715,4,1.000000,0.000000
8352,8934017175,1056763,0,0,1673,0,0.000000,16384,1381,56763,4,1.000000,0.000000
8353,8935073332,1056157,0,0,1734,0,0.000000,16384,1336,56157,4,1.000000,0.000000
8354,8936133494,1060162,0,0,1892,0,0.000000,16384,1688,60162,4,1.000000,0.000000
8355,8937193232,1059738,0,0,1851,0,0.000000,16384,1347,59738,4,1.000000,0.000000
8356,8938250604,1057372,0,0,1833,0,0.000000,16384,1595,57372,4,1.000000,0.000000
8357,8939342221,1091617,0,0,1747,0,0.000000,16384,1423,91617,4,1.000000,0.000000
8358,8940403612,1061391,0,0,1725,0,0.000000,16384,1338,61391,4,1.000000,0.000000
8359,8941462014,1058402,0,0,1727,0,0.000000,16384,1544,58402,4,1.000000,0.000000
8360,8942548097,1086083,0,0,1990,0,0.000000,16384,1464,86083,4,1.000000,0.000000
8361,8943646906,1098809,0,0,1994,0,0.000000,16384,1752,98809,4,1.000000,0.000000
8362,8944703521,1056615,0,0,1917,0,0.000000,16384,1501,56615,4,1.000000,0.000000
8363,8945765746,1062225,0,0,1915,0,0.000000,16384,1583,62225,4,1.000000,0.000000
8364,8946832223,1066477,0,0,1916,0,0.000000,16384,1612,66477,4,1.000000,0.000000
8365,8947894386,1062163,0,0,1945,0,0.000000,16384,1496,62163,4,1.000000,0.000000
8366,8948958341,1063955,0,0,1917,0,0.000000,16384,1706,63955,4,1.000000,0.000000
8367,8950017650,1059309,0,0,1850,0,0.000000,16384,1338,59309,4,1.000000,0.000000
8368,8951074246,1056596,0,0,1832,0,0.000000,16384,1627,56596,4,1.000000,0.000000
8369,8952130178,1055932,0,0,1838,0,0.000000,16384,1454,55932,4,1.000000,0.000000
8370,8953185933,1055755,0,0,1844,0,0.000000,16384,1487,55755,4,1.000000,0.000000
8371,8954259296,1073363,0,0,1854,0,0.000000,16384,1614,73363,4,1.000000,0.000000
8372,8955315877,1056581,0,0,1853,0,0.000000,16384,1350,56581,4,1.000000,0.000000
8373,8956373574,1057697,0,0,1823,0,0.000000,16384,1616,57697,4,1.000000,0.000000
8374,8957459906,1086332,0,0,1970,0,0.000000,16384,1526,86332,4,1.000000,0.000000
8375,8958579054,1119148,0,0,2004,0,0.000000,16384,1686,119148,4,1.000000,0.000000
8376,8959644929,1065875,0,0,1731,0,0.000000,16384,1441,65875,4,1.000000,0.000000
8377,8960672540,1027611,0,0,1785,0,0.000000,16384,1376,27611,4,1.000000,0.000000
8378,8961730683,1058143,0,0,1829,0,0.000000,16384,1634,58143,4,1.000000,0.000000
8379,8962787776,1057093,0,0,1840,0,0.000000,16384,1346,57093,4,1.000000,0.000000
8380,8963844492,1056716,0,0,1834,0,0.000000,16384,1585,56716,4,1.000000,0.000000
8381,8964910114,1065622,0,0,1853,0,0.000000,16384,1508,65622,4,1.000000,0.000000
8382,8965966473,1056359,0,0,1819,0,0.000000,16384,1423,56359,4,1.000000,0.000000
8383,8967023040,1056567,0,0,1824,0,0.000000,16384,1629,56567,4,1.000000,0.000000
8384,8968079062,1056022,0,0,1857,0,0.000000,16384,1336,56022,4,1.000000,0.000000
8385,8969137437,1058375,0,0,1825,0,0.000000,16384,1628,58375,4,1.000000,0.000000
8386,8970196168,1058731,0,0,1646,0,0.000000,16384,1311,58731,4,1.000000,0.000000
8387,8971253907,1057739,0,0,1834,0,0.000000,16384,1446,57739,4,1.000000,0.000000
8388,8972310211,1056304,0,0,1819,0,0.000000,16384,1612,56304,4,1.000000,0.000000
8389,8973366336,1056125,0,0,1859,0,0.000000,16384,1334,56125,4,1.000000,0.000000
8390,8974422772,1056436,0,0,1825,0,0.000000,16384,1631,56436,4,1.000000,0.000000
8391,8975486115,1063343,0,0,1851,0,0.000000,16384,1453,63343,4,1.000000,0.000000
8392,8976542000,1055885,0,0,1839,0,0.000000,16384,1520,55885,4,1.000000,0.000000
8393,8977597638,1055638,0,0,1826,0,0.000000,16384,1558,55638,4,1.000000,0.000000
8394,8978653424,1055786,0,0,1858,0,0.000000,16384,1385,55786,4,1.000000,0.000000
8395,8979671858,1018434,0,0,1678,0,0.000000,16384,1478,18434,4,1.000000,0.000000
8396,8980730170,1058312,0,0,1836,0,0.000000,16384,1434,58312,4,1.000000,0.000000
8397,8981787114,1056944,0,0,1795,0,0.000000,16384,1490,56944,4,1.000000,0.000000
8398,8982844322,1057208,0,0,1818,0,0.000000,16384,1549,57208,4,1.000000,0.000000
8399,8983900340,1056018,0,0,1851,0,0.000000,16384,1391,56018,4,1.000000,0.000000
8400,8984956280,1055940,0,0,1824,0,0.000000,16384,1596,55940,4,1.000000,0.000000
8401,8986018367,1062087,0,0,1859,0,0.000000,16384,1426,62087,4,1.000000,0.000000
8402,8987074034,1055667,0,0,1837,0,0.000000,16384,1541,55667,4,1.000000,0.000000
8403,8988130622,1056588,0,0,1822,0,0.000000,16384,1532,56588,4,1.000000,0.000000
8404,8989188428,1057806,0,0,1850,0,0.000000,16384,1423,57806,4,1.000000,0.000000
8405,8990244829,1056401,0,0,1820,0,0.000000,16384,1630,56401,4,1.000000,0.000000
8406,8991301263,1056434,0,0,1830,0,0.000000,16384,1335,56434,4,1.000000,0.000000
8407,8992357979,1056716,0,0,1808,0,0.000000,16384,1561,56716,4,1.000000,0.000000
8408,8993413819,1055840,0,0,1831,0,0.000000,16384,1497,55840,4,1.000000,0.000000
8409,8994474160,1060341,0,0,1846,0,0.000000,16384,1438,60341,4,1.000000,0.000000
8410,8995534745,1060585,0,0,1824,0,0.000000,16384,1633,60585,4,1.000000,0.000000
8411,8996598352,1063607,0,0,1849,0,0.000000,16384,1332,63607,4,1.000000,0.000000
8412,8997655061,1056709,0,0,1828,0,0.000000,16384,1628,56709,4,1.000000,0.000000
8413,8998670873,1015812,0,0,1767,0,0.000000,16384,1399,15812,4,1.000000,0.000000
8414,8999729513,1058640,0,0,1770,0,0.000000,16384,1409,58640,4,1.000000,0.000000
8415,9000787271,1057758,0,0,1748,0,0.000000,16384,1554,57758,4,1.000000,0.000000
8416,9001843712,1056441,0,0,1859,0,0.000000,16384,1336,56441,4,1.000000,0.000000
8417,9002900184,1056472,0,0,1829,0,0.000000,16384,1633,56472,4,1.000000,0.000000
8418,9003979401,1079217,0,0,1879,0,0.000000,16384,1475,79217,4,1.000000,0.000000
8419,9005035643,1056242,0,0,1837,0,0.000000,16384,1518,56242,4,1.000000,0.000000
8420,9006091599,1055956,0,0,1827,0,0.000000,16384,1560,55956,4,1.000000,0.000000
8421,9007169333,1077734,0,0,1892,0,0.000000,16384,1418,77734,4,1.000000,0.000000
8422,9008225590,1056257,0,0,1827,0,0.000000,16384,1599,56257,4,1.000000,0.000000
8423,9009282640,1057050,0,0,1772,0,0.000000,16384,1364,57050,4,1.000000,0.000000
8424,9010343137,1060497,0,0,1813,0,0.000000,16384,1514,60497,4,1.000000,0.000000
8425,9011403501,1060364,0,0,1812,0,0.000000,16384,1535,60364,4,1.000000,0.000000
8426,9012460733,1057232,0,0,1853,0,0.000000,16384,1416,57232,4,1.000000,0.000000
8427,9013517326,1056593,0,0,1826,0,0.000000,16384,1611,56593,4,1.000000,0.000000
8428,9014573604,1056278,0,0,1848,0,0.000000,16384,1376,56278,4,1.000000,0.000000
8429,9015629463,1055859,0,0,1833,0,0.000000,16384,1557,55859,4,1.000000,0.000000
8430,9016670533,1041070,0,0,1802,0,0.000000,16384,1498,41070,4,1.000000,0.000000
8431,9017734076,1063543,0,0,1857,0,0.000000,16384,1438,63543,4,1.000000,0.000000
8432,9018790943,1056867,0,0,1826,0,0.000000,16384,1634,56867,4,1.000000,0.000000
8433,9019850018,1059075,0,0,1771,0,0.000000,16384,1284,59075,4,1.000000,0.000000
8434,9020908320,1058302,0,0,1645,0,0.000000,16384,1411,58302,4,1.000000,0.000000
8435,9021965168,1056848,0,0,1666,0,0.000000,16384,1413,56848,4,1.000000,0.000000
8436,9023021797,1056629,0,0,1808,0,0.000000,16384,1383,56629,4,1.000000,0.000000
8437,9024078901,1057104,0,0,1807,0,0.000000,16384,1591,57104,4,1.000000,0.000000
8438,9025134942,1056041,0,0,1847,0,0.000000,16384,1387,56041,4,1.000000,0.000000
8439,9026241715,1106773,0,0,1755,0,0.000000,16384,1484,106773,4,1.000000,0.000000
8440,9027304341,1062626,0,0,1665,0,0.000000,16384,1418,62626,4,1.000000,0.000000
8441,9028375912,1071571,0,0,1710,0,0.000000,16384,1280,71571,4,1.000000,0.000000
8442,9029436038,1060126,0,0,1668,0,0.000000,16384,1470,60126,4,1.000000,0.000000
8443,9030494716,1058678,0,0,1678,0,0.000000,16384,1321,58678,4,1.000000,0.000000
8444,9031583212,1088496,0,0,1863,0,0.000000,16384,1524,88496,4,1.000000,0.000000
8445,9032676117,1092905,0,0,1864,0,0.000000,16384,1598,92905,4,1.000000,0.000000
8446,9033704900,1028783,0,0,1783,0,0.000000,16384,1306,28783,4,1.000000,0.000000
8447,9034799330,1094430,0,0,1544,0,0.000000,16384,1390,94430,4,1.000000,0.000000
8448,9035866779,1067449,0,0,1452,0,0.000000,16384,1177,67449,4,1.000000,0.000000
8449,9036935008,1068229,0,0,1438,0,0.000000,16384,1050,68229,4,1.000000,0.000000
8450,9038005261,1070253,0,0,1504,0,0.000000,16384,1352,70253,4,1.000000,0.000000
8451,9039208906,1203645,0,0,1666,0,0.000000,16384,1348,203645,4,1.000000,0.000000
8452,9040280937,1072031,0,0,1403,0,0.000000,16384,1055,72031,4,1.000000,0.000000
8453,9041348871,1067934,0,0,1474,0,0.000000,16384,1321,67934,4,1.000000,0.000000
8454,9042411555,1062684,0,0,1561,0,0.000000,16384,1254,62684,4,1.000000,0.000000
8455,9043473628,1062073,0,0,1447,0,0.000000,16384,1089,62073,4,1.000000,0.000000
8456,9044547740,1074112,0,0,1551,0,0.000000,16384,1378,74112,4,1.000000,0.000000
8457,9045625174,1077434,0,0,1429,0,0.000000,16384,1154,77434,4,1.000000,0.000000
8458,9046677524,1052350,0,0,1456,0,0.000000,16384,1086,52350,4,1.000000,0.000000
8459,9047738409,1060885,0,0,1550,0,0.000000,16384,1385,60885,4,1.000000,0.000000
8460,9048799914,1061505,0,0,1557,0,0.000000,16384,1248,61505,4,1.000000,0.000000
8461,9049889104,1089190,0,0,1564,0,0.000000,16384,1209,89190,4,1.000000,0.000000
8462,9050947392,1058288,0,0,1557,0,0.000000,16384,1361,58288,4,1.000000,0.000000
8463,9052005103,1057711,0,0,1552,0,0.000000,16384,1226,57711,4,1.000000,0.000000
8464,9053062517,1057414,0,0,1572,0,0.000000,16384,1234,57414,4,1.000000,0.000000
8465,9054119624,1057107,0,0,1602,0,0.000000,16384,1427,57107,4,1.000000,0.000000
8466,9055176944,1057320,0,0,1666,0,0.000000,16384,1257,57320,4,1.000000,0.000000
8467,9056233277,1056333,0,0,1668,0,0.000000,16384,1399,56333,4,1.000000,0.000000
8468,9057289720,1056443,0,0,1657,0,0.000000,16384,1435,56443,4,1.000000,0.000000
8469,9058347596,1057876,0,0,1666,0,0.000000,16384,1190,57876,4,1.000000,0.000000
8470,9059406651,1059055,0,0,1742,0,0.000000,16384,1558,59055,4,1.000000,0.000000
8471,9060485952,1079301,0,0,1696,0,0.000000,16384,1354,79301,4,1.000000,0.000000
8472,9061546193,1060241,0,0,1670,0,0.000000,16384,1297,60241,4,1.000000,0.000000
8473,9062609193,1063000,0,0,1639,0,0.000000,16384,1454,63000,4,1.000000,0.000000
8474,9063671375,1062182,0,0,1820,0,0.000000,16384,1372,62182,4,1.000000,0.000000
8475,9064730061,1058686,0,0,1819,0,0.000000,16384,1529,58686,4,1.000000,0.000000
8476,9065786983,1056922,0,0,1825,0,0.000000,16384,1533,56922,4,1.000000,0.000000
8477,9066845198,1058215,0,0,1853,0,0.000000,16384,1430,58215,4,1.000000,0.000000
8478,9067901632,1056434,0,0,1817,0,0.000000,16384,1627,56434,4,1.000000,0.000000
8479,9068957694,1056062,0,0,1848,0,0.000000,16384,1342,56062,4,1.000000,0.000000
8480,9070015833,1058139,0,0,1780,0,0.000000,16384,1551,58139,4,1.000000,0.000000
8481,9071086740,1070907,0,0,1855,0,0.000000,16384,1507,70907,4,1.000000,0.000000
8482,9072145596,1058856,0,0,1801,0,0.000000,16384,1407,58856,4,1.000000,0.000000
8483,9073203273,1057677,0,0,1819,0,0.000000,16384,1627,57677,4,1.000000,0.000000
8484,9074259535,1056262,0,0,1841,0,0.000000,16384,1325,56262,4,1.000000,0.000000
8485,9075317397,1057862,0,0,1792,0,0.000000,16384,1600,57862,4,1.000000,0.000000
8486,9076374219,1056822,0,0,1834,0,0.000000,16384,1449,56822,4,1.000000,0.000000
8487,9077430140,1055921,0,0,1844,0,0.000000,16384,1492,55921,4,1.000000,0.000000
8488,9078486903,1056763,0,0,1825,0,0.000000,16384,1589,56763,4,1.000000,0.000000
8489,9079543087,1056184,0,0,1854,0,0.000000,16384,1349,56184,4,1.000000,0.000000
8490,9080600574,1057487,0,0,1723,0,0.000000,16384,1538,57487,4,1.000000,0.000000
8491,9081670588,1070014,0,0,1850,0,0.000000,16384,1449,70014,4,1.000000,0.000000
8492,9082727778,1057190,0,0,1826,0,0.000000,16384,1509,57190,4,1.000000,0.000000
8493,9083784319,1056541,0,0,1826,0,0.000000,16384,1559,56541,4,1.000000,0.000000
8494,9084840641,1056322,0,0,1856,0,0.000000,16384,1390,56322,4,1.000000,0.000000
8495,9085896399,1055758,0,0,1822,0,0.000000,16384,1594,55758,4,1.000000,0.000000
8496,9086952734,1056335,0,0,1832,0,0.000000,16384,1411,56335,4,1.000000,0.000000
8497,9088010590,1057856,0,0,1783,0,0.000000,16384,1494,57856,4,1.000000,0.000000
8498,9089068417,1057827,0,0,1717,0,0.000000,16384,1465,57827,4,1.000000,0.000000
8499,9090125268,1056851,0,0,1840,0,0.000000,16384,1394,56851,4,1.000000,0.000000
8500,9091181706,1056438,0,0,1746,0,0.000000,16384,1518,56438,4,1.000000,0.000000
8501,9092244908,1063202,0,0,1783,0,0.000000,16384,1383,63202,4,1.000000,0.000000
8502,9093300923,1056015,0,0,1836,0,0.000000,16384,1530,56015,4,1.000000,0.000000
8503,9094356902,1055979,0,0,1830,0,0.000000,16384,1548,55979,4,1.000000,0.000000
8504,9095412912,1056010,0,0,1853,0,0.000000,16384,1417,56010,4,1.000000,0.000000
8505,9096468724,1055812,0,0,1825,0,0.000000,16384,1613,55812,4,1.000000,0.000000
8506,9097524444,1055720,0,0,1843,0,0.000000,16384,1372,55720,4,1.000000,0.000000
8507,9098580322,1055878,0,0,1821,0,0.000000,16384,1550,55878,4,1.000000,0.000000
8508,9099637485,1057163,0,0,1787,0,0.000000,16384,1486,57163,4,1.000000,0.000000
8509,9100674497,1037012,0,0,1522,0,0.000000,16384,1157,37012,4,1.000000,0.000000
8510,9101735207,1060710,0,0,1669,0,0.000000,16384,1464,60710,4,1.000000,0.000000
8511,9102805140,1069933,0,0,1689,0,0.000000,16384,1322,69933,4,1.000000,0.000000
8512,9103864704,1059564,0,0,1672,0,0.000000,16384,1344,59564,4,1.000000,0.000000
8513,9104922774,1058070,0,0,1666,0,0.000000,16384,1485,58070,4,1.000000,0.000000
8514,9105980200,1057426,0,0,1692,0,0.000000,16384,1223,57426,4,1.000000,0.000000
8515,9107037549,1057349,0,0,1669,0,0.000000,16384,1425,57349,4,1.000000,0.000000
8516,9108094386,1056837,0,0,1668,0,0.000000,16384,1418,56837,4,1.000000,0.000000
8517,9109151786,1057400,0,0,1734,0,0.000000,16384,1318,57400,4,1.000000,0.000000
8518,9110208195,1056409,0,0,1821,0,0.000000,16384,1593,56409,4,1.000000,0.000000
8519,9111265232,1057037,0,0,1780,0,0.000000,16384,1358,57037,4,1.000000,0.000000
8520,9112321534,1056302,0,0,1813,0,0.000000,16384,1519,56302,4,1.000000,0.000000
8521,9113394959,1073425,0,0,1837,0,0.000000,16384,1549,73425,4,1.000000,0.000000
8522,9114451510,1056551,0,0,1840,0,0.000000,16384,1411,56551,4,1.000000,0.000000
8523,9115507549,1056039,0,0,1826,0,0.000000,16384,1623,56039,4,1.000000,0.000000
8524,9116563415,1055866,0,0,1851,0,0.000000,16384,1365,55866,4,1.000000,0.000000
8525,9117619108,1055693,0,0,1832,0,0.000000,16384,1576,55693,4,1.000000,0.000000
8526,9118670561,1051453,0,0,1822,0,0.000000,16384,1494,51453,4,1.000000,0.000000
8527,9119726456,1055895,0,0,1830,0,0.000000,16384,1423,55895,4,1.000000,0.000000
8528,9120785749,1059293,0,0,1726,0,0.000000,16384,1555,59293,4,1.000000,0.000000
8529,9121843477,1057728,0,0,1856,0,0.000000,16384,1347,57728,4,1.000000,0.000000
8530,9122899909,1056432,0,0,1830,0,0.000000,16384,1609,56432,4,1.000000,0.000000
8531,9123965723,1065814,0,0,1851,0,0.000000,16384,1479,65814,4,1.000000,0.000000
8532,9125022799,1057076,0,0,1829,0,0.000000,16384,1459,57076,4,1.000000,0.000000
8533,9126079538,1056739,0,0,1786,0,0.000000,16384,1579,56739,4,1.000000,0.000000
8534,9127140703,1061165,0,0,1582,0,0.000000,16384,1135,61165,4,1.000000,0.000000
8535,9128200659,1059956,0,0,1655,0,0.000000,16384,1415,59956,4,1.000000,0.000000
8536,9129258576,1057917,0,0,1673,0,0.000000,16384,1421,57917,4,1.000000,0.000000
8537,9130315915,1057339,0,0,1774,0,0.000000,16384,1357,57339,4,1.000000,0.000000
8538,9131372900,1056985,0,0,1805,0,0.000000,16384,1580,56985,4,1.000000,0.000000
8539,9132428969,1056069,0,0,1847,0,0.000000,16384,1398,56069,4,1.000000,0.000000
8540,9133484664,1055695,0,0,1836,0,0.000000,16384,1543,55695,4,1.000000,0.000000
8541,9134550184,1065520,0,0,1846,0,0.000000,16384,1546,65520,4,1.000000,0.000000
8542,9135660671,1110487,0,0,1873,0,0.000000,16384,1450,110487,4,1.000000,0.000000
8543,9136677551,1016880,0,0,1569,0,0.000000,16384,1398,16880,4,1.000000,0.000000
8544,9137736296,1058745,0,0,1678,0,0.000000,16384,1269,58745,4,1.000000,0.000000
8545,9138798263,1061967,0,0,1667,0,0.000000,16384,1398,61967,4,1.000000,0.000000
8546,9139862595,1064332,0,0,1767,0,0.000000,16384,1514,64332,4,1.000000,0.000000
8547,9140926233,1063638,0,0,1634,0,0.000000,16384,1167,63638,4,1.000000,0.000000
8548,9141987504,1061271,0,0,1645,0,0.000000,16384,1483,61271,4,1.000000,0.000000
8549,9143045291,1057787,0,0,1671,0,0.000000,16384,1344,57787,4,1.000000,0.000000
8550,9144102733,1057442,0,0,1680,0,0.000000,16384,1304,57442,4,1.000000,0.000000
8551,9145172411,1069678,0,0,1678,0,0.000000,16384,1487,69678,4,1.000000,0.000000
8552,9146229118,1056707,0,0,1678,0,0.000000,16384,1263,56707,4,1.000000,0.000000
8553,9147285289,1056171,0,0,1707,0,0.000000,16384,1431,56171,4,1.000000,0.000000
8554,9148341801,1056512,0,0,1827,0,0.000000,16384,1552,56512,4,1.000000,0.000000
8555,9149428428,1086627,0,0,1965,0,0.000000,16384,1500,86627,4,1.000000,0.000000
8556,9150517779,1089351,0,0,1961,0,0.000000,16384,1742,89351,4,1.000000,0.000000
8557,9151605266,1087487,0,0,1999,0,0.000000,16384,1451,87487,4,1.000000,0.000000
8558,9152671086,1065820,0,0,1832,0,0.000000,16384,1632,65820,4,1.000000,0.000000
8559,9153729288,1058202,0,0,1838,0,0.000000,16384,1449,58202,4,1.000000,0.000000
8560,9154786181,1056893,0,0,1842,0,0.000000,16384,1504,56893,4,1.000000,0.000000
8561,9155851027,1064846,0,0,1841,0,0.000000,16384,1586,64846,4,1.000000,0.000000
8562,9156907146,1056119,0,0,1858,0,0.000000,16384,1371,56119,4,1.000000,0.000000
8563,9157963093,1055947,0,0,1828,0,0.000000,16384,1608,55947,4,1.000000,0.000000
8564,9159021062,1057969,0,0,1833,0,0.000000,16384,1423,57969,4,1.000000,0.000000
8565,9160078727,1057665,0,0,1778,0,0.000000,16384,1484,57665,4,1.000000,0.000000
8566,9161137925,1059198,0,0,1600,0,0.000000,16384,1388,59198,4,1.000000,0.000000
8567,9162195999,1058074,0,0,1839,0,0.000000,16384,1339,58074,4,1.000000,0.000000
8568,9163252694,1056695,0,0,1829,0,0.000000,16384,1622,56695,4,1.000000,0.000000
8569,9164308616,1055922,0,0,1841,0,0.000000,16384,1434,55922,4,1.000000,0.000000
8570,9165366798,1058182,0,0,1840,0,0.000000,16384,1529,58182,4,1.000000,0.000000
8571,9166440401,1073603,0,0,1860,0,0.000000,16384,1573,73603,4,1.000000,0.000000
8572,9167496682,1056281,0,0,1853,0,0.000000,16384,1416,56281,4,1.000000,0.000000
8573,9168552541,1055859,0,0,1793,0,0.000000,16384,1578,55859,4,1.000000,0.000000
8574,9169610102,1057561,0,0,1853,0,0.000000,16384,1393,57561,4,1.000000,0.000000
8575,9170673733,1063631,0,0,1629,0,0.000000,16384,1383,63631,4,1.000000,0.000000
8576,9171731990,1058257,0,0,1664,0,0.000000,16384,1427,58257,4,1.000000,0.000000
8577,9172788252,1056262,0,0,1802,0,0.000000,16384,1337,56262,4,1.000000,0.000000
8578,9173844540,1056288,0,0,1825,0,0.000000,16384,1600,56288,4,1.000000,0.000000
8579,9174900547,1056007,0,0,1834,0,0.000000,16384,1425,56007,4,1.000000,0.000000
8580,9175957076,1056529,0,0,1810,0,0.000000,16384,1511,56529,4,1.000000,0.000000
8581,9177022575,1065499,0,0,1779,0,0.000000,16384,1512,65499,4,1.000000,0.000000
8582,9178079282,1056707,0,0,1856,0,0.000000,16384,1415,56707,4,1.000000,0.000000
8583,9179137345,1058063,0,0,1813,0,0.000000,16384,1590,58063,4,1.000000,0.000000
8584,9180194040,1056695,0,0,1830,0,0.000000,16384,1382,56695,4,1.000000,0.000000
8585,9181251442,1057402,0,0,1751,0,0.000000,16384,1477,57402,4,1.000000,0.000000
8586,9182312699,1061257,0,0,1838,0,0.000000,16384,1546,61257,4,1.000000,0.000000
8587,9183374226,1061527,0,0,1861,0,0.000000,16384,1431,61527,4,1.000000,0.000000
8588,9184432375,1058149,0,0,1831,0,0.000000,16384,1639,58149,4,1.000000,0.000000
8589,9185488987,1056612,0,0,1856,0,0.000000,16384,1352,56612,4,1.000000,0.000000
8590,9186550856,1061869,0,0,1606,0,0.000000,16384,1378,61869,4,1.000000,0.000000
8591,9187623046,1072190,0,0,1800,0,0.000000,16384,1595,72190,4,1.000000,0.000000
8592,9188672240,1049194,0,0,1656,0,0.000000,16384,1465,49194,4,1.000000,0.000000
8593,9189731047,1058807,0,0,1801,0,0.000000,16384,1628,58807,4,1.000000,0.000000
8594,9190788215,1057168,0,0,1832,0,0.000000,16384,1632,57168,4,1.000000,0.000000
8595,9191846044,1057829,0,0,1797,0,0.000000,16384,1577,57829,4,1.000000,0.000000
8596,9192902603,1056559,0,0,1827,0,0.000000,16384,1623,56559,4,1.000000,0.000000
8597,9193958084,1055481,0,0,1826,0,0.000000,16384,1648,55481,4,1.000000,0.000000
8598,9195013886,1055802,0,0,1813,0,0.000000,16384,1631,55802,4,1.000000,0.000000
8599,9196069797,1055911,0,0,1823,0,0.000000,16384,1603,55911,4,1.000000,0.000000
8600,9197125545,1055748,0,0,1821,0,0.000000,16384,1599,55748,4,1.000000,0.000000
8601,9198191051,1065506,0,0,1841,0,0.000000,16384,1661,65506,4,1.000000,0.000000
8602,9199251645,1060594,0,0,1832,0,0.000000,16384,1652,60594,4,1.000000,0.000000
8603,9200308207,1056562,0,0,1825,0,0.000000,16384,1619,56562,4,1.000000,0.000000
8604,9201367541,1059334,0,0,1593,0,0.000000,16384,1397,59334,4,1.000000,0.000000
8605,9202427461,1059920,0,0,1674,0,0.000000,16384,1526,59920,4,1.000000,0.000000
8606,9203485311,1057850,0,0,1666,0,0.000000,16384,1454,57850,4,1.000000,0.000000
8607,9204595708,1110397,0,0,1727,0,0.000000,16384,1542,110397,4,1.000000,0.000000
8608,9205659242,1063534,0,0,1640,0,0.000000,16384,1485,63534,4,1.000000,0.000000
8609,9206671115,1011873,0,0,1737,0,0.000000,16384,1517,11873,4,1.000000,0.000000
8610,9207727873,1056758,0,0,1826,0,0.000000,16384,1628,56758,4,1.000000,0.000000
8611,9208795688,1067815,0,0,1845,0,0.000000,16384,1663,67815,4,1.000000,0.000000
8612,9209853929,1058241,0,0,1813,0,0.000000,16384,1628,58241,4,1.000000,0.000000
8613,9210910991,1057062,0,0,1791,0,0.000000,16384,1572,57062,4,1.000000,0.000000
8614,9211966876,1055885,0,0,1792,0,0.000000,16384,1585,55885,4,1.000000,0.000000
8615,9213022459,1055583,0,0,1825,0,0.000000,16384,1647,55583,4,1.000000,0.000000
8616,9214081992,1059533,0,0,1826,0,0.000000,16384,1647,59533,4,1.000000,0.000000
8617,9215142463,1060471,0,0,1830,0,0.000000,16384,1606,60471,4,1.000000,0.000000
8618,9216198806,1056343,0,0,1825,0,0.000000,16384,1605,56343,4,1.000000,0.000000
8619,9217254828,1056022,0,0,1827,0,0.000000,16384,1644,56022,4,1.000000,0.000000
8620,9218312271,1057443,0,0,1824,0,0.000000,16384,1645,57443,4,1.000000,0.000000
8621,9219386160,1073889,0,0,1847,0,0.000000,16384,1645,73889,4,1.000000,0.000000
8622,9220442377,1056217,0,0,1829,0,0.000000,16384,1608,56217,4,1.000000,0.000000
8623,9221500660,1058283,0,0,1662,0,0.000000,16384,1487,58283,4,1.000000,0.000000
8624,9222558136,1057476,0,0,1819,0,0.000000,16384,1642,57476,4,1.000000,0.000000
8625,9223615136,1057000,0,0,1825,0,0.000000,16384,1614,57000,4,1.000000,0.000000
8626,9224671040,1055904,0,0,1820,0,0.000000,16384,1600,55904,4,1.000000,0.000000
8627,9225727420,1056380,0,0,1828,0,0.000000,16384,1632,56380,4,1.000000,0.000000
8628,9226783949,1056529,0,0,1799,0,0.000000,16384,1627,56529,4,1.000000,0.000000
8629,9227843885,1059936,0,0,1618,0,0.000000,16384,1426,59936,4,1.000000,0.000000
8630,9228909786,1065901,0,0,1827,0,0.000000,16384,1611,65901,4,1.000000,0.000000
8631,9229980040,1070254,0,0,1851,0,0.000000,16384,1668,70254,4,1.000000,0.000000
8632,9231039326,1059286,0,0,1814,0,0.000000,16384,1638,59286,4,1.000000,0.000000
8633,9232096779,1057453,0,0,1829,0,0.000000,16384,1616,57453,4,1.000000,0.000000
8634,9233155460,1058681,0,0,1773,0,0.000000,16384,1553,58681,4,1.000000,0.000000
8635,9234212626,1057166,0,0,1828,0,0.000000,16384,1643,57166,4,1.000000,0.000000
8636,9235268725,1056099,0,0,1819,0,0.000000,16384,1642,56099,4,1.000000,0.000000
8637,9236324550,1055825,0,0,1826,0,0.000000,16384,1624,55825,4,1.000000,0.000000
8638,9237381050,1056500,0,0,1826,0,0.000000,16384,1606,56500,4,1.000000,0.000000
8639,9238437061,1056011,0,0,1828,0,0.000000,16384,1622,56011,4,1.000000,0.000000
8640,9239492860,1055799,0,0,1798,0,0.000000,16384,1626,55799,4,1.000000,0.000000
8641,9240555329,1062469,0,0,1837,0,0.000000,16384,1651,62469,4,1.000000,0.000000
8642,9241612800,1057471,0,0,1625,0,0.000000,16384,1405,57471,4,1.000000,0.000000
8643,9242673018,1060218,0,0,1768,0,0.000000,16384,1596,60218,4,1.000000,0.000000
8644,9243730910,1057892,0,0,1785,0,0.000000,16384,1617,57892,4,1.000000,0.000000
8645,9244787456,1056546,0,0,1815,0,0.000000,16384,1591,56546,4,1.000000,0.000000
8646,9245844357,1056901,0,0,1821,0,0.000000,16384,1600,56901,4,1.000000,0.000000
8647,9246900432,1056075,0,0,1820,0,0.000000,16384,1640,56075,4,1.000000,0.000000
8648,9247957171,1056739,0,0,1806,0,0.000000,16384,1632,56739,4,1.000000,0.000000
8649,9249013155,1055984,0,0,1828,0,0.000000,16384,1619,55984,4,1.000000,0.000000
8650,9250068884,1055729,0,0,1827,0,0.000000,16384,1606,55729,4,1.000000,0.000000
8651,9251131122,1062238,0,0,1825,0,0.000000,16384,1626,62238,4,1.000000,0.000000
8652,9252186945,1055823,0,0,1826,0,0.000000,16384,1649,55823,4,1.000000,0.000000
8653,9253242608,1055663,0,0,1826,0,0.000000,16384,1639,55663,4,1.000000,0.000000
8654,9254298277,1055669,0,0,1830,0,0.000000,16384,1610,55669,4,1.000000,0.000000
8655,9255354183,1055906,0,0,1827,0,0.000000,16384,1605,55906,4,1.000000,0.000000
8656,9256411302,1057119,0,0,1827,0,0.000000,16384,1649,57119,4,1.000000,0.000000
8657,9257467776,1056474,0,0,1827,0,0.000000,16384,1649,56474,4,1.000000,0.000000
8658,9258523759,1055983,0,0,1830,0,0.000000,16384,1620,55983,4,1.000000,0.000000
8659,9259581242,1057483,0,0,1806,0,0.000000,16384,1586,57483,4,1.000000,0.000000
8660,9260638247,1057005,0,0,1674,0,0.000000,16384,1510,57005,4,1.000000,0.000000
8661,9261672861,1034614,0,0,1678,0,0.000000,16384,1502,34614,4,1.000000,0.000000
8662,9262730017,1057156,0,0,1828,0,0.000000,16384,1608,57156,4,1.000000,0.000000
8663,9263786562,1056545,0,0,1831,0,0.000000,16384,1628,56545,4,1.000000,0.000000
8664,9264843377,1056815,0,0,1824,0,0.000000,16384,1646,56815,4,1.000000,0.000000
8665,9265899507,1056130,0,0,1824,0,0.000000,16384,1641,56130,4,1.000000,0.000000
8666,9266955519,1056012,0,0,1815,0,0.000000,16384,1595,56012,4,1.000000,0.000000
8667,9268011284,1055765,0,0,1816,0,0.000000,16384,1596,55765,4,1.000000,0.000000
8668,9269068302,1057018,0,0,1829,0,0.000000,16384,1650,57018,4,1.000000,0.000000
8669,9270129604,1061302,0,0,1809,0,0.000000,16384,1635,61302,4,1.000000,0.000000
8670,9271187752,1058148,0,0,1799,0,0.000000,16384,1584,58148,4,1.000000,0.000000
8671,9272260688,1072936,0,0,1855,0,0.000000,16384,1635,72936,4,1.000000,0.000000
8672,9273319133,1058445,0,0,1819,0,0.000000,16384,1627,58445,4,1.000000,0.000000
8673,9274376760,1057627,0,0,1817,0,0.000000,16384,1641,57627,4,1.000000,0.000000
8674,9275433080,1056320,0,0,1816,0,0.000000,16384,1620,56320,4,1.000000,0.000000
8675,9276489741,1056661,0,0,1830,0,0.000000,16384,1610,56661,4,1.000000,0.000000
8676,9277545938,1056197,0,0,1826,0,0.000000,16384,1616,56197,4,1.000000,0.000000
8677,9278601661,1055723,0,0,1827,0,0.000000,16384,1648,55723,4,1.000000,0.000000
8678,9279657700,1056039,0,0,1788,0,0.000000,16384,1612,56039,4,1.000000,0.000000
8679,9280670335,1012635,0,0,1747,0,0.000000,16384,1528,12635,4,1.000000,0.000000
8680,9281728469,1058134,0,0,1624,0,0.000000,16384,1456,58134,4,1.000000,0.000000
8681,9282794589,1066120,0,0,1828,0,0.000000,16384,1649,66120,4,1.000000,0.000000
8682,9283851830,1057241,0,0,1818,0,0.000000,16384,1601,57241,4,1.000000,0.000000
8683,9284912890,1061060,0,0,1825,0,0.000000,16384,1605,61060,4,1.000000,0.000000
8684,9285974585,1061695,0,0,1793,0,0.000000,16384,1611,61695,4,1.000000,0.000000
8685,9287031930,1057345,0,0,1773,0,0.000000,16384,1606,57345,4,1.000000,0.000000
8686,9288087925,1055995,0,0,1827,0,0.000000,16384,1611,55995,4,1.000000,0.000000
8687,9289145384,1057459,0,0,1818,0,0.000000,16384,1599,57459,4,1.000000,0.000000
8688,9290201889,1056505,0,0,1827,0,0.000000,16384,1635,56505,4,1.000000,0.000000
8689,9291257975,1056086,0,0,1810,0,0.000000,16384,1635,56086,4,1.000000,0.000000
8690,9292313889,1055914,0,0,1759,0,0.000000,16384,1562,55914,4,1.000000,0.000000
8691,9293378491,1064602,0,0,1838,0,0.000000,16384,1618,64602,4,1.000000,0.000000
8692,9294434937,1056446,0,0,1785,0,0.000000,16384,1594,56446,4,1.000000,0.000000
8693,9295492410,1057473,0,0,1772,0,0.000000,16384,1605,57473,4,1.000000,0.000000
8694,9296549157,1056747,0,0,1817,0,0.000000,16384,1611,56747,4,1.000000,0.000000
8695,9297605609,1056452,0,0,1819,0,0.000000,16384,1599,56452,4,1.000000,0.000000
8696,9298663510,1057901,0,0,1816,0,0.000000,16384,1619,57901,4,1.000000,0.000000
8697,9299722769,1059259,0,0,1803,0,0.000000,16384,1630,59259,4,1.000000,0.000000
8698,9300778837,1056068,0,0,1788,0,0.000000,16384,1594,56068,4,1.000000,0.000000
8699,9301837969,1059132,0,0,1647,0,0.000000,16384,1435,59132,4,1.000000,0.000000
8700,9302895848,1057879,0,0,1813,0,0.000000,16384,1637,57879,4,1.000000,0.000000
8701,9303959882,1064034,0,0,1833,0,0.000000,16384,1653,64034,4,1.000000,0.000000
8702,9305026266,1066384,0,0,1770,0,0.000000,16384,1558,66384,4,1.000000,0.000000
8703,9306089105,1062839,0,0,1804,0,0.000000,16384,1582,62839,4,1.000000,0.000000
8704,9307146336,1057231,0,0,1817,0,0.000000,16384,1642,57231,4,1.000000,0.000000
8705,9308204554,1058218,0,0,1826,0,0.000000,16384,1648,58218,4,1.000000,0.000000
8706,9309263261,1058707,0,0,1809,0,0.000000,16384,1596,58707,4,1.000000,0.000000
8707,9310320829,1057568,0,0,1826,0,0.000000,16384,1606,57568,4,1.000000,0.000000
8708,9311377539,1056710,0,0,1830,0,0.000000,16384,1638,56710,4,1.000000,0.000000
8709,9312433856,1056317,0,0,1831,0,0.000000,16384,1652,56317,4,1.000000,0.000000
8710,9313489822,1055966,0,0,1830,0,0.000000,16384,1637,55966,4,1.000000,0.000000
8711,9314554081,1064259,0,0,1817,0,0.000000,16384,1597,64259,4,1.000000,0.000000
8712,9315610261,1056180,0,0,1812,0,0.000000,16384,1601,56180,4,1.000000,0.000000
8713,9316668422,1058161,0,0,1828,0,0.000000,16384,1650,58161,4,1.000000,0.000000
8714,9317724759,1056337,0,0,1829,0,0.000000,16384,1650,56337,4,1.000000,0.000000
8715,9318780777,1056018,0,0,1826,0,0.000000,16384,1606,56018,4,1.000000,0.000000
8716,9319837978,1057201,0,0,1817,0,0.000000,16384,1596,57201,4,1.000000,0.000000
8717,9320896096,1058118,0,0,1720,0,0.000000,16384,1556,58118,4,1.000000,0.000000
8718,9321955195,1059099,0,0,1746,0,0.000000,16384,1570,59099,4,1.000000,0.000000
8719,9323017004,1061809,0,0,1820,0,0.000000,16384,1600,61809,4,1.000000,0.000000
8720,9324078116,1061112,0,0,1836,0,0.000000,16384,1620,61112,4,1.000000,0.000000
8721,9325153378,1075262,0,0,1859,0,0.000000,16384,1674,75262,4,1.000000,0.000000
8722,9326210812,1057434,0,0,1814,0,0.000000,16384,1639,57434,4,1.000000,0.000000
8723,9327266903,1056091,0,0,1826,0,0.000000,16384,1615,56091,4,1.000000,0.000000
8724,9328327968,1061065,0,0,1629,0,0.000000,16384,1430,61065,4,1.000000,0.000000
8725,9329387547,1059579,0,0,1597,0,0.000000,16384,1460,59579,4,1.000000,0.000000
8726,9330444833,1057286,0,0,1747,0,0.000000,16384,1527,57286,4,1.000000,0.000000
8727,9331502538,1057705,0,0,1807,0,0.000000,16384,1601,57705,4,1.000000,0.000000
8728,9332561075,1058537,0,0,1823,0,0.000000,16384,1646,58537,4,1.000000,0.000000
8729,9333617154,1056079,0,0,1819,0,0.000000,16384,1638,56079,4,1.000000,0.000000
8730,9334672135,1054981,0,0,1817,0,0.000000,16384,1597,54981,4,1.000000,0.000000
8731,9335737158,1065023,0,0,1838,0,0.000000,16384,1614,65023,4,1.000000,0.000000
8732,9336793138,1055980,0,0,1826,0,0.000000,16384,1646,55980,4,1.000000,0.000000
8733,9337849300,1056162,0,0,1826,0,0.000000,16384,1648,56162,4,1.000000,0.000000
8734,9338909475,1060175,0,0,1763,0,0.000000,16384,1557,60175,4,1.000000,0.000000
8735,9339970549,1061074,0,0,1794,0,0.000000,16384,1574,61074,4,1.000000,0.000000
8736,9341027263,1056714,0,0,1829,0,0.000000,16384,1645,56714,4,1.000000,0.000000
8737,9342086673,1059410,0,0,1605,0,0.000000,16384,1449,59410,4,1.000000,0.000000
8738,9343144462,1057789,0,0,1825,0,0.000000,16384,1605,57789,4,1.000000,0.000000
8739,9344200299,1055837,0,0,1824,0,0.000000,16384,1618,55837,4,1.000000,0.000000
8740,9345256463,1056164,0,0,1828,0,0.000000,16384,1650,56164,4,1.000000,0.000000
8741,9346322160,1065697,0,0,1843,0,0.000000,16384,1663,65697,4,1.000000,0.000000
8742,9347379941,1057781,0,0,1798,0,0.000000,16384,1578,57781,4,1.000000,0.000000
8743,9348436948,1057007,0,0,1823,0,0.000000,16384,1599,57007,4,1.000000,0.000000
8744,9349493156,1056208,0,0,1817,0,0.000000,16384,1639,56208,4,1.000000,0.000000
8745,9350549142,1055986,0,0,1826,0,0.000000,16384,1648,55986,4,1.000000,0.000000
8746,9351605197,1056055,0,0,1828,0,0.000000,16384,1620,56055,4,1.000000,0.000000
8747,9352660964,1055767,0,0,1825,0,0.000000,16384,1605,55767,4,1.000000,0.000000
8748,9353670221,1009257,0,0,1743,0,0.000000,16384,1561,9257,4,1.000000,0.000000
8749,9354728359,1058138,0,0,1809,0,0.000000,16384,1634,58138,4,1.000000,0.000000
8750,9355784999,1056640,0,0,1829,0,0.000000,16384,1622,56640,4,1.000000,0.000000
8751,9356849417,1064418,0,0,1842,0,0.000000,16384,1622,64418,4,1.000000,0.000000
8752,9357906099,1056682,0,0,1661,0,0.000000,16384,1490,56682,4,1.000000,0.000000
8753,9358962164,1056065,0,0,1815,0,0.000000,16384,1639,56065,4,1.000000,0.000000
8754,9360019437,1057273,0,0,1731,0,0.000000,16384,1518,57273,4,1.000000,0.000000
8755,9361077952,1058515,0,0,1757,0,0.000000,16384,1553,58515,4,1.000000,0.000000
8756,9362138409,1060457,0,0,1631,0,0.000000,16384,1493,60457,4,1.000000,0.000000
8757,9363197305,1058896,0,0,1665,0,0.000000,16384,1447,58896,4,1.000000,0.000000
8758,9364254403,1057098,0,0,1663,0,0.000000,16384,1495,57098,4,1.000000,0.000000
8759,9365310119,1055716,0,0,1753,0,0.000000,16384,1581,55716,4,1.000000,0.000000
8760,9366367011,1056892,0,0,1816,0,0.000000,16384,1596,56892,4,1.000000,0.000000
8761,9367431633,1064622,0,0,1818,0,0.000000,16384,1600,64622,4,1.000000,0.000000
8762,9368487424,1055791,0,0,1817,0,0.000000,16384,1642,55791,4,1.000000,0.000000
8763,9369543593,1056169,0,0,1802,0,0.000000,16384,1629,56169,4,1.000000,0.000000
8764,9370601928,1058335,0,0,1746,0,0.000000,16384,1528,58335,4,1.000000,0.000000
8765,9371659985,1058057,0,0,1815,0,0.000000,16384,1601,58057,4,1.000000,0.000000
8766,9372670773,1010788,0,0,1727,0,0.000000,16384,1569,10788,4,1.000000,0.000000
8767,9373729001,1058228,0,0,1822,0,0.000000,16384,1630,58228,4,1.000000,0.000000
8768,9374786092,1057091,0,0,1829,0,0.000000,16384,1609,57091,4,1.000000,0.000000
8769,9375842114,1056022,0,0,1825,0,0.000000,16384,1610,56022,4,1.000000,0.000000
8770,9376898294,1056180,0,0,1825,0,0.000000,16384,1647,56180,4,1.000000,0.000000
8771,9377969127,1070833,0,0,1852,0,0.000000,16384,1669,70833,4,1.000000,0.000000
8772,9379026022,1056895,0,0,1827,0,0.000000,16384,1615,56895,4,1.000000,0.000000
8773,9380081722,1055700,0,0,1810,0,0.000000,16384,1590,55700,4,1.000000,0.000000
8774,9381137562,1055840,0,0,1825,0,0.000000,16384,1632,55840,4,1.000000,0.000000
8775,9382196531,1058969,0,0,1686,0,0.000000,16384,1537,58969,4,1.000000,0.000000
8776,9383254278,1057747,0,0,1824,0,0.000000,16384,1602,57747,4,1.000000,0.000000
8777,9384310376,1056098,0,0,1825,0,0.000000,16384,1604,56098,4,1.000000,0.000000
8778,9385367167,1056791,0,0,1825,0,0.000000,16384,1640,56791,4,1.000000,0.000000
8779,9386424099,1056932,0,0,1824,0,0.000000,16384,1647,56932,4,1.000000,0.000000
8780,9387480502,1056403,0,0,1803,0,0.000000,16384,1602,56403,4,1.000000,0.000000
8781,9388543178,1062676,0,0,1837,0,0.000000,16384,1617,62676,4,1.000000,0.000000
8782,9389600639,1057461,0,0,1815,0,0.000000,16384,1613,57461,4,1.000000,0.000000
8783,9390657097,1056458,0,0,1826,0,0.000000,16384,1648,56458,4,1.000000,0.000000
8784,9391670172,1013075,0,0,1748,0,0.000000,16384,1564,13075,4,1.000000,0.000000
8785,9392726014,1055842,0,0,1783,0,0.000000,16384,1563,55842,4,1.000000,0.000000
8786,9393781956,1055942,0,0,1825,0,0.000000,16384,1626,55942,4,1.000000,0.000000
8787,9394838982,1057026,0,0,1746,0,0.000000,16384,1499,57026,4,1.000000,0.000000
8788,9395895064,1056082,0,0,1828,0,0.000000,16384,1634,56082,4,1.000000,0.000000
8789,9396951608,1056544,0,0,1830,0,0.000000,16384,1650,56544,4,1.000000,0.000000
8790,9398007421,1055813,0,0,1825,0,0.000000,16384,1635,55813,4,1.000000,0.000000
8791,9399068889,1061468,0,0,1834,0,0.000000,16384,1614,61468,4,1.000000,0.000000
8792,9400125143,1056254,0,0,1805,0,0.000000,16384,1591,56254,4,1.000000,0.000000
8793,9401181434,1056291,0,0,1813,0,0.000000,16384,1638,56291,4,1.000000,0.000000
8794,9402239894,1058460,0,0,1745,0,0.000000,16384,1570,58460,4,1.000000,0.000000
8795,9403297787,1057893,0,0,1831,0,0.000000,16384,1611,57893,4,1.000000,0.000000
8796,9404354214,1056427,0,0,1827,0,0.000000,16384,1609,56427,4,1.000000,0.000000
8797,9405411077,1056863,0,0,1831,0,0.000000,16384,1652,56863,4,1.000000,0.000000
8798,9406467475,1056398,0,0,1830,0,0.000000,16384,1651,56398,4,1.000000,0.000000
8799,9407523464,1055989,0,0,1829,0,0.000000,16384,1617,55989,4,1.000000,0.000000
8800,9408579873,1056409,0,0,1812,0,0.000000,16384,1591,56409,4,1.000000,0.000000
8801,9409643854,1063981,0,0,1815,0,0.000000,16384,1625,63981,4,1.000000,0.000000
8802,9410670421,1026567,0,0,1771,0,0.000000,16384,1604,26567,4,1.000000,0.000000
8803,9411727426,1057005,0,0,1813,0,0.000000,16384,1606,57005,4,1.000000,0.000000
8804,9412784256,1056830,0,0,1821,0,0.000000,16384,1602,56830,4,1.000000,0.000000
8805,9413840159,1055903,0,0,1826,0,0.000000,16384,1628,55903,4,1.000000,0.000000
8806,9414896036,1055877,0,0,1829,0,0.000000,16384,1650,55877,4,1.000000,0.000000
8807,9415951965,1055929,0,0,1826,0,0.000000,16384,1639,55929,4,1.000000,0.000000
8808,9417007347,1055382,0,0,1824,0,0.000000,16384,1603,55382,4,1.000000,0.000000
8809,9418063274,1055927,0,0,1826,0,0.000000,16384,1607,55927,4,1.000000,0.000000
8810,9419118932,1055658,0,0,1827,0,0.000000,16384,1649,55658,4,1.000000,0.000000
8811,9420178915,1059983,0,0,1819,0,0.000000,16384,1642,59983,4,1.000000,0.000000
8812,9421234861,1055946,0,0,1825,0,0.000000,16384,1612,55946,4,1.000000,0.000000
8813,9422293419,1058558,0,0,1674,0,0.000000,16384,1469,58558,4,1.000000,0.000000
8814,9423351757,1058338,0,0,1668,0,0.000000,16384,1521,58338,4,1.000000,0.000000
8815,9424408028,1056271,0,0,1769,0,0.000000,16384,1561,56271,4,1.000000,0.000000
8816,9425465016,1056988,0,0,1796,0,0.000000,16384,1576,56988,4,1.000000,0.000000
8817,9426521915,1056899,0,0,1826,0,0.000000,16384,1644,56899,4,1.000000,0.000000
8818,9427577844,1055929,0,0,1827,0,0.000000,16384,1649,55929,4,1.000000,0.000000
8819,9428639419,1061575,0,0,1672,0,0.000000,16384,1472,61575,4,1.000000,0.000000
8820,9429671123,1031704,0,0,1729,0,0.000000,16384,1529,31704,4,1.000000,0.000000
8821,9430751986,1080863,0,0,1848,0,0.000000,16384,1665,80863,4,1.000000,0.000000
8822,9431810399,1058413,0,0,1818,0,0.000000,16384,1637,58413,4,1.000000,0.000000
8823,9432867802,1057403,0,0,1794,0,0.000000,16384,1574,57403,4,1.000000,0.000000
8824,9433924431,1056629,0,0,1782,0,0.000000,16384,1573,56629,4,1.000000,0.000000
8825,9434980607,1056176,0,0,1830,0,0.000000,16384,1651,56176,4,1.000000,0.000000
8826,9436036526,1055919,0,0,1817,0,0.000000,16384,1641,55919,4,1.000000,0.000000
8827,9437096700,1060174,0,0,1829,0,0.000000,16384,1605,60174,4,1.000000,0.000000
8828,9438156681,1059981,0,0,1717,0,0.000000,16384,1513,59981,4,1.000000,0.000000
8829,9439214423,1057742,0,0,1648,0,0.000000,16384,1505,57742,4,1.000000,0.000000
8830,9440270913,1056490,0,0,1805,0,0.000000,16384,1592,56490,4,1.000000,0.000000
8831,9441335359,1064446,0,0,1738,0,0.000000,16384,1524,64446,4,1.000000,0.000000
8832,9442396075,1060716,0,0,1633,0,0.000000,16384,1493,60716,4,1.000000,0.000000
8833,9443454671,1058596,0,0,1775,0,0.000000,16384,1569,58596,4,1.000000,0.000000
8834,9444511672,1057001,0,0,1819,0,0.000000,16384,1598,57001,4,1.000000,0.000000
8835,9445568188,1056516,0,0,1819,0,0.000000,16384,1632,56516,4,1.000000,0.000000
8836,9446624905,1056717,0,0,1829,0,0.000000,16384,1650,56717,4,1.000000,0.000000
8837,9447670806,1045901,0,0,1757,0,0.000000,16384,1560,45901,4,1.000000,0.000000
8838,9448726936,1056130,0,0,1810,0,0.000000,16384,1589,56130,4,1.000000,0.000000
8839,9449783219,1056283,0,0,1829,0,0.000000,16384,1636,56283,4,1.000000,0.000000
8840,9450839755,1056536,0,0,1825,0,0.000000,16384,1647,56536,4,1.000000,0.000000
8841,9451905083,1065328,0,0,1797,0,0.000000,16384,1605,65328,4,1.000000,0.000000
8842,9452961093,1056010,0,0,1825,0,0.000000,16384,1605,56010,4,1.000000,0.000000
8843,9454016926,1055833,0,0,1826,0,0.000000,16384,1616,55833,4,1.000000,0.000000
8844,9455072717,1055791,0,0,1825,0,0.000000,16384,1648,55791,4,1.000000,0.000000
8845,9456128521,1055804,0,0,1823,0,0.000000,16384,1646,55804,4,1.000000,0.000000
8846,9457184224,1055703,0,0,1824,0,0.000000,16384,1600,55703,4,1.000000,0.000000
8847,9458239996,1055772,0,0,1821,0,0.000000,16384,1601,55772,4,1.000000,0.000000
8848,9459297370,1057374,0,0,1813,0,0.000000,16384,1633,57374,4,1.000000,0.000000
8849,9460353615,1056245,0,0,1818,0,0.000000,16384,1641,56245,4,1.000000,0.000000
8850,9461409619,1056004,0,0,1825,0,0.000000,16384,1617,56004,4,1.000000,0.000000
8851,9462471012,1061393,0,0,1731,0,0.000000,16384,1512,61393,4,1.000000,0.000000
8852,9463528441,1057429,0,0,1826,0,0.000000,16384,1645,57429,4,1.000000,0.000000
8853,9464585093,1056652,0,0,1804,0,0.000000,16384,1630,56652,4,1.000000,0.000000
8854,9465641531,1056438,0,0,1824,0,0.000000,16384,1615,56438,4,1.000000,0.000000
8855,9466670520,1028989,0,0,1774,0,0.000000,16384,1554,28989,4,1.000000,0.000000
8856,9467726274,1055754,0,0,1825,0,0.000000,16384,1638,55754,4,1.000000,0.000000
8857,9468783120,1056846,0,0,1826,0,0.000000,16384,1647,56846,4,1.000000,0.000000
8858,9469846557,1063437,0,0,1813,0,0.000000,16384,1615,63437,4,1.000000,0.000000
8859,9470904769,1058212,0,0,1786,0,0.000000,16384,1566,58212,4,1.000000,0.000000
8860,9471961390,1056621,0,0,1828,0,0.000000,16384,1628,56621,4,1.000000,0.000000
8861,9473024387,1062997,0,0,1837,0,0.000000,16384,1658,62997,4,1.000000,0.000000
8862,9474080479,1056092,0,0,1825,0,0.000000,16384,1640,56092,4,1.000000,0.000000
8863,9475137452,1056973,0,0,1827,0,0.000000,16384,1606,56973,4,1.000000,0.000000
8864,9476193884,1056432,0,0,1823,0,0.000000,16384,1600,56432,4,1.000000,0.000000
8865,9477250039,1056155,0,0,1813,0,0.000000,16384,1640,56155,4,1.000000,0.000000
8866,9478306029,1055990,0,0,1818,0,0.000000,16384,1641,55990,4,1.000000,0.000000
8867,9479361828,1055799,0,0,1824,0,0.000000,16384,1610,55799,4,1.000000,0.000000
8868,9480417500,1055672,0,0,1824,0,0.000000,16384,1604,55672,4,1.000000,0.000000
8869,9481472874,1055374,0,0,1824,0,0.000000,16384,1632,55374,4,1.000000,0.000000
8870,9482530534,1057660,0,0,1740,0,0.000000,16384,1579,57660,4,1.000000,0.000000
8871,9483601959,1071425,0,0,1850,0,0.000000,16384,1639,71425,4,1.000000,0.000000
8872,9484659080,1057121,0,0,1829,0,0.000000,16384,1608,57121,4,1.000000,0.000000
8873,9485670850,1011770,0,0,1744,0,0.000000,16384,1559,11770,4,1.000000,0.000000
8874,9486727526,1056676,0,0,1827,0,0.000000,16384,1649,56676,4,1.000000,0.000000
8875,9487783454,1055928,0,0,1827,0,0.000000,16384,1627,55928,4,1.000000,0.000000
8876,9488839779,1056325,0,0,1788,0,0.000000,16384,1568,56325,4,1.000000,0.000000
8877,9489897208,1057429,0,0,1734,0,0.000000,16384,1552,57429,4,1.000000,0.000000
8878,9490954082,1056874,0,0,1748,0,0.000000,16384,1586,56874,4,1.000000,0.000000
8879,9492010024,1055942,0,0,1824,0,0.000000,16384,1604,55942,4,1.000000,0.000000
8880,9493066250,1056226,0,0,1790,0,0.000000,16384,1570,56226,4,1.000000,0.000000
8881,9494127921,1061671,0,0,1835,0,0.000000,16384,1653,61671,4,1.000000,0.000000
8882,9495184587,1056666,0,0,1826,0,0.000000,16384,1648,56666,4,1.000000,0.000000
8883,9496240362,1055775,0,0,1822,0,0.000000,16384,1618,55775,4,1.000000,0.000000
8884,9497296164,1055802,0,0,1821,0,0.000000,16384,1601,55802,4,1.000000,0.000000
8885,9498352939,1056775,0,0,1826,0,0.000000,16384,1624,56775,4,1.000000,0.000000
8886,9499408753,1055814,0,0,1823,0,0.000000,16384,1646,55814,4,1.000000,0.000000
8887,9500464529,1055776,0,0,1806,0,0.000000,16384,1621,55776,4,1.000000,0.000000
8888,9501520516,1055987,0,0,1735,0,0.000000,16384,1515,55987,4,1.000000,0.000000
8889,9502578755,1058239,0,0,1683,0,0.000000,16384,1511,58239,4,1.000000,0.000000
8890,9503636668,1057913,0,0,1681,0,0.000000,16384,1512,57913,4,1.000000,0.000000
8891,9504674261,1037593,0,0,1787,0,0.000000,16384,1568,37593,4,1.000000,0.000000
8892,9505731758,1057497,0,0,1829,0,0.000000,16384,1626,57497,4,1.000000,0.000000
8893,9506788440,1056682,0,0,1826,0,0.000000,16384,1648,56682,4,1.000000,0.000000
8894,9507844562,1056122,0,0,1826,0,0.000000,16384,1643,56122,4,1.000000,0.000000
8895,9508900689,1056127,0,0,1824,0,0.000000,16384,1604,56127,4,1.000000,0.000000
8896,9509958392,1057703,0,0,1809,0,0.000000,16384,1587,57703,4,1.000000,0.000000
8897,9511014727,1056335,0,0,1824,0,0.000000,16384,1647,56335,4,1.000000,0.000000
8898,9512070150,1055423,0,0,1824,0,0.000000,16384,1647,55423,4,1.000000,0.000000
8899,9513125945,1055795,0,0,1823,0,0.000000,16384,1611,55795,4,1.000000,0.000000
8900,9514181928,1055983,0,0,1828,0,0.000000,16384,1608,55983,4,1.000000,0.000000
8901,9515242039,1060111,0,0,1831,0,0.000000,16384,1634,60111,4,1.000000,0.000000
8902,9516297945,1055906,0,0,1828,0,0.000000,16384,1649,55906,4,1.000000,0.000000
8903,9517354218,1056273,0,0,1812,0,0.000000,16384,1624,56273,4,1.000000,0.000000
8904,9518410120,1055902,0,0,1827,0,0.000000,16384,1607,55902,4,1.000000,0.000000
8905,9519465985,1055865,0,0,1827,0,0.000000,16384,1611,55865,4,1.000000,0.000000
8906,9520521831,1055846,0,0,1827,0,0.000000,16384,1648,55846,4,1.000000,0.000000
8907,9521578114,1056283,0,0,1826,0,0.000000,16384,1649,56283,4,1.000000,0.000000
8908,9522636821,1058707,0,0,1761,0,0.000000,16384,1549,58707,4,1.000000,0.000000
8909,9523670599,1033778,0,0,1784,0,0.000000,16384,1567,33778,4,1.000000,0.000000
8910,9524726917,1056318,0,0,1830,0,0.000000,16384,1651,56318,4,1.000000,0.000000
8911,9525789535,1062618,0,0,1839,0,0.000000,16384,1659,62618,4,1.000000,0.000000
8912,9526846256,1056721,0,0,1831,0,0.000000,16384,1619,56721,4,1.000000,0.000000
8913,9527902212,1055956,0,0,1830,0,0.000000,16384,1609,55956,4,1.000000,0.000000
8914,9528964207,1061995,0,0,1748,0,0.000000,16384,1567,61995,4,1.000000,0.000000
8915,9530025482,1061275,0,0,1627,0,0.000000,16384,1469,61275,4,1.000000,0.000000
8916,9531084725,1059243,0,0,1685,0,0.000000,16384,1464,59243,4,1.000000,0.000000
8917,9532143126,1058401,0,0,1669,0,0.000000,16384,1520,58401,4,1.000000,0.000000
8918,9533200380,1057254,0,0,1743,0,0.000000,16384,1553,57254,4,1.000000,0.000000
8919,9534256578,1056198,0,0,1825,0,0.000000,16384,1605,56198,4,1.000000,0.000000
8920,9535312590,1056012,0,0,1810,0,0.000000,16384,1612,56012,4,1.000000,0.000000
8921,9536377121,1064531,0,0,1842,0,0.000000,16384,1661,64531,4,1.000000,0.000000
8922,9537433542,1056421,0,0,1825,0,0.000000,16384,1640,56421,4,1.000000,0.000000
8923,9538489855,1056313,0,0,1825,0,0.000000,16384,1605,56313,4,1.000000,0.000000
8924,9539546249,1056394,0,0,1799,0,0.000000,16384,1582,56394,4,1.000000,0.000000
8925,9540602051,1055802,0,0,1823,0,0.000000,16384,1646,55802,4,1.000000,0.000000
8926,9541658727,1056676,0,0,1762,0,0.000000,16384,1592,56676,4,1.000000,0.000000
8927,9542679027,1020300,0,0,1486,0,0.000000,16384,1287,20300,4,1.000000,0.000000
8928,9543747261,1068234,0,0,1678,0,0.000000,16384,1530,68234,4,1.000000,0.000000
8929,9544804656,1057395,0,0,1681,0,0.000000,16384,1472,57395,4,1.000000,0.000000
8930,9545861811,1057155,0,0,1830,0,0.000000,16384,1617,57155,4,1.000000,0.000000
8931,9546940357,1078546,0,0,1864,0,0.000000,16384,1679,78546,4,1.000000,0.000000
8932,9547996938,1056581,0,0,1765,0,0.000000,16384,1599,56581,4,1.000000,0.000000
8933,9549054965,1058027,0,0,1731,0,0.000000,16384,1511,58027,4,1.000000,0.000000
8934,9550111515,1056550,0,0,1796,0,0.000000,16384,1591,56550,4,1.000000,0.000000
8935,9551167595,1056080,0,0,1826,0,0.000000,16384,1648,56080,4,1.000000,0.000000
8936,9552223622,1056027,0,0,1828,0,0.000000,16384,1647,56027,4,1.000000,0.000000
8937,9553279727,1056105,0,0,1816,0,0.000000,16384,1596,56105,4,1.000000,0.000000
8938,9554335936,1056209,0,0,1825,0,0.000000,16384,1601,56209,4,1.000000,0.000000
8939,9555391826,1055890,0,0,1807,0,0.000000,16384,1632,55890,4,1.000000,0.000000
8940,9556448289,1056463,0,0,1825,0,0.000000,16384,1648,56463,4,1.000000,0.000000
8941,9557510722,1062433,0,0,1821,0,0.000000,16384,1608,62433,4,1.000000,0.000000
8942,9558566733,1056011,0,0,1824,0,0.000000,16384,1605,56011,4,1.000000,0.000000
8943,9559624183,1057450,0,0,1779,0,0.000000,16384,1594,57450,4,1.000000,0.000000
8944,9560673115,1048932,0,0,1797,0,0.000000,16384,1625,48932,4,1.000000,0.000000
8945,9561730607,1057492,0,0,1804,0,0.000000,16384,1597,57492,4,1.000000,0.000000
8946,9562789466,1058859,0,0,1703,0,0.000000,16384,1489,58859,4,1.000000,0.000000
8947,9563848286,1058820,0,0,1815,0,0.000000,16384,1639,58820,4,1.000000,0.000000
8948,9564907368,1059082,0,0,1800,0,0.000000,16384,1629,59082,4,1.000000,0.000000
8949,9565965315,1057947,0,0,1801,0,0.000000,16384,1580,57947,4,1.000000,0.000000
8950,9567021945,1056630,0,0,1817,0,0.000000,16384,1595,56630,4,1.000000,0.000000
8951,9568085153,1063208,0,0,1818,0,0.000000,16384,1640,63208,4,1.000000,0.000000
8952,9569141215,1056062,0,0,1826,0,0.000000,16384,1648,56062,4,1.000000,0.000000
8953,9570204203,1062988,0,0,1776,0,0.000000,16384,1568,62988,4,1.000000,0.000000
8954,9571261946,1057743,0,0,1801,0,0.000000,16384,1581,57743,4,1.000000,0.000000
8955,9572317961,1056015,0,0,1826,0,0.000000,16384,1642,56015,4,1.000000,0.000000
8956,9573374036,1056075,0,0,1829,0,0.000000,16384,1650,56075,4,1.000000,0.000000
8957,9574430699,1056663,0,0,1830,0,0.000000,16384,1629,56663,4,1.000000,0.000000
8958,9575486665,1055966,0,0,1814,0,0.000000,16384,1594,55966,4,1.000000,0.000000
8959,9576542570,1055905,0,0,1830,0,0.000000,16384,1623,55905,4,1.000000,0.000000
8960,9577598570,1056000,0,0,1829,0,0.000000,16384,1652,56000,4,1.000000,0.000000
8961,9578662105,1063535,0,0,1840,0,0.000000,16384,1660,63535,4,1.000000,0.000000
8962,9579670115,1008010,0,0,1739,0,0.000000,16384,1519,8010,4,1.000000,0.000000
8963,9580726214,1056099,0,0,1826,0,0.000000,16384,1612,56099,4,1.000000,0.000000
8964,9581783325,1057111,0,0,1776,0,0.000000,16384,1609,57111,4,1.000000,0.000000
8965,9582842103,1058778,0,0,1638,0,0.000000,16384,1455,58778,4,1.000000,0.000000
8966,9583899321,1057218,0,0,1829,0,0.000000,16384,1609,57218,4,1.000000,0.000000
8967,9584955401,1056080,0,0,1826,0,0.000000,16384,1638,56080,4,1.000000,0.000000
8968,9586011778,1056377,0,0,1829,0,0.000000,16384,1650,56377,4,1.000000,0.000000
8969,9587067142,1055364,0,0,1828,0,0.000000,16384,1631,55364,4,1.000000,0.000000
8970,9588122691,1055549,0,0,1826,0,0.000000,16384,1606,55549,4,1.000000,0.000000
8971,9589184855,1062164,0,0,1836,0,0.000000,16384,1623,62164,4,1.000000,0.000000
8972,9590242011,1057156,0,0,1817,0,0.000000,16384,1641,57156,4,1.000000,0.000000
8973,9591298098,1056087,0,0,1829,0,0.000000,16384,1652,56087,4,1.000000,0.000000
8974,9592354662,1056564,0,0,1828,0,0.000000,16384,1606,56564,4,1.000000,0.000000
8975,9593414560,1059898,0,0,1825,0,0.000000,16384,1605,59898,4,1.000000,0.000000
8976,9594475653,1061093,0,0,1817,0,0.000000,16384,1632,61093,4,1.000000,0.000000
8977,9595532661,1057008,0,0,1830,0,0.000000,16384,1651,57008,4,1.000000,0.000000
8978,9596589111,1056450,0,0,1829,0,0.000000,16384,1629,56450,4,1.000000,0.000000
8979,9597645076,1055965,0,0,1825,0,0.000000,16384,1605,55965,4,1.000000,0.000000
8980,9598670195,1025119,0,0,1769,0,0.000000,16384,1572,25119,4,1.000000,0.000000
8981,9599746750,1076555,0,0,1849,0,0.000000,16384,1667,76555,4,1.000000,0.000000
8982,9600803674,1056924,0,0,1821,0,0.000000,16384,1543,56924,4,1.000000,0.000000
8983,9601859978,1056304,0,0,1820,0,0.000000,16384,1643,56304,4,1.000000,0.000000
8984,9602918238,1058260,0,0,1736,0,0.000000,16384,1560,58260,4,1.000000,0.000000
8985,9603975281,1057043,0,0,1828,0,0.000000,16384,1608,57043,4,1.000000,0.000000
8986,9605031411,1056130,0,0,1826,0,0.000000,16384,1612,56130,4,1.000000,0.000000
8987,9606087264,1055853,0,0,1827,0,0.000000,16384,1649,55853,4,1.000000,0.000000
8988,9607143212,1055948,0,0,1827,0,0.000000,16384,1649,55948,4,1.000000,0.000000
8989,9608198703,1055491,0,0,1805,0,0.000000,16384,1587,55491,4,1.000000,0.000000
8990,9609254471,1055768,0,0,1825,0,0.000000,16384,1605,55768,4,1.000000,0.000000
8991,9610318765,1064294,0,0,1823,0,0.000000,16384,1638,64294,4,1.000000,0.000000
8992,9611375806,1057041,0,0,1781,0,0.000000,16384,1612,57041,4,1.000000,0.000000
8993,9612432230,1056424,0,0,1828,0,0.000000,16384,1618,56424,4,1.000000,0.000000
8994,9613492190,1059960,0,0,1835,0,0.000000,16384,1615,59960,4,1.000000,0.000000
8995,9614553530,1061340,0,0,1834,0,0.000000,16384,1633,61340,4,1.000000,0.000000
8996,9615610485,1056955,0,0,1830,0,0.000000,16384,1651,56955,4,1.000000,0.000000
8997,9616671375,1060890,0,0,1834,0,0.000000,16384,1650,60890,4,1.000000,0.000000
8998,9617727449,1056074,0,0,1814,0,0.000000,16384,1594,56074,4,1.000000,0.000000
8999,9618784458,1057009,0,0,1826,0,0.000000,16384,1602,57009,4,1.000000,0.000000
9000,9619840530,1056072,0,0,1827,0,0.000000,16384,1650,56072,4,1.000000,0.000000
9001,9620906709,1066179,0,0,1765,0,0.000000,16384,1601,66179,4,1.000000,0.000000
9002,9621963943,1057234,0,0,1816,0,0.000000,16384,1593,57234,4,1.000000,0.000000
9003,9623022594,1058651,0,0,1744,0,0.000000,16384,1534,58651,4,1.000000,0.000000
9004,9624080087,1057493,0,0,1827,0,0.000000,16384,1649,57493,4,1.000000,0.000000
9005,9625136895,1056808,0,0,1818,0,0.000000,16384,1642,56808,4,1.000000,0.000000
9006,9626193188,1056293,0,0,1824,0,0.000000,16384,1604,56293,4,1.000000,0.000000
9007,9627249321,1056133,0,0,1828,0,0.000000,16384,1607,56133,4,1.000000,0.000000
9008,9628306325,1057004,0,0,1715,0,0.000000,16384,1550,57004,4,1.000000,0.000000
9009,9629366666,1060341,0,0,1733,0,0.000000,16384,1559,60341,4,1.000000,0.000000
9010,9630429443,1062777,0,0,1523,0,0.000000,16384,1327,62777,4,1.000000,0.000000
9011,9631500883,1071440,0,0,1637,0,0.000000,16384,1497,71440,4,1.000000,0.000000
9012,9632559534,1058651,0,0,1667,0,0.000000,16384,1447,58651,4,1.000000,0.000000
9013,9633617851,1058317,0,0,1571,0,0.000000,16384,1424,58317,4,1.000000,0.000000
9014,9634671277,1053426,0,0,1755,0,0.000000,16384,1562,53426,4,1.000000,0.000000
9015,9635727232,1055955,0,0,1779,0,0.000000,16384,1559,55955,4,1.000000,0.000000
9016,9636783437,1056205,0,0,1826,0,0.000000,16384,1635,56205,4,1.000000,0.000000
9017,9637839526,1056089,0,0,1827,0,0.000000,16384,1649,56089,4,1.000000,0.000000
9018,9638895389,1055863,0,0,1824,0,0.000000,16384,1629,55863,4,1.000000,0.000000
9019,9639951326,1055937,0,0,1797,0,0.000000,16384,1577,55937,4,1.000000,0.000000
9020,9641007578,1056252,0,0,1770,0,0.000000,16384,1574,56252,4,1.000000,0.000000
9021,9642068966,1061388,0,0,1705,0,0.000000,16384,1552,61388,4,1.000000,0.000000
9022,9643129733,1060767,0,0,1726,0,0.000000,16384,1515,60767,4,1.000000,0.000000
9023,9644190165,1060432,0,0,1826,0,0.000000,16384,1607,60432,4,1.000000,0.000000
9024,9645247128,1056963,0,0,1820,0,0.000000,16384,1643,56963,4,1.000000,0.000000
9025,9646307726,1060598,0,0,1717,0,0.000000,16384,1549,60598,4,1.000000,0.000000
9026,9647367796,1060070,0,0,1642,0,0.000000,16384,1421,60070,4,1.000000,0.000000
9027,9648425339,1057543,0,0,1751,0,0.000000,16384,1586,57543,4,1.000000,0.000000
9028,9649482368,1057029,0,0,1819,0,0.000000,16384,1644,57029,4,1.000000,0.000000
9029,9650544188,1061820,0,0,1780,0,0.000000,16384,1561,61820,4,1.000000,0.000000
9030,9651606098,1061910,0,0,1810,0,0.000000,16384,1590,61910,4,1.000000,0.000000
9031,9652671311,1065213,0,0,1836,0,0.000000,16384,1656,65213,4,1.000000,0.000000
9032,9653728112,1056801,0,0,1831,0,0.000000,16384,1652,56801,4,1.000000,0.000000
9033,9654784376,1056264,0,0,1830,0,0.000000,16384,1621,56264,4,1.000000,0.000000
9034,9655840424,1056048,0,0,1829,0,0.000000,16384,1609,56048,4,1.000000,0.000000
9035,9656896543,1056119,0,0,1819,0,0.000000,16384,1621,56119,4,1.000000,0.000000
9036,9657952663,1056120,0,0,1818,0,0.000000,16384,1641,56120,4,1.000000,0.000000
9037,9659009230,1056567,0,0,1757,0,0.000000,16384,1568,56567,4,1.000000,0.000000
9038,9660066526,1057296,0,0,1751,0,0.000000,16384,1531,57296,4,1.000000,0.000000
9039,9661122989,1056463,0,0,1827,0,0.000000,16384,1637,56463,4,1.000000,0.000000
9040,9662178999,1056010,0,0,1830,0,0.000000,16384,1652,56010,4,1.000000,0.000000
9041,9663241930,1062931,0,0,1745,0,0.000000,16384,1549,62931,4,1.000000,0.000000
9042,9664299050,1057120,0,0,1826,0,0.000000,16384,1605,57120,4,1.000000,0.000000
9043,9665355688,1056638,0,0,1816,0,0.000000,16384,1623,56638,4,1.000000,0.000000
9044,9666411619,1055931,0,0,1811,0,0.000000,16384,1636,55931,4,1.000000,0.000000
9045,9667468105,1056486,0,0,1816,0,0.000000,16384,1621,56486,4,1.000000,0.000000
9046,9668524177,1056072,0,0,1826,0,0.000000,16384,1606,56072,4,1.000000,0.000000
9047,9669579974,1055797,0,0,1827,0,0.000000,16384,1616,55797,4,1.000000,0.000000
9048,9670639427,1059453,0,0,1735,0,0.000000,16384,1576,59453,4,1.000000,0.000000
9049,9671670511,1031084,0,0,1767,0,0.000000,16384,1573,31084,4,1.000000,0.000000
9050,9672727400,1056889,0,0,1787,0,0.000000,16384,1567,56889,4,1.000000,0.000000
9051,9673797402,1070002,0,0,1845,0,0.000000,16384,1647,70002,4,1.000000,0.000000
9052,9674855046,1057644,0,0,1819,0,0.000000,16384,1642,57644,4,1.000000,0.000000
9053,9675910900,1055854,0,0,1825,0,0.000000,16384,1636,55854,4,1.000000,0.000000
9054,9676966769,1055869,0,0,1825,0,0.000000,16384,1605,55869,4,1.000000,0.000000
9055,9678022836,1056067,0,0,1825,0,0.000000,16384,1607,56067,4,1.000000,0.000000
9056,9679078901,1056065,0,0,1827,0,0.000000,16384,1649,56065,4,1.000000,0.000000
9057,9680135018,1056117,0,0,1827,0,0.000000,16384,1649,56117,4,1.000000,0.000000
9058,9681190707,1055689,0,0,1829,0,0.000000,16384,1614,55689,4,1.000000,0.000000
9059,9682246660,1055953,0,0,1811,0,0.000000,16384,1592,55953,4,1.000000,0.000000
9060,9683305747,1059087,0,0,1708,0,0.000000,16384,1540,59087,4,1.000000,0.000000
9061,9684370874,1065127,0,0,1842,0,0.000000,16384,1661,65127,4,1.000000,0.000000
9062,9685428726,1057852,0,0,1809,0,0.000000,16384,1594,57852,4,1.000000,0.000000
9063,9686485806,1057080,0,0,1827,0,0.000000,16384,1607,57080,4,1.000000,0.000000
9064,9687542239,1056433,0,0,1826,0,0.000000,16384,1637,56433,4,1.000000,0.000000
9065,9688598344,1056105,0,0,1828,0,0.000000,16384,1649,56105,4,1.000000,0.000000
9066,9689656644,1058300,0,0,1739,0,0.000000,16384,1543,58300,4,1.000000,0.000000
9067,9690672202,1015558,0,0,1712,0,0.000000,16384,1499,15558,4,1.000000,0.000000
9068,9691738198,1065996,0,0,1688,0,0.000000,16384,1537,65996,4,1.000000,0.000000
9069,9692801182,1062984,0,0,1812,0,0.000000,16384,1615,62984,4,1.000000,0.000000
9070,9693862374,1061192,0,0,1822,0,0.000000,16384,1603,61192,4,1.000000,0.000000
9071,9694928283,1065909,0,0,1833,0,0.000000,16384,1624,65909,4,1.000000,0.000000
9072,9695986191,1057908,0,0,1817,0,0.000000,16384,1641,57908,4,1.000000,0.000000
9073,9697042854,1056663,0,0,1829,0,0.000000,16384,1650,56663,4,1.000000,0.000000
9074,9698098942,1056088,0,0,1726,0,0.000000,16384,1506,56088,4,1.000000,0.000000
9075,9699159848,1060906,0,0,1751,0,0.000000,16384,1556,60906,4,1.000000,0.000000
9076,9700221352,1061504,0,0,1743,0,0.000000,16384,1582,61504,4,1.000000,0.000000
9077,9701279114,1057762,0,0,1789,0,0.000000,16384,1581,57762,4,1.000000,0.000000
9078,9702336086,1056972,0,0,1797,0,0.000000,16384,1577,56972,4,1.000000,0.000000
9079,9703395361,1059275,0,0,1678,0,0.000000,16384,1521,59275,4,1.000000,0.000000
9080,9704459454,1064093,0,0,1601,0,0.000000,16384,1422,64093,4,1.000000,0.000000
9081,9705545162,1085708,0,0,1588,0,0.000000,16384,1410,85708,4,1.000000,0.000000
9082,9706605708,1060546,0,0,1562,0,0.000000,16384,1400,60546,4,1.000000,0.000000
9083,9707700114,1094406,0,0,1852,0,0.000000,16384,1632,94406,4,1.000000,0.000000
9084,9708764041,1063927,0,0,1813,0,0.000000,16384,1618,63927,4,1.000000,0.000000
9085,9709826554,1062513,0,0,1788,0,0.000000,16384,1618,62513,4,1.000000,0.000000
9086,9710890352,1063798,0,0,1801,0,0.000000,16384,1602,63798,4,1.000000,0.000000
9087,9711954638,1064286,0,0,1741,0,0.000000,16384,1521,64286,4,1.000000,0.000000
9088,9713015410,1060772,0,0,1671,0,0.000000,16384,1515,60772,4,1.000000,0.000000
9089,9714073619,1058209,0,0,1626,0,0.000000,16384,1442,58209,4,1.000000,0.000000
9090,9715130556,1056937,0,0,1649,0,0.000000,16384,1459,56937,4,1.000000,0.000000
9091,9716195759,1065203,0,0,1812,0,0.000000,16384,1637,65203,4,1.000000,0.000000
9092,9717252109,1056350,0,0,1826,0,0.000000,16384,1631,56350,4,1.000000,0.000000
9093,9718308059,1055950,0,0,1827,0,0.000000,16384,1607,55950,4,1.000000,0.000000
9094,9719395868,1087809,0,0,1949,0,0.000000,16384,1725,87809,4,1.000000,0.000000
9095,9720484125,1088257,0,0,1965,0,0.000000,16384,1745,88257,4,1.000000,0.000000
9096,9721573274,1089149,0,0,1974,0,0.000000,16384,1767,89149,4,1.000000,0.000000
9097,9722661612,1088338,0,0,1971,0,0.000000,16384,1764,88338,4,1.000000,0.000000
9098,9723675923,1014311,0,0,1668,0,0.000000,16384,1514,14311,4,1.000000,0.000000
9099,9724736327,1060404,0,0,1830,0,0.000000,16384,1610,60404,4,1.000000,0.000000
9100,9725794087,1057760,0,0,1832,0,0.000000,16384,1608,57760,4,1.000000,0.000000
9101,9726860242,1066155,0,0,1834,0,0.000000,16384,1654,66155,4,1.000000,0.000000
9102,9727917309,1057067,0,0,1832,0,0.000000,16384,1653,57067,4,1.000000,0.000000
9103,9728973364,1056055,0,0,1828,0,0.000000,16384,1623,56055,4,1.000000,0.000000
9104,9730034511,1061147,0,0,1736,0,0.000000,16384,1516,61147,4,1.000000,0.000000
9105,9731096557,1062046,0,0,1611,0,0.000000,16384,1469,62046,4,1.000000,0.000000
9106,9732155840,1059283,0,0,1665,0,0.000000,16384,1471,59283,4,1.000000,0.000000
9107,9733213587,1057747,0,0,1664,0,0.000000,16384,1473,57747,4,1.000000,0.000000
9108,9734272378,1058791,0,0,1731,0,0.000000,16384,1572,58791,4,1.000000,0.000000
9109,9735329721,1057343,0,0,1819,0,0.000000,16384,1605,57343,4,1.000000,0.000000
9110,9736385734,1056013,0,0,1825,0,0.000000,16384,1605,56013,4,1.000000,0.000000
9111,9737452838,1067104,0,0,1792,0,0.000000,16384,1607,67104,4,1.000000,0.000000
9112,9738511827,1058989,0,0,1820,0,0.000000,16384,1643,58989,4,1.000000,0.000000
9113,9739569899,1058072,0,0,1819,0,0.000000,16384,1617,58072,4,1.000000,0.000000
9114,9740626599,1056700,0,0,1816,0,0.000000,16384,1596,56700,4,1.000000,0.000000
9115,9741670635,1044036,0,0,1794,0,0.000000,16384,1598,44036,4,1.000000,0.000000
9116,9742726913,1056278,0,0,1830,0,0.000000,16384,1651,56278,4,1.000000,0.000000
9117,9743784946,1058033,0,0,1734,0,0.000000,16384,1545,58033,4,1.000000,0.000000
9118,9744842322,1057376,0,0,1829,0,0.000000,16384,1609,57376,4,1.000000,0.000000
9119,9745898809,1056487,0,0,1810,0,0.000000,16384,1613,56487,4,1.000000,0.000000
9120,9746954871,1056062,0,0,1829,0,0.000000,16384,1650,56062,4,1.000000,0.000000
9121,9748019965,1065094,0,0,1836,0,0.000000,16384,1648,65094,4,1.000000,0.000000
9122,9749077825,1057860,0,0,1801,0,0.000000,16384,1581,57860,4,1.000000,0.000000
9123,9750135557,1057732,0,0,1830,0,0.000000,16384,1612,57732,4,1.000000,0.000000
9124,9751193428,1057871,0,0,1826,0,0.000000,16384,1649,57871,4,1.000000,0.000000
9125,9752250324,1056896,0,0,1829,0,0.000000,16384,1649,56896,4,1.000000,0.000000
9126,9753306420,1056096,0,0,1827,0,0.000000,16384,1614,56096,4,1.000000,0.000000
9127,9754362188,1055768,0,0,1818,0,0.000000,16384,1598,55768,4,1.000000,0.000000
9128,9755418684,1056496,0,0,1830,0,0.000000,16384,1636,56496,4,1.000000,0.000000
9129,9756474673,1055989,0,0,1814,0,0.000000,16384,1640,55989,4,1.000000,0.000000
9130,9757534787,1060114,0,0,1788,0,0.000000,16384,1592,60114,4,1.000000,0.000000
9131,9758647797,1113010,0,0,1823,0,0.000000,16384,1602,113010,4,1.000000,0.000000
9132,9759673870,1026073,0,0,1599,0,0.000000,16384,1442,26073,4,1.000000,0.000000
9133,9760733472,1059602,0,0,1658,0,0.000000,16384,1475,59602,4,1.000000,0.000000
9134,9761795202,1061730,0,0,1724,0,0.000000,16384,1511,61730,4,1.000000,0.000000
9135,9762859295,1064093,0,0,1786,0,0.000000,16384,1616,64093,4,1.000000,0.000000
9136,9763922223,1062928,0,0,1632,0,0.000000,16384,1456,62928,4,1.000000,0.000000
9137,9764983252,1061029,0,0,1666,0,0.000000,16384,1463,61029,4,1.000000,0.000000
9138,9766041472,1058220,0,0,1663,0,0.000000,16384,1518,58220,4,1.000000,0.000000
9139,9767098217,1056745,0,0,1660,0,0.000000,16384,1452,56745,4,1.000000,0.000000
9140,9768156135,1057918,0,0,1699,0,0.000000,16384,1515,57918,4,1.000000,0.000000
9141,9769222849,1066714,0,0,1760,0,0.000000,16384,1596,66714,4,1.000000,0.000000
9142,9770281965,1059116,0,0,1641,0,0.000000,16384,1429,59116,4,1.000000,0.000000
9143,9771339645,1057680,0,0,1764,0,0.000000,16384,1576,57680,4,1.000000,0.000000
9144,9772397206,1057561,0,0,1717,0,0.000000,16384,1561,57561,4,1.000000,0.000000
9145,9773460338,1063132,0,0,1657,0,0.000000,16384,1441,63132,4,1.000000,0.000000
9146,9774525984,1065646,0,0,1634,0,0.000000,16384,1472,65646,4,1.000000,0.000000
9147,9775589196,1063212,0,0,1674,0,0.000000,16384,1496,63212,4,1.000000,0.000000
9148,9776650590,1061394,0,0,1661,0,0.000000,16384,1453,61394,4,1.000000,0.000000
9149,9777679110,1028520,0,0,1770,0,0.000000,16384,1603,28520,4,1.000000,0.000000
9150,9778741091,1061981,0,0,1822,0,0.000000,16384,1637,61981,4,1.000000,0.000000
9151,9779808553,1067462,0,0,1847,0,0.000000,16384,1627,67462,4,1.000000,0.000000
9152,9780865094,1056541,0,0,1815,0,0.000000,16384,1591,56541,4,1.000000,0.000000
9153,9781921166,1056072,0,0,1828,0,0.000000,16384,1650,56072,4,1.000000,0.000000
9154,9782977174,1056008,0,0,1828,0,0.000000,16384,1650,56008,4,1.000000,0.000000
9155,9784036428,1059254,0,0,1668,0,0.000000,16384,1464,59254,4,1.000000,0.000000
9156,9785094520,1058092,0,0,1823,0,0.000000,16384,1609,58092,4,1.000000,0.000000
9157,9786150506,1055986,0,0,1814,0,0.000000,16384,1639,55986,4,1.000000,0.000000
9158,9787206742,1056236,0,0,1829,0,0.000000,16384,1650,56236,4,1.000000,0.000000
9159,9788262682,1055940,0,0,1825,0,0.000000,16384,1605,55940,4,1.000000,0.000000
9160,9789319108,1056426,0,0,1729,0,0.000000,16384,1518,56426,4,1.000000,0.000000
9161,9790384587,1065479,0,0,1773,0,0.000000,16384,1607,65479,4,1.000000,0.000000
9162,9791441331,1056744,0,0,1828,0,0.000000,16384,1645,56744,4,1.000000,0.000000
9163,9792497213,1055882,0,0,1825,0,0.000000,16384,1605,55882,4,1.000000,0.000000
9164,9793557552,1060339,0,0,1826,0,0.000000,16384,1602,60339,4,1.000000,0.000000
9165,9794617525,1059973,0,0,1809,0,0.000000,16384,1633,59973,4,1.000000,0.000000
9166,9795670747,1053222,0,0,1817,0,0.000000,16384,1640,53222,4,1.000000,0.000000
9167,9796727393,1056646,0,0,1815,0,0.000000,16384,1604,56646,4,1.000000,0.000000
9168,9797783543,1056150,0,0,1822,0,0.000000,16384,1602,56150,4,1.000000,0.000000
9169,9798839842,1056299,0,0,1828,0,0.000000,16384,1635,56299,4,1.000000,0.000000
9170,9799895899,1056057,0,0,1826,0,0.000000,16384,1648,56057,4,1.000000,0.000000
9171,9800972130,1076231,0,0,1857,0,0.000000,16384,1663,76231,4,1.000000,0.000000
9172,9802033510,1061380,0,0,1662,0,0.000000,16384,1443,61380,4,1.000000,0.000000
9173,9803095660,1062150,0,0,1768,0,0.000000,16384,1592,62150,4,1.000000,0.000000
9174,9804158503,1062843,0,0,1628,0,0.000000,16384,1464,62843,4,1.000000,0.000000
9175,9805217889,1059386,0,0,1668,0,0.000000,16384,1453,59386,4,1.000000,0.000000
9176,9806276248,1058359,0,0,1672,0,0.000000,16384,1525,58359,4,1.000000,0.000000
9177,9807333388,1057140,0,0,1666,0,0.000000,16384,1472,57140,4,1.000000,0.000000
9178,9808391035,1057647,0,0,1651,0,0.000000,16384,1462,57647,4,1.000000,0.000000
9179,9809480053,1089018,0,0,1789,0,0.000000,16384,1532,89018,4,1.000000,0.000000
9180,9810541836,1061783,0,0,1800,0,0.000000,16384,1614,61783,4,1.000000,0.000000
9181,9811651981,1110145,0,0,2014,0,0.000000,16384,1798,110145,4,1.000000,0.000000
9182,9812703566,1051585,0,0,1917,0,0.000000,16384,1721,51585,4,1.000000,0.000000
9183,9813766047,1062481,0,0,1897,0,0.000000,16384,1706,62481,4,1.000000,0.000000
9184,9814827110,1061063,0,0,1921,0,0.000000,16384,1698,61063,4,1.000000,0.000000
9185,9815889469,1062359,0,0,1917,0,0.000000,16384,1697,62359,4,1.000000,0.000000
9186,9816951887,1062418,0,0,1913,0,0.000000,16384,1689,62418,4,1.000000,0.000000
9187,9818013929,1062042,0,0,1910,0,0.000000,16384,1699,62042,4,1.000000,0.000000
9188,9819072854,1058925,0,0,1819,0,0.000000,16384,1642,58925,4,1.000000,0.000000
9189,9820129542,1056688,0,0,1829,0,0.000000,16384,1652,56688,4,1.000000,0.000000
9190,9821185358,1055816,0,0,1822,0,0.000000,16384,1599,55816,4,1.000000,0.000000
9191,9822249214,1063856,0,0,1826,0,0.000000,16384,1606,63856,4,1.000000,0.000000
9192,9823305347,1056133,0,0,1710,0,0.000000,16384,1548,56133,4,1.000000,0.000000
9193,9824364320,1058973,0,0,1763,0,0.000000,16384,1585,58973,4,1.000000,0.000000
9194,9825422297,1057977,0,0,1832,0,0.000000,16384,1612,57977,4,1.000000,0.000000
9195,9826478578,1056281,0,0,1827,0,0.000000,16384,1608,56281,4,1.000000,0.000000
9196,9827535045,1056467,0,0,1830,0,0.000000,16384,1652,56467,4,1.000000,0.000000
9197,9828593677,1058632,0,0,1827,0,0.000000,16384,1648,58632,4,1.000000,0.000000
9198,9829651622,1057945,0,0,1828,0,0.000000,16384,1616,57945,4,1.000000,0.000000
9199,9830677924,1026302,0,0,1694,0,0.000000,16384,1483,26302,4,1.000000,0.000000
9200,9831742660,1064736,0,0,1614,0,0.000000,16384,1478,64736,4,1.000000,0.000000
9201,9832813688,1071028,0,0,1686,0,0.000000,16384,1477,71028,4,1.000000,0.000000
9202,9833871388,1057700,0,0,1691,0,0.000000,16384,1506,57700,4,1.000000,0.000000
9203,9834928874,1057486,0,0,1823,0,0.000000,16384,1645,57486,4,1.000000,0.000000
9204,9835985234,1056360,0,0,1820,0,0.000000,16384,1618,56360,4,1.000000,0.000000
9205,9837041129,1055895,0,0,1825,0,0.000000,16384,1606,55895,4,1.000000,0.000000
9206,9838097177,1056048,0,0,1827,0,0.000000,16384,1622,56048,4,1.000000,0.000000
9207,9839152864,1055687,0,0,1829,0,0.000000,16384,1650,55687,4,1.000000,0.000000
9208,9840209767,1056903,0,0,1798,0,0.000000,16384,1618,56903,4,1.000000,0.000000
9209,9841267692,1057925,0,0,1824,0,0.000000,16384,1604,57925,4,1.000000,0.000000
9210,9842324428,1056736,0,0,1826,0,0.000000,16384,1604,56736,4,1.000000,0.000000
9211,9843387545,1063117,0,0,1770,0,0.000000,16384,1604,63117,4,1.000000,0.000000
9212,9844449048,1061503,0,0,1640,0,0.000000,16384,1464,61503,4,1.000000,0.000000
9213,9845507670,1058622,0,0,1784,0,0.000000,16384,1564,58622,4,1.000000,0.000000
9214,9846564707,1057037,0,0,1821,0,0.000000,16384,1636,57037,4,1.000000,0.000000
9215,9847620719,1056012,0,0,1818,0,0.000000,16384,1641,56012,4,1.000000,0.000000
9216,9848670905,1050186,0,0,1801,0,0.000000,16384,1599,50186,4,1.000000,0.000000
9217,9849726802,1055897,0,0,1827,0,0.000000,16384,1607,55897,4,1.000000,0.000000
9218,9850782502,1055700,0,0,1828,0,0.000000,16384,1627,55700,4,1.000000,0.000000
9219,9851838340,1055838,0,0,1829,0,0.000000,16384,1651,55838,4,1.000000,0.000000
9220,9852893882,1055542,0,0,1828,0,0.000000,16384,1643,55542,4,1.000000,0.000000
9221,9853958096,1064214,0,0,1825,0,0.000000,16384,1605,64214,4,1.000000,0.000000
9222,9855014054,1055958,0,0,1798,0,0.000000,16384,1580,55958,4,1.000000,0.000000
9223,9856069905,1055851,0,0,1818,0,0.000000,16384,1642,55851,4,1.000000,0.000000
9224,9857125554,1055649,0,0,1828,0,0.000000,16384,1649,55649,4,1.000000,0.000000
9225,9858181299,1055745,0,0,1824,0,0.000000,16384,1609,55745,4,1.000000,0.000000
9226,9859241629,1060330,0,0,1801,0,0.000000,16384,1581,60330,4,1.000000,0.000000
9227,9860302861,1061232,0,0,1664,0,0.000000,16384,1510,61232,4,1.000000,0.000000
9228,9861360858,1057997,0,0,1666,0,0.000000,16384,1480,57997,4,1.000000,0.000000
9229,9862418120,1057262,0,0,1663,0,0.000000,16384,1464,57262,4,1.000000,0.000000
9230,9863474551,1056431,0,0,1665,0,0.000000,16384,1519,56431,4,1.000000,0.000000
9231,9864553097,1078546,0,0,1639,0,0.000000,16384,1428,78546,4,1.000000,0.000000
9232,9865647530,1094433,0,0,1858,0,0.000000,16384,1650,94433,4,1.000000,0.000000
9233,9866702857,1055327,0,0,1810,0,0.000000,16384,1635,55327,4,1.000000,0.000000
9234,9867763989,1061132,0,0,1657,0,0.000000,16384,1476,61132,4,1.000000,0.000000
9235,9868826578,1062589,0,0,1807,0,0.000000,16384,1587,62589,4,1.000000,0.000000
9236,9869889774,1063196,0,0,1857,0,0.000000,16384,1662,63196,4,1.000000,0.000000
9237,9870950635,1060861,0,0,1786,0,0.000000,16384,1616,60861,4,1.000000,0.000000
9238,9872008268,1057633,0,0,1807,0,0.000000,16384,1608,57633,4,1.000000,0.000000
9239,9873064179,1055911,0,0,1824,0,0.000000,16384,1604,55911,4,1.000000,0.000000
9240,9874120061,1055882,0,0,1826,0,0.000000,16384,1622,55882,4,1.000000,0.000000
9241,9875188202,1068141,0,0,1794,0,0.000000,16384,1622,68141,4,1.000000,0.000000
9242,9876247026,1058824,0,0,1832,0,0.000000,16384,1644,58824,4,1.000000,0.000000
9243,9877303746,1056720,0,0,1831,0,0.000000,16384,1610,56720,4,1.000000,0.000000
9244,9878360090,1056344,0,0,1827,0,0.000000,16384,1606,56344,4,1.000000,0.000000
9245,9879416532,1056442,0,0,1831,0,0.000000,16384,1652,56442,4,1.000000,0.000000
9246,9880474878,1058346,0,0,1830,0,0.000000,16384,1652,58346,4,1.000000,0.000000
9247,9881531607,1056729,0,0,1826,0,0.000000,16384,1617,56729,4,1.000000,0.000000
9248,9882587463,1055856,0,0,1809,0,0.000000,16384,1589,55856,4,1.000000,0.000000
9249,9883643436,1055973,0,0,1829,0,0.000000,16384,1633,55973,4,1.000000,0.000000
9250,9884711975,1068539,0,0,1726,0,0.000000,16384,1568,68539,4,1.000000,0.000000
9251,9885790523,1078548,0,0,1785,0,0.000000,16384,1575,78548,4,1.000000,0.000000
9252,9886853726,1063203,0,0,1675,0,0.000000,16384,1474,63203,4,1.000000,0.000000
9253,9887912426,1058700,0,0,1665,0,0.000000,16384,1519,58700,4,1.000000,0.000000
9254,9888969504,1057078,0,0,1661,0,0.000000,16384,1452,57078,4,1.000000,0.000000
9255,9890031493,1061989,0,0,1749,0,0.000000,16384,1556,61989,4,1.000000,0.000000
9256,9891095708,1064215,0,0,1729,0,0.000000,16384,1571,64215,4,1.000000,0.000000
9257,9892156137,1060429,0,0,1588,0,0.000000,16384,1379,60429,4,1.000000,0.000000
9258,9893219420,1063283,0,0,1538,0,0.000000,16384,1403,63283,4,1.000000,0.000000
9259,9894280610,1061190,0,0,1616,0,0.000000,16384,1415,61190,4,1.000000,0.000000
9260,9895339419,1058809,0,0,1664,0,0.000000,16384,1489,58809,4,1.000000,0.000000
9261,9896408830,1069411,0,0,1793,0,0.000000,16384,1622,69411,4,1.000000,0.000000
9262,9897466246,1057416,0,0,1820,0,0.000000,16384,1602,57416,4,1.000000,0.000000
9263,9898522920,1056674,0,0,1828,0,0.000000,16384,1608,56674,4,1.000000,0.000000
9264,9899578888,1055968,0,0,1827,0,0.000000,16384,1638,55968,4,1.000000,0.000000
9265,9900634718,1055830,0,0,1826,0,0.000000,16384,1647,55830,4,1.000000,0.000000
9266,9901673033,1038315,0,0,1731,0,0.000000,16384,1535,38315,4,1.000000,0.000000
9267,9902729045,1056012,0,0,1828,0,0.000000,16384,1608,56012,4,1.000000,0.000000
9268,9903788896,1059851,0,0,1810,0,0.000000,16384,1621,59851,4,1.000000,0.000000
9269,9904850737,1061841,0,0,1629,0,0.000000,16384,1478,61841,4,1.000000,0.000000
9270,9905910604,1059867,0,0,1669,0,0.000000,16384,1449,59867,4,1.000000,0.000000
9271,9906980997,1070393,0,0,1668,0,0.000000,16384,1513,70393,4,1.000000,0.000000
9272,9908039990,1058993,0,0,1671,0,0.000000,16384,1486,58993,4,1.000000,0.000000
9273,9909097386,1057396,0,0,1718,0,0.000000,16384,1507,57396,4,1.000000,0.000000
9274,9910154486,1057100,0,0,1811,0,0.000000,16384,1636,57100,4,1.000000,0.000000
9275,9911211002,1056516,0,0,1826,0,0.000000,16384,1648,56516,4,1.000000,0.000000
9276,9912266585,1055583,0,0,1825,0,0.000000,16384,1605,55583,4,1.000000,0.000000
9277,9913322058,1055473,0,0,1827,0,0.000000,16384,1606,55473,4,1.000000,0.000000
9278,9914409463,1087405,0,0,1947,0,0.000000,16384,1736,87405,4,1.000000,0.000000
9279,9915497711,1088248,0,0,1958,0,0.000000,16384,1754,88248,4,1.000000,0.000000
9280,9916585267,1087556,0,0,1968,0,0.000000,16384,1761,87556,4,1.000000,0.000000
9281,9917690404,1105137,0,0,2004,0,0.000000,16384,1791,105137,4,1.000000,0.000000
9282,9918705134,1014730,0,0,1841,0,0.000000,16384,1660,14730,4,1.000000,0.000000
9283,9919765846,1060712,0,0,1900,0,0.000000,16384,1681,60712,4,1.000000,0.000000
9284,9920828230,1062384,0,0,1925,0,0.000000,16384,1705,62384,4,1.000000,0.000000
9285,9921890384,1062154,0,0,1920,0,0.000000,16384,1696,62154,4,1.000000,0.000000
9286,9922949370,1058986,0,0,1832,0,0.000000,16384,1634,58986,4,1.000000,0.000000
9287,9924039583,1090213,0,0,1838,0,0.000000,16384,1657,90213,4,1.000000,0.000000
9288,9925102075,1062492,0,0,1769,0,0.000000,16384,1583,62492,4,1.000000,0.000000
9289,9926160584,1058509,0,0,1820,0,0.000000,16384,1601,58509,4,1.000000,0.000000
9290,9927217821,1057237,0,0,1830,0,0.000000,16384,1620,57237,4,1.000000,0.000000
9291,9928282628,1064807,0,0,1840,0,0.000000,16384,1660,64807,4,1.000000,0.000000
9292,9929340007,1057379,0,0,1830,0,0.000000,16384,1651,57379,4,1.000000,0.000000
9293,9930428554,1088547,0,0,1957,0,0.000000,16384,1738,88547,4,1.000000,0.000000
9294,9931494348,1065794,0,0,1728,0,0.000000,16384,1508,65794,4,1.000000,0.000000
9295,9932521512,1027164,0,0,1484,0,0.000000,16384,1357,27164,4,1.000000,0.000000
9296,9933583711,1062199,0,0,1650,0,0.000000,16384,1441,62199,4,1.000000,0.000000
9297,9934642080,1058369,0,0,1811,0,0.000000,16384,1609,58369,4,1.000000,0.000000
9298,9935671780,1029700,0,0,1756,0,0.000000,16384,1592,29700,4,1.000000,0.000000
9299,9936728670,1056890,0,0,1828,0,0.000000,16384,1630,56890,4,1.000000,0.000000
9300,9937784867,1056197,0,0,1826,0,0.000000,16384,1606,56197,4,1.000000,0.000000
9301,9938851619,1066752,0,0,1845,0,0.000000,16384,1631,66752,4,1.000000,0.000000
9302,9939908827,1057208,0,0,1825,0,0.000000,16384,1647,57208,4,1.000000,0.000000
9303,9940966079,1057252,0,0,1819,0,0.000000,16384,1642,57252,4,1.000000,0.000000
9304,9942022099,1056020,0,0,1825,0,0.000000,16384,1606,56020,4,1.000000,0.000000
9305,9943078779,1056680,0,0,1678,0,0.000000,16384,1478,56680,4,1.000000,0.000000
9306,9944175557,1096778,0,0,1796,0,0.000000,16384,1624,96778,4,1.000000,0.000000
9307,9945238504,1062947,0,0,1604,0,0.000000,16384,1420,62947,4,1.000000,0.000000
9308,9946297092,1058588,0,0,1669,0,0.000000,16384,1479,58588,4,1.000000,0.000000
9309,9947354040,1056948,0,0,1669,0,0.000000,16384,1518,56948,4,1.000000,0.000000
9310,9948410818,1056778,0,0,1664,0,0.000000,16384,1445,56778,4,1.000000,0.000000
9311,9949511358,1100540,0,0,1852,0,0.000000,16384,1653,100540,4,1.000000,0.000000
9312,9950600959,1089601,0,0,1852,0,0.000000,16384,1669,89601,4,1.000000,0.000000
9313,9951693454,1092495,0,0,1864,0,0.000000,16384,1678,92495,4,1.000000,0.000000
9314,9952757190,1063736,0,0,1809,0,0.000000,16384,1589,63736,4,1.000000,0.000000
9315,9953820416,1063226,0,0,1809,0,0.000000,16384,1589,63226,4,1.000000,0.000000
9316,9954883067,1062651,0,0,1802,0,0.000000,16384,1626,62651,4,1.000000,0.000000
9317,9955945204,1062137,0,0,1913,0,0.000000,16384,1718,62137,4,1.000000,0.000000
9318,9957004892,1059688,0,0,1735,0,0.000000,16384,1541,59688,4,1.000000,0.000000
9319,9958061586,1056694,0,0,1809,0,0.000000,16384,1590,56694,4,1.000000,0.000000
9320,9959117505,1055919,0,0,1817,0,0.000000,16384,1625,55919,4,1.000000,0.000000
9321,9960180861,1063356,0,0,1785,0,0.000000,16384,1616,63356,4,1.000000,0.000000
9322,9961236998,1056137,0,0,1824,0,0.000000,16384,1621,56137,4,1.000000,0.000000
9323,9962297193,1060195,0,0,1831,0,0.000000,16384,1611,60195,4,1.000000,0.000000
9324,9963386211,1089018,0,0,1943,0,0.000000,16384,1718,89018,4,1.000000,0.000000
9325,9964447150,1060939,0,0,1743,0,0.000000,16384,1578,60939,4,1.000000,0.000000
9326,9965505767,1058617,0,0,1829,0,0.000000,16384,1650,58617,4,1.000000,0.000000
9327,9966593578,1087811,0,0,1969,0,0.000000,16384,1750,87811,4,1.000000,0.000000
9328,9967684313,1090735,0,0,1979,0,0.000000,16384,1755,90735,4,1.000000,0.000000
9329,9968701401,1017088,0,0,1844,0,0.000000,16384,1624,17088,4,1.000000,0.000000
9330,9969763574,1062173,0,0,1934,0,0.000000,16384,1709,62173,4,1.000000,0.000000
9331,9970843195,1079621,0,0,1842,0,0.000000,16384,1658,79621,4,1.000000,0.000000
9332,9971906805,1063610,0,0,1769,0,0.000000,16384,1602,63610,4,1.000000,0.000000
9333,9972966421,1059616,0,0,1823,0,0.000000,16384,1611,59616,4,1.000000,0.000000
9334,9974023147,1056726,0,0,1828,0,0.000000,16384,1608,56726,4,1.000000,0.000000
9335,9975079543,1056396,0,0,1831,0,0.000000,16384,1636,56396,4,1.000000,0.000000
9336,9976136146,1056603,0,0,1820,0,0.000000,16384,1642,56603,4,1.000000,0.000000
9337,9977192096,1055950,0,0,1828,0,0.000000,16384,1636,55950,4,1.000000,0.000000
9338,9978247793,1055697,0,0,1828,0,0.000000,16384,1609,55697,4,1.000000,0.000000
9339,9979303808,1056015,0,0,1808,0,0.000000,16384,1595,56015,4,1.000000,0.000000
9340,9980390399,1086591,0,0,1948,0,0.000000,16384,1746,86591,4,1.000000,0.000000
9341,9981458724,1068325,0,0,1847,0,0.000000,16384,1665,68325,4,1.000000,0.000000
9342,9982515405,1056681,0,0,1823,0,0.000000,16384,1632,56681,4,1.000000,0.000000
9343,9983571699,1056294,0,0,1826,0,0.000000,16384,1606,56294,4,1.000000,0.000000
9344,9984630863,1059164,0,0,1709,0,0.000000,16384,1516,59164,4,1.000000,0.000000
9345,9985671258,1040395,0,0,1795,0,0.000000,16384,1623,40395,4,1.000000,0.000000
9346,9986728123,1056865,0,0,1828,0,0.000000,16384,1629,56865,4,1.000000,0.000000
9347,9987784770,1056647,0,0,1830,0,0.000000,16384,1610,56647,4,1.000000,0.000000
9348,9988841387,1056617,0,0,1829,0,0.000000,16384,1619,56617,4,1.000000,0.000000
9349,9989897651,1056264,0,0,1807,0,0.000000,16384,1633,56264,4,1.000000,0.000000
9350,9990954284,1056633,0,0,1830,0,0.000000,16384,1649,56633,4,1.000000,0.000000
9351,9992018728,1064444,0,0,1827,0,0.000000,16384,1604,64444,4,1.000000,0.000000
9352,9993074715,1055987,0,0,1825,0,0.000000,16384,1605,55987,4,1.000000,0.000000
9353,9994134650,1059935,0,0,1829,0,0.000000,16384,1645,59935,4,1.000000,0.000000
9354,9995195722,1061072,0,0,1822,0,0.000000,16384,1645,61072,4,1.000000,0.000000
9355,9996252466,1056744,0,0,1824,0,0.000000,16384,1621,56744,4,1.000000,0.000000
9356,9997308816,1056350,0,0,1807,0,0.000000,16384,1587,56350,4,1.000000,0.000000
9357,9998365115,1056299,0,0,1813,0,0.000000,16384,1616,56299,4,1.000000,0.000000
9358,9999420925,1055810,0,0,1828,0,0.000000,16384,1649,55810,4,1.000000,0.000000
9359,10000477366,1056441,0,0,1828,0,0.000000,16384,1640,56441,4,1.000000,0.000000
9360,10001534198,1056832,0,0,1828,0,0.000000,16384,1608,56832,4,1.000000,0.000000
9361,10002598410,1064212,0,0,1838,0,0.000000,16384,1614,64212,4,1.000000,0.000000
9362,10003654834,1056424,0,0,1825,0,0.000000,16384,1649,56424,4,1.000000,0.000000
9363,10004694429,1039595,0,0,1733,0,0.000000,16384,1569,39595,4,1.000000,0.000000
9364,10005751908,1057479,0,0,1827,0,0.000000,16384,1606,57479,4,1.000000,0.000000
9365,10006807858,1055950,0,0,1822,0,0.000000,16384,1599,55950,4,1.000000,0.000000
9366,10007864487,1056629,0,0,1827,0,0.000000,16384,1648,56629,4,1.000000,0.000000
9367,10008920682,1056195,0,0,1828,0,0.000000,16384,1650,56195,4,1.000000,0.000000
9368,10009976976,1056294,0,0,1822,0,0.000000,16384,1615,56294,4,1.000000,0.000000
9369,10011032954,1055978,0,0,1782,0,0.000000,16384,1562,55978,4,1.000000,0.000000
9370,10012088668,1055714,0,0,1828,0,0.000000,16384,1636,55714,4,1.000000,0.000000
9371,10013152068,1063400,0,0,1831,0,0.000000,16384,1652,63400,4,1.000000,0.000000
9372,10014207906,1055838,0,0,1826,0,0.000000,16384,1633,55838,4,1.000000,0.000000
9373,10015263788,1055882,0,0,1825,0,0.000000,16384,1605,55882,4,1.000000,0.000000
9374,10016321056,1057268,0,0,1830,0,0.000000,16384,1603,57268,4,1.000000,0.000000
9375,10017377576,1056520,0,0,1826,0,0.000000,16384,1607,56520,4,1.000000,0.000000
9376,10018433537,1055961,0,0,1828,0,0.000000,16384,1604,55961,4,1.000000,0.000000
9377,10019489252,1055715,0,0,1827,0,0.000000,16384,1647,55715,4,1.000000,0.000000
9378,10020544856,1055604,0,0,1827,0,0.000000,16384,1649,55604,4,1.000000,0.000000
9379,10021600553,1055697,0,0,1825,0,0.000000,16384,1619,55697,4,1.000000,0.000000
9380,10022656300,1055747,0,0,1825,0,0.000000,16384,1605,55747,4,1.000000,0.000000
9381,10023733281,1076981,0,0,1766,0,0.000000,16384,1577,76981,4,1.000000,0.000000
9382,10024791522,1058241,0,0,1777,0,0.000000,16384,1608,58241,4,1.000000,0.000000
9383,10025849168,1057646,0,0,1829,0,0.000000,16384,1623,57646,4,1.000000,0.000000
9384,10026905170,1056002,0,0,1827,0,0.000000,16384,1607,56002,4,1.000000,0.000000
9385,10027961135,1055965,0,0,1827,0,0.000000,16384,1625,55965,4,1.000000,0.000000
9386,10029017323,1056188,0,0,1829,0,0.000000,16384,1650,56188,4,1.000000,0.000000
9387,10030073338,1056015,0,0,1807,0,0.000000,16384,1624,56015,4,1.000000,0.000000
9388,10031129612,1056274,0,0,1756,0,0.000000,16384,1536,56274,4,1.000000,0.000000
9389,10032190688,1061076,0,0,1594,0,0.000000,16384,1434,61076,4,1.000000,0.000000
9390,10033251176,1060488,0,0,1737,0,0.000000,16384,1557,60488,4,1.000000,0.000000
9391,10034316309,1065133,0,0,1830,0,0.000000,16384,1610,65133,4,1.000000,0.000000
9392,10035374416,1058107,0,0,1828,0,0.000000,16384,1616,58107,4,1.000000,0.000000
9393,10036432829,1058413,0,0,1637,0,0.000000,16384,1498,58413,4,1.000000,0.000000
9394,10037492604,1059775,0,0,1625,0,0.000000,16384,1416,59775,4,1.000000,0.000000
9395,10038561323,1068719,0,0,1427,0,0.000000,16384,1305,68719,4,1.000000,0.000000
9396,10039628483,1067160,0,0,1483,0,0.000000,16384,1281,67160,4,1.000000,0.000000
9397,10040680951,1052468,0,0,1479,0,0.000000,16384,1351,52468,4,1.000000,0.000000
9398,10041743126,1062175,0,0,1667,0,0.000000,16384,1446,62175,4,1.000000,0.000000
9399,10042801997,1058871,0,0,1595,0,0.000000,16384,1464,58871,4,1.000000,0.000000
9400,10043860395,1058398,0,0,1522,0,0.000000,16384,1317,58398,4,1.000000,0.000000
9401,10044967785,1107390,0,0,1572,0,0.000000,16384,1439,107390,4,1.000000,0.000000
9402,10046049782,1081997,0,0,1436,0,0.000000,16384,1242,81997,4,1.000000,0.000000
9403,10047120151,1070369,0,0,1568,0,0.000000,16384,1444,70369,4,1.000000,0.000000
9404,10048180291,1060140,0,0,1735,0,0.000000,16384,1515,60140,4,1.000000,0.000000
9405,10049239486,1059195,0,0,1740,0,0.000000,16384,1544,59195,4,1.000000,0.000000
9406,10050297290,1057804,0,0,1783,0,0.000000,16384,1613,57804,4,1.000000,0.000000
9407,10051354433,1057143,0,0,1825,0,0.000000,16384,1627,57143,4,1.000000,0.000000
9408,10052410282,1055849,0,0,1825,0,0.000000,16384,1605,55849,4,1.000000,0.000000
9409,10053468059,1057777,0,0,1828,0,0.000000,16384,1619,57777,4,1.000000,0.000000
9410,10054524600,1056541,0,0,1826,0,0.000000,16384,1648,56541,4,1.000000,0.000000
9411,10055606173,1081573,0,0,1853,0,0.000000,16384,1669,81573,4,1.000000,0.000000
9412,10056662253,1056080,0,0,1825,0,0.000000,16384,1608,56080,4,1.000000,0.000000
9413,10057670588,1008335,0,0,1728,0,0.000000,16384,1515,8335,4,1.000000,0.000000
9414,10058727952,1057364,0,0,1691,0,0.000000,16384,1540,57364,4,1.000000,0.000000
9415,10059785630,1057678,0,0,1811,0,0.000000,16384,1615,57678,4,1.000000,0.000000
9416,10060841972,1056342,0,0,1748,0,0.000000,16384,1528,56342,4,1.000000,0.000000
9417,10061908972,1067000,0,0,1833,0,0.000000,16384,1639,67000,4,1.000000,0.000000
9418,10062972874,1063902,0,0,1587,0,0.000000,16384,1441,63902,4,1.000000,0.000000
9419,10064034002,1061128,0,0,1672,0,0.000000,16384,1452,61128,4,1.000000,0.000000
9420,10065097051,1063049,0,0,1640,0,0.000000,16384,1494,63049,4,1.000000,0.000000
9421,10066175057,1078006,0,0,1737,0,0.000000,16384,1543,78006,4,1.000000,0.000000
9422,10067232760,1057703,0,0,1828,0,0.000000,16384,1608,57703,4,1.000000,0.000000
9423,10068288980,1056220,0,0,1827,0,0.000000,16384,1631,56220,4,1.000000,0.000000
9424,10069345077,1056097,0,0,1828,0,0.000000,16384,1649,56097,4,1.000000,0.000000
9425,10070403148,1058071,0,0,1775,0,0.000000,16384,1586,58071,4,1.000000,0.000000
9426,10071461010,1057862,0,0,1706,0,0.000000,16384,1486,57862,4,1.000000,0.000000
9427,10072518452,1057442,0,0,1813,0,0.000000,16384,1632,57442,4,1.000000,0.000000
9428,10073575574,1057122,0,0,1825,0,0.000000,16384,1647,57122,4,1.000000,0.000000
9429,10074631984,1056410,0,0,1826,0,0.000000,16384,1621,56410,4,1.000000,0.000000
9430,10075672177,1040193,0,0,1766,0,0.000000,16384,1546,40193,4,1.000000,0.000000
9431,10076749566,1077389,0,0,1854,0,0.000000,16384,1658,77389,4,1.000000,0.000000
9432,10077805785,1056219,0,0,1829,0,0.000000,16384,1650,56219,4,1.000000,0.000000
9433,10078861834,1056049,0,0,1826,0,0.000000,16384,1637,56049,4,1.000000,0.000000
9434,10079917782,1055948,0,0,1826,0,0.000000,16384,1606,55948,4,1.000000,0.000000
9435,10080973703,1055921,0,0,1826,0,0.000000,16384,1607,55921,4,1.000000,0.000000
9436,10082029794,1056091,0,0,1829,0,0.000000,16384,1651,56091,4,1.000000,0.000000
9437,10083085478,1055684,0,0,1827,0,0.000000,16384,1649,55684,4,1.000000,0.000000
9438,10084141034,1055556,0,0,1826,0,0.000000,16384,1613,55556,4,1.000000,0.000000
9439,10085199648,1058614,0,0,1767,0,0.000000,16384,1547,58614,4,1.000000,0.000000
9440,10086257264,1057616,0,0,1814,0,0.000000,16384,1633,57616,4,1.000000,0.000000
9441,10087321795,1064531,0,0,1832,0,0.000000,16384,1653,64531,4,1.000000,0.000000
9442,10088379117,1057322,0,0,1787,0,0.000000,16384,1583,57322,4,1.000000,0.000000
9443,10089437109,1057992,0,0,1830,0,0.000000,16384,1610,57992,4,1.000000,0.000000
9444,10090493601,1056492,0,0,1809,0,0.000000,16384,1616,56492,4,1.000000,0.000000
9445,10091550011,1056410,0,0,1828,0,0.000000,16384,1649,56410,4,1.000000,0.000000
9446,10092606185,1056174,0,0,1827,0,0.000000,16384,1635,56174,4,1.000000,0.000000
9447,10093671945,1065760,0,0,1832,0,0.000000,16384,1612,65760,4,1.000000,0.000000
9448,10094732179,1060234,0,0,1822,0,0.000000,16384,1606,60234,4,1.000000,0.000000
9449,10095789296,1057117,0,0,1828,0,0.000000,16384,1650,57117,4,1.000000,0.000000
9450,10096845686,1056390,0,0,1829,0,0.000000,16384,1650,56390,4,1.000000,0.000000
9451,10097910350,1064664,0,0,1841,0,0.000000,16384,1626,64664,4,1.000000,0.000000
9452,10098966424,1056074,0,0,1826,0,0.000000,16384,1606,56074,4,1.000000,0.000000
9453,10100022221,1055797,0,0,1825,0,0.000000,16384,1630,55797,4,1.000000,0.000000
9454,10101077986,1055765,0,0,1809,0,0.000000,16384,1634,55765,4,1.000000,0.000000
9455,10102135441,1057455,0,0,1755,0,0.000000,16384,1561,57455,4,1.000000,0.000000
9456,10103191849,1056408,0,0,1818,0,0.000000,16384,1598,56408,4,1.000000,0.000000
9457,10104247883,1056034,0,0,1813,0,0.000000,16384,1618,56034,4,1.000000,0.000000
9458,10105307689,1059806,0,0,1706,0,0.000000,16384,1552,59806,4,1.000000,0.000000
9459,10106371746,1064057,0,0,1647,0,0.000000,16384,1436,64057,4,1.000000,0.000000
9460,10107428815,1057069,0,0,1774,0,0.000000,16384,1582,57069,4,1.000000,0.000000
9461,10108494688,1065873,0,0,1832,0,0.000000,16384,1652,65873,4,1.000000,0.000000
9462,10109551432,1056744,0,0,1828,0,0.000000,16384,1636,56744,4,1.000000,0.000000
9463,10110607814,1056382,0,0,1680,0,0.000000,16384,1459,56382,4,1.000000,0.000000
9464,10111663946,1056132,0,0,1811,0,0.000000,16384,1629,56132,4,1.000000,0.000000
9465,10112722464,1058518,0,0,1802,0,0.000000,16384,1628,58518,4,1.000000,0.000000
9466,10113778726,1056262,0,0,1827,0,0.000000,16384,1620,56262,4,1.000000,0.000000
9467,10114834821,1056095,0,0,1803,0,0.000000,16384,1583,56095,4,1.000000,0.000000
9468,10115890735,1055914,0,0,1825,0,0.000000,16384,1629,55914,4,1.000000,0.000000
9469,10116946674,1055939,0,0,1827,0,0.000000,16384,1649,55939,4,1.000000,0.000000
9470,10118002635,1055961,0,0,1818,0,0.000000,16384,1628,55961,4,1.000000,0.000000
9471,10119063401,1060766,0,0,1833,0,0.000000,16384,1613,60766,4,1.000000,0.000000
9472,10120119225,1055824,0,0,1826,0,0.000000,16384,1609,55824,4,1.000000,0.000000
9473,10121174805,1055580,0,0,1830,0,0.000000,16384,1651,55580,4,1.000000,0.000000
9474,10122230623,1055818,0,0,1831,0,0.000000,16384,1652,55818,4,1.000000,0.000000
9475,10123287604,1056981,0,0,1830,0,0.000000,16384,1617,56981,4,1.000000,0.000000
9476,10124344061,1056457,0,0,1830,0,0.000000,16384,1610,56457,4,1.000000,0.000000
9477,10125405599,1061538,0,0,1704,0,0.000000,16384,1532,61538,4,1.000000,0.000000
9478,10126463607,1058008,0,0,1787,0,0.000000,16384,1619,58008,4,1.000000,0.000000
9479,10127519599,1055992,0,0,1748,0,0.000000,16384,1528,55992,4,1.000000,0.000000
9480,10128575858,1056259,0,0,1830,0,0.000000,16384,1613,56259,4,1.000000,0.000000
9481,10129646360,1070502,0,0,1827,0,0.000000,16384,1649,70502,4,1.000000,0.000000
9482,10130670161,1023801,0,0,1769,0,0.000000,16384,1600,23801,4,1.000000,0.000000
9483,10131726773,1056612,0,0,1752,0,0.000000,16384,1532,56612,4,1.000000,0.000000
9484,10132795932,1069159,0,0,1607,0,0.000000,16384,1438,69159,4,1.000000,0.000000
9485,10133857410,1061478,0,0,1660,0,0.000000,16384,1489,61478,4,1.000000,0.000000
9486,10134914582,1057172,0,0,1828,0,0.000000,16384,1608,57172,4,1.000000,0.000000
9487,10135971737,1057155,0,0,1828,0,0.000000,16384,1624,57155,4,1.000000,0.000000
9488,10137028916,1057179,0,0,1829,0,0.000000,16384,1651,57179,4,1.000000,0.000000
9489,10138084889,1055973,0,0,1828,0,0.000000,16384,1646,55973,4,1.000000,0.000000
9490,10139140589,1055700,0,0,1827,0,0.000000,16384,1605,55700,4,1.000000,0.000000
9491,10140207357,1066768,0,0,1803,0,0.000000,16384,1581,66768,4,1.000000,0.000000
9492,10141263872,1056515,0,0,1797,0,0.000000,16384,1627,56515,4,1.000000,0.000000
9493,10142319845,1055973,0,0,1820,0,0.000000,16384,1643,55973,4,1.000000,0.000000
9494,10143375985,1056140,0,0,1783,0,0.000000,16384,1566,56140,4,1.000000,0.000000
9495,10144436816,1060831,0,0,1821,0,0.000000,16384,1601,60831,4,1.000000,0.000000
9496,10145499666,1062850,0,0,1764,0,0.000000,16384,1595,62850,4,1.000000,0.000000
9497,10146559327,1059661,0,0,1657,0,0.000000,16384,1485,59661,4,1.000000,0.000000
9498,10147616839,1057512,0,0,1798,0,0.000000,16384,1579,57512,4,1.000000,0.000000
9499,10148671053,1054214,0,0,1811,0,0.000000,16384,1617,54214,4,1.000000,0.000000
9500,10149728019,1056966,0,0,1766,0,0.000000,16384,1600,56966,4,1.000000,0.000000
9501,10150799887,1071868,0,0,1841,0,0.000000,16384,1637,71868,4,1.000000,0.000000
9502,10151856077,1056190,0,0,1828,0,0.000000,16384,1608,56190,4,1.000000,0.000000
9503,10152912116,1056039,0,0,1823,0,0.000000,16384,1617,56039,4,1.000000,0.000000
9504,10153968362,1056246,0,0,1810,0,0.000000,16384,1634,56246,4,1.000000,0.000000
9505,10155024348,1055986,0,0,1826,0,0.000000,16384,1644,55986,4,1.000000,0.000000
9506,10156080314,1055966,0,0,1826,0,0.000000,16384,1606,55966,4,1.000000,0.000000
9507,10157136019,1055705,0,0,1826,0,0.000000,16384,1602,55705,4,1.000000,0.000000
9508,10158191781,1055762,0,0,1818,0,0.000000,16384,1641,55762,4,1.000000,0.000000
9509,10159247526,1055745,0,0,1826,0,0.000000,16384,1648,55745,4,1.000000,0.000000
9510,10160303885,1056359,0,0,1785,0,0.000000,16384,1576,56359,4,1.000000,0.000000
9511,10161365222,1061337,0,0,1831,0,0.000000,16384,1611,61337,4,1.000000,0.000000
9512,10162421654,1056432,0,0,1826,0,0.000000,16384,1635,56432,4,1.000000,0.000000
9513,10163477831,1056177,0,0,1826,0,0.000000,16384,1648,56177,4,1.000000,0.000000
9514,10164533900,1056069,0,0,1827,0,0.000000,16384,1631,56069,4,1.000000,0.000000
9515,10165592275,1058375,0,0,1773,0,0.000000,16384,1554,58375,4,1.000000,0.000000
9516,10166650175,1057900,0,0,1685,0,0.000000,16384,1511,57900,4,1.000000,0.000000
9517,10167671233,1021058,0,0,1762,0,0.000000,16384,1596,21058,4,1.000000,0.000000
9518,10168727937,1056704,0,0,1827,0,0.000000,16384,1602,56704,4,1.000000,0.000000
9519,10169784064,1056127,0,0,1828,0,0.000000,16384,1609,56127,4,1.000000,0.000000
9520,10170842993,1058929,0,0,1727,0,0.000000,16384,1563,58929,4,1.000000,0.000000
9521,10171908128,1065135,0,0,1843,0,0.000000,16384,1662,65135,4,1.000000,0.000000
9522,10172964344,1056216,0,0,1829,0,0.000000,16384,1610,56216,4,1.000000,0.000000
9523,10174021317,1056973,0,0,1808,0,0.000000,16384,1588,56973,4,1.000000,0.000000
9524,10175077499,1056182,0,0,1825,0,0.000000,16384,1639,56182,4,1.000000,0.000000
9525,10176133321,1055822,0,0,1827,0,0.000000,16384,1649,55822,4,1.000000,0.000000
9526,10177189057,1055736,0,0,1829,0,0.000000,16384,1628,55736,4,1.000000,0.000000
9527,10178245465,1056408,0,0,1826,0,0.000000,16384,1607,56408,4,1.000000,0.000000
9528,10179301442,1055977,0,0,1830,0,0.000000,16384,1620,55977,4,1.000000,0.000000
9529,10180357735,1056293,0,0,1810,0,0.000000,16384,1635,56293,4,1.000000,0.000000
9530,10181413769,1056034,0,0,1822,0,0.000000,16384,1643,56034,4,1.000000,0.000000
9531,10182483849,1070080,0,0,1832,0,0.000000,16384,1608,70080,4,1.000000,0.000000
9532,10183540674,1056825,0,0,1829,0,0.000000,16384,1609,56825,4,1.000000,0.000000
9533,10184596441,1055767,0,0,1828,0,0.000000,16384,1644,55767,4,1.000000,0.000000
9534,10185655389,1058948,0,0,1783,0,0.000000,16384,1615,58948,4,1.000000,0.000000
9535,10186672094,1016705,0,0,1720,0,0.000000,16384,1512,16705,4,1.000000,0.000000
9536,10187728918,1056824,0,0,1820,0,0.000000,16384,1601,56824,4,1.000000,0.000000
9537,10188785080,1056162,0,0,1829,0,0.000000,16384,1650,56162,4,1.000000,0.000000
9538,10189841436,1056356,0,0,1827,0,0.000000,16384,1649,56356,4,1.000000,0.000000
9539,10190897172,1055736,0,0,1704,0,0.000000,16384,1496,55736,4,1.000000,0.000000
9540,10191953360,1056188,0,0,1810,0,0.000000,16384,1596,56188,4,1.000000,0.000000
9541,10193016906,1063546,0,0,1827,0,0.000000,16384,1649,63546,4,1.000000,0.000000
9542,10194077626,1060720,0,0,1823,0,0.000000,16384,1644,60720,4,1.000000,0.000000
9543,10195138084,1060458,0,0,1829,0,0.000000,16384,1612,60458,4,1.000000,0.000000
9544,10196194893,1056809,0,0,1832,0,0.000000,16384,1612,56809,4,1.000000,0.000000
9545,10197250924,1056031,0,0,1827,0,0.000000,16384,1636,56031,4,1.000000,0.000000
9546,10198307444,1056520,0,0,1814,0,0.000000,16384,1638,56520,4,1.000000,0.000000
9547,10199363538,1056094,0,0,1828,0,0.000000,16384,1631,56094,4,1.000000,0.000000
9548,10200419475,1055937,0,0,1831,0,0.000000,16384,1611,55937,4,1.000000,0.000000
9549,10201477315,1057840,0,0,1794,0,0.000000,16384,1588,57840,4,1.000000,0.000000
9550,10202534033,1056718,0,0,1828,0,0.000000,16384,1650,56718,4,1.000000,0.000000
9551,10203598350,1064317,0,0,1843,0,0.000000,16384,1662,64317,4,1.000000,0.000000
9552,10204654217,1055867,0,0,1816,0,0.000000,16384,1592,55867,4,1.000000,0.000000
9553,10205707839,1053622,0,0,1591,0,0.000000,16384,1414,53622,4,1.000000,0.000000
9554,10206772317,1064478,0,0,1475,0,0.000000,16384,1321,64478,4,1.000000,0.000000
9555,10207832166,1059849,0,0,1670,0,0.000000,16384,1476,59849,4,1.000000,0.000000
9556,10208889749,1057583,0,0,1667,0,0.000000,16384,1521,57583,4,1.000000,0.000000
9557,10209946417,1056668,0,0,1669,0,0.000000,16384,1448,56668,4,1.000000,0.000000
9558,10211005562,1059145,0,0,1657,0,0.000000,16384,1493,59145,4,1.000000,0.000000
9559,10212062749,1057187,0,0,1656,0,0.000000,16384,1481,57187,4,1.000000,0.000000
9560,10213119572,1056823,0,0,1668,0,0.000000,16384,1458,56823,4,1.000000,0.000000
9561,10214188199,1068627,0,0,1674,0,0.000000,16384,1527,68627,4,1.000000,0.000000
9562,10215244908,1056709,0,0,1663,0,0.000000,16384,1464,56709,4,1.000000,0.000000
9563,10216301103,1056195,0,0,1666,0,0.000000,16384,1481,56195,4,1.000000,0.000000
9564,10217388590,1087487,0,0,1812,0,0.000000,16384,1636,87487,4,1.000000,0.000000
9565,10218477925,1089335,0,0,1872,0,0.000000,16384,1669,89335,4,1.000000,0.000000
9566,10219568498,1090573,0,0,1973,0,0.000000,16384,1749,90573,4,1.000000,0.000000
9567,10220656836,1088338,0,0,1979,0,0.000000,16384,1757,88338,4,1.000000,0.000000
9568,10221700554,1043718,0,0,1898,0,0.000000,16384,1676,43718,4,1.000000,0.000000
9569,10222762819,1062265,0,0,1933,0,0.000000,16384,1716,62265,4,1.000000,0.000000
9570,10223824458,1061639,0,0,1925,0,0.000000,16384,1727,61639,4,1.000000,0.000000
9571,10224893260,1068802,0,0,1934,0,0.000000,16384,1679,68802,4,1.000000,0.000000
9572,10225956517,1063257,0,0,1830,0,0.000000,16384,1606,63257,4,1.000000,0.000000
9573,10227017819,1061302,0,0,1823,0,0.000000,16384,1646,61302,4,1.000000,0.000000
9574,10228074688,1056869,0,0,1830,0,0.000000,16384,1651,56869,4,1.000000,0.000000
9575,10229134901,1060213,0,0,1893,0,0.000000,16384,1685,60213,4,1.000000,0.000000
9576,10230194390,1059489,0,0,1793,0,0.000000,16384,1573,59489,4,1.000000,0.000000
9577,10231251176,1056786,0,0,1765,0,0.000000,16384,1571,56786,4,1.000000,0.000000
9578,10232308537,1057361,0,0,1827,0,0.000000,16384,1649,57361,4,1.000000,0.000000
9579,10233375918,1067381,0,0,1748,0,0.000000,16384,1556,67381,4,1.000000,0.000000
9580,10234440456,1064538,0,0,1636,0,0.000000,16384,1432,64538,4,1.000000,0.000000
9581,10235553182,1112726,0,0,1873,0,0.000000,16384,1685,112726,4,1.000000,0.000000
9582,10236644556,1091374,0,0,1858,0,0.000000,16384,1674,91374,4,1.000000,0.000000
9583,10237707342,1062786,0,0,1817,0,0.000000,16384,1609,62786,4,1.000000,0.000000
9584,10238770819,1063477,0,0,1821,0,0.000000,16384,1601,63477,4,1.000000,0.000000
9585,10239834126,1063307,0,0,1807,0,0.000000,16384,1614,63307,4,1.000000,0.000000
9586,10240897067,1062941,0,0,1862,0,0.000000,16384,1677,62941,4,1.000000,0.000000
9587,10241957525,1060458,0,0,1908,0,0.000000,16384,1713,60458,4,1.000000,0.000000
9588,10243020873,1063348,0,0,1831,0,0.000000,16384,1616,63348,4,1.000000,0.000000
9589,10244084459,1063586,0,0,1806,0,0.000000,16384,1586,63586,4,1.000000,0.000000
9590,10245144299,1059840,0,0,1814,0,0.000000,16384,1627,59840,4,1.000000,0.000000
9591,10246212356,1068057,0,0,1770,0,0.000000,16384,1602,68057,4,1.000000,0.000000
9592,10247271015,1058659,0,0,1828,0,0.000000,16384,1619,58659,4,1.000000,0.000000
9593,10248357935,1086920,0,0,1945,0,0.000000,16384,1725,86920,4,1.000000,0.000000
9594,10249445930,1087995,0,0,1956,0,0.000000,16384,1732,87995,4,1.000000,0.000000
9595,10250534741,1088811,0,0,1966,0,0.000000,16384,1742,88811,4,1.000000,0.000000
9596,10251624108,1089367,0,0,1975,0,0.000000,16384,1762,89367,4,1.000000,0.000000
9597,10252702032,1077924,0,0,1958,0,0.000000,16384,1753,77924,4,1.000000,0.000000
9598,10253763790,1061758,0,0,1931,0,0.000000,16384,1732,61758,4,1.000000,0.000000
9599,10254826060,1062270,0,0,1927,0,0.000000,16384,1729,62270,4,1.000000,0.000000
9600,10255888189,1062129,0,0,1920,0,0.000000,16384,1723,62129,4,1.000000,0.000000
9601,10256958905,1070716,0,0,1926,0,0.000000,16384,1702,70716,4,1.000000,0.000000
9602,10258017835,1058930,0,0,1812,0,0.000000,16384,1592,58930,4,1.000000,0.000000
9603,10259074771,1056936,0,0,1828,0,0.000000,16384,1627,56936,4,1.000000,0.000000
9604,10260131421,1056650,0,0,1815,0,0.000000,16384,1638,56650,4,1.000000,0.000000
9605,10261189411,1057990,0,0,1694,0,0.000000,16384,1508,57990,4,1.000000,0.000000
9606,10262247647,1058236,0,0,1810,0,0.000000,16384,1590,58236,4,1.000000,0.000000
9607,10263304180,1056533,0,0,1827,0,0.000000,16384,1636,56533,4,1.000000,0.000000
9608,10264389995,1085815,0,0,1946,0,0.000000,16384,1744,85815,4,1.000000,0.000000
9609,10265449486,1059491,0,0,1835,0,0.000000,16384,1655,59491,4,1.000000,0.000000
9610,10266507837,1058351,0,0,1758,0,0.000000,16384,1547,58351,4,1.000000,0.000000
9611,10267574281,1066444,0,0,1842,0,0.000000,16384,1618,66444,4,1.000000,0.000000
9612,10268631281,1057000,0,0,1816,0,0.000000,16384,1636,57000,4,1.000000,0.000000
9613,10269673679,1042398,0,0,1800,0,0.000000,16384,1627,42398,4,1.000000,0.000000
9614,10270733150,1059471,0,0,1739,0,0.000000,16384,1532,59471,4,1.000000,0.000000
9615,10271790650,1057500,0,0,1813,0,0.000000,16384,1589,57500,4,1.000000,0.000000
9616,10272847193,1056543,0,0,1830,0,0.000000,16384,1653,56543,4,1.000000,0.000000
9617,10273904901,1057708,0,0,1808,0,0.000000,16384,1633,57708,4,1.000000,0.000000
9618,10274961926,1057025,0,0,1828,0,0.000000,16384,1616,57025,4,1.000000,0.000000
9619,10276017957,1056031,0,0,1825,0,0.000000,16384,1605,56031,4,1.000000,0.000000
9620,10277073930,1055973,0,0,1828,0,0.000000,16384,1632,55973,4,1.000000,0.000000
9621,10278136979,1063049,0,0,1840,0,0.000000,16384,1659,63049,4,1.000000,0.000000
9622,10279192916,1055937,0,0,1826,0,0.000000,16384,1639,55937,4,1.000000,0.000000
9623,10280249296,1056380,0,0,1828,0,0.000000,16384,1608,56380,4,1.000000,0.000000
9624,10281305071,1055775,0,0,1827,0,0.000000,16384,1605,55775,4,1.000000,0.000000
9625,10282361191,1056120,0,0,1829,0,0.000000,16384,1652,56120,4,1.000000,0.000000
9626,10283417304,1056113,0,0,1830,0,0.000000,16384,1651,56113,4,1.000000,0.000000
9627,10284473636,1056332,0,0,1808,0,0.000000,16384,1598,56332,4,1.000000,0.000000
9628,10285529452,1055816,0,0,1828,0,0.000000,16384,1608,55816,4,1.000000,0.000000
9629,10286587118,1057666,0,0,1738,0,0.000000,16384,1561,57666,4,1.000000,0.000000
9630,10287644458,1057340,0,0,1830,0,0.000000,16384,1651,57340,4,1.000000,0.000000
9631,10288671686,1027228,0,0,1774,0,0.000000,16384,1566,27228,4,1.000000,0.000000
9632,10289728537,1056851,0,0,1831,0,0.000000,16384,1611,56851,4,1.000000,0.000000
9633,10290785490,1056953,0,0,1763,0,0.000000,16384,1585,56953,4,1.000000,0.000000
9634,10291841571,1056081,0,0,1828,0,0.000000,16384,1650,56081,4,1.000000,0.000000
9635,10292897445,1055874,0,0,1828,0,0.000000,16384,1620,55874,4,1.000000,0.000000
9636,10293954012,1056567,0,0,1793,0,0.000000,16384,1573,56567,4,1.000000,0.000000
9637,10295009930,1055918,0,0,1707,0,0.000000,16384,1537,55918,4,1.000000,0.000000
9638,10296065633,1055703,0,0,1828,0,0.000000,16384,1650,55703,4,1.000000,0.000000
9639,10297121603,1055970,0,0,1785,0,0.000000,16384,1569,55970,4,1.000000,0.000000
9640,10298177220,1055617,0,0,1825,0,0.000000,16384,1605,55617,4,1.000000,0.000000
9641,10299237689,1060469,0,0,1836,0,0.000000,16384,1651,60469,4,1.000000,0.000000
9642,10300293524,1055835,0,0,1826,0,0.000000,16384,1648,55835,4,1.000000,0.000000
9643,10301349904,1056380,0,0,1817,0,0.000000,16384,1616,56380,4,1.000000,0.000000
9644,10302406174,1056270,0,0,1774,0,0.000000,16384,1554,56270,4,1.000000,0.000000
9645,10303462322,1056148,0,0,1813,0,0.000000,16384,1621,56148,4,1.000000,0.000000
9646,10304518954,1056632,0,0,1828,0,0.000000,16384,1650,56632,4,1.000000,0.000000
9647,10305576432,1057478,0,0,1829,0,0.000000,16384,1635,57478,4,1.000000,0.000000
9648,10306633600,1057168,0,0,1749,0,0.000000,16384,1529,57168,4,1.000000,0.000000
9649,10307675856,1042256,0,0,1797,0,0.000000,16384,1604,42256,4,1.000000,0.000000
9650,10308738173,1062317,0,0,1821,0,0.000000,16384,1643,62317,4,1.000000,0.000000
9651,10309808161,1069988,0,0,1846,0,0.000000,16384,1653,69988,4,1.000000,0.000000
9652,10310866421,1058260,0,0,1812,0,0.000000,16384,1592,58260,4,1.000000,0.000000
9653,10311923150,1056729,0,0,1828,0,0.000000,16384,1612,56729,4,1.000000,0.000000
9654,10312979322,1056172,0,0,1827,0,0.000000,16384,1649,56172,4,1.000000,0.000000
9655,10314035626,1056304,0,0,1804,0,0.000000,16384,1632,56304,4,1.000000,0.000000
9656,10315092617,1056991,0,0,1785,0,0.000000,16384,1567,56991,4,1.000000,0.000000
9657,10316148718,1056101,0,0,1827,0,0.000000,16384,1603,56101,4,1.000000,0.000000
9658,10317204394,1055676,0,0,1828,0,0.000000,16384,1649,55676,4,1.000000,0.000000
9659,10318259931,1055537,0,0,1829,0,0.000000,16384,1650,55537,4,1.000000,0.000000
9660,10319315812,1055881,0,0,1826,0,0.000000,16384,1620,55881,4,1.000000,0.000000
9661,10320377807,1061995,0,0,1835,0,0.000000,16384,1615,61995,4,1.000000,0.000000
9662,10321433585,1055778,0,0,1825,0,0.000000,16384,1622,55778,4,1.000000,0.000000
9663,10322506087,1072502,0,0,1831,0,0.000000,16384,1652,72502,4,1.000000,0.000000
9664,10323598402,1092315,0,0,1845,0,0.000000,16384,1663,92315,4,1.000000,0.000000
9665,10324690192,1091790,0,0,1860,0,0.000000,16384,1636,91790,4,1.000000,0.000000
9666,10325710049,1019857,0,0,1739,0,0.000000,16384,1524,19857,4,1.000000,0.000000
9667,10326775265,1065216,0,0,1645,0,0.000000,16384,1503,65216,4,1.000000,0.000000
9668,10327840750,1065485,0,0,1794,0,0.000000,16384,1591,65485,4,1.000000,0.000000
9669,10328903451,1062701,0,0,1667,0,0.000000,16384,1459,62701,4,1.000000,0.000000
9670,10329963796,1060345,0,0,1671,0,0.000000,16384,1524,60345,4,1.000000,0.000000
9671,10331032319,1068523,0,0,1686,0,0.000000,16384,1485,68523,4,1.000000,0.000000
9672,10332090707,1058388,0,0,1656,0,0.000000,16384,1469,58388,4,1.000000,0.000000
9673,10333147446,1056739,0,0,1662,0,0.000000,16384,1509,56739,4,1.000000,0.000000
9674,10334210059,1062613,0,0,1561,0,0.000000,16384,1351,62613,4,1.000000,0.000000
9675,10335272463,1062404,0,0,1612,0,0.000000,16384,1476,62404,4,1.000000,0.000000
9676,10336330574,1058111,0,0,1665,0,0.000000,16384,1455,58111,4,1.000000,0.000000
9677,10337388306,1057732,0,0,1672,0,0.000000,16384,1496,57732,4,1.000000,0.000000
9678,10338446731,1058425,0,0,1665,0,0.000000,16384,1501,58425,4,1.000000,0.000000
9679,10339503661,1056930,0,0,1669,0,0.000000,16384,1449,56930,4,1.000000,0.000000
9680,10340560590,1056929,0,0,1810,0,0.000000,16384,1633,56929,4,1.000000,0.000000
9681,10341635464,1074874,0,0,1833,0,0.000000,16384,1654,74874,4,1.000000,0.000000
9682,10342670641,1035177,0,0,1766,0,0.000000,16384,1558,35177,4,1.000000,0.000000
9683,10343727042,1056401,0,0,1818,0,0.000000,16384,1598,56401,4,1.000000,0.000000
9684,10344783304,1056262,0,0,1780,0,0.000000,16384,1602,56262,4,1.000000,0.000000
9685,10345839176,1055872,0,0,1827,0,0.000000,16384,1650,55872,4,1.000000,0.000000
9686,10346898097,1058921,0,0,1728,0,0.000000,16384,1523,58921,4,1.000000,0.000000
9687,10347957466,1059369,0,0,1835,0,0.000000,16384,1611,59369,4,1.000000,0.000000
9688,10349014460,1056994,0,0,1785,0,0.000000,16384,1612,56994,4,1.000000,0.000000
9689,10350070478,1056018,0,0,1816,0,0.000000,16384,1640,56018,4,1.000000,0.000000
9690,10351126928,1056450,0,0,1826,0,0.000000,16384,1611,56450,4,1.000000,0.000000
9691,10352190940,1064012,0,0,1826,0,0.000000,16384,1606,64012,4,1.000000,0.000000
9692,10353246987,1056047,0,0,1825,0,0.000000,16384,1633,56047,4,1.000000,0.000000
9693,10354304437,1057450,0,0,1806,0,0.000000,16384,1632,57450,4,1.000000,0.000000
9694,10355360949,1056512,0,0,1827,0,0.000000,16384,1629,56512,4,1.000000,0.000000
9695,10356416792,1055843,0,0,1826,0,0.000000,16384,1606,55843,4,1.000000,0.000000
9696,10357472726,1055934,0,0,1820,0,0.000000,16384,1611,55934,4,1.000000,0.000000
9697,10358528195,1055469,0,0,1829,0,0.000000,16384,1650,55469,4,1.000000,0.000000
9698,10359583686,1055491,0,0,1828,0,0.000000,16384,1652,55491,4,1.000000,0.000000
9699,10360641355,1057669,0,0,1804,0,0.000000,16384,1582,57669,4,1.000000,0.000000
9700,10361670601,1029246,0,0,1693,0,0.000000,16384,1494,29246,4,1.000000,0.000000
9701,10362731311,1060710,0,0,1819,0,0.000000,16384,1643,60710,4,1.000000,0.000000
9702,10363787298,1055987,0,0,1817,0,0.000000,16384,1630,55987,4,1.000000,0.000000
9703,10364843285,1055987,0,0,1818,0,0.000000,16384,1598,55987,4,1.000000,0.000000
9704,10365899503,1056218,0,0,1827,0,0.000000,16384,1609,56218,4,1.000000,0.000000
9705,10366956870,1057367,0,0,1728,0,0.000000,16384,1570,57367,4,1.000000,0.000000
9706,10368014015,1057145,0,0,1818,0,0.000000,16384,1630,57145,4,1.000000,0.000000
9707,10369069967,1055952,0,0,1827,0,0.000000,16384,1607,55952,4,1.000000,0.000000
9708,10370126183,1056216,0,0,1829,0,0.000000,16384,1610,56216,4,1.000000,0.000000
9709,10371184899,1058716,0,0,1772,0,0.000000,16384,1604,58716,4,1.000000,0.000000
9710,10372242528,1057629,0,0,1815,0,0.000000,16384,1638,57629,4,1.000000,0.000000
9711,10373306239,1063711,0,0,1826,0,0.000000,16384,1604,63711,4,1.000000,0.000000
9712,10374362936,1056697,0,0,1792,0,0.000000,16384,1573,56697,4,1.000000,0.000000
9713,10375419701,1056765,0,0,1772,0,0.000000,16384,1605,56765,4,1.000000,0.000000
9714,10376475606,1055905,0,0,1813,0,0.000000,16384,1637,55905,4,1.000000,0.000000
9715,10377531322,1055716,0,0,1821,0,0.000000,16384,1597,55716,4,1.000000,0.000000
9716,10378587072,1055750,0,0,1820,0,0.000000,16384,1600,55750,4,1.000000,0.000000
9717,10379642769,1055697,0,0,1821,0,0.000000,16384,1641,55697,4,1.000000,0.000000
9718,10380670065,1027296,0,0,1774,0,0.000000,16384,1606,27296,4,1.000000,0.000000
9719,10381726002,1055937,0,0,1818,0,0.000000,16384,1602,55937,4,1.000000,0.000000
9720,10382781806,1055804,0,0,1830,0,0.000000,16384,1610,55804,4,1.000000,0.000000
9721,10383841456,1059650,0,0,1827,0,0.000000,16384,1637,59650,4,1.000000,0.000000
9722,10384897399,1055943,0,0,1827,0,0.000000,16384,1649,55943,4,1.000000,0.000000
9723,10385953036,1055637,0,0,1827,0,0.000000,16384,1631,55637,4,1.000000,0.000000
9724,10387010064,1057028,0,0,1698,0,0.000000,16384,1478,57028,4,1.000000,0.000000
9725,10388066925,1056861,0,0,1771,0,0.000000,16384,1595,56861,4,1.000000,0.000000
9726,10389123451,1056526,0,0,1817,0,0.000000,16384,1640,56526,4,1.000000,0.000000
9727,10390180984,1057533,0,0,1825,0,0.000000,16384,1614,57533,4,1.000000,0.000000
9728,10391238586,1057602,0,0,1826,0,0.000000,16384,1606,57602,4,1.000000,0.000000
9729,10392294590,1056004,0,0,1816,0,0.000000,16384,1623,56004,4,1.000000,0.000000
9730,10393351706,1057116,0,0,1822,0,0.000000,16384,1644,57116,4,1.000000,0.000000
9731,10394424184,1072478,0,0,1769,0,0.000000,16384,1576,72478,4,1.000000,0.000000
9732,10395480758,1056574,0,0,1826,0,0.000000,16384,1605,56574,4,1.000000,0.000000
9733,10396536806,1056048,0,0,1825,0,0.000000,16384,1624,56048,4,1.000000,0.000000
9734,10397592762,1055956,0,0,1816,0,0.000000,16384,1640,55956,4,1.000000,0.000000
9735,10398648576,1055814,0,0,1829,0,0.000000,16384,1643,55814,4,1.000000,0.000000
9736,10399670257,1021681,0,0,1763,0,0.000000,16384,1543,21681,4,1.000000,0.000000
9737,10400726392,1056135,0,0,1791,0,0.000000,16384,1588,56135,4,1.000000,0.000000
9738,10401782230,1055838,0,0,1714,0,0.000000,16384,1558,55838,4,1.000000,0.000000
9739,10402838110,1055880,0,0,1825,0,0.000000,16384,1620,55880,4,1.000000,0.000000
9740,10403894034,1055924,0,0,1826,0,0.000000,16384,1606,55924,4,1.000000,0.000000
9741,10404954338,1060304,0,0,1823,0,0.000000,16384,1621,60304,4,1.000000,0.000000
9742,10406010174,1055836,0,0,1824,0,0.000000,16384,1647,55836,4,1.000000,0.000000
9743,10407068410,1058236,0,0,1741,0,0.000000,16384,1555,58236,4,1.000000,0.000000
9744,10408126016,1057606,0,0,1807,0,0.000000,16384,1588,57606,4,1.000000,0.000000
9745,10409182614,1056598,0,0,1749,0,0.000000,16384,1562,56598,4,1.000000,0.000000
9746,10410239214,1056600,0,0,1804,0,0.000000,16384,1631,56600,4,1.000000,0.000000
9747,10411297035,1057821,0,0,1813,0,0.000000,16384,1609,57821,4,1.000000,0.000000
9748,10412353126,1056091,0,0,1827,0,0.000000,16384,1607,56091,4,1.000000,0.000000
9749,10413409310,1056184,0,0,1820,0,0.000000,16384,1620,56184,4,1.000000,0.000000
9750,10414465238,1055928,0,0,1810,0,0.000000,16384,1634,55928,4,1.000000,0.000000
9751,10415527777,1062539,0,0,1837,0,0.000000,16384,1649,62539,4,1.000000,0.000000
9752,10416584409,1056632,0,0,1783,0,0.000000,16384,1563,56632,4,1.000000,0.000000
9753,10417640033,1055624,0,0,1821,0,0.000000,16384,1609,55624,4,1.000000,0.000000
9754,10418672398,1032365,0,0,1774,0,0.000000,16384,1607,32365,4,1.000000,0.000000
9755,10419728496,1056098,0,0,1821,0,0.000000,16384,1636,56098,4,1.000000,0.000000
9756,10420785480,1056984,0,0,1788,0,0.000000,16384,1568,56984,4,1.000000,0.000000
9757,10421841471,1055991,0,0,1684,0,0.000000,16384,1499,55991,4,1.000000,0.000000
9758,10422897127,1055656,0,0,1813,0,0.000000,16384,1637,55656,4,1.000000,0.000000
9759,10423953984,1056857,0,0,1815,0,0.000000,16384,1611,56857,4,1.000000,0.000000
9760,10425010085,1056101,0,0,1827,0,0.000000,16384,1608,56101,4,1.000000,0.000000
9761,10426085748,1075663,0,0,1671,0,0.000000,16384,1499,75663,4,1.000000,0.000000
9762,10427155070,1069322,0,0,1408,0,0.000000,16384,1244,69322,4,1.000000,0.000000
9763,10428222989,1067919,0,0,1463,0,0.000000,16384,1334,67919,4,1.000000,0.000000
9764,10429290491,1067502,0,0,1439,0,0.000000,16384,1245,67502,4,1.000000,0.000000
9765,10430355971,1065480,0,0,1563,0,0.000000,16384,1433,65480,4,1.000000,0.000000
9766,10431415685,1059714,0,0,1558,0,0.000000,16384,1345,59714,4,1.000000,0.000000
9767,10432478463,1062778,0,0,1524,0,0.000000,16384,1306,62778,4,1.000000,0.000000
9768,10433545338,1066875,0,0,1571,0,0.000000,16384,1445,66875,4,1.000000,0.000000
9769,10434610283,1064945,0,0,1570,0,0.000000,16384,1350,64945,4,1.000000,0.000000
9770,10435677576,1067293,0,0,1551,0,0.000000,16384,1426,67293,4,1.000000,0.000000
9771,10436762810,1085234,0,0,1591,0,0.000000,16384,1380,85234,4,1.000000,0.000000
9772,10437823267,1060457,0,0,1565,0,0.000000,16384,1426,60457,4,1.000000,0.000000
9773,10438881624,1058357,0,0,1559,0,0.000000,16384,1362,58357,4,1.000000,0.000000
9774,10439939662,1058038,0,0,1554,0,0.000000,16384,1409,58038,4,1.000000,0.000000
9775,10440998117,1058455,0,0,1554,0,0.000000,16384,1363,58455,4,1.000000,0.000000
9776,10442058533,1060416,0,0,1554,0,0.000000,16384,1404,60416,4,1.000000,0.000000
9777,10443115072,1056539,0,0,1660,0,0.000000,16384,1469,56539,4,1.000000,0.000000
9778,10444142749,1027677,0,0,1606,0,0.000000,16384,1425,27677,4,1.000000,0.000000
9779,10445204730,1061981,0,0,1642,0,0.000000,16384,1488,61981,4,1.000000,0.000000
9780,10446262706,1057976,0,0,1664,0,0.000000,16384,1444,57976,4,1.000000,0.000000
9781,10447345598,1082892,0,0,1642,0,0.000000,16384,1494,82892,4,1.000000,0.000000
9782,10448404450,1058852,0,0,1825,0,0.000000,16384,1633,58852,4,1.000000,0.000000
9783,10449461396,1056946,0,0,1825,0,0.000000,16384,1605,56946,4,1.000000,0.000000
9784,10450518614,1057218,0,0,1818,0,0.000000,16384,1605,57218,4,1.000000,0.000000
9785,10451575270,1056656,0,0,1821,0,0.000000,16384,1644,56656,4,1.000000,0.000000
9786,10452631413,1056143,0,0,1739,0,0.000000,16384,1565,56143,4,1.000000,0.000000
9787,10453674777,1043364,0,0,1803,0,0.000000,16384,1582,43364,4,1.000000,0.000000
9788,10454731079,1056302,0,0,1828,0,0.000000,16384,1617,56302,4,1.000000,0.000000
9789,10455787036,1055957,0,0,1829,0,0.000000,16384,1650,55957,4,1.000000,0.000000
9790,10456842991,1055955,0,0,1830,0,0.000000,16384,1651,55955,4,1.000000,0.000000
9791,10457909579,1066588,0,0,1811,0,0.000000,16384,1592,66588,4,1.000000,0.000000
9792,10458966854,1057275,0,0,1746,0,0.000000,16384,1535,57275,4,1.000000,0.000000
9793,10460023497,1056643,0,0,1797,0,0.000000,16384,1625,56643,4,1.000000,0.000000
9794,10461080546,1057049,0,0,1797,0,0.000000,16384,1621,57049,4,1.000000,0.000000
9795,10462136761,1056215,0,0,1817,0,0.000000,16384,1597,56215,4,1.000000,0.000000
9796,10463192904,1056143,0,0,1826,0,0.000000,16384,1602,56143,4,1.000000,0.000000
9797,10464248670,1055766,0,0,1827,0,0.000000,16384,1648,55766,4,1.000000,0.000000
9798,10465304695,1056025,0,0,1815,0,0.000000,16384,1640,56025,4,1.000000,0.000000
9799,10466361522,1056827,0,0,1815,0,0.000000,16384,1605,56827,4,1.000000,0.000000
9800,10467420090,1058568,0,0,1694,0,0.000000,16384,1483,58568,4,1.000000,0.000000
9801,10468488310,1068220,0,0,1683,0,0.000000,16384,1533,68220,4,1.000000,0.000000
9802,10469545815,1057505,0,0,1787,0,0.000000,16384,1588,57505,4,1.000000,0.000000
9803,10470602567,1056752,0,0,1825,0,0.000000,16384,1605,56752,4,1.000000,0.000000
9804,10471661676,1059109,0,0,1780,0,0.000000,16384,1589,59109,4,1.000000,0.000000
9805,10472670988,1009312,0,0,1743,0,0.000000,16384,1581,9312,4,1.000000,0.000000
9806,10473727959,1056971,0,0,1819,0,0.000000,16384,1608,56971,4,1.000000,0.000000
9807,10474784107,1056148,0,0,1777,0,0.000000,16384,1557,56148,4,1.000000,0.000000
9808,10475840096,1055989,0,0,1817,0,0.000000,16384,1634,55989,4,1.000000,0.000000
9809,10476896014,1055918,0,0,1827,0,0.000000,16384,1649,55918,4,1.000000,0.000000
9810,10477952258,1056244,0,0,1831,0,0.000000,16384,1627,56244,4,1.000000,0.000000
9811,10479019135,1066877,0,0,1817,0,0.000000,16384,1598,66877,4,1.000000,0.000000
9812,10480079465,1060330,0,0,1835,0,0.000000,16384,1629,60330,4,1.000000,0.000000
9813,10481136056,1056591,0,0,1829,0,0.000000,16384,1650,56591,4,1.000000,0.000000
9814,10482192341,1056285,0,0,1817,0,0.000000,16384,1638,56285,4,1.000000,0.000000
9815,10483249547,1057206,0,0,1826,0,0.000000,16384,1605,57206,4,1.000000,0.000000
9816,10484305612,1056065,0,0,1819,0,0.000000,16384,1596,56065,4,1.000000,0.000000
9817,10485361717,1056105,0,0,1826,0,0.000000,16384,1647,56105,4,1.000000,0.000000
9818,10486417792,1056075,0,0,1826,0,0.000000,16384,1648,56075,4,1.000000,0.000000
9819,10487475836,1058044,0,0,1728,0,0.000000,16384,1523,58044,4,1.000000,0.000000
9820,10488532879,1057043,0,0,1826,0,0.000000,16384,1604,57043,4,1.000000,0.000000
9821,10489599114,1066235,0,0,1844,0,0.000000,16384,1659,66235,4,1.000000,0.000000
9822,10490656592,1057478,0,0,1677,0,0.000000,16384,1522,57478,4,1.000000,0.000000
9823,10491672420,1015828,0,0,1569,0,0.000000,16384,1356,15828,4,1.000000,0.000000
9824,10492729476,1057056,0,0,1815,0,0.000000,16384,1639,57056,4,1.000000,0.000000
9825,10493785775,1056299,0,0,1827,0,0.000000,16384,1649,56299,4,1.000000,0.000000
9826,10494846153,1060378,0,0,1825,0,0.000000,16384,1608,60378,4,1.000000,0.000000
9827,10495907029,1060876,0,0,1832,0,0.000000,16384,1612,60876,4,1.000000,0.000000
9828,10496963941,1056912,0,0,1827,0,0.000000,16384,1635,56912,4,1.000000,0.000000
9829,10498020127,1056186,0,0,1827,0,0.000000,16384,1649,56186,4,1.000000,0.000000
9830,10499076265,1056138,0,0,1826,0,0.000000,16384,1632,56138,4,1.000000,0.000000
9831,10500149936,1073671,0,0,1855,0,0.000000,16384,1635,73671,4,1.000000,0.000000
9832,10501206162,1056226,0,0,1826,0,0.000000,16384,1607,56226,4,1.000000,0.000000
9833,10502263546,1057384,0,0,1828,0,0.000000,16384,1649,57384,4,1.000000,0.000000
9834,10503320850,1057304,0,0,1830,0,0.000000,16384,1651,57304,4,1.000000,0.000000
9835,10504377178,1056328,0,0,1830,0,0.000000,16384,1618,56328,4,1.000000,0.000000
9836,10505434289,1057111,0,0,1811,0,0.000000,16384,1591,57111,4,1.000000,0.000000
9837,10506490713,1056424,0,0,1813,0,0.000000,16384,1623,56424,4,1.000000,0.000000
9838,10507549191,1058478,0,0,1692,0,0.000000,16384,1542,58478,4,1.000000,0.000000
9839,10508607348,1058157,0,0,1829,0,0.000000,16384,1606,58157,4,1.000000,0.000000
9840,10509663712,1056364,0,0,1827,0,0.000000,16384,1607,56364,4,1.000000,0.000000
9841,10510734614,1070902,0,0,1686,0,0.000000,16384,1527,70902,4,1.000000,0.000000
9842,10511792142,1057528,0,0,1799,0,0.000000,16384,1618,57528,4,1.000000,0.000000
9843,10512848976,1056834,0,0,1827,0,0.000000,16384,1607,56834,4,1.000000,0.000000
9844,10513905053,1056077,0,0,1824,0,0.000000,16384,1602,56077,4,1.000000,0.000000
9845,10514962464,1057411,0,0,1829,0,0.000000,16384,1651,57411,4,1.000000,0.000000
9846,10516020308,1057844,0,0,1748,0,0.000000,16384,1584,57844,4,1.000000,0.000000
9847,10517077093,1056785,0,0,1781,0,0.000000,16384,1561,56785,4,1.000000,0.000000
9848,10518132999,1055906,0,0,1826,0,0.000000,16384,1607,55906,4,1.000000,0.000000
9849,10519188693,1055694,0,0,1827,0,0.000000,16384,1649,55694,4,1.000000,0.000000
9850,10520244485,1055792,0,0,1829,0,0.000000,16384,1650,55792,4,1.000000,0.000000
9851,10521305726,1061241,0,0,1838,0,0.000000,16384,1626,61241,4,1.000000,0.000000
9852,10522361785,1056059,0,0,1825,0,0.000000,16384,1604,56059,4,1.000000,0.000000
9853,10523417477,1055692,0,0,1827,0,0.000000,16384,1631,55692,4,1.000000,0.000000
9854,10524473323,1055846,0,0,1797,0,0.000000,16384,1624,55846,4,1.000000,0.000000
9855,10525529281,1055958,0,0,1827,0,0.000000,16384,1633,55958,4,1.000000,0.000000
9856,10526585676,1056395,0,0,1813,0,0.000000,16384,1593,56395,4,1.000000,0.000000
9857,10527645915,1060239,0,0,1697,0,0.000000,16384,1512,60239,4,1.000000,0.000000
9858,10528676880,1030965,0,0,1701,0,0.000000,16384,1545,30965,4,1.000000,0.000000
9859,10529741349,1064469,0,0,1816,0,0.000000,16384,1597,64469,4,1.000000,0.000000
9860,10530799174,1057825,0,0,1793,0,0.000000,16384,1574,57825,4,1.000000,0.000000
9861,10531867606,1068432,0,0,1848,0,0.000000,16384,1666,68432,4,1.000000,0.000000
9862,10532925756,1058150,0,0,1834,0,0.000000,16384,1654,58150,4,1.000000,0.000000
9863,10533982115,1056359,0,0,1829,0,0.000000,16384,1621,56359,4,1.000000,0.000000
9864,10535039716,1057601,0,0,1772,0,0.000000,16384,1553,57601,4,1.000000,0.000000
9865,10536099801,1060085,0,0,1668,0,0.000000,16384,1508,60085,4,1.000000,0.000000
9866,10537159079,1059278,0,0,1833,0,0.000000,16384,1653,59278,4,1.000000,0.000000
9867,10538216226,1057147,0,0,1827,0,0.000000,16384,1603,57147,4,1.000000,0.000000
9868,10539274391,1058165,0,0,1827,0,0.000000,16384,1606,58165,4,1.000000,0.000000
9869,10540331259,1056868,0,0,1827,0,0.000000,16384,1646,56868,4,1.000000,0.000000
9870,10541388579,1057320,0,0,1791,0,0.000000,16384,1620,57320,4,1.000000,0.000000
9871,10542454551,1065972,0,0,1714,0,0.000000,16384,1507,65972,4,1.000000,0.000000
9872,10543511421,1056870,0,0,1803,0,0.000000,16384,1587,56870,4,1.000000,0.000000
9873,10544572107,1060686,0,0,1830,0,0.000000,16384,1651,60686,4,1.000000,0.000000
9874,10545632288,1060181,0,0,1835,0,0.000000,16384,1655,60181,4,1.000000,0.000000
9875,10546671115,1038827,0,0,1793,0,0.000000,16384,1580,38827,4,1.000000,0.000000
9876,10547729823,1058708,0,0,1729,0,0.000000,16384,1519,58708,4,1.000000,0.000000
9877,10548775648,1045825,0,0,1769,0,0.000000,16384,1602,45825,4,1.000000,0.000000
9878,10549837008,1061360,0,0,1665,0,0.000000,16384,1482,61360,4,1.000000,0.000000
9879,10550899267,1062259,0,0,1783,0,0.000000,16384,1563,62259,4,1.000000,0.000000
9880,10551962845,1063578,0,0,1789,0,0.000000,16384,1613,63578,4,1.000000,0.000000
9881,10553046896,1084051,0,0,1809,0,0.000000,16384,1634,84051,4,1.000000,0.000000
9882,10554110771,1063875,0,0,1768,0,0.000000,16384,1555,63875,4,1.000000,0.000000
9883,10555170636,1059865,0,0,1673,0,0.000000,16384,1479,59865,4,1.000000,0.000000
9884,10556227834,1057198,0,0,1652,0,0.000000,16384,1510,57198,4,1.000000,0.000000
9885,10557284584,1056750,0,0,1663,0,0.000000,16384,1443,56750,4,1.000000,0.000000
9886,10558341662,1057078,0,0,1666,0,0.000000,16384,1500,57078,4,1.000000,0.000000
9887,10559399723,1058061,0,0,1667,0,0.000000,16384,1493,58061,4,1.000000,0.000000
9888,10560493941,1094218,0,0,1963,0,0.000000,16384,1739,94218,4,1.000000,0.000000
9889,10561555392,1061451,0,0,1838,0,0.000000,16384,1617,61451,4,1.000000,0.000000
9890,10562650302,1094910,0,0,1841,0,0.000000,16384,1653,94910,4,1.000000,0.000000
9891,10563678595,1028293,0,0,1637,0,0.000000,16384,1486,28293,4,1.000000,0.000000
9892,10564703371,1024776,0,0,1867,0,0.000000,16384,1645,24776,4,1.000000,0.000000
9893,10565766361,1062990,0,0,1933,0,0.000000,16384,1710,62990,4,1.000000,0.000000
9894,10566829149,1062788,0,0,1925,0,0.000000,16384,1702,62788,4,1.000000,0.000000
9895,10567892692,1063543,0,0,1832,0,0.000000,16384,1655,63543,4,1.000000,0.000000
9896,10568952173,1059481,0,0,1834,0,0.000000,16384,1653,59481,4,1.000000,0.000000
9897,10570009291,1057118,0,0,1808,0,0.000000,16384,1602,57118,4,1.000000,0.000000
9898,10571066253,1056962,0,0,1826,0,0.000000,16384,1606,56962,4,1.000000,0.000000
9899,10572126158,1059905,0,0,1760,0,0.000000,16384,1576,59905,4,1.000000,0.000000
9900,10573183513,1057355,0,0,1828,0,0.000000,16384,1650,57355,4,1.000000,0.000000
9901,10574251441,1067928,0,0,1844,0,0.000000,16384,1642,67928,4,1.000000,0.000000
9902,10575307253,1055812,0,0,1828,0,0.000000,16384,1608,55812,4,1.000000,0.000000
9903,10576363198,1055945,0,0,1794,0,0.000000,16384,1591,55945,4,1.000000,0.000000
9904,10577448718,1085520,0,0,1954,0,0.000000,16384,1749,85520,4,1.000000,0.000000
9905,10578538827,1090109,0,0,1972,0,0.000000,16384,1766,90109,4,1.000000,0.000000
9906,10579626824,1087997,0,0,1975,0,0.000000,16384,1767,87997,4,1.000000,0.000000
9907,10580700509,1073685,0,0,1953,0,0.000000,16384,1750,73685,4,1.000000,0.000000
9908,10581762607,1062098,0,0,1935,0,0.000000,16384,1723,62098,4,1.000000,0.000000
9909,10582825643,1063036,0,0,1912,0,0.000000,16384,1689,63036,4,1.000000,0.000000
9910,10583885932,1060289,0,0,1833,0,0.000000,16384,1613,60289,4,1.000000,0.000000
9911,10584953425,1067493,0,0,1928,0,0.000000,16384,1716,67493,4,1.000000,0.000000
9912,10586015550,1062125,0,0,1909,0,0.000000,16384,1715,62125,4,1.000000,0.000000
9913,10587075711,1060161,0,0,1897,0,0.000000,16384,1704,60161,4,1.000000,0.000000
9914,10588136520,1060809,0,0,1702,0,0.000000,16384,1513,60809,4,1.000000,0.000000
9915,10589195272,1058752,0,0,1818,0,0.000000,16384,1598,58752,4,1.000000,0.000000
9916,10590252563,1057291,0,0,1742,0,0.000000,16384,1566,57291,4,1.000000,0.000000
9917,10591309701,1057138,0,0,1728,0,0.000000,16384,1564,57138,4,1.000000,0.000000
9918,10592367257,1057556,0,0,1830,0,0.000000,16384,1610,57556,4,1.000000,0.000000
9919,10593423031,1055774,0,0,1827,0,0.000000,16384,1603,55774,4,1.000000,0.000000
9920,10594482876,1059845,0,0,1829,0,0.000000,16384,1650,59845,4,1.000000,0.000000
9921,10595553552,1070676,0,0,1830,0,0.000000,16384,1652,70676,4,1.000000,0.000000
9922,10596610942,1057390,0,0,1826,0,0.000000,16384,1619,57390,4,1.000000,0.000000
9923,10597668788,1057846,0,0,1815,0,0.000000,16384,1595,57846,4,1.000000,0.000000
9924,10598724938,1056150,0,0,1816,0,0.000000,16384,1619,56150,4,1.000000,0.000000
9925,10599781857,1056919,0,0,1829,0,0.000000,16384,1651,56919,4,1.000000,0.000000
9926,10600838076,1056219,0,0,1827,0,0.000000,16384,1638,56219,4,1.000000,0.000000
9927,10601895098,1057022,0,0,1830,0,0.000000,16384,1609,57022,4,1.000000,0.000000
9928,10602952524,1057426,0,0,1827,0,0.000000,16384,1607,57426,4,1.000000,0.000000
9929,10604008355,1055831,0,0,1828,0,0.000000,16384,1650,55831,4,1.000000,0.000000
9930,10605063737,1055382,0,0,1828,0,0.000000,16384,1650,55382,4,1.000000,0.000000
9931,10606134622,1070885,0,0,1853,0,0.000000,16384,1641,70885,4,1.000000,0.000000
9932,10607190569,1055947,0,0,1827,0,0.000000,16384,1608,55947,4,1.000000,0.000000
9933,10608249511,1058942,0,0,1694,0,0.000000,16384,1518,58942,4,1.000000,0.000000
9934,10609307363,1057852,0,0,1786,0,0.000000,16384,1616,57852,4,1.000000,0.000000
9935,10610363861,1056498,0,0,1831,0,0.000000,16384,1613,56498,4,1.000000,0.000000
9936,10611420674,1056813,0,0,1799,0,0.000000,16384,1579,56813,4,1.000000,0.000000
9937,10612478235,1057561,0,0,1716,0,0.000000,16384,1553,57561,4,1.000000,0.000000
9938,10613535077,1056842,0,0,1832,0,0.000000,16384,1654,56842,4,1.000000,0.000000
9939,10614592442,1057365,0,0,1805,0,0.000000,16384,1583,57365,4,1.000000,0.000000
9940,10615648614,1056172,0,0,1827,0,0.000000,16384,1606,56172,4,1.000000,0.000000
9941,10616670627,1022013,0,0,1764,0,0.000000,16384,1595,22013,4,1.000000,0.000000
9942,10617726868,1056241,0,0,1827,0,0.000000,16384,1648,56241,4,1.000000,0.000000
9943,10618783700,1056832,0,0,1827,0,0.000000,16384,1611,56832,4,1.000000,0.000000
9944,10619840086,1056386,0,0,1795,0,0.000000,16384,1575,56386,4,1.000000,0.000000
9945,10620897059,1056973,0,0,1816,0,0.000000,16384,1633,56973,4,1.000000,0.000000
9946,10621954556,1057497,0,0,1697,0,0.000000,16384,1540,57497,4,1.000000,0.000000
9947,10623011235,1056679,0,0,1829,0,0.000000,16384,1609,56679,4,1.000000,0.000000
9948,10624067296,1056061,0,0,1829,0,0.000000,16384,1605,56061,4,1.000000,0.000000
9949,10625123200,1055904,0,0,1830,0,0.000000,16384,1649,55904,4,1.000000,0.000000
9950,10626178986,1055786,0,0,1830,0,0.000000,16384,1651,55786,4,1.000000,0.000000
9951,10627239608,1060622,0,0,1836,0,0.000000,16384,1632,60622,4,1.000000,0.000000
9952,10628297579,1057971,0,0,1774,0,0.000000,16384,1554,57971,4,1.000000,0.000000
9953,10629354505,1056926,0,0,1827,0,0.000000,16384,1632,56926,4,1.000000,0.000000
9954,10630410291,1055786,0,0,1814,0,0.000000,16384,1638,55786,4,1.000000,0.000000
9955,10631466983,1056692,0,0,1831,0,0.000000,16384,1638,56692,4,1.000000,0.000000
9956,10632524834,1057851,0,0,1830,0,0.000000,16384,1610,57851,4,1.000000,0.000000
9957,10633581010,1056176,0,0,1827,0,0.000000,16384,1610,56176,4,1.000000,0.000000
9958,10634637132,1056122,0,0,1798,0,0.000000,16384,1626,56122,4,1.000000,0.000000
9959,10635675311,1038179,0,0,1754,0,0.000000,16384,1579,38179,4,1.000000,0.000000
9960,10636735687,1060376,0,0,1665,0,0.000000,16384,1444,60376,4,1.000000,0.000000
9961,10637804188,1068501,0,0,1845,0,0.000000,16384,1656,68501,4,1.000000,0.000000
9962,10638861927,1057739,0,0,1831,0,0.000000,16384,1652,57739,4,1.000000,0.000000
9963,10639918515,1056588,0,0,1824,0,0.000000,16384,1546,56588,4,1.000000,0.000000
9964,10640975806,1057291,0,0,1821,0,0.000000,16384,1644,57291,4,1.000000,0.000000
9965,10642032070,1056264,0,0,1827,0,0.000000,16384,1641,56264,4,1.000000,0.000000
9966,10643087974,1055904,0,0,1808,0,0.000000,16384,1588,55904,4,1.000000,0.000000
9967,10644143613,1055639,0,0,1825,0,0.000000,16384,1607,55639,4,1.000000,0.000000
9968,10645203435,1059822,0,0,1811,0,0.000000,16384,1636,59822,4,1.000000,0.000000
9969,10646263724,1060289,0,0,1833,0,0.000000,16384,1654,60289,4,1.000000,0.000000
9970,10647321853,1058129,0,0,1796,0,0.000000,16384,1580,58129,4,1.000000,0.000000
9971,10648388522,1066669,0,0,1764,0,0.000000,16384,1549,66669,4,1.000000,0.000000
9972,10649446644,1058122,0,0,1829,0,0.000000,16384,1650,58122,4,1.000000,0.000000
9973,10650503071,1056427,0,0,1828,0,0.000000,16384,1650,56427,4,1.000000,0.000000
9974,10651563440,1060369,0,0,1673,0,0.000000,16384,1464,60369,4,1.000000,0.000000
9975,10652624550,1061110,0,0,1805,0,0.000000,16384,1599,61110,4,1.000000,0.000000
9976,10653671183,1046633,0,0,1807,0,0.000000,16384,1633,46633,4,1.000000,0.000000
9977,10654727821,1056638,0,0,1831,0,0.000000,16384,1648,56638,4,1.000000,0.000000
9978,10655784300,1056479,0,0,1829,0,0.000000,16384,1608,56479,4,1.000000,0.000000
9979,10656840633,1056333,0,0,1826,0,0.000000,16384,1603,56333,4,1.000000,0.000000
9980,10657896693,1056060,0,0,1825,0,0.000000,16384,1645,56060,4,1.000000,0.000000
9981,10658972926,1076233,0,0,1860,0,0.000000,16384,1675,76233,4,1.000000,0.000000
9982,10660029938,1057012,0,0,1797,0,0.000000,16384,1598,57012,4,1.000000,0.000000
9983,10661087575,1057637,0,0,1652,0,0.000000,16384,1442,57637,4,1.000000,0.000000
9984,10662143817,1056242,0,0,1819,0,0.000000,16384,1642,56242,4,1.000000,0.000000
9985,10663201040,1057223,0,0,1830,0,0.000000,16384,1652,57223,4,1.000000,0.000000
9986,10664257129,1056089,0,0,1824,0,0.000000,16384,1605,56089,4,1.000000,0.000000
9987,10665314188,1057059,0,0,1824,0,0.000000,16384,1604,57059,4,1.000000,0.000000
9988,10666370227,1056039,0,0,1830,0,0.000000,16384,1641,56039,4,1.000000,0.000000
9989,10667427132,1056905,0,0,1829,0,0.000000,16384,1650,56905,4,1.000000,0.000000
9990,10668484772,1057640,0,0,1760,0,0.000000,16384,1564,57640,4,1.000000,0.000000
9991,10669549530,1064758,0,0,1839,0,0.000000,16384,1619,64758,4,1.000000,0.000000
9992,10670606334,1056804,0,0,1830,0,0.000000,16384,1628,56804,4,1.000000,0.000000
9993,10671723369,1117035,0,0,1890,0,0.000000,16384,1700,117035,4,1.000000,0.000000
9994,10672784579,1061210,0,0,1803,0,0.000000,16384,1631,61210,4,1.000000,0.000000
9995,10673841774,1057195,0,0,1774,0,0.000000,16384,1554,57195,4,1.000000,0.000000
9996,10674898352,1056578,0,0,1829,0,0.000000,16384,1607,56578,4,1.000000,0.000000
9997,10675956664,1058312,0,0,1772,0,0.000000,16384,1605,58312,4,1.000000,0.000000
9998,10677018801,1062137,0,0,1761,0,0.000000,16384,1585,62137,4,1.000000,0.000000
9999,10678077766,1058965,0,0,1828,0,0.000000,16384,1609,58965,4,1.000000,0.000000
10000,10679134490,1056724,0,0,1831,0,0.000000,16384,1609,56724,4,1.000000,0.000000
10001,10680198099,1063609,0,0,1841,0,0.000000,16384,1661,63609,4,1.000000,0.000000
10002,10681254794,1056695,0,0,1817,0,0.000000,16384,1641,56695,4,1.000000,0.000000
10003,10682310589,1055795,0,0,1824,0,0.000000,16384,1614,55795,4,1.000000,0.000000
10004,10683366509,1055920,0,0,1825,0,0.000000,16384,1605,55920,4,1.000000,0.000000
10005,10684422946,1056437,0,0,1827,0,0.000000,16384,1630,56437,4,1.000000,0.000000
10006,10685479109,1056163,0,0,1824,0,0.000000,16384,1646,56163,4,1.000000,0.000000
10007,10686535080,1055971,0,0,1808,0,0.000000,16384,1618,55971,4,1.000000,0.000000
10008,10687590831,1055751,0,0,1825,0,0.000000,16384,1606,55751,4,1.000000,0.000000
10009,10688648550,1057719,0,0,1763,0,0.000000,16384,1561,57719,4,1.000000,0.000000
10010,10689670847,1022297,0,0,1756,0,0.000000,16384,1592,22297,4,1.000000,0.000000
10011,10690735317,1064470,0,0,1610,0,0.000000,16384,1416,64470,4,1.000000,0.000000
10012,10691793796,1058479,0,0,1649,0,0.000000,16384,1472,58479,4,1.000000,0.000000
10013,10692852511,1058715,0,0,1646,0,0.000000,16384,1482,58715,4,1.000000,0.000000
10014,10693909711,1057200,0,0,1642,0,0.000000,16384,1429,57200,4,1.000000,0.000000
10015,10694970544,1060833,0,0,1651,0,0.000000,16384,1508,60833,4,1.000000,0.000000
10016,10696032329,1061785,0,0,1675,0,0.000000,16384,1476,61785,4,1.000000,0.000000
10017,10697090776,1058447,0,0,1668,0,0.000000,16384,1480,58447,4,1.000000,0.000000
10018,10698148029,1057253,0,0,1658,0,0.000000,16384,1506,57253,4,1.000000,0.000000
10019,10699205531,1057502,0,0,1664,0,0.000000,16384,1443,57502,4,1.000000,0.000000
10020,10700263507,1057976,0,0,1665,0,0.000000,16384,1507,57976,4,1.000000,0.000000
10021,10701331485,1067978,0,0,1683,0,0.000000,16384,1502,67978,4,1.000000,0.000000
10022,10702389972,1058487,0,0,1669,0,0.000000,16384,1462,58487,4,1.000000,0.000000
10023,10703447606,1057634,0,0,1669,0,0.000000,16384,1521,57634,4,1.000000,0.000000
10024,10704504310,1056704,0,0,1665,0,0.000000,16384,1464,56704,4,1.000000,0.000000
10025,10705560408,1056098,0,0,1795,0,0.000000,16384,1586,56098,4,1.000000,0.000000
10026,10706616215,1055807,0,0,1827,0,0.000000,16384,1649,55807,4,1.000000,0.000000
10027,10707672982,1056767,0,0,1806,0,0.000000,16384,1629,56767,4,1.000000,0.000000
10028,10708730992,1058010,0,0,1642,0,0.000000,16384,1422,58010,4,1.000000,0.000000
10029,10709790762,1059770,0,0,1809,0,0.000000,16384,1622,59770,4,1.000000,0.000000
10030,10710848389,1057627,0,0,1660,0,0.000000,16384,1506,57627,4,1.000000,0.000000
10031,10711922156,1073767,0,0,1601,0,0.000000,16384,1382,73767,4,1.000000,0.000000
10032,10712980659,1058503,0,0,1690,0,0.000000,16384,1541,58503,4,1.000000,0.000000
10033,10714037323,1056664,0,0,1828,0,0.000000,16384,1637,56664,4,1.000000,0.000000
10034,10715093871,1056548,0,0,1827,0,0.000000,16384,1607,56548,4,1.000000,0.000000
10035,10716149863,1055992,0,0,1825,0,0.000000,16384,1608,55992,4,1.000000,0.000000
10036,10717205904,1056041,0,0,1828,0,0.000000,16384,1650,56041,4,1.000000,0.000000
10037,10718262651,1056747,0,0,1813,0,0.000000,16384,1637,56747,4,1.000000,0.000000
10038,10719318947,1056296,0,0,1826,0,0.000000,16384,1609,56296,4,1.000000,0.000000
10039,10720374970,1056023,0,0,1827,0,0.000000,16384,1607,56023,4,1.000000,0.000000
10040,10721432044,1057074,0,0,1818,0,0.000000,16384,1629,57074,4,1.000000,0.000000
10041,10722493142,1061098,0,0,1838,0,0.000000,16384,1658,61098,4,1.000000,0.000000
10042,10723550606,1057464,0,0,1827,0,0.000000,16384,1632,57464,4,1.000000,0.000000
10043,10724607459,1056853,0,0,1827,0,0.000000,16384,1607,56853,4,1.000000,0.000000
10044,10725663972,1056513,0,0,1781,0,0.000000,16384,1577,56513,4,1.000000,0.000000
10045,10726722984,1059012,0,0,1809,0,0.000000,16384,1634,59012,4,1.000000,0.000000
10046,10727779172,1056188,0,0,1829,0,0.000000,16384,1644,56188,4,1.000000,0.000000
10047,10728836702,1057530,0,0,1745,0,0.000000,16384,1525,57530,4,1.000000,0.000000
10048,10729894563,1057861,0,0,1831,0,0.000000,16384,1623,57861,4,1.000000,0.000000
10049,10730950985,1056422,0,0,1812,0,0.000000,16384,1637,56422,4,1.000000,0.000000
10050,10732008161,1057176,0,0,1828,0,0.000000,16384,1647,57176,4,1.000000,0.000000
10051,10733072445,1064284,0,0,1786,0,0.000000,16384,1566,64284,4,1.000000,0.000000
10052,10734129423,1056978,0,0,1826,0,0.000000,16384,1607,56978,4,1.000000,0.000000
10053,10735185562,1056139,0,0,1828,0,0.000000,16384,1649,56139,4,1.000000,0.000000
10054,10736242432,1056870,0,0,1823,0,0.000000,16384,1646,56870,4,1.000000,0.000000
10055,10737303080,1060648,0,0,1549,0,0.000000,16384,1340,60648,4,1.000000,0.000000
10056,10738363335,1060255,0,0,1651,0,0.000000,16384,1500,60255,4,1.000000,0.000000
10057,10739421889,1058554,0,0,1652,0,0.000000,16384,1462,58554,4,1.000000,0.000000
10058,10740479159,1057270,0,0,1784,0,0.000000,16384,1568,57270,4,1.000000,0.000000
10059,10741536317,1057158,0,0,1817,0,0.000000,16384,1641,57158,4,1.000000,0.000000
10060,10742592491,1056174,0,0,1815,0,0.000000,16384,1639,56174,4,1.000000,0.000000
10061,10743658123,1065632,0,0,1845,0,0.000000,16384,1630,65632,4,1.000000,0.000000
10062,10744703376,1045253,0,0,1696,0,0.000000,16384,1484,45253,4,1.000000,0.000000
10063,10745765979,1062603,0,0,1674,0,0.000000,16384,1526,62603,4,1.000000,0.000000
10064,10746823567,1057588,0,0,1667,0,0.000000,16384,1471,57588,4,1.000000,0.000000
10065,10747885022,1061455,0,0,1795,0,0.000000,16384,1580,61455,4,1.000000,0.000000
10066,10748948592,1063570,0,0,1583,0,0.000000,16384,1453,63570,4,1.000000,0.000000
10067,10750008907,1060315,0,0,1560,0,0.000000,16384,1345,60315,4,1.000000,0.000000
10068,10751068830,1059923,0,0,1599,0,0.000000,16384,1463,59923,4,1.000000,0.000000
10069,10752126616,1057786,0,0,1663,0,0.000000,16384,1463,57786,4,1.000000,0.000000
10070,10753183350,1056734,0,0,1669,0,0.000000,16384,1484,56734,4,1.000000,0.000000
10071,10754251167,1067817,0,0,1684,0,0.000000,16384,1529,67817,4,1.000000,0.000000
10072,10755308101,1056934,0,0,1663,0,0.000000,16384,1443,56934,4,1.000000,0.000000
10073,10756394288,1086187,0,0,1817,0,0.000000,16384,1627,86187,4,1.000000,0.000000
10074,10757512520,1118232,0,0,1996,0,0.000000,16384,1783,118232,4,1.000000,0.000000
10075,10758574498,1061978,0,0,1611,0,0.000000,16384,1450,61978,4,1.000000,0.000000
10076,10759635737,1061239,0,0,1663,0,0.000000,16384,1451,61239,4,1.000000,0.000000
10077,10760704562,1068825,0,0,1827,0,0.000000,16384,1649,68825,4,1.000000,0.000000
10078,10761768091,1063529,0,0,1736,0,0.000000,16384,1566,63529,4,1.000000,0.000000
10079,10762830693,1062602,0,0,1922,0,0.000000,16384,1698,62602,4,1.000000,0.000000
10080,10763893557,1062864,0,0,1901,0,0.000000,16384,1681,62864,4,1.000000,0.000000
10081,10764972328,1078771,0,0,1934,0,0.000000,16384,1710,78771,4,1.000000,0.000000
10082,10766031809,1059481,0,0,1834,0,0.000000,16384,1648,59481,4,1.000000,0.000000
10083,10767088506,1056697,0,0,1830,0,0.000000,16384,1652,56697,4,1.000000,0.000000
10084,10768144647,1056141,0,0,1829,0,0.000000,16384,1629,56141,4,1.000000,0.000000
10085,10769203570,1058923,0,0,1756,0,0.000000,16384,1536,58923,4,1.000000,0.000000
10086,10770263219,1059649,0,0,1801,0,0.000000,16384,1612,59649,4,1.000000,0.000000
10087,10771322309,1059090,0,0,1789,0,0.000000,16384,1618,59090,4,1.000000,0.000000
10088,10772382436,1060127,0,0,1787,0,0.000000,16384,1583,60127,4,1.000000,0.000000
10089,10773440349,1057913,0,0,1653,0,0.000000,16384,1450,57913,4,1.000000,0.000000
10090,10774503625,1063276,0,0,1601,0,0.000000,16384,1468,63276,4,1.000000,0.000000
10091,10775577809,1074184,0,0,1783,0,0.000000,16384,1563,74184,4,1.000000,0.000000
10092,10776637319,1059510,0,0,1680,0,0.000000,16384,1488,59510,4,1.000000,0.000000
10093,10777671971,1034652,0,0,1740,0,0.000000,16384,1579,34652,4,1.000000,0.000000
10094,10778730985,1059014,0,0,1728,0,0.000000,16384,1521,59014,4,1.000000,0.000000
10095,10779788281,1057296,0,0,1828,0,0.000000,16384,1604,57296,4,1.000000,0.000000
10096,10780844761,1056480,0,0,1818,0,0.000000,16384,1643,56480,4,1.000000,0.000000
10097,10781900623,1055862,0,0,1825,0,0.000000,16384,1647,55862,4,1.000000,0.000000
10098,10782956959,1056336,0,0,1815,0,0.000000,16384,1604,56336,4,1.000000,0.000000
10099,10784014237,1057278,0,0,1817,0,0.000000,16384,1597,57278,4,1.000000,0.000000
10100,10785070900,1056663,0,0,1828,0,0.000000,16384,1634,56663,4,1.000000,0.000000
10101,10786133327,1062427,0,0,1836,0,0.000000,16384,1657,62427,4,1.000000,0.000000
10102,10787189352,1056025,0,0,1826,0,0.000000,16384,1635,56025,4,1.000000,0.000000
10103,10788245154,1055802,0,0,1825,0,0.000000,16384,1605,55802,4,1.000000,0.000000
10104,10789304957,1059803,0,0,1673,0,0.000000,16384,1486,59803,4,1.000000,0.000000
10105,10790363866,1058909,0,0,1664,0,0.000000,16384,1511,58909,4,1.000000,0.000000
10106,10791421547,1057681,0,0,1660,0,0.000000,16384,1440,57681,4,1.000000,0.000000
10107,10792479213,1057666,0,0,1667,0,0.000000,16384,1511,57666,4,1.000000,0.000000
10108,10793536116,1056903,0,0,1794,0,0.000000,16384,1610,56903,4,1.000000,0.000000
10109,10794593388,1057272,0,0,1827,0,0.000000,16384,1607,57272,4,1.000000,0.000000
10110,10795650756,1057368,0,0,1799,0,0.000000,16384,1587,57368,4,1.000000,0.000000
10111,10796670565,1019809,0,0,1758,0,0.000000,16384,1593,19809,4,1.000000,0.000000
10112,10797727011,1056446,0,0,1829,0,0.000000,16384,1642,56446,4,1.000000,0.000000
10113,10798783017,1056006,0,0,1815,0,0.000000,16384,1595,56006,4,1.000000,0.000000
10114,10799839113,1056096,0,0,1823,0,0.000000,16384,1605,56096,4,1.000000,0.000000
10115,10800895136,1056023,0,0,1827,0,0.000000,16384,1649,56023,4,1.000000,0.000000
10116,10801952178,1057042,0,0,1827,0,0.000000,16384,1649,57042,4,1.000000,0.000000
10117,10803009869,1057691,0,0,1820,0,0.000000,16384,1605,57691,4,1.000000,0.000000
10118,10804066178,1056309,0,0,1818,0,0.000000,16384,1599,56309,4,1.000000,0.000000
10119,10805122108,1055930,0,0,1829,0,0.000000,16384,1637,55930,4,1.000000,0.000000
10120,10806179272,1057164,0,0,1695,0,0.000000,16384,1545,57164,4,1.000000,0.000000
10121,10807241127,1061855,0,0,1774,0,0.000000,16384,1556,61855,4,1.000000,0.000000
10122,10808298502,1057375,0,0,1829,0,0.000000,16384,1605,57375,4,1.000000,0.000000
10123,10809358636,1060134,0,0,1726,0,0.000000,16384,1569,60134,4,1.000000,0.000000
10124,10810417711,1059075,0,0,1778,0,0.000000,16384,1595,59075,4,1.000000,0.000000
10125,10811474604,1056893,0,0,1696,0,0.000000,16384,1476,56893,4,1.000000,0.000000
10126,10812532901,1058297,0,0,1785,0,0.000000,16384,1604,58297,4,1.000000,0.000000
10127,10813590436,1057535,0,0,1830,0,0.000000,16384,1651,57535,4,1.000000,0.000000
10128,10814646160,1055724,0,0,1826,0,0.000000,16384,1622,55724,4,1.000000,0.000000
10129,10815670703,1024543,0,0,1751,0,0.000000,16384,1531,24543,4,1.000000,0.000000
10130,10816727332,1056629,0,0,1753,0,0.000000,16384,1579,56629,4,1.000000,0.000000
10131,10817800298,1072966,0,0,1857,0,0.000000,16384,1673,72966,4,1.000000,0.000000
10132,10818856579,1056281,0,0,1816,0,0.000000,16384,1609,56281,4,1.000000,0.000000
10133,10819912576,1055997,0,0,1829,0,0.000000,16384,1610,55997,4,1.000000,0.000000
10134,10820968859,1056283,0,0,1828,0,0.000000,16384,1626,56283,4,1.000000,0.000000
10135,10822024544,1055685,0,0,1827,0,0.000000,16384,1650,55685,4,1.000000,0.000000
10136,10823080779,1056235,0,0,1817,0,0.000000,16384,1632,56235,4,1.000000,0.000000
10137,10824137294,1056515,0,0,1802,0,0.000000,16384,1582,56515,4,1.000000,0.000000
10138,10825194151,1056857,0,0,1796,0,0.000000,16384,1586,56857,4,1.000000,0.000000
10139,10826250479,1056328,0,0,1829,0,0.000000,16384,1650,56328,4,1.000000,0.000000
10140,10827307986,1057507,0,0,1830,0,0.000000,16384,1653,57507,4,1.000000,0.000000
10141,10828369435,1061449,0,0,1836,0,0.000000,16384,1614,61449,4,1.000000,0.000000
10142,10829428159,1058724,0,0,1654,0,0.000000,16384,1457,58724,4,1.000000,0.000000
10143,10830486529,1058370,0,0,1720,0,0.000000,16384,1564,58370,4,1.000000,0.000000
10144,10831542767,1056238,0,0,1815,0,0.000000,16384,1608,56238,4,1.000000,0.000000
10145,10832600402,1057635,0,0,1826,0,0.000000,16384,1606,57635,4,1.000000,0.000000
10146,10833657206,1056804,0,0,1816,0,0.000000,16384,1619,56804,4,1.000000,0.000000
10147,10834670172,1012966,0,0,1751,0,0.000000,16384,1588,12966,4,1.000000,0.000000
10148,10835725882,1055710,0,0,1827,0,0.000000,16384,1623,55710,4,1.000000,0.000000
10149,10836781821,1055939,0,0,1824,0,0.000000,16384,1604,55939,4,1.000000,0.000000
10150,10837840750,1058929,0,0,1572,0,0.000000,16384,1420,58929,4,1.000000,0.000000
10151,10838908156,1067406,0,0,1845,0,0.000000,16384,1657,67406,4,1.000000,0.000000
10152,10839965643,1057487,0,0,1826,0,0.000000,16384,1606,57487,4,1.000000,0.000000
10153,10841022463,1056820,0,0,1825,0,0.000000,16384,1601,56820,4,1.000000,0.000000
10154,10842079709,1057246,0,0,1698,0,0.000000,16384,1546,57246,4,1.000000,0.000000
10155,10843121657,1041948,0,0,1740,0,0.000000,16384,1552,41948,4,1.000000,0.000000
10156,10844177909,1056252,0,0,1716,0,0.000000,16384,1496,56252,4,1.000000,0.000000
10157,10845234259,1056350,0,0,1779,0,0.000000,16384,1608,56350,4,1.000000,0.000000
10158,10846291733,1057474,0,0,1795,0,0.000000,16384,1624,57474,4,1.000000,0.000000
10159,10847348326,1056593,0,0,1823,0,0.000000,16384,1601,56593,4,1.000000,0.000000
10160,10848404901,1056575,0,0,1825,0,0.000000,16384,1591,56575,4,1.000000,0.000000
10161,10849469127,1064226,0,0,1748,0,0.000000,16384,1539,64226,4,1.000000,0.000000
10162,10850527759,1058632,0,0,1810,0,0.000000,16384,1587,58632,4,1.000000,0.000000
10163,10851584050,1056291,0,0,1826,0,0.000000,16384,1649,56291,4,1.000000,0.000000
10164,10852639792,1055742,0,0,1824,0,0.000000,16384,1646,55742,4,1.000000,0.000000
10165,10853670518,1030726,0,0,1751,0,0.000000,16384,1542,30726,4,1.000000,0.000000
10166,10854726315,1055797,0,0,1802,0,0.000000,16384,1582,55797,4,1.000000,0.000000
10167,10855788225,1061910,0,0,1781,0,0.000000,16384,1611,61910,4,1.000000,0.000000
10168,10856852185,1063960,0,0,1690,0,0.000000,16384,1520,63960,4,1.000000,0.000000
10169,10857915071,1062886,0,0,1834,0,0.000000,16384,1614,62886,4,1.000000,0.000000
10170,10858972726,1057655,0,0,1828,0,0.000000,16384,1616,57655,4,1.000000,0.000000
10171,10860039634,1066908,0,0,1845,0,0.000000,16384,1663,66908,4,1.000000,0.000000
10172,10861097814,1058180,0,0,1758,0,0.000000,16384,1588,58180,4,1.000000,0.000000
10173,10862154812,1056998,0,0,1631,0,0.000000,16384,1411,56998,4,1.000000,0.000000
10174,10863210732,1055920,0,0,1741,0,0.000000,16384,1573,55920,4,1.000000,0.000000
10175,10864266861,1056129,0,0,1809,0,0.000000,16384,1636,56129,4,1.000000,0.000000
10176,10865322952,1056091,0,0,1814,0,0.000000,16384,1591,56091,4,1.000000,0.000000
10177,10866379537,1056585,0,0,1824,0,0.000000,16384,1604,56585,4,1.000000,0.000000
10178,10867435231,1055694,0,0,1825,0,0.000000,16384,1642,55694,4,1.000000,0.000000
10179,10868491890,1056659,0,0,1822,0,0.000000,16384,1644,56659,4,1.000000,0.000000
10180,10869550900,1059010,0,0,1683,0,0.000000,16384,1484,59010,4,1.000000,0.000000
10181,10870624331,1073431,0,0,1839,0,0.000000,16384,1615,73431,4,1.000000,0.000000
10182,10871672141,1047810,0,0,1794,0,0.000000,16384,1623,47810,4,1.000000,0.000000
10183,10872730791,1058650,0,0,1760,0,0.000000,16384,1591,58650,4,1.000000,0.000000
10184,10873788579,1057788,0,0,1806,0,0.000000,16384,1586,57788,4,1.000000,0.000000
10185,10874846199,1057620,0,0,1683,0,0.000000,16384,1490,57620,4,1.000000,0.000000
10186,10875902371,1056172,0,0,1826,0,0.000000,16384,1648,56172,4,1.000000,0.000000
10187,10876958616,1056245,0,0,1826,0,0.000000,16384,1633,56245,4,1.000000,0.000000
10188,10878015083,1056467,0,0,1771,0,0.000000,16384,1551,56467,4,1.000000,0.000000
10189,10879070782,1055699,0,0,1825,0,0.000000,16384,1621,55699,4,1.000000,0.000000
10190,10880128076,1057294,0,0,1785,0,0.000000,16384,1616,57294,4,1.000000,0.000000
10191,10881190893,1062817,0,0,1806,0,0.000000,16384,1615,62817,4,1.000000,0.000000
10192,10882247127,1056234,0,0,1825,0,0.000000,16384,1605,56234,4,1.000000,0.000000
10193,10883303233,1056106,0,0,1825,0,0.000000,16384,1612,56106,4,1.000000,0.000000
10194,10884360749,1057516,0,0,1793,0,0.000000,16384,1622,57516,4,1.000000,0.000000
10195,10885424953,1064204,0,0,1638,0,0.000000,16384,1458,64204,4,1.000000,0.000000
10196,10886484370,1059417,0,0,1597,0,0.000000,16384,1411,59417,4,1.000000,0.000000
10197,10887541559,1057189,0,0,1808,0,0.000000,16384,1633,57189,4,1.000000,0.000000
10198,10888598996,1057437,0,0,1811,0,0.000000,16384,1612,57437,4,1.000000,0.000000
10199,10889659938,1060942,0,0,1636,0,0.000000,16384,1427,60942,4,1.000000,0.000000
10200,10890671135,1011197,0,0,1727,0,0.000000,16384,1569,11197,4,1.000000,0.000000
10201,10891737070,1065935,0,0,1603,0,0.000000,16384,1414,65935,4,1.000000,0.000000
10202,10892795225,1058155,0,0,1809,0,0.000000,16384,1596,58155,4,1.000000,0.000000
10203,10893889150,1093925,0,0,1566,0,0.000000,16384,1439,93925,4,1.000000,0.000000
10204,10894952258,1063108,0,0,1553,0,0.000000,16384,1337,63108,4,1.000000,0.000000
10205,10896011992,1059734,0,0,1561,0,0.000000,16384,1436,59734,4,1.000000,0.000000
10206,10897070174,1058182,0,0,1559,0,0.000000,16384,1343,58182,4,1.000000,0.000000
10207,10898132954,1062780,0,0,1626,0,0.000000,16384,1486,62780,4,1.000000,0.000000
10208,10899193862,1060908,0,0,1565,0,0.000000,16384,1370,60908,4,1.000000,0.000000
10209,10900251807,1057945,0,0,1559,0,0.000000,16384,1410,57945,4,1.000000,0.000000
10210,10901311965,1060158,0,0,1551,0,0.000000,16384,1364,60158,4,1.000000,0.000000
10211,10902384105,1072140,0,0,1610,0,0.000000,16384,1445,72140,4,1.000000,0.000000
10212,10903471925,1087820,0,0,1778,0,0.000000,16384,1603,87820,4,1.000000,0.000000
10213,10904561279,1089354,0,0,1900,0,0.000000,16384,1676,89354,4,1.000000,0.000000
10214,10905648990,1087711,0,0,1973,0,0.000000,16384,1752,87711,4,1.000000,0.000000
10215,10906702316,1053326,0,0,1914,0,0.000000,16384,1691,53326,4,1.000000,0.000000
10216,10907764991,1062675,0,0,1881,0,0.000000,16384,1678,62675,4,1.000000,0.000000
10217,10908827313,1062322,0,0,1921,0,0.000000,16384,1724,62322,4,1.000000,0.000000
10218,10909891967,1064654,0,0,1769,0,0.000000,16384,1603,64654,4,1.000000,0.000000
10219,10910956098,1064131,0,0,1775,0,0.000000,16384,1557,64131,4,1.000000,0.000000
10220,10912017364,1061266,0,0,1715,0,0.000000,16384,1515,61266,4,1.000000,0.000000
10221,10913083133,1065769,0,0,1830,0,0.000000,16384,1651,65769,4,1.000000,0.000000
10222,10914142674,1059541,0,0,1811,0,0.000000,16384,1626,59541,4,1.000000,0.000000
10223,10915200081,1057407,0,0,1826,0,0.000000,16384,1606,57407,4,1.000000,0.000000
10224,10916256202,1056121,0,0,1824,0,0.000000,16384,1605,56121,4,1.000000,0.000000
10225,10917313196,1056994,0,0,1826,0,0.000000,16384,1648,56994,4,1.000000,0.000000
10226,10918369168,1055972,0,0,1826,0,0.000000,16384,1648,55972,4,1.000000,0.000000
10227,10919425025,1055857,0,0,1813,0,0.000000,16384,1600,55857,4,1.000000,0.000000
10228,10920482934,1057909,0,0,1823,0,0.000000,16384,1603,57909,4,1.000000,0.000000
10229,10921539970,1057036,0,0,1828,0,0.000000,16384,1636,57036,4,1.000000,0.000000
10230,10922595841,1055871,0,0,1826,0,0.000000,16384,1648,55871,4,1.000000,0.000000
10231,10923669573,1073732,0,0,1851,0,0.000000,16384,1657,73732,4,1.000000,0.000000
10232,10924725809,1056236,0,0,1824,0,0.000000,16384,1604,56236,4,1.000000,0.000000
10233,10925781528,1055719,0,0,1824,0,0.000000,16384,1606,55719,4,1.000000,0.000000
10234,10926837409,1055881,0,0,1800,0,0.000000,16384,1627,55881,4,1.000000,0.000000
10235,10927897437,1060028,0,0,1832,0,0.000000,16384,1653,60028,4,1.000000,0.000000
10236,10928957758,1060321,0,0,1833,0,0.000000,16384,1615,60321,4,1.000000,0.000000
10237,10930015421,1057663,0,0,1651,0,0.000000,16384,1453,57663,4,1.000000,0.000000
10238,10931073889,1058468,0,0,1667,0,0.000000,16384,1521,58468,4,1.000000,0.000000
10239,10932131740,1057851,0,0,1657,0,0.000000,16384,1444,57851,4,1.000000,0.000000
10240,10933189310,1057570,0,0,1734,0,0.000000,16384,1550,57570,4,1.000000,0.000000
10241,10934255418,1066108,0,0,1842,0,0.000000,16384,1660,66108,4,1.000000,0.000000
10242,10935311525,1056107,0,0,1815,0,0.000000,16384,1618,56107,4,1.000000,0.000000
10243,10936367586,1056061,0,0,1824,0,0.000000,16384,1604,56061,4,1.000000,0.000000
10244,10937424828,1057242,0,0,1827,0,0.000000,16384,1619,57242,4,1.000000,0.000000
10245,10938487083,1062255,0,0,1628,0,0.000000,16384,1490,62255,4,1.000000,0.000000
10246,10939546723,1059640,0,0,1820,0,0.000000,16384,1602,59640,4,1.000000,0.000000
10247,10940604462,1057739,0,0,1817,0,0.000000,16384,1597,57739,4,1.000000,0.000000
10248,10941662513,1058051,0,0,1757,0,0.000000,16384,1583,58051,4,1.000000,0.000000
10249,10942671525,1009012,0,0,1722,0,0.000000,16384,1556,9012,4,1.000000,0.000000
10250,10943727671,1056146,0,0,1813,0,0.000000,16384,1593,56146,4,1.000000,0.000000
10251,10944793999,1066328,0,0,1838,0,0.000000,16384,1618,66328,4,1.000000,0.000000
10252,10945850443,1056444,0,0,1799,0,0.000000,16384,1627,56444,4,1.000000,0.000000
10253,10946908179,1057736,0,0,1812,0,0.000000,16384,1638,57736,4,1.000000,0.000000
10254,10947966200,1058021,0,0,1805,0,0.000000,16384,1583,58021,4,1.000000,0.000000
10255,10949023142,1056942,0,0,1773,0,0.000000,16384,1559,56942,4,1.000000,0.000000
10256,10950082795,1059653,0,0,1636,0,0.000000,16384,1496,59653,4,1.000000,0.000000
10257,10951142157,1059362,0,0,1821,0,0.000000,16384,1615,59362,4,1.000000,0.000000
10258,10952199226,1057069,0,0,1825,0,0.000000,16384,1605,57069,4,1.000000,0.000000
10259,10953255759,1056533,0,0,1827,0,0.000000,16384,1625,56533,4,1.000000,0.000000
10260,10954312298,1056539,0,0,1827,0,0.000000,16384,1650,56539,4,1.000000,0.000000
10261,10955377681,1065383,0,0,1841,0,0.000000,16384,1656,65383,4,1.000000,0.000000
10262,10956434747,1057066,0,0,1825,0,0.000000,16384,1605,57066,4,1.000000,0.000000
10263,10957491471,1056724,0,0,1827,0,0.000000,16384,1602,56724,4,1.000000,0.000000
10264,10958547580,1056109,0,0,1827,0,0.000000,16384,1648,56109,4,1.000000,0.000000
10265,10959605149,1057569,0,0,1813,0,0.000000,16384,1638,57569,4,1.000000,0.000000
10266,10960661758,1056609,0,0,1825,0,0.000000,16384,1616,56609,4,1.000000,0.000000
10267,10961672052,1010294,0,0,1712,0,0.000000,16384,1493,10294,4,1.000000,0.000000
10268,10962730366,1058314,0,0,1817,0,0.000000,16384,1642,58314,4,1.000000,0.000000
10269,10963787740,1057374,0,0,1727,0,0.000000,16384,1561,57374,4,1.000000,0.000000
10270,10964844060,1056320,0,0,1826,0,0.000000,16384,1606,56320,4,1.000000,0.000000
10271,10965905784,1061724,0,0,1835,0,0.000000,16384,1611,61724,4,1.000000,0.000000
10272,10966962478,1056694,0,0,1818,0,0.000000,16384,1642,56694,4,1.000000,0.000000
10273,10968018420,1055942,0,0,1827,0,0.000000,16384,1649,55942,4,1.000000,0.000000
10274,10969074371,1055951,0,0,1828,0,0.000000,16384,1618,55951,4,1.000000,0.000000
10275,10970131849,1057478,0,0,1753,0,0.000000,16384,1533,57478,4,1.000000,0.000000
10276,10971191721,1059872,0,0,1818,0,0.000000,16384,1636,59872,4,1.000000,0.000000
10277,10972253142,1061421,0,0,1772,0,0.000000,16384,1605,61421,4,1.000000,0.000000
10278,10973312753,1059611,0,0,1773,0,0.000000,16384,1557,59611,4,1.000000,0.000000
10279,10974370125,1057372,0,0,1824,0,0.000000,16384,1605,57372,4,1.000000,0.000000
10280,10975426356,1056231,0,0,1817,0,0.000000,16384,1637,56231,4,1.000000,0.000000
10281,10976502551,1076195,0,0,1859,0,0.000000,16384,1674,76195,4,1.000000,0.000000
10282,10977558556,1056005,0,0,1818,0,0.000000,16384,1619,56005,4,1.000000,0.000000
10283,10978614373,1055817,0,0,1823,0,0.000000,16384,1603,55817,4,1.000000,0.000000
10284,10979671352,1056979,0,0,1803,0,0.000000,16384,1602,56979,4,1.000000,0.000000
10285,10980727955,1056603,0,0,1827,0,0.000000,16384,1648,56603,4,1.000000,0.000000
10286,10981785217,1057262,0,0,1809,0,0.000000,16384,1625,57262,4,1.000000,0.000000
10287,10982842305,1057088,0,0,1817,0,0.000000,16384,1597,57088,4,1.000000,0.000000
10288,10983898287,1055982,0,0,1825,0,0.000000,16384,1607,55982,4,1.000000,0.000000
10289,10984954265,1055978,0,0,1827,0,0.000000,16384,1649,55978,4,1.000000,0.000000
10290,10986011986,1057721,0,0,1826,0,0.000000,16384,1648,57721,4,1.000000,0.000000
10291,10987074550,1062564,0,0,1784,0,0.000000,16384,1570,62564,4,1.000000,0.000000
10292,10988130300,1055750,0,0,1716,0,0.000000,16384,1511,55750,4,1.000000,0.000000
10293,10989186003,1055703,0,0,1827,0,0.000000,16384,1649,55703,4,1.000000,0.000000
10294,10990244275,1058272,0,0,1753,0,0.000000,16384,1576,58272,4,1.000000,0.000000
10295,10991301627,1057352,0,0,1815,0,0.000000,16384,1595,57352,4,1.000000,0.000000
10296,10992358540,1056913,0,0,1826,0,0.000000,16384,1612,56913,4,1.000000,0.000000
10297,10993414915,1056375,0,0,1827,0,0.000000,16384,1648,56375,4,1.000000,0.000000
10298,10994471361,1056446,0,0,1826,0,0.000000,16384,1649,56446,4,1.000000,0.000000
10299,10995527080,1055719,0,0,1786,0,0.000000,16384,1568,55719,4,1.000000,0.000000
10300,10996582987,1055907,0,0,1822,0,0.000000,16384,1602,55907,4,1.000000,0.000000
10301,10997646310,1063323,0,0,1837,0,0.000000,16384,1654,63323,4,1.000000,0.000000
10302,10998672005,1025695,0,0,1764,0,0.000000,16384,1598,25695,4,1.000000,0.000000
10303,10999728746,1056741,0,0,1814,0,0.000000,16384,1599,56741,4,1.000000,0.000000
10304,11000784712,1055966,0,0,1824,0,0.000000,16384,1604,55966,4,1.000000,0.000000
10305,11001840951,1056239,0,0,1824,0,0.000000,16384,1635,56239,4,1.000000,0.000000
10306,11002897118,1056167,0,0,1814,0,0.000000,16384,1638,56167,4,1.000000,0.000000
10307,11003952767,1055649,0,0,1823,0,0.000000,16384,1624,55649,4,1.000000,0.000000
10308,11005029413,1076646,0,0,1859,0,0.000000,16384,1639,76646,4,1.000000,0.000000
10309,11006085427,1056014,0,0,1825,0,0.000000,16384,1611,56014,4,1.000000,0.000000
10310,11007141354,1055927,0,0,1815,0,0.000000,16384,1639,55927,4,1.000000,0.000000
10311,11008201671,1060317,0,0,1834,0,0.000000,16384,1654,60317,4,1.000000,0.000000
10312,11009257514,1055843,0,0,1825,0,0.000000,16384,1607,55843,4,1.000000,0.000000
10313,11010316285,1058771,0,0,1662,0,0.000000,16384,1464,58771,4,1.000000,0.000000
10314,11011376711,1060426,0,0,1700,0,0.000000,16384,1547,60426,4,1.000000,0.000000
10315,11012434601,1057890,0,0,1789,0,0.000000,16384,1580,57890,4,1.000000,0.000000
10316,11013492704,1058103,0,0,1827,0,0.000000,16384,1607,58103,4,1.000000,0.000000
10317,11014550147,1057443,0,0,1827,0,0.000000,16384,1635,57443,4,1.000000,0.000000
10318,11015606605,1056458,0,0,1803,0,0.000000,16384,1630,56458,4,1.000000,0.000000
10319,11016663889,1057284,0,0,1807,0,0.000000,16384,1607,57284,4,1.000000,0.000000
10320,11017723359,1059470,0,0,1822,0,0.000000,16384,1603,59470,4,1.000000,0.000000
10321,11018787267,1063908,0,0,1835,0,0.000000,16384,1629,63908,4,1.000000,0.000000
10322,11019843405,1056138,0,0,1823,0,0.000000,16384,1646,56138,4,1.000000,0.000000
10323,11020899269,1055864,0,0,1812,0,0.000000,16384,1631,55864,4,1.000000,0.000000
10324,11021955203,1055934,0,0,1820,0,0.000000,16384,1600,55934,4,1.000000,0.000000
10325,11023011058,1055855,0,0,1811,0,0.000000,16384,1590,55855,4,1.000000,0.000000
10326,11024066803,1055745,0,0,1769,0,0.000000,16384,1603,55745,4,1.000000,0.000000
10327,11025122355,1055552,0,0,1805,0,0.000000,16384,1628,55552,4,1.000000,0.000000
10328,11026177894,1055539,0,0,1821,0,0.000000,16384,1601,55539,4,1.000000,0.000000
10329,11027233566,1055672,0,0,1820,0,0.000000,16384,1596,55672,4,1.000000,0.000000
10330,11028289324,1055758,0,0,1823,0,0.000000,16384,1646,55758,4,1.000000,0.000000
10331,11029356920,1067596,0,0,1842,0,0.000000,16384,1660,67596,4,1.000000,0.000000
10332,11030416203,1059283,0,0,1710,0,0.000000,16384,1509,59283,4,1.000000,0.000000
10333,11031473870,1057667,0,0,1813,0,0.000000,16384,1589,57667,4,1.000000,0.000000
10334,11032529838,1055968,0,0,1792,0,0.000000,16384,1623,55968,4,1.000000,0.000000
10335,11033585837,1055999,0,0,1823,0,0.000000,16384,1645,55999,4,1.000000,0.000000
10336,11034642102,1056265,0,0,1822,0,0.000000,16384,1605,56265,4,1.000000,0.000000
10337,11035670206,1028104,0,0,1769,0,0.000000,16384,1549,28104,4,1.000000,0.000000
10338,11036726645,1056439,0,0,1802,0,0.000000,16384,1629,56439,4,1.000000,0.000000
10339,11037790423,1063778,0,0,1591,0,0.000000,16384,1423,63778,4,1.000000,0.000000
10340,11038859292,1068869,0,0,1430,0,0.000000,16384,1273,68869,4,1.000000,0.000000
10341,11039948292,1089000,0,0,1503,0,0.000000,16384,1329,89000,4,1.000000,0.000000
10342,11041012205,1063913,0,0,1525,0,0.000000,16384,1375,63913,4,1.000000,0.000000
10343,11042073400,1061195,0,0,1559,0,0.000000,16384,1373,61195,4,1.000000,0.000000
10344,11043133246,1059846,0,0,1476,0,0.000000,16384,1336,59846,4,1.000000,0.000000
10345,11044192140,1058894,0,0,1657,0,0.000000,16384,1461,58894,4,1.000000,0.000000
10346,11045247211,1055071,0,0,1456,0,0.000000,16384,1310,55071,4,1.000000,0.000000
10347,11046320816,1073605,0,0,1446,0,0.000000,16384,1256,73605,4,1.000000,0.000000
10348,11047381855,1061039,0,0,1633,0,0.000000,16384,1488,61039,4,1.000000,0.000000
10349,11048440922,1059067,0,0,1652,0,0.000000,16384,1461,59067,4,1.000000,0.000000
10350,11049503248,1062326,0,0,1666,0,0.000000,16384,1475,62326,4,1.000000,0.000000
10351,11050591283,1088035,0,0,1616,0,0.000000,16384,1467,88035,4,1.000000,0.000000
10352,11051651762,1060479,0,0,1667,0,0.000000,16384,1446,60479,4,1.000000,0.000000
10353,11052671311,1019549,0,0,1604,0,0.000000,16384,1464,19549,4,1.000000,0.000000
10354,11053728649,1057338,0,0,1665,0,0.000000,16384,1470,57338,4,1.000000,0.000000
10355,11054785828,1057179,0,0,1664,0,0.000000,16384,1474,57179,4,1.000000,0.000000
10356,11055842811,1056983,0,0,1666,0,0.000000,16384,1516,56983,4,1.000000,0.000000
10357,11056899118,1056307,0,0,1689,0,0.000000,16384,1469,56307,4,1.000000,0.000000
10358,11057955331,1056213,0,0,1782,0,0.000000,16384,1593,56213,4,1.000000,0.000000
10359,11059013146,1057815,0,0,1726,0,0.000000,16384,1469,57815,4,1.000000,0.000000
10360,11060070200,1057054,0,0,1826,0,0.000000,16384,1647,57054,4,1.000000,0.000000
10361,11061137871,1067671,0,0,1845,0,0.000000,16384,1664,67671,4,1.000000,0.000000
10362,11062195251,1057380,0,0,1726,0,0.000000,16384,1523,57380,4,1.000000,0.000000
10363,11063256579,1061328,0,0,1586,0,0.000000,16384,1407,61328,4,1.000000,0.000000
10364,11064315831,1059252,0,0,1818,0,0.000000,16384,1642,59252,4,1.000000,0.000000
10365,11065372755,1056924,0,0,1817,0,0.000000,16384,1612,56924,4,1.000000,0.000000
10366,11066429691,1056936,0,0,1809,0,0.000000,16384,1589,56936,4,1.000000,0.000000
10367,11067488097,1058406,0,0,1819,0,0.000000,16384,1623,58406,4,1.000000,0.000000
10368,11068544922,1056825,0,0,1828,0,0.000000,16384,1649,56825,4,1.000000,0.000000
10369,11069600955,1056033,0,0,1826,0,0.000000,16384,1637,56033,4,1.000000,0.000000
10370,11070660829,1059874,0,0,1667,0,0.000000,16384,1447,59874,4,1.000000,0.000000
10371,11071746314,1085485,0,0,1750,0,0.000000,16384,1579,85485,4,1.000000,0.000000
10372,11072805407,1059093,0,0,1744,0,0.000000,16384,1575,59093,4,1.000000,0.000000
10373,11073901020,1095613,0,0,1879,0,0.000000,16384,1655,95613,4,1.000000,0.000000
10374,11074962147,1061127,0,0,1669,0,0.000000,16384,1471,61127,4,1.000000,0.000000
10375,11076024050,1061903,0,0,1777,0,0.000000,16384,1609,61903,4,1.000000,0.000000
10376,11077088069,1064019,0,0,1747,0,0.000000,16384,1552,64019,4,1.000000,0.000000
10377,11078147870,1059801,0,0,1667,0,0.000000,16384,1460,59801,4,1.000000,0.000000
10378,11079204815,1056945,0,0,1662,0,0.000000,16384,1517,56945,4,1.000000,0.000000
10379,11080261084,1056269,0,0,1663,0,0.000000,16384,1460,56269,4,1.000000,0.000000
10380,11081317258,1056174,0,0,1662,0,0.000000,16384,1481,56174,4,1.000000,0.000000
10381,11082415527,1098269,0,0,1833,0,0.000000,16384,1652,98269,4,1.000000,0.000000
10382,11083506826,1091299,0,0,1828,0,0.000000,16384,1625,91299,4,1.000000,0.000000
10383,11084595603,1088777,0,0,1902,0,0.000000,16384,1683,88777,4,1.000000,0.000000
10384,11085685635,1090032,0,0,1976,0,0.000000,16384,1751,90032,4,1.000000,0.000000
10385,11086701620,1015985,0,0,1830,0,0.000000,16384,1626,15985,4,1.000000,0.000000
10386,11087763984,1062364,0,0,1931,0,0.000000,16384,1732,62364,4,1.000000,0.000000
10387,11088826101,1062117,0,0,1833,0,0.000000,16384,1654,62117,4,1.000000,0.000000
10388,11089889476,1063375,0,0,1908,0,0.000000,16384,1703,63375,4,1.000000,0.000000
10389,11090949852,1060376,0,0,1765,0,0.000000,16384,1545,60376,4,1.000000,0.000000
10390,11092008557,1058705,0,0,1815,0,0.000000,16384,1610,58705,4,1.000000,0.000000
10391,11093076404,1067847,0,0,1846,0,0.000000,16384,1664,67847,4,1.000000,0.000000
10392,11094133530,1057126,0,0,1815,0,0.000000,16384,1638,57126,4,1.000000,0.000000
10393,11095189920,1056390,0,0,1827,0,0.000000,16384,1602,56390,4,1.000000,0.000000
10394,11096250565,1060645,0,0,1825,0,0.000000,16384,1606,60645,4,1.000000,0.000000
10395,11097311188,1060623,0,0,1832,0,0.000000,16384,1649,60623,4,1.000000,0.000000
10396,11098368143,1056955,0,0,1827,0,0.000000,16384,1648,56955,4,1.000000,0.000000
10397,11099424480,1056337,0,0,1825,0,0.000000,16384,1623,56337,4,1.000000,0.000000
10398,11100480642,1056162,0,0,1808,0,0.000000,16384,1588,56162,4,1.000000,0.000000
10399,11101536837,1056195,0,0,1827,0,0.000000,16384,1625,56195,4,1.000000,0.000000
10400,11102592831,1055994,0,0,1756,0,0.000000,16384,1592,55994,4,1.000000,0.000000
10401,11103657804,1064973,0,0,1842,0,0.000000,16384,1643,64973,4,1.000000,0.000000
10402,11104686199,1028395,0,0,1742,0,0.000000,16384,1523,28395,4,1.000000,0.000000
10403,11105743451,1057252,0,0,1801,0,0.000000,16384,1610,57252,4,1.000000,0.000000
10404,11106799456,1056005,0,0,1827,0,0.000000,16384,1649,56005,4,1.000000,0.000000
10405,11107856814,1057358,0,0,1786,0,0.000000,16384,1591,57358,4,1.000000,0.000000
10406,11108913468,1056654,0,0,1822,0,0.000000,16384,1602,56654,4,1.000000,0.000000
10407,11109970026,1056558,0,0,1782,0,0.000000,16384,1587,56558,4,1.000000,0.000000
10408,11111028638,1058612,0,0,1747,0,0.000000,16384,1585,58612,4,1.000000,0.000000
10409,11112087262,1058624,0,0,1814,0,0.000000,16384,1607,58624,4,1.000000,0.000000
10410,11113144804,1057542,0,0,1798,0,0.000000,16384,1578,57542,4,1.000000,0.000000
10411,11114245663,1100859,0,0,1753,0,0.000000,16384,1575,100859,4,1.000000,0.000000
10412,11115318523,1072860,0,0,1481,0,0.000000,16384,1323,72860,4,1.000000,0.000000
10413,11116389687,1071164,0,0,1559,0,0.000000,16384,1390,71164,4,1.000000,0.000000
10414,11117454588,1064901,0,0,1472,0,0.000000,16384,1305,64901,4,1.000000,0.000000
10415,11118553145,1098557,0,0,1707,0,0.000000,16384,1519,98557,4,1.000000,0.000000
10416,11119685352,1132207,0,0,1807,0,0.000000,16384,1632,132207,4,1.000000,0.000000
10417,11120782477,1097125,0,0,1495,0,0.000000,16384,1297,97125,4,1.000000,0.000000
10418,11121855804,1073327,0,0,1399,0,0.000000,16384,1284,73327,4,1.000000,0.000000
10419,11122927801,1071997,0,0,1470,0,0.000000,16384,1285,71997,4,1.000000,0.000000
10420,11123995978,1068177,0,0,1464,0,0.000000,16384,1313,68177,4,1.000000,0.000000
10421,11125099952,1103974,0,0,1563,0,0.000000,16384,1390,103974,4,1.000000,0.000000
10422,11126174768,1074816,0,0,1398,0,0.000000,16384,1239,74816,4,1.000000,0.000000
10423,11127248690,1073922,0,0,1429,0,0.000000,16384,1303,73922,4,1.000000,0.000000
10424,11128319322,1070632,0,0,1463,0,0.000000,16384,1264,70632,4,1.000000,0.000000
10425,11129385259,1065937,0,0,1546,0,0.000000,16384,1419,65937,4,1.000000,0.000000
10426,11130462318,1077059,0,0,1468,0,0.000000,16384,1273,77059,4,1.000000,0.000000
10427,11131532368,1070050,0,0,1529,0,0.000000,16384,1388,70050,4,1.000000,0.000000
10428,11132597606,1065238,0,0,1539,0,0.000000,16384,1347,65238,4,1.000000,0.000000
10429,11133657405,1059799,0,0,1649,0,0.000000,16384,1505,59799,4,1.000000,0.000000
10430,11134674270,1016865,0,0,1591,0,0.000000,16384,1371,16865,4,1.000000,0.000000
10431,11135758557,1084287,0,0,1838,0,0.000000,16384,1655,84287,4,1.000000,0.000000
10432,11136816606,1058049,0,0,1816,0,0.000000,16384,1640,58049,4,1.000000,0.000000
10433,11137873723,1057117,0,0,1791,0,0.000000,16384,1586,57117,4,1.000000,0.000000
10434,11138953121,1079398,0,0,1590,0,0.000000,16384,1398,79398,4,1.000000,0.000000
10435,11140018316,1065195,0,0,1505,0,0.000000,16384,1361,65195,4,1.000000,0.000000
10436,11141080656,1062340,0,0,1597,0,0.000000,16384,1403,62340,4,1.000000,0.000000
10437,11142139304,1058648,0,0,1730,0,0.000000,16384,1571,58648,4,1.000000,0.000000
10438,11143196632,1057328,0,0,1818,0,0.000000,16384,1611,57328,4,1.000000,0.000000
10439,11144255434,1058802,0,0,1715,0,0.000000,16384,1495,58802,4,1.000000,0.000000
10440,11145318722,1063288,0,0,1509,0,0.000000,16384,1393,63288,4,1.000000,0.000000
10441,11146399077,1080355,0,0,1642,0,0.000000,16384,1422,80355,4,1.000000,0.000000
10442,11147457827,1058750,0,0,1783,0,0.000000,16384,1601,58750,4,1.000000,0.000000
10443,11148515558,1057731,0,0,1820,0,0.000000,16384,1643,57731,4,1.000000,0.000000
10444,11149575167,1059609,0,0,1652,0,0.000000,16384,1451,59609,4,1.000000,0.000000
10445,11150635612,1060445,0,0,1710,0,0.000000,16384,1520,60445,4,1.000000,0.000000
10446,11151679109,1043497,0,0,1571,0,0.000000,16384,1421,43497,4,1.000000,0.000000
10447,11152742004,1062895,0,0,1562,0,0.000000,16384,1366,62895,4,1.000000,0.000000
10448,11153800019,1058015,0,0,1583,0,0.000000,16384,1443,58015,4,1.000000,0.000000
10449,11154858735,1058716,0,0,1816,0,0.000000,16384,1595,58716,4,1.000000,0.000000
10450,11155916893,1058158,0,0,1816,0,0.000000,16384,1602,58158,4,1.000000,0.000000
10451,11156987989,1071096,0,0,1835,0,0.000000,16384,1655,71096,4,1.000000,0.000000
10452,11158044991,1057002,0,0,1828,0,0.000000,16384,1649,57002,4,1.000000,0.000000
10453,11159101177,1056186,0,0,1813,0,0.000000,16384,1599,56186,4,1.000000,0.000000
10454,11160157062,1055885,0,0,1823,0,0.000000,16384,1603,55885,4,1.000000,0.000000
10455,11161212888,1055826,0,0,1824,0,0.000000,16384,1635,55826,4,1.000000,0.000000
10456,11162268795,1055907,0,0,1792,0,0.000000,16384,1621,55907,4,1.000000,0.000000
10457,11163324867,1056072,0,0,1824,0,0.000000,16384,1620,56072,4,1.000000,0.000000
10458,11164381302,1056435,0,0,1812,0,0.000000,16384,1592,56435,4,1.000000,0.000000
10459,11165437369,1056067,0,0,1812,0,0.000000,16384,1614,56067,4,1.000000,0.000000
10460,11166494458,1057089,0,0,1703,0,0.000000,16384,1550,57089,4,1.000000,0.000000
10461,11167557640,1063182,0,0,1737,0,0.000000,16384,1528,63182,4,1.000000,0.000000
10462,11168614349,1056709,0,0,1816,0,0.000000,16384,1594,56709,4,1.000000,0.000000
10463,11169673414,1059065,0,0,1824,0,0.000000,16384,1647,59065,4,1.000000,0.000000
10464,11170733541,1060127,0,0,1747,0,0.000000,16384,1582,60127,4,1.000000,0.000000
10465,11171794275,1060734,0,0,1639,0,0.000000,16384,1419,60734,4,1.000000,0.000000
10466,11172858531,1064256,0,0,1645,0,0.000000,16384,1492,64256,4,1.000000,0.000000
10467,11173917131,1058600,0,0,1661,0,0.000000,16384,1474,58600,4,1.000000,0.000000
10468,11174974214,1057083,0,0,1702,0,0.000000,16384,1497,57083,4,1.000000,0.000000
10469,11176031165,1056951,0,0,1765,0,0.000000,16384,1599,56951,4,1.000000,0.000000
10470,11177088160,1056995,0,0,1654,0,0.000000,16384,1465,56995,4,1.000000,0.000000
10471,11178168063,1079903,0,0,1799,0,0.000000,16384,1579,79903,4,1.000000,0.000000
10472,11179224693,1056630,0,0,1827,0,0.000000,16384,1648,56630,4,1.000000,0.000000
10473,11180282944,1058251,0,0,1802,0,0.000000,16384,1629,58251,4,1.000000,0.000000
10474,11181340680,1057736,0,0,1827,0,0.000000,16384,1615,57736,4,1.000000,0.000000
10475,11182397048,1056368,0,0,1825,0,0.000000,16384,1605,56368,4,1.000000,0.000000
10476,11183453768,1056720,0,0,1815,0,0.000000,16384,1622,56720,4,1.000000,0.000000
10477,11184509739,1055971,0,0,1825,0,0.000000,16384,1647,55971,4,1.000000,0.000000
10478,11185566652,1056913,0,0,1815,0,0.000000,16384,1621,56913,4,1.000000,0.000000
10479,11186623696,1057044,0,0,1815,0,0.000000,16384,1596,57044,4,1.000000,0.000000
10480,11187671033,1047337,0,0,1640,0,0.000000,16384,1467,47337,4,1.000000,0.000000
10481,11188734929,1063896,0,0,1833,0,0.000000,16384,1654,63896,4,1.000000,0.000000
10482,11189791333,1056404,0,0,1827,0,0.000000,16384,1615,56404,4,1.000000,0.000000
10483,11190852095,1060762,0,0,1734,0,0.000000,16384,1514,60762,4,1.000000,0.000000
10484,11191910771,1058676,0,0,1681,0,0.000000,16384,1532,58676,4,1.000000,0.000000
10485,11192967300,1056529,0,0,1813,0,0.000000,16384,1621,56529,4,1.000000,0.000000
10486,11194025086,1057786,0,0,1817,0,0.000000,16384,1598,57786,4,1.000000,0.000000
10487,11195082555,1057469,0,0,1826,0,0.000000,16384,1614,57469,4,1.000000,0.000000
10488,11196138834,1056279,0,0,1793,0,0.000000,16384,1622,56279,4,1.000000,0.000000
10489,11197195513,1056679,0,0,1747,0,0.000000,16384,1565,56679,4,1.000000,0.000000
10490,11198252192,1056679,0,0,1744,0,0.000000,16384,1525,56679,4,1.000000,0.000000
10491,11199317634,1065442,0,0,1830,0,0.000000,16384,1634,65442,4,1.000000,0.000000
10492,11200375063,1057429,0,0,1816,0,0.000000,16384,1640,57429,4,1.000000,0.000000
10493,11201431954,1056891,0,0,1668,0,0.000000,16384,1476,56891,4,1.000000,0.000000
10494,11202490453,1058499,0,0,1659,0,0.000000,16384,1467,58499,4,1.000000,0.000000
10495,11203547025,1056572,0,0,1792,0,0.000000,16384,1620,56572,4,1.000000,0.000000
10496,11204604379,1057354,0,0,1813,0,0.000000,16384,1617,57354,4,1.000000,0.000000
10497,11205671141,1066762,0,0,1692,0,0.000000,16384,1472,66762,4,1.000000,0.000000
10498,11206733037,1061896,0,0,1826,0,0.000000,16384,1644,61896,4,1.000000,0.000000
10499,11207790427,1057390,0,0,1816,0,0.000000,16384,1640,57390,4,1.000000,0.000000
10500,11208847053,1056626,0,0,1825,0,0.000000,16384,1619,56626,4,1.000000,0.000000
10501,11209914383,1067330,0,0,1842,0,0.000000,16384,1622,67330,4,1.000000,0.000000
10502,11210975063,1060680,0,0,1716,0,0.000000,16384,1534,60680,4,1.000000,0.000000
10503,11212034943,1059880,0,0,1642,0,0.000000,16384,1484,59880,4,1.000000,0.000000
10504,11213091212,1056269,0,0,1813,0,0.000000,16384,1593,56269,4,1.000000,0.000000
10505,11214147618,1056406,0,0,1825,0,0.000000,16384,1615,56406,4,1.000000,0.000000
10506,11215204222,1056604,0,0,1826,0,0.000000,16384,1648,56604,4,1.000000,0.000000
10507,11216260180,1055958,0,0,1825,0,0.000000,16384,1649,55958,4,1.000000,0.000000
10508,11217316068,1055888,0,0,1825,0,0.000000,16384,1601,55888,4,1.000000,0.000000
10509,11218372015,1055947,0,0,1824,0,0.000000,16384,1604,55947,4,1.000000,0.000000
10510,11219425551,1053536,0,0,1814,0,0.000000,16384,1631,53536,4,1.000000,0.000000
10511,11220525286,1099735,0,0,1851,0,0.000000,16384,1668,99735,4,1.000000,0.000000
10512,11221615991,1090705,0,0,1851,0,0.000000,16384,1653,90705,4,1.000000,0.000000
10513,11222702470,1086479,0,0,1855,0,0.000000,16384,1635,86479,4,1.000000,0.000000
10514,11223766506,1064036,0,0,1817,0,0.000000,16384,1599,64036,4,1.000000,0.000000
10515,11224829988,1063482,0,0,1807,0,0.000000,16384,1633,63482,4,1.000000,0.000000
10516,11225894128,1064140,0,0,1800,0,0.000000,16384,1628,64140,4,1.000000,0.000000
10517,11226955044,1060916,0,0,1896,0,0.000000,16384,1672,60916,4,1.000000,0.000000
10518,11228014756,1059712,0,0,1805,0,0.000000,16384,1585,59712,4,1.000000,0.000000
10519,11229075866,1061110,0,0,1895,0,0.000000,16384,1687,61110,4,1.000000,0.000000
10520,11230135039,1059173,0,0,1831,0,0.000000,16384,1652,59173,4,1.000000,0.000000
10521,11231209698,1074659,0,0,1778,0,0.000000,16384,1601,74659,4,1.000000,0.000000
10522,11232268916,1059218,0,0,1826,0,0.000000,16384,1606,59218,4,1.000000,0.000000
10523,11233336056,1067140,0,0,1827,0,0.000000,16384,1604,67140,4,1.000000,0.000000
10524,11234399238,1063182,0,0,1650,0,0.000000,16384,1509,63182,4,1.000000,0.000000
10525,11235488416,1089178,0,0,1833,0,0.000000,16384,1633,89178,4,1.000000,0.000000
10526,11236579305,1090889,0,0,1847,0,0.000000,16384,1627,90889,4,1.000000,0.000000
10527,11237675731,1096426,0,0,1869,0,0.000000,16384,1644,96426,4,1.000000,0.000000
10528,11238706733,1031002,0,0,1770,0,0.000000,16384,1606,31002,4,1.000000,0.000000
10529,11239770325,1063592,0,0,1789,0,0.000000,16384,1614,63592,4,1.000000,0.000000
10530,11240832228,1061903,0,0,1705,0,0.000000,16384,1485,61903,4,1.000000,0.000000
10531,11241901638,1069410,0,0,1836,0,0.000000,16384,1633,69410,4,1.000000,0.000000
10532,11242959161,1057523,0,0,1819,0,0.000000,16384,1642,57523,4,1.000000,0.000000
10533,11244016249,1057088,0,0,1828,0,0.000000,16384,1644,57088,4,1.000000,0.000000
10534,11245073299,1057050,0,0,1809,0,0.000000,16384,1589,57050,4,1.000000,0.000000
10535,11246131672,1058373,0,0,1782,0,0.000000,16384,1571,58373,4,1.000000,0.000000
10536,11247188611,1056939,0,0,1828,0,0.000000,16384,1649,56939,4,1.000000,0.000000
10537,11248244480,1055869,0,0,1825,0,0.000000,16384,1649,55869,4,1.000000,0.000000
10538,11249300253,1055773,0,0,1822,0,0.000000,16384,1600,55773,4,1.000000,0.000000
10539,11250357000,1056747,0,0,1814,0,0.000000,16384,1594,56747,4,1.000000,0.000000
10540,11251416207,1059207,0,0,1735,0,0.000000,16384,1569,59207,4,1.000000,0.000000
10541,11252484121,1067914,0,0,1844,0,0.000000,16384,1663,67914,4,1.000000,0.000000
10542,11253540980,1056859,0,0,1826,0,0.000000,16384,1609,56859,4,1.000000,0.000000
10543,11254597325,1056345,0,0,1826,0,0.000000,16384,1606,56345,4,1.000000,0.000000
10544,11255653458,1056133,0,0,1826,0,0.000000,16384,1635,56133,4,1.000000,0.000000
10545,11256670312,1016854,0,0,1755,0,0.000000,16384,1591,16854,4,1.000000,0.000000
10546,11257727433,1057121,0,0,1824,0,0.000000,16384,1615,57121,4,1.000000,0.000000
10547,11258784000,1056567,0,0,1825,0,0.000000,16384,1605,56567,4,1.000000,0.000000
10548,11259840245,1056245,0,0,1827,0,0.000000,16384,1629,56245,4,1.000000,0.000000
10549,11260896222,1055977,0,0,1827,0,0.000000,16384,1649,55977,4,1.000000,0.000000
10550,11261952720,1056498,0,0,1729,0,0.000000,16384,1541,56498,4,1.000000,0.000000
10551,11263014910,1062190,0,0,1760,0,0.000000,16384,1540,62190,4,1.000000,0.000000
10552,11264071503,1056593,0,0,1705,0,0.000000,16384,1542,56593,4,1.000000,0.000000
10553,11265127348,1055845,0,0,1826,0,0.000000,16384,1649,55845,4,1.000000,0.000000
10554,11266183266,1055918,0,0,1826,0,0.000000,16384,1602,55918,4,1.000000,0.000000
10555,11267239056,1055790,0,0,1823,0,0.000000,16384,1603,55790,4,1.000000,0.000000
10556,11268294958,1055902,0,0,1827,0,0.000000,16384,1642,55902,4,1.000000,0.000000
10557,11269350956,1055998,0,0,1826,0,0.000000,16384,1649,55998,4,1.000000,0.000000
10558,11270407363,1056407,0,0,1826,0,0.000000,16384,1624,56407,4,1.000000,0.000000
10559,11271465293,1057930,0,0,1749,0,0.000000,16384,1511,57930,4,1.000000,0.000000
10560,11272537681,1072388,0,0,1826,0,0.000000,16384,1619,72388,4,1.000000,0.000000
10561,11273604973,1067292,0,0,1796,0,0.000000,16384,1575,67292,4,1.000000,0.000000
10562,11274663642,1058669,0,0,1792,0,0.000000,16384,1605,58669,4,1.000000,0.000000
10563,11275725391,1061749,0,0,1815,0,0.000000,16384,1639,61749,4,1.000000,0.000000
10564,11276782079,1056688,0,0,1776,0,0.000000,16384,1576,56688,4,1.000000,0.000000
10565,11277838138,1056059,0,0,1823,0,0.000000,16384,1603,56059,4,1.000000,0.000000
10566,11278894154,1056016,0,0,1825,0,0.000000,16384,1628,56016,4,1.000000,0.000000
10567,11279949985,1055831,0,0,1825,0,0.000000,16384,1648,55831,4,1.000000,0.000000
10568,11281005626,1055641,0,0,1823,0,0.000000,16384,1633,55641,4,1.000000,0.000000
10569,11282061537,1055911,0,0,1824,0,0.000000,16384,1604,55911,4,1.000000,0.000000
10570,11283117521,1055984,0,0,1816,0,0.000000,16384,1601,55984,4,1.000000,0.000000
10571,11284190192,1072671,0,0,1849,0,0.000000,16384,1666,72671,4,1.000000,0.000000
10572,11285246920,1056728,0,0,1827,0,0.000000,16384,1649,56728,4,1.000000,0.000000
10573,11286302646,1055726,0,0,1825,0,0.000000,16384,1613,55726,4,1.000000,0.000000
10574,11287359419,1056773,0,0,1766,0,0.000000,16384,1546,56773,4,1.000000,0.000000
10575,11288415673,1056254,0,0,1824,0,0.000000,16384,1641,56254,4,1.000000,0.000000
10576,11289471911,1056238,0,0,1825,0,0.000000,16384,1647,56238,4,1.000000,0.000000
10577,11290534782,1062871,0,0,1592,0,0.000000,16384,1393,62871,4,1.000000,0.000000
10578,11291598378,1063596,0,0,1620,0,0.000000,16384,1458,63596,4,1.000000,0.000000
10579,11292657802,1059424,0,0,1659,0,0.000000,16384,1481,59424,4,1.000000,0.000000
10580,11293673311,1015509,0,0,1594,0,0.000000,16384,1402,15509,4,1.000000,0.000000
10581,11294745384,1072073,0,0,1689,0,0.000000,16384,1538,72073,4,1.000000,0.000000
10582,11295804669,1059285,0,0,1811,0,0.000000,16384,1594,59285,4,1.000000,0.000000
10583,11296851710,1047041,0,0,1776,0,0.000000,16384,1556,47041,4,1.000000,0.000000
10584,11297915689,1063979,0,0,1793,0,0.000000,16384,1622,63979,4,1.000000,0.000000
10585,11298979370,1063681,0,0,1785,0,0.000000,16384,1616,63681,4,1.000000,0.000000
10586,11300043250,1063880,0,0,1773,0,0.000000,16384,1553,63880,4,1.000000,0.000000
10587,11301106690,1063440,0,0,1765,0,0.000000,16384,1558,63440,4,1.000000,0.000000
10588,11302166903,1060213,0,0,1671,0,0.000000,16384,1524,60213,4,1.000000,0.000000
10589,11303224411,1057508,0,0,1667,0,0.000000,16384,1461,57508,4,1.000000,0.000000
10590,11304281207,1056796,0,0,1665,0,0.000000,16384,1485,56796,4,1.000000,0.000000
10591,11305360253,1079046,0,0,1610,0,0.000000,16384,1450,79046,4,1.000000,0.000000
10592,11306429625,1069372,0,0,1424,0,0.000000,16384,1258,69372,4,1.000000,0.000000
10593,11307500567,1070942,0,0,1494,0,0.000000,16384,1328,70942,4,1.000000,0.000000
10594,11308568397,1067830,0,0,1459,0,0.000000,16384,1315,67830,4,1.000000,0.000000
10595,11309637487,1069090,0,0,1472,0,0.000000,16384,1280,69090,4,1.000000,0.000000
10596,11310682588,1045101,0,0,1495,0,0.000000,16384,1375,45101,4,1.000000,0.000000
10597,11311746648,1064060,0,0,1491,0,0.000000,16384,1286,64060,4,1.000000,0.000000
10598,11312811406,1064758,0,0,1523,0,0.000000,16384,1396,64758,4,1.000000,0.000000
10599,11313870855,1059449,0,0,1542,0,0.000000,16384,1337,59449,4,1.000000,0.000000
10600,11314929331,1058476,0,0,1634,0,0.000000,16384,1494,58476,4,1.000000,0.000000
10601,11316009888,1080557,0,0,1708,0,0.000000,16384,1497,80557,4,1.000000,0.000000
10602,11317068851,1058963,0,0,1807,0,0.000000,16384,1596,58963,4,1.000000,0.000000
10603,11318126059,1057208,0,0,1817,0,0.000000,16384,1641,57208,4,1.000000,0.000000
10604,11319182027,1055968,0,0,1826,0,0.000000,16384,1649,55968,4,1.000000,0.000000
10605,11320239964,1057937,0,0,1739,0,0.000000,16384,1519,57937,4,1.000000,0.000000
10606,11321297869,1057905,0,0,1722,0,0.000000,16384,1530,57905,4,1.000000,0.000000
10607,11322354277,1056408,0,0,1828,0,0.000000,16384,1649,56408,4,1.000000,0.000000
10608,11323411126,1056849,0,0,1748,0,0.000000,16384,1555,56849,4,1.000000,0.000000
10609,11324467261,1056135,0,0,1809,0,0.000000,16384,1589,56135,4,1.000000,0.000000
10610,11325523223,1055962,0,0,1826,0,0.000000,16384,1631,55962,4,1.000000,0.000000
10611,11326589297,1066074,0,0,1769,0,0.000000,16384,1602,66074,4,1.000000,0.000000
10612,11327645493,1056196,0,0,1825,0,0.000000,16384,1622,56196,4,1.000000,0.000000
10613,11328670177,1024684,0,0,1767,0,0.000000,16384,1548,24684,4,1.000000,0.000000
10614,11329726044,1055867,0,0,1827,0,0.000000,16384,1633,55867,4,1.000000,0.000000
10615,11330783864,1057820,0,0,1800,0,0.000000,16384,1627,57820,4,1.000000,0.000000
10616,11331844603,1060739,0,0,1603,0,0.000000,16384,1410,60739,4,1.000000,0.000000
10617,11332903284,1058681,0,0,1666,0,0.000000,16384,1486,58681,4,1.000000,0.000000
10618,11333960398,1057114,0,0,1665,0,0.000000,16384,1505,57114,4,1.000000,0.000000
10619,11335016682,1056284,0,0,1708,0,0.000000,16384,1488,56284,4,1.000000,0.000000
10620,11336073434,1056752,0,0,1826,0,0.000000,16384,1635,56752,4,1.000000,0.000000
10621,11337147693,1074259,0,0,1768,0,0.000000,16384,1601,74259,4,1.000000,0.000000
10622,11338203578,1055885,0,0,1825,0,0.000000,16384,1619,55885,4,1.000000,0.000000
10623,11339259182,1055604,0,0,1813,0,0.000000,16384,1593,55604,4,1.000000,0.000000
10624,11340318776,1059594,0,0,1723,0,0.000000,16384,1545,59594,4,1.000000,0.000000
10625,11341380668,1061892,0,0,1581,0,0.000000,16384,1419,61892,4,1.000000,0.000000
10626,11342439798,1059130,0,0,1775,0,0.000000,16384,1555,59130,4,1.000000,0.000000
10627,11343497523,1057725,0,0,1828,0,0.000000,16384,1640,57725,4,1.000000,0.000000
10628,11344554539,1057016,0,0,1825,0,0.000000,16384,1648,57016,4,1.000000,0.000000
10629,11345610879,1056340,0,0,1804,0,0.000000,16384,1605,56340,4,1.000000,0.000000
10630,11346672645,1061766,0,0,1655,0,0.000000,16384,1443,61766,4,1.000000,0.000000
10631,11347740687,1068042,0,0,1838,0,0.000000,16384,1658,68042,4,1.000000,0.000000
10632,11348797057,1056370,0,0,1827,0,0.000000,16384,1649,56370,4,1.000000,0.000000
10633,11349854190,1057133,0,0,1787,0,0.000000,16384,1572,57133,4,1.000000,0.000000
10634,11350910931,1056741,0,0,1786,0,0.000000,16384,1567,56741,4,1.000000,0.000000
10635,11351969026,1058095,0,0,1704,0,0.000000,16384,1550,58095,4,1.000000,0.000000
10636,11353026919,1057893,0,0,1830,0,0.000000,16384,1644,57893,4,1.000000,0.000000
10637,11354083587,1056668,0,0,1826,0,0.000000,16384,1606,56668,4,1.000000,0.000000
10638,11355139790,1056203,0,0,1814,0,0.000000,16384,1594,56203,4,1.000000,0.000000
10639,11356195994,1056204,0,0,1825,0,0.000000,16384,1648,56204,4,1.000000,0.000000
10640,11357252167,1056173,0,0,1825,0,0.000000,16384,1647,56173,4,1.000000,0.000000
10641,11358316026,1063859,0,0,1825,0,0.000000,16384,1611,63859,4,1.000000,0.000000
10642,11359372416,1056390,0,0,1823,0,0.000000,16384,1604,56390,4,1.000000,0.000000
10643,11360428521,1056105,0,0,1829,0,0.000000,16384,1634,56105,4,1.000000,0.000000
10644,11361484617,1056096,0,0,1827,0,0.000000,16384,1649,56096,4,1.000000,0.000000
10645,11362541809,1057192,0,0,1772,0,0.000000,16384,1581,57192,4,1.000000,0.000000
10646,11363598444,1056635,0,0,1817,0,0.000000,16384,1596,56635,4,1.000000,0.000000
10647,11364658496,1060052,0,0,1812,0,0.000000,16384,1612,60052,4,1.000000,0.000000
10648,11365672461,1013965,0,0,1748,0,0.000000,16384,1586,13965,4,1.000000,0.000000
10649,11366729477,1057016,0,0,1816,0,0.000000,16384,1615,57016,4,1.000000,0.000000
10650,11367785900,1056423,0,0,1825,0,0.000000,16384,1605,56423,4,1.000000,0.000000
10651,11368849325,1063425,0,0,1836,0,0.000000,16384,1628,63425,4,1.000000,0.000000
10652,11369905355,1056030,0,0,1824,0,0.000000,16384,1648,56030,4,1.000000,0.000000
10653,11370961704,1056349,0,0,1781,0,0.000000,16384,1601,56349,4,1.000000,0.000000
10654,11372021341,1059637,0,0,1641,0,0.000000,16384,1421,59637,4,1.000000,0.000000
10655,11373079902,1058561,0,0,1820,0,0.000000,16384,1639,58561,4,1.000000,0.000000
10656,11374136864,1056962,0,0,1817,0,0.000000,16384,1641,56962,4,1.000000,0.000000
10657,11375193786,1056922,0,0,1815,0,0.000000,16384,1608,56922,4,1.000000,0.000000
10658,11376251378,1057592,0,0,1697,0,0.000000,16384,1482,57592,4,1.000000,0.000000
10659,11377307379,1056001,0,0,1754,0,0.000000,16384,1591,56001,4,1.000000,0.000000
10660,11378363321,1055942,0,0,1822,0,0.000000,16384,1640,55942,4,1.000000,0.000000
10661,11379429352,1066031,0,0,1828,0,0.000000,16384,1608,66031,4,1.000000,0.000000
10662,11380485409,1056057,0,0,1821,0,0.000000,16384,1597,56057,4,1.000000,0.000000
10663,11381540957,1055548,0,0,1789,0,0.000000,16384,1618,55548,4,1.000000,0.000000
10664,11382597233,1056276,0,0,1814,0,0.000000,16384,1638,56276,4,1.000000,0.000000
10665,11383653170,1055937,0,0,1825,0,0.000000,16384,1608,55937,4,1.000000,0.000000
10666,11384670617,1017447,0,0,1741,0,0.000000,16384,1526,17447,4,1.000000,0.000000
10667,11385726479,1055862,0,0,1825,0,0.000000,16384,1647,55862,4,1.000000,0.000000
10668,11386782322,1055843,0,0,1816,0,0.000000,16384,1640,55843,4,1.000000,0.000000
10669,11387838905,1056583,0,0,1789,0,0.000000,16384,1574,56583,4,1.000000,0.000000
10670,11388894816,1055911,0,0,1816,0,0.000000,16384,1596,55911,4,1.000000,0.000000
10671,11389965928,1071112,0,0,1806,0,0.000000,16384,1627,71112,4,1.000000,0.000000
10672,11391025909,1059981,0,0,1620,0,0.000000,16384,1459,59981,4,1.000000,0.000000
10673,11392086249,1060340,0,0,1688,0,0.000000,16384,1468,60340,4,1.000000,0.000000
10674,11393144007,1057758,0,0,1820,0,0.000000,16384,1643,57758,4,1.000000,0.000000
10675,11394200597,1056590,0,0,1794,0,0.000000,16384,1623,56590,4,1.000000,0.000000
10676,11395257659,1057062,0,0,1817,0,0.000000,16384,1601,57062,4,1.000000,0.000000
10677,11396314738,1057079,0,0,1738,0,0.000000,16384,1524,57079,4,1.000000,0.000000
10678,11397370525,1055787,0,0,1825,0,0.000000,16384,1647,55787,4,1.000000,0.000000
10679,11398426816,1056291,0,0,1816,0,0.000000,16384,1640,56291,4,1.000000,0.000000
10680,11399482638,1055822,0,0,1824,0,0.000000,16384,1608,55822,4,1.000000,0.000000
10681,11400549390,1066752,0,0,1840,0,0.000000,16384,1620,66752,4,1.000000,0.000000
10682,11401605640,1056250,0,0,1789,0,0.000000,16384,1602,56250,4,1.000000,0.000000
10683,11402662029,1056389,0,0,1747,0,0.000000,16384,1585,56389,4,1.000000,0.000000
10684,11403670331,1008302,0,0,1728,0,0.000000,16384,1517,8302,4,1.000000,0.000000
10685,11404725914,1055583,0,0,1823,0,0.000000,16384,1605,55583,4,1.000000,0.000000
10686,11405782142,1056228,0,0,1818,0,0.000000,16384,1641,56228,4,1.000000,0.000000
10687,11407618689,1836547,0,0,3088,0,0.000000,16384,2751,836547,4,1.000000,0.000000
10688,11408673606,1054917,0,0,1819,0,0.000000,16384,1643,54917,4,1.000000,0.000000
10689,11409731399,1057793,0,0,1792,0,0.000000,16384,1576,57793,4,1.000000,0.000000
10690,11410788774,1057375,0,0,1732,0,0.000000,16384,1524,57375,4,1.000000,0.000000
10691,11411855513,1066739,0,0,1774,0,0.000000,16384,1606,66739,4,1.000000,0.000000
10692,11412915072,1059559,0,0,1756,0,0.000000,16384,1572,59559,4,1.000000,0.000000
10693,11413973337,1058265,0,0,1778,0,0.000000,16384,1558,58265,4,1.000000,0.000000
10694,11415029901,1056564,0,0,1826,0,0.000000,16384,1626,56564,4,1.000000,0.000000
10695,11416086318,1056417,0,0,1828,0,0.000000,16384,1650,56417,4,1.000000,0.000000
10696,11417142531,1056213,0,0,1808,0,0.000000,16384,1622,56213,4,1.000000,0.000000
10697,11418198491,1055960,0,0,1823,0,0.000000,16384,1603,55960,4,1.000000,0.000000
10698,11419254253,1055762,0,0,1813,0,0.000000,16384,1598,55762,4,1.000000,0.000000
10699,11420310186,1055933,0,0,1777,0,0.000000,16384,1609,55933,4,1.000000,0.000000
10700,11421366604,1056418,0,0,1824,0,0.000000,16384,1643,56418,4,1.000000,0.000000
10701,11422430176,1063572,0,0,1827,0,0.000000,16384,1605,63572,4,1.000000,0.000000
10702,11423486165,1055989,0,0,1824,0,0.000000,16384,1602,55989,4,1.000000,0.000000
10703,11424541957,1055792,0,0,1826,0,0.000000,16384,1646,55792,4,1.000000,0.000000
10704,11425597750,1055793,0,0,1828,0,0.000000,16384,1649,55793,4,1.000000,0.000000
10705,11426653979,1056229,0,0,1753,0,0.000000,16384,1548,56229,4,1.000000,0.000000
10706,11427698483,1044504,0,0,1594,0,0.000000,16384,1411,44504,4,1.000000,0.000000
10707,11428770060,1071577,0,0,1469,0,0.000000,16384,1316,71577,4,1.000000,0.000000
10708,11429990081,1220021,0,0,1660,0,0.000000,16384,1467,220021,4,1.000000,0.000000
10709,11431058198,1068117,0,0,1537,0,0.000000,16384,1394,68117,4,1.000000,0.000000
10710,11432082405,1024207,0,0,1468,0,0.000000,16384,1292,24207,4,1.000000,0.000000
10711,11433165804,1083399,0,0,1593,0,0.000000,16384,1433,83399,4,1.000000,0.000000
10712,11434224227,1058423,0,0,1559,0,0.000000,16384,1369,58423,4,1.000000,0.000000
10713,11435282141,1057914,0,0,1617,0,0.000000,16384,1471,57914,4,1.000000,0.000000
10714,11436338974,1056833,0,0,1663,0,0.000000,16384,1443,56833,4,1.000000,0.000000
10715,11437395661,1056687,0,0,1666,0,0.000000,16384,1511,56687,4,1.000000,0.000000
10716,11438453691,1058030,0,0,1647,0,0.000000,16384,1461,58030,4,1.000000,0.000000
10717,11439511563,1057872,0,0,1664,0,0.000000,16384,1468,57872,4,1.000000,0.000000
10718,11440568768,1057205,0,0,1659,0,0.000000,16384,1515,57205,4,1.000000,0.000000
10719,11441631076,1062308,0,0,1531,0,0.000000,16384,1317,62308,4,1.000000,0.000000
10720,11442673988,1042912,0,0,1526,0,0.000000,16384,1409,42912,4,1.000000,0.000000
10721,11443756314,1082326,0,0,1590,0,0.000000,16384,1370,82326,4,1.000000,0.000000
10722,11444814605,1058291,0,0,1558,0,0.000000,16384,1429,58291,4,1.000000,0.000000
10723,11445872888,1058283,0,0,1654,0,0.000000,16384,1447,58283,4,1.000000,0.000000
10724,11446929496,1056608,0,0,1643,0,0.000000,16384,1472,56608,4,1.000000,0.000000
10725,11447986334,1056838,0,0,1663,0,0.000000,16384,1494,56838,4,1.000000,0.000000
10726,11449043013,1056679,0,0,1663,0,0.000000,16384,1447,56679,4,1.000000,0.000000
10727,11450099620,1056607,0,0,1664,0,0.000000,16384,1519,56607,4,1.000000,0.000000
10728,11451155621,1056001,0,0,1731,0,0.000000,16384,1532,56001,4,1.000000,0.000000
10729,11452213520,1057899,0,0,1691,0,0.000000,16384,1486,57899,4,1.000000,0.000000
10730,11453271254,1057734,0,0,1670,0,0.000000,16384,1523,57734,4,1.000000,0.000000
10731,11454336730,1065476,0,0,1830,0,0.000000,16384,1622,65476,4,1.000000,0.000000
10732,11455393653,1056923,0,0,1810,0,0.000000,16384,1589,56923,4,1.000000,0.000000
10733,11456450929,1057276,0,0,1819,0,0.000000,16384,1625,57276,4,1.000000,0.000000
10734,11457506904,1055975,0,0,1827,0,0.000000,16384,1648,55975,4,1.000000,0.000000
10735,11458562851,1055947,0,0,1825,0,0.000000,16384,1635,55947,4,1.000000,0.000000
10736,11459618958,1056107,0,0,1815,0,0.000000,16384,1595,56107,4,1.000000,0.000000
10737,11460670648,1051690,0,0,1815,0,0.000000,16384,1602,51690,4,1.000000,0.000000
10738,11461726543,1055895,0,0,1827,0,0.000000,16384,1648,55895,4,1.000000,0.000000
10739,11462783657,1057114,0,0,1800,0,0.000000,16384,1628,57114,4,1.000000,0.000000
10740,11463840453,1056796,0,0,1824,0,0.000000,16384,1600,56796,4,1.000000,0.000000
10741,11464900403,1059950,0,0,1831,0,0.000000,16384,1611,59950,4,1.000000,0.000000
10742,11465956229,1055826,0,0,1825,0,0.000000,16384,1641,55826,4,1.000000,0.000000
10743,11467012152,1055923,0,0,1800,0,0.000000,16384,1628,55923,4,1.000000,0.000000
10744,11468068636,1056484,0,0,1825,0,0.000000,16384,1617,56484,4,1.000000,0.000000
10745,11469124542,1055906,0,0,1825,0,0.000000,16384,1605,55906,4,1.000000,0.000000
10746,11470180290,1055748,0,0,1825,0,0.000000,16384,1626,55748,4,1.000000,0.000000
10747,11471236608,1056318,0,0,1741,0,0.000000,16384,1580,56318,4,1.000000,0.000000
10748,11472325237,1088629,0,0,1677,0,0.000000,16384,1477,88629,4,1.000000,0.000000
10749,11473387477,1062240,0,0,1636,0,0.000000,16384,1453,62240,4,1.000000,0.000000
10750,11474446325,1058848,0,0,1653,0,0.000000,16384,1496,58848,4,1.000000,0.000000
10751,11475515902,1069577,0,0,1681,0,0.000000,16384,1461,69577,4,1.000000,0.000000
10752,11476578723,1062821,0,0,1672,0,0.000000,16384,1517,62821,4,1.000000,0.000000
10753,11477673555,1094832,0,0,1864,0,0.000000,16384,1679,94832,4,1.000000,0.000000
10754,11478733107,1059552,0,0,1814,0,0.000000,16384,1590,59552,4,1.000000,0.000000
10755,11479791655,1058548,0,0,1820,0,0.000000,16384,1600,58548,4,1.000000,0.000000
10756,11480852707,1061052,0,0,1922,0,0.000000,16384,1722,61052,4,1.000000,0.000000
10757,11481915081,1062374,0,0,1914,0,0.000000,16384,1718,62374,4,1.000000,0.000000
10758,11482974240,1059159,0,0,1834,0,0.000000,16384,1655,59159,4,1.000000,0.000000
10759,11484031221,1056981,0,0,1824,0,0.000000,16384,1547,56981,4,1.000000,0.000000
10760,11485087747,1056526,0,0,1821,0,0.000000,16384,1644,56526,4,1.000000,0.000000
10761,11486152503,1064756,0,0,1830,0,0.000000,16384,1626,64756,4,1.000000,0.000000
10762,11487208294,1055791,0,0,1796,0,0.000000,16384,1576,55791,4,1.000000,0.000000
10763,11488264565,1056271,0,0,1827,0,0.000000,16384,1628,56271,4,1.000000,0.000000
10764,11489320700,1056135,0,0,1826,0,0.000000,16384,1648,56135,4,1.000000,0.000000
10765,11490376605,1055905,0,0,1825,0,0.000000,16384,1638,55905,4,1.000000,0.000000
10766,11491432743,1056138,0,0,1823,0,0.000000,16384,1603,56138,4,1.000000,0.000000
10767,11492492896,1060153,0,0,1685,0,0.000000,16384,1493,60153,4,1.000000,0.000000
10768,11493552276,1059380,0,0,1797,0,0.000000,16384,1624,59380,4,1.000000,0.000000
10769,11494608936,1056660,0,0,1816,0,0.000000,16384,1617,56660,4,1.000000,0.000000
10770,11495665185,1056249,0,0,1814,0,0.000000,16384,1594,56249,4,1.000000,0.000000
10771,11496746023,1080838,0,0,1855,0,0.000000,16384,1646,80838,4,1.000000,0.000000
10772,11497806437,1060414,0,0,1832,0,0.000000,16384,1653,60414,4,1.000000,0.000000
10773,11498863264,1056827,0,0,1826,0,0.000000,16384,1650,56827,4,1.000000,0.000000
10774,11499920324,1057060,0,0,1790,0,0.000000,16384,1570,57060,4,1.000000,0.000000
10775,11500977287,1056963,0,0,1819,0,0.000000,16384,1595,56963,4,1.000000,0.000000
10776,11502033526,1056239,0,0,1817,0,0.000000,16384,1641,56239,4,1.000000,0.000000
10777,11503090258,1056732,0,0,1815,0,0.000000,16384,1640,56732,4,1.000000,0.000000
10778,11504147045,1056787,0,0,1814,0,0.000000,16384,1601,56787,4,1.000000,0.000000
10779,11505203326,1056281,0,0,1825,0,0.000000,16384,1605,56281,4,1.000000,0.000000
10780,11506260482,1057156,0,0,1824,0,0.000000,16384,1632,57156,4,1.000000,0.000000
10781,11507325195,1064713,0,0,1841,0,0.000000,16384,1660,64713,4,1.000000,0.000000
10782,11508381580,1056385,0,0,1826,0,0.000000,16384,1635,56385,4,1.000000,0.000000
10783,11509437318,1055738,0,0,1823,0,0.000000,16384,1603,55738,4,1.000000,0.000000
10784,11510493761,1056443,0,0,1797,0,0.000000,16384,1587,56443,4,1.000000,0.000000
10785,11511549638,1055877,0,0,1813,0,0.000000,16384,1638,55877,4,1.000000,0.000000
10786,11512608453,1058815,0,0,1707,0,0.000000,16384,1528,58815,4,1.000000,0.000000
10787,11513668640,1060187,0,0,1827,0,0.000000,16384,1607,60187,4,1.000000,0.000000
10788,11514725443,1056803,0,0,1828,0,0.000000,16384,1622,56803,4,1.000000,0.000000
10789,11515781805,1056362,0,0,1828,0,0.000000,16384,1650,56362,4,1.000000,0.000000
10790,11516838054,1056249,0,0,1826,0,0.000000,16384,1646,56249,4,1.000000,0.000000
10791,11517902105,1064051,0,0,1825,0,0.000000,16384,1603,64051,4,1.000000,0.000000
10792,11518958738,1056633,0,0,1816,0,0.000000,16384,1594,56633,4,1.000000,0.000000
10793,11520014829,1056091,0,0,1827,0,0.000000,16384,1647,56091,4,1.000000,0.000000
10794,11521070950,1056121,0,0,1825,0,0.000000,16384,1648,56121,4,1.000000,0.000000
10795,11522126835,1055885,0,0,1826,0,0.000000,16384,1619,55885,4,1.000000,0.000000
10796,11523182626,1055791,0,0,1824,0,0.000000,16384,1604,55791,4,1.000000,0.000000
10797,11524238241,1055615,0,0,1824,0,0.000000,16384,1624,55615,4,1.000000,0.000000
10798,11525293885,1055644,0,0,1825,0,0.000000,16384,1647,55644,4,1.000000,0.000000
10799,11526381181,1087296,0,0,1849,0,0.000000,16384,1663,87296,4,1.000000,0.000000
10800,11527472866,1091685,0,0,1829,0,0.000000,16384,1607,91685,4,1.000000,0.000000
10801,11528571649,1098783,0,0,1857,0,0.000000,16384,1635,98783,4,1.000000,0.000000
10802,11529637711,1066062,0,0,1613,0,0.000000,16384,1469,66062,4,1.000000,0.000000
10803,11530675984,1038273,0,0,1759,0,0.000000,16384,1563,38273,4,1.000000,0.000000
10804,11531703720,1027736,0,0,1758,0,0.000000,16384,1538,27736,4,1.000000,0.000000
10805,11532766621,1062901,0,0,1680,0,0.000000,16384,1524,62901,4,1.000000,0.000000
10806,11533827391,1060770,0,0,1672,0,0.000000,16384,1488,60770,4,1.000000,0.000000
10807,11534885340,1057949,0,0,1666,0,0.000000,16384,1463,57949,4,1.000000,0.000000
10808,11535942635,1057295,0,0,1670,0,0.000000,16384,1523,57295,4,1.000000,0.000000
10809,11537003817,1061182,0,0,1778,0,0.000000,16384,1568,61182,4,1.000000,0.000000
10810,11538066394,1062577,0,0,1798,0,0.000000,16384,1578,62577,4,1.000000,0.000000
10811,11539136279,1069885,0,0,1851,0,0.000000,16384,1664,69885,4,1.000000,0.000000
10812,11540193286,1057007,0,0,1817,0,0.000000,16384,1640,57007,4,1.000000,0.000000
10813,11541253783,1060497,0,0,1815,0,0.000000,16384,1615,60497,4,1.000000,0.000000
10814,11542315662,1061879,0,0,1640,0,0.000000,16384,1431,61879,4,1.000000,0.000000
10815,11543375524,1059862,0,0,1682,0,0.000000,16384,1533,59862,4,1.000000,0.000000
10816,11544432958,1057434,0,0,1754,0,0.000000,16384,1552,57434,4,1.000000,0.000000
10817,11545490588,1057630,0,0,1770,0,0.000000,16384,1550,57630,4,1.000000,0.000000
10818,11546548774,1058186,0,0,1792,0,0.000000,16384,1618,58186,4,1.000000,0.000000
10819,11547605762,1056988,0,0,1824,0,0.000000,16384,1647,56988,4,1.000000,0.000000
10820,11548664331,1058569,0,0,1643,0,0.000000,16384,1434,58569,4,1.000000,0.000000
10821,11549751296,1086965,0,0,1752,0,0.000000,16384,1563,86965,4,1.000000,0.000000
10822,11550808287,1056991,0,0,1800,0,0.000000,16384,1627,56991,4,1.000000,0.000000
10823,11551864540,1056253,0,0,1827,0,0.000000,16384,1625,56253,4,1.000000,0.000000
10824,11552922631,1058091,0,0,1732,0,0.000000,16384,1512,58091,4,1.000000,0.000000
10825,11553980677,1058046,0,0,1830,0,0.000000,16384,1642,58046,4,1.000000,0.000000
10826,11555037158,1056481,0,0,1816,0,0.000000,16384,1639,56481,4,1.000000,0.000000
10827,11556093957,1056799,0,0,1828,0,0.000000,16384,1629,56799,4,1.000000,0.000000
10828,11557150508,1056551,0,0,1786,0,0.000000,16384,1566,56551,4,1.000000,0.000000
10829,11558206677,1056169,0,0,1824,0,0.000000,16384,1624,56169,4,1.000000,0.000000
10830,11559262721,1056044,0,0,1816,0,0.000000,16384,1640,56044,4,1.000000,0.000000
10831,11560328686,1065965,0,0,1791,0,0.000000,16384,1603,65965,4,1.000000,0.000000
10832,11561385402,1056716,0,0,1822,0,0.000000,16384,1602,56716,4,1.000000,0.000000
10833,11562453365,1067963,0,0,1839,0,0.000000,16384,1625,67963,4,1.000000,0.000000
10834,11563520536,1067171,0,0,1566,0,0.000000,16384,1439,67171,4,1.000000,0.000000
10835,11564612440,1091904,0,0,1691,0,0.000000,16384,1472,91904,4,1.000000,0.000000
10836,11565709873,1097433,0,0,1853,0,0.000000,16384,1645,97433,4,1.000000,0.000000
10837,11566775401,1065528,0,0,1730,0,0.000000,16384,1571,65528,4,1.000000,0.000000
10838,11567839641,1064240,0,0,1807,0,0.000000,16384,1610,64240,4,1.000000,0.000000
10839,11568903047,1063406,0,0,1795,0,0.000000,16384,1575,63406,4,1.000000,0.000000
10840,11569966366,1063319,0,0,1786,0,0.000000,16384,1593,63319,4,1.000000,0.000000
10841,11571039668,1073302,0,0,1677,0,0.000000,16384,1530,73302,4,1.000000,0.000000
10842,11572100886,1061218,0,0,1625,0,0.000000,16384,1404,61218,4,1.000000,0.000000
10843,11573161878,1060992,0,0,1733,0,0.000000,16384,1563,60992,4,1.000000,0.000000
10844,11574220002,1058124,0,0,1830,0,0.000000,16384,1651,58124,4,1.000000,0.000000
10845,11575276595,1056593,0,0,1824,0,0.000000,16384,1610,56593,4,1.000000,0.000000
10846,11576333224,1056629,0,0,1812,0,0.000000,16384,1592,56629,4,1.000000,0.000000
10847,11577392739,1059515,0,0,1779,0,0.000000,16384,1598,59515,4,1.000000,0.000000
10848,11578451729,1058990,0,0,1828,0,0.000000,16384,1649,58990,4,1.000000,0.000000
10849,11579509030,1057301,0,0,1826,0,0.000000,16384,1621,57301,4,1.000000,0.000000
10850,11580565581,1056551,0,0,1824,0,0.000000,16384,1605,56551,4,1.000000,0.000000
10851,11581632370,1066789,0,0,1841,0,0.000000,16384,1635,66789,4,1.000000,0.000000
10852,11582670997,1038627,0,0,1785,0,0.000000,16384,1615,38627,4,1.000000,0.000000
10853,11583727770,1056773,0,0,1707,0,0.000000,16384,1519,56773,4,1.000000,0.000000
10854,11584784209,1056439,0,0,1825,0,0.000000,16384,1605,56439,4,1.000000,0.000000
10855,11585840340,1056131,0,0,1824,0,0.000000,16384,1629,56131,4,1.000000,0.000000
10856,11586896533,1056193,0,0,1827,0,0.000000,16384,1649,56193,4,1.000000,0.000000
10857,11587952429,1055896,0,0,1810,0,0.000000,16384,1619,55896,4,1.000000,0.000000
10858,11589007955,1055526,0,0,1824,0,0.000000,16384,1604,55526,4,1.000000,0.000000
10859,11590064801,1056846,0,0,1827,0,0.000000,16384,1614,56846,4,1.000000,0.000000
10860,11591121240,1056439,0,0,1825,0,0.000000,16384,1647,56439,4,1.000000,0.000000
10861,11592182177,1060937,0,0,1829,0,0.000000,16384,1650,60937,4,1.000000,0.000000
10862,11593241145,1058968,0,0,1643,0,0.000000,16384,1429,58968,4,1.000000,0.000000
10863,11594299959,1058814,0,0,1782,0,0.000000,16384,1591,58814,4,1.000000,0.000000
10864,11595356092,1056133,0,0,1825,0,0.000000,16384,1648,56133,4,1.000000,0.000000
10865,11596412302,1056210,0,0,1805,0,0.000000,16384,1609,56210,4,1.000000,0.000000
10866,11597472763,1060461,0,0,1817,0,0.000000,16384,1597,60461,4,1.000000,0.000000
10867,11598534192,1061429,0,0,1832,0,0.000000,16384,1625,61429,4,1.000000,0.000000
10868,11599591225,1057033,0,0,1826,0,0.000000,16384,1649,57033,4,1.000000,0.000000
10869,11600647279,1056054,0,0,1825,0,0.000000,16384,1645,56054,4,1.000000,0.000000
10870,11601671459,1024180,0,0,1723,0,0.000000,16384,1503,24180,4,1.000000,0.000000
10871,11602747635,1076176,0,0,1856,0,0.000000,16384,1643,76176,4,1.000000,0.000000
10872,11603804860,1057225,0,0,1829,0,0.000000,16384,1650,57225,4,1.000000,0.000000
10873,11604860800,1055940,0,0,1825,0,0.000000,16384,1647,55940,4,1.000000,0.000000
10874,11605916782,1055982,0,0,1823,0,0.000000,16384,1605,55982,4,1.000000,0.000000
10875,11606972771,1055989,0,0,1823,0,0.000000,16384,1603,55989,4,1.000000,0.000000
10876,11608029537,1056766,0,0,1828,0,0.000000,16384,1639,56766,4,1.000000,0.000000
10877,11609085517,1055980,0,0,1806,0,0.000000,16384,1633,55980,4,1.000000,0.000000
10878,11610141196,1055679,0,0,1823,0,0.000000,16384,1621,55679,4,1.000000,0.000000
10879,11611196906,1055710,0,0,1824,0,0.000000,16384,1604,55710,4,1.000000,0.000000
10880,11612253132,1056226,0,0,1805,0,0.000000,16384,1604,56226,4,1.000000,0.000000
10881,11613318743,1065611,0,0,1646,0,0.000000,16384,1505,65611,4,1.000000,0.000000
10882,11614382328,1063585,0,0,1772,0,0.000000,16384,1554,63585,4,1.000000,0.000000
10883,11615443701,1061373,0,0,1832,0,0.000000,16384,1608,61373,4,1.000000,0.000000
10884,11616500992,1057291,0,0,1814,0,0.000000,16384,1640,57291,4,1.000000,0.000000
10885,11617557486,1056494,0,0,1828,0,0.000000,16384,1649,56494,4,1.000000,0.000000
10886,11618621207,1063721,0,0,1522,0,0.000000,16384,1314,63721,4,1.000000,0.000000
10887,11619673217,1052010,0,0,1648,0,0.000000,16384,1502,52010,4,1.000000,0.000000
10888,11620730927,1057710,0,0,1820,0,0.000000,16384,1627,57710,4,1.000000,0.000000
10889,11621789800,1058873,0,0,1657,0,0.000000,16384,1437,58873,4,1.000000,0.000000
10890,11622848822,1059022,0,0,1677,0,0.000000,16384,1528,59022,4,1.000000,0.000000
10891,11623925716,1076894,0,0,1798,0,0.000000,16384,1607,76894,4,1.000000,0.000000
10892,11624983556,1057840,0,0,1670,0,0.000000,16384,1450,57840,4,1.000000,0.000000
10893,11626040663,1057107,0,0,1828,0,0.000000,16384,1647,57107,4,1.000000,0.000000
10894,11627100944,1060281,0,0,1829,0,0.000000,16384,1651,60281,4,1.000000,0.000000
10895,11628161874,1060930,0,0,1820,0,0.000000,16384,1615,60930,4,1.000000,0.000000
10896,11629218782,1056908,0,0,1824,0,0.000000,16384,1604,56908,4,1.000000,0.000000
10897,11630275635,1056853,0,0,1826,0,0.000000,16384,1625,56853,4,1.000000,0.000000
10898,11631331702,1056067,0,0,1797,0,0.000000,16384,1625,56067,4,1.000000,0.000000
10899,11632388712,1057010,0,0,1815,0,0.000000,16384,1624,57010,4,1.000000,0.000000
10900,11633446773,1058061,0,0,1751,0,0.000000,16384,1531,58061,4,1.000000,0.000000
10901,11634514038,1067265,0,0,1834,0,0.000000,16384,1633,67265,4,1.000000,0.000000
10902,11635571978,1057940,0,0,1718,0,0.000000,16384,1562,57940,4,1.000000,0.000000
10903,11636628946,1056968,0,0,1825,0,0.000000,16384,1618,56968,4,1.000000,0.000000
10904,11637670657,1041711,0,0,1796,0,0.000000,16384,1576,41711,4,1.000000,0.000000
10905,11638726901,1056244,0,0,1827,0,0.000000,16384,1632,56244,4,1.000000,0.000000
10906,11639783096,1056195,0,0,1816,0,0.000000,16384,1640,56195,4,1.000000,0.000000
10907,11640838827,1055731,0,0,1825,0,0.000000,16384,1632,55731,4,1.000000,0.000000
10908,11641894717,1055890,0,0,1825,0,0.000000,16384,1605,55890,4,1.000000,0.000000
10909,11642955521,1060804,0,0,1620,0,0.000000,16384,1447,60804,4,1.000000,0.000000
10910,11644014042,1058521,0,0,1831,0,0.000000,16384,1652,58521,4,1.000000,0.000000
10911,11645080767,1066725,0,0,1843,0,0.000000,16384,1631,66725,4,1.000000,0.000000
10912,11646138414,1057647,0,0,1810,0,0.000000,16384,1590,57647,4,1.000000,0.000000
10913,11647200000,1061586,0,0,1826,0,0.000000,16384,1630,61586,4,1.000000,0.000000
10914,11648261439,1061439,0,0,1744,0,0.000000,16384,1583,61439,4,1.000000,0.000000
10915,11649320155,1058716,0,0,1732,0,0.000000,16384,1525,58716,4,1.000000,0.000000
10916,11650377058,1056903,0,0,1816,0,0.000000,16384,1596,56903,4,1.000000,0.000000
10917,11651434565,1057507,0,0,1818,0,0.000000,16384,1640,57507,4,1.000000,0.000000
10918,11652492133,1057568,0,0,1830,0,0.000000,16384,1650,57568,4,1.000000,0.000000
10919,11653550012,1057879,0,0,1724,0,0.000000,16384,1520,57879,4,1.000000,0.000000
10920,11654606766,1056754,0,0,1817,0,0.000000,16384,1595,56754,4,1.000000,0.000000
10921,11655671249,1064483,0,0,1836,0,0.000000,16384,1655,64483,4,1.000000,0.000000
10922,11656727914,1056665,0,0,1816,0,0.000000,16384,1640,56665,4,1.000000,0.000000
10923,11657784745,1056831,0,0,1826,0,0.000000,16384,1619,56831,4,1.000000,0.000000
10924,11658840887,1056142,0,0,1823,0,0.000000,16384,1603,56142,4,1.000000,0.000000
10925,11659896962,1056075,0,0,1824,0,0.000000,16384,1625,56075,4,1.000000,0.000000
10926,11660952722,1055760,0,0,1825,0,0.000000,16384,1647,55760,4,1.000000,0.000000
10927,11662008731,1056009,0,0,1770,0,0.000000,16384,1583,56009,4,1.000000,0.000000
10928,11663065221,1056490,0,0,1790,0,0.000000,16384,1570,56490,4,1.000000,0.000000
10929,11664121189,1055968,0,0,1814,0,0.000000,16384,1614,55968,4,1.000000,0.000000
10930,11665177227,1056038,0,0,1783,0,0.000000,16384,1614,56038,4,1.000000,0.000000
10931,11666237924,1060697,0,0,1823,0,0.000000,16384,1628,60697,4,1.000000,0.000000
10932,11667293911,1055987,0,0,1824,0,0.000000,16384,1604,55987,4,1.000000,0.000000
10933,11668350028,1056117,0,0,1825,0,0.000000,16384,1613,56117,4,1.000000,0.000000
10934,11669406323,1056295,0,0,1827,0,0.000000,16384,1649,56295,4,1.000000,0.000000
10935,11670462396,1056073,0,0,1827,0,0.000000,16384,1649,56073,4,1.000000,0.000000
10936,11671518607,1056211,0,0,1824,0,0.000000,16384,1604,56211,4,1.000000,0.000000
10937,11672577455,1058848,0,0,1667,0,0.000000,16384,1470,58848,4,1.000000,0.000000
10938,11673636073,1058618,0,0,1750,0,0.000000,16384,1587,58618,4,1.000000,0.000000
10939,11674671726,1035653,0,0,1747,0,0.000000,16384,1547,35653,4,1.000000,0.000000
10940,11675729654,1057928,0,0,1808,0,0.000000,16384,1588,57928,4,1.000000,0.000000
10941,11676798018,1068364,0,0,1674,0,0.000000,16384,1516,68364,4,1.000000,0.000000
10942,11677855688,1057670,0,0,1688,0,0.000000,16384,1506,57670,4,1.000000,0.000000
10943,11678911855,1056167,0,0,1816,0,0.000000,16384,1596,56167,4,1.000000,0.000000
10944,11679968519,1056664,0,0,1818,0,0.000000,16384,1624,56664,4,1.000000,0.000000
10945,11681024447,1055928,0,0,1803,0,0.000000,16384,1629,55928,4,1.000000,0.000000
10946,11682080499,1056052,0,0,1787,0,0.000000,16384,1591,56052,4,1.000000,0.000000
10947,11683136384,1055885,0,0,1810,0,0.000000,16384,1590,55885,4,1.000000,0.000000
10948,11684192628,1056244,0,0,1749,0,0.000000,16384,1563,56244,4,1.000000,0.000000
10949,11685248486,1055858,0,0,1736,0,0.000000,16384,1577,55858,4,1.000000,0.000000
10950,11686304535,1056049,0,0,1802,0,0.000000,16384,1583,56049,4,1.000000,0.000000
10951,11687364759,1060224,0,0,1708,0,0.000000,16384,1506,60224,4,1.000000,0.000000
10952,11688421704,1056945,0,0,1774,0,0.000000,16384,1606,56945,4,1.000000,0.000000
10953,11689478087,1056383,0,0,1809,0,0.000000,16384,1618,56383,4,1.000000,0.000000
10954,11690535437,1057350,0,0,1661,0,0.000000,16384,1442,57350,4,1.000000,0.000000
10955,11691591952,1056515,0,0,1792,0,0.000000,16384,1567,56515,4,1.000000,0.000000
10956,11692648413,1056461,0,0,1720,0,0.000000,16384,1515,56461,4,1.000000,0.000000
10957,11693675342,1026929,0,0,1566,0,0.000000,16384,1435,26929,4,1.000000,0.000000
10958,11694734004,1058662,0,0,1669,0,0.000000,16384,1449,58662,4,1.000000,0.000000
10959,11695790246,1056242,0,0,1826,0,0.000000,16384,1632,56242,4,1.000000,0.000000
10960,11696851720,1061474,0,0,1824,0,0.000000,16384,1647,61474,4,1.000000,0.000000
10961,11697921792,1070072,0,0,1809,0,0.000000,16384,1616,70072,4,1.000000,0.000000
10962,11698979143,1057351,0,0,1810,0,0.000000,16384,1590,57351,4,1.000000,0.000000
10963,11700035939,1056796,0,0,1804,0,0.000000,16384,1600,56796,4,1.000000,0.000000
10964,11701091800,1055861,0,0,1811,0,0.000000,16384,1635,55861,4,1.000000,0.000000
10965,11702148220,1056420,0,0,1827,0,0.000000,16384,1643,56420,4,1.000000,0.000000
10966,11703205540,1057320,0,0,1824,0,0.000000,16384,1604,57320,4,1.000000,0.000000
10967,11704261849,1056309,0,0,1827,0,0.000000,16384,1603,56309,4,1.000000,0.000000
10968,11705318295,1056446,0,0,1790,0,0.000000,16384,1621,56446,4,1.000000,0.000000
10969,11706376292,1057997,0,0,1645,0,0.000000,16384,1474,57997,4,1.000000,0.000000
10970,11707433735,1057443,0,0,1776,0,0.000000,16384,1556,57443,4,1.000000,0.000000
10971,11708506743,1073008,0,0,1839,0,0.000000,16384,1646,73008,4,1.000000,0.000000
10972,11709563372,1056629,0,0,1824,0,0.000000,16384,1646,56629,4,1.000000,0.000000
10973,11710619431,1056059,0,0,1824,0,0.000000,16384,1631,56059,4,1.000000,0.000000
10974,11711670227,1050796,0,0,1810,0,0.000000,16384,1590,50796,4,1.000000,0.000000
10975,11712727563,1057336,0,0,1742,0,0.000000,16384,1548,57336,4,1.000000,0.000000
10976,11713787122,1059559,0,0,1694,0,0.000000,16384,1542,59559,4,1.000000,0.000000
10977,11714847700,1060578,0,0,1784,0,0.000000,16384,1568,60578,4,1.000000,0.000000
10978,11715909004,1061304,0,0,1657,0,0.000000,16384,1466,61304,4,1.000000,0.000000
10979,11716967313,1058309,0,0,1705,0,0.000000,16384,1551,58309,4,1.000000,0.000000
10980,11718024039,1056726,0,0,1817,0,0.000000,16384,1600,56726,4,1.000000,0.000000
10981,11719095018,1070979,0,0,1776,0,0.000000,16384,1555,70979,4,1.000000,0.000000
10982,11720156817,1061799,0,0,1826,0,0.000000,16384,1648,61799,4,1.000000,0.000000
10983,11721214133,1057316,0,0,1828,0,0.000000,16384,1650,57316,4,1.000000,0.000000
10984,11722270164,1056031,0,0,1825,0,0.000000,16384,1618,56031,4,1.000000,0.000000
10985,11723328429,1058265,0,0,1815,0,0.000000,16384,1595,58265,4,1.000000,0.000000
10986,11724387332,1058903,0,0,1690,0,0.000000,16384,1519,58903,4,1.000000,0.000000
10987,11725446645,1059313,0,0,1830,0,0.000000,16384,1651,59313,4,1.000000,0.000000
10988,11726504720,1058075,0,0,1745,0,0.000000,16384,1534,58075,4,1.000000,0.000000
10989,11727561434,1056714,0,0,1779,0,0.000000,16384,1566,56714,4,1.000000,0.000000
10990,11728617885,1056451,0,0,1813,0,0.000000,16384,1638,56451,4,1.000000,0.000000
10991,11729671629,1053744,0,0,1798,0,0.000000,16384,1622,53744,4,1.000000,0.000000
10992,11730728078,1056449,0,0,1824,0,0.000000,16384,1603,56449,4,1.000000,0.000000
10993,11731784164,1056086,0,0,1807,0,0.000000,16384,1585,56086,4,1.000000,0.000000
10994,11732841401,1057237,0,0,1826,0,0.000000,16384,1649,57237,4,1.000000,0.000000
10995,11733900769,1059368,0,0,1689,0,0.000000,16384,1526,59368,4,1.000000,0.000000
10996,11734959303,1058534,0,0,1827,0,0.000000,16384,1607,58534,4,1.000000,0.000000
10997,11736016272,1056969,0,0,1824,0,0.000000,16384,1607,56969,4,1.000000,0.000000
10998,11737073921,1057649,0,0,1818,0,0.000000,16384,1642,57649,4,1.000000,0.000000
10999,11738132524,1058603,0,0,1692,0,0.000000,16384,1521,58603,4,1.000000,0.000000
11000,11739190371,1057847,0,0,1728,0,0.000000,16384,1507,57847,4,1.000000,0.000000
11001,11740299618,1109247,0,0,1643,0,0.000000,16384,1490,109247,4,1.000000,0.000000
11002,11741368461,1068843,0,0,1582,0,0.000000,16384,1400,68843,4,1.000000,0.000000
11003,11742430406,1061945,0,0,1668,0,0.000000,16384,1481,61945,4,1.000000,0.000000
11004,11743494804,1064398,0,0,1549,0,0.000000,16384,1396,64398,4,1.000000,0.000000
11005,11744558196,1063392,0,0,1560,0,0.000000,16384,1372,63392,4,1.000000,0.000000
11006,11745616735,1058539,0,0,1652,0,0.000000,16384,1504,58539,4,1.000000,0.000000
11007,11746710841,1094106,0,0,1868,0,0.000000,16384,1644,94106,4,1.000000,0.000000
11008,11747776032,1065191,0,0,1804,0,0.000000,16384,1584,65191,4,1.000000,0.000000
11009,11748837475,1061443,0,0,1651,0,0.000000,16384,1502,61443,4,1.000000,0.000000
11010,11749900203,1062728,0,0,1767,0,0.000000,16384,1576,62728,4,1.000000,0.000000
11011,11750988787,1088584,0,0,1806,0,0.000000,16384,1586,88584,4,1.000000,0.000000
11012,11752052640,1063853,0,0,1771,0,0.000000,16384,1582,63853,4,1.000000,0.000000
11013,11753117218,1064578,0,0,1633,0,0.000000,16384,1482,64578,4,1.000000,0.000000
11014,11754178016,1060798,0,0,1616,0,0.000000,16384,1397,60798,4,1.000000,0.000000
11015,11755278047,1100031,0,0,1775,0,0.000000,16384,1608,100031,4,1.000000,0.000000
11016,11756352573,1074526,0,0,1476,0,0.000000,16384,1306,74526,4,1.000000,0.000000
11017,11757417591,1065018,0,0,1496,0,0.000000,16384,1353,65018,4,1.000000,0.000000
11018,11758480577,1062986,0,0,1520,0,0.000000,16384,1327,62986,4,1.000000,0.000000
11019,11759541639,1061062,0,0,1544,0,0.000000,16384,1406,61062,4,1.000000,0.000000
11020,11760601537,1059898,0,0,1559,0,0.000000,16384,1361,59898,4,1.000000,0.000000
11021,11761673679,1072142,0,0,1571,0,0.000000,16384,1423,72142,4,1.000000,0.000000
11022,11762732798,1059119,0,0,1666,0,0.000000,16384,1474,59119,4,1.000000,0.000000
11023,11763792253,1059455,0,0,1654,0,0.000000,16384,1462,59455,4,1.000000,0.000000
11024,11764850148,1057895,0,0,1669,0,0.000000,16384,1525,57895,4,1.000000,0.000000
11025,11765906666,1056518,0,0,1640,0,0.000000,16384,1420,56518,4,1.000000,0.000000
11026,11766963106,1056440,0,0,1703,0,0.000000,16384,1533,56440,4,1.000000,0.000000
11027,11768019610,1056504,0,0,1826,0,0.000000,16384,1648,56504,4,1.000000,0.000000
11028,11769075693,1056083,0,0,1825,0,0.000000,16384,1609,56083,4,1.000000,0.000000
11029,11770131704,1056011,0,0,1825,0,0.000000,16384,1605,56011,4,1.000000,0.000000
11030,11771187643,1055939,0,0,1826,0,0.000000,16384,1635,55939,4,1.000000,0.000000
11031,11772252459,1064816,0,0,1840,0,0.000000,16384,1659,64816,4,1.000000,0.000000
11032,11773313774,1061315,0,0,1529,0,0.000000,16384,1341,61315,4,1.000000,0.000000
11033,11774380370,1066596,0,0,1537,0,0.000000,16384,1393,66596,4,1.000000,0.000000
11034,11775444768,1064398,0,0,1550,0,0.000000,16384,1358,64398,4,1.000000,0.000000
11035,11776503717,1058949,0,0,1636,0,0.000000,16384,1470,58949,4,1.000000,0.000000
11036,11777561176,1057459,0,0,1775,0,0.000000,16384,1601,57459,4,1.000000,0.000000
11037,11778619604,1058428,0,0,1811,0,0.000000,16384,1590,58428,4,1.000000,0.000000
11038,11779670188,1050584,0,0,1800,0,0.000000,16384,1586,50584,4,1.000000,0.000000
11039,11780726835,1056647,0,0,1819,0,0.000000,16384,1643,56647,4,1.000000,0.000000
11040,11781782697,1055862,0,0,1823,0,0.000000,16384,1646,55862,4,1.000000,0.000000
11041,11782850933,1068236,0,0,1834,0,0.000000,16384,1614,68236,4,1.000000,0.000000
11042,11783906815,1055882,0,0,1820,0,0.000000,16384,1600,55882,4,1.000000,0.000000
11043,11784962208,1055393,0,0,1826,0,0.000000,16384,1638,55393,4,1.000000,0.000000
11044,11786017856,1055648,0,0,1828,0,0.000000,16384,1650,55648,4,1.000000,0.000000
11045,11787073514,1055658,0,0,1826,0,0.000000,16384,1628,55658,4,1.000000,0.000000
11046,11788130510,1056996,0,0,1809,0,0.000000,16384,1589,56996,4,1.000000,0.000000
11047,11789187015,1056505,0,0,1818,0,0.000000,16384,1613,56505,4,1.000000,0.000000
11048,11790242632,1055617,0,0,1826,0,0.000000,16384,1648,55617,4,1.000000,0.000000
11049,11791298556,1055924,0,0,1800,0,0.000000,16384,1619,55924,4,1.000000,0.000000
11050,11792354767,1056211,0,0,1825,0,0.000000,16384,1605,56211,4,1.000000,0.000000
11051,11793418495,1063728,0,0,1766,0,0.000000,16384,1557,63728,4,1.000000,0.000000
11052,11794481632,1063137,0,0,1664,0,0.000000,16384,1518,63137,4,1.000000,0.000000
11053,11795538627,1056995,0,0,1744,0,0.000000,16384,1534,56995,4,1.000000,0.000000
11054,11796594615,1055988,0,0,1823,0,0.000000,16384,1604,55988,4,1.000000,0.000000
11055,11797655151,1060536,0,0,1826,0,0.000000,16384,1645,60536,4,1.000000,0.000000
11056,11798672641,1017490,0,0,1754,0,0.000000,16384,1590,17490,4,1.000000,0.000000
11057,11799729575,1056934,0,0,1814,0,0.000000,16384,1595,56934,4,1.000000,0.000000
11058,11800785543,1055968,0,0,1824,0,0.000000,16384,1604,55968,4,1.000000,0.000000
11059,11801841654,1056111,0,0,1827,0,0.000000,16384,1641,56111,4,1.000000,0.000000
11060,11802898651,1056997,0,0,1783,0,0.000000,16384,1614,56997,4,1.000000,0.000000
11061,11803965909,1067258,0,0,1786,0,0.000000,16384,1577,67258,4,1.000000,0.000000
11062,11805021993,1056084,0,0,1743,0,0.000000,16384,1526,56084,4,1.000000,0.000000
11063,11806077428,1055435,0,0,1824,0,0.000000,16384,1647,55435,4,1.000000,0.000000
11064,11807134450,1057022,0,0,1784,0,0.000000,16384,1615,57022,4,1.000000,0.000000
11065,11808191409,1056959,0,0,1744,0,0.000000,16384,1527,56959,4,1.000000,0.000000
11066,11809249496,1058087,0,0,1685,0,0.000000,16384,1496,58087,4,1.000000,0.000000
11067,11810305855,1056359,0,0,1826,0,0.000000,16384,1648,56359,4,1.000000,0.000000
11068,11811361920,1056065,0,0,1826,0,0.000000,16384,1628,56065,4,1.000000,0.000000
11069,11812418125,1056205,0,0,1825,0,0.000000,16384,1606,56205,4,1.000000,0.000000
11070,11813478221,1060096,0,0,1697,0,0.000000,16384,1513,60096,4,1.000000,0.000000
11071,11814560278,1082057,0,0,1842,0,0.000000,16384,1661,82057,4,1.000000,0.000000
11072,11815617591,1057313,0,0,1825,0,0.000000,16384,1626,57313,4,1.000000,0.000000
11073,11816671219,1053628,0,0,1815,0,0.000000,16384,1595,53628,4,1.000000,0.000000
11074,11817728206,1056987,0,0,1805,0,0.000000,16384,1603,56987,4,1.000000,0.000000
11075,11818784434,1056228,0,0,1816,0,0.000000,16384,1640,56228,4,1.000000,0.000000
11076,11819840696,1056262,0,0,1826,0,0.000000,16384,1640,56262,4,1.000000,0.000000
11077,11820897165,1056469,0,0,1825,0,0.000000,16384,1604,56469,4,1.000000,0.000000
11078,11821952849,1055684,0,0,1823,0,0.000000,16384,1601,55684,4,1.000000,0.000000
11079,11823008824,1055975,0,0,1826,0,0.000000,16384,1650,55975,4,1.000000,0.000000
11080,11824065449,1056625,0,0,1716,0,0.000000,16384,1551,56625,4,1.000000,0.000000
11081,11825127415,1061966,0,0,1824,0,0.000000,16384,1604,61966,4,1.000000,0.000000
11082,11826183396,1055981,0,0,1817,0,0.000000,16384,1598,55981,4,1.000000,0.000000
11083,11827239119,1055723,0,0,1826,0,0.000000,16384,1648,55723,4,1.000000,0.000000
11084,11828294916,1055797,0,0,1826,0,0.000000,16384,1648,55797,4,1.000000,0.000000
11085,11829351204,1056288,0,0,1825,0,0.000000,16384,1612,56288,4,1.000000,0.000000
11086,11830407579,1056375,0,0,1807,0,0.000000,16384,1587,56375,4,1.000000,0.000000
11087,11831466002,1058423,0,0,1790,0,0.000000,16384,1607,58423,4,1.000000,0.000000
11088,11832522962,1056960,0,0,1680,0,0.000000,16384,1522,56960,4,1.000000,0.000000
11089,11833585566,1062604,0,0,1747,0,0.000000,16384,1528,62604,4,1.000000,0.000000
11090,11834644017,1058451,0,0,1802,0,0.000000,16384,1601,58451,4,1.000000,0.000000
11091,11835671070,1027053,0,0,1774,0,0.000000,16384,1607,27053,4,1.000000,0.000000
11092,11836728031,1056961,0,0,1828,0,0.000000,16384,1632,56961,4,1.000000,0.000000
11093,11837784563,1056532,0,0,1825,0,0.000000,16384,1605,56532,4,1.000000,0.000000
11094,11838840711,1056148,0,0,1809,0,0.000000,16384,1600,56148,4,1.000000,0.000000
11095,11839896792,1056081,0,0,1817,0,0.000000,16384,1641,56081,4,1.000000,0.000000
11096,11840952765,1055973,0,0,1827,0,0.000000,16384,1648,55973,4,1.000000,0.000000
11097,11842008413,1055648,0,0,1816,0,0.000000,16384,1594,55648,4,1.000000,0.000000
11098,11843065517,1057104,0,0,1812,0,0.000000,16384,1590,57104,4,1.000000,0.000000
11099,11844127700,1062183,0,0,1593,0,0.000000,16384,1462,62183,4,1.000000,0.000000
11100,11845188175,1060475,0,0,1609,0,0.000000,16384,1404,60475,4,1.000000,0.000000
11101,11846254993,1066818,0,0,1765,0,0.000000,16384,1575,66818,4,1.000000,0.000000
11102,11847317751,1062758,0,0,1768,0,0.000000,16384,1602,62758,4,1.000000,0.000000
11103,11848379954,1062203,0,0,1823,0,0.000000,16384,1614,62203,4,1.000000,0.000000
11104,11849438079,1058125,0,0,1819,0,0.000000,16384,1600,58125,4,1.000000,0.000000
11105,11850494483,1056404,0,0,1826,0,0.000000,16384,1629,56404,4,1.000000,0.000000
11106,11851551518,1057035,0,0,1818,0,0.000000,16384,1641,57035,4,1.000000,0.000000
11107,11852607316,1055798,0,0,1826,0,0.000000,16384,1636,55798,4,1.000000,0.000000
11108,11853674285,1066969,0,0,1775,0,0.000000,16384,1555,66969,4,1.000000,0.000000
11109,11854732658,1058373,0,0,1790,0,0.000000,16384,1590,58373,4,1.000000,0.000000
11110,11855789111,1056453,0,0,1827,0,0.000000,16384,1649,56453,4,1.000000,0.000000
11111,11856864350,1075239,0,0,1834,0,0.000000,16384,1648,75239,4,1.000000,0.000000
11112,11857922555,1058205,0,0,1793,0,0.000000,16384,1573,58205,4,1.000000,0.000000
11113,11858978708,1056153,0,0,1825,0,0.000000,16384,1608,56153,4,1.000000,0.000000
11114,11860034664,1055956,0,0,1824,0,0.000000,16384,1647,55956,4,1.000000,0.000000
11115,11861090499,1055835,0,0,1826,0,0.000000,16384,1648,55835,4,1.000000,0.000000
11116,11862146392,1055893,0,0,1813,0,0.000000,16384,1597,55893,4,1.000000,0.000000
11117,11863202949,1056557,0,0,1807,0,0.000000,16384,1587,56557,4,1.000000,0.000000
11118,11864259067,1056118,0,0,1826,0,0.000000,16384,1641,56118,4,1.000000,0.000000
11119,11865314975,1055908,0,0,1812,0,0.000000,16384,1636,55908,4,1.000000,0.000000
11120,11866371102,1056127,0,0,1824,0,0.000000,16384,1621,56127,4,1.000000,0.000000
11121,11867432774,1061672,0,0,1834,0,0.000000,16384,1614,61672,4,1.000000,0.000000
11122,11868489784,1057010,0,0,1828,0,0.000000,16384,1622,57010,4,1.000000,0.000000
11123,11869547353,1057569,0,0,1715,0,0.000000,16384,1559,57569,4,1.000000,0.000000
11124,11870603624,1056271,0,0,1815,0,0.000000,16384,1613,56271,4,1.000000,0.000000
11125,11871659899,1056275,0,0,1825,0,0.000000,16384,1605,56275,4,1.000000,0.000000
11126,11872673258,1013359,0,0,1742,0,0.000000,16384,1556,13359,4,1.000000,0.000000
11127,11873733862,1060604,0,0,1604,0,0.000000,16384,1450,60604,4,1.000000,0.000000
11128,11874797413,1063551,0,0,1635,0,0.000000,16384,1422,63551,4,1.000000,0.000000
11129,11875856413,1059000,0,0,1669,0,0.000000,16384,1522,59000,4,1.000000,0.000000
11130,11876913394,1056981,0,0,1698,0,0.000000,16384,1499,56981,4,1.000000,0.000000
11131,11877979270,1065876,0,0,1813,0,0.000000,16384,1592,65876,4,1.000000,0.000000
11132,11879036329,1057059,0,0,1827,0,0.000000,16384,1648,57059,4,1.000000,0.000000
11133,11880092405,1056076,0,0,1826,0,0.000000,16384,1648,56076,4,1.000000,0.000000
11134,11881148097,1055692,0,0,1825,0,0.000000,16384,1617,55692,4,1.000000,0.000000
11135,11882213398,1065301,0,0,1638,0,0.000000,16384,1434,65301,4,1.000000,0.000000
11136,11883280106,1066708,0,0,1511,0,0.000000,16384,1380,66708,4,1.000000,0.000000
11137,11884348345,1068239,0,0,1446,0,0.000000,16384,1266,68239,4,1.000000,0.000000
11138,11885416353,1068008,0,0,1462,0,0.000000,16384,1310,68008,4,1.000000,0.000000
11139,11886479357,1063004,0,0,1561,0,0.000000,16384,1390,63004,4,1.000000,0.000000
11140,11887540313,1060956,0,0,1558,0,0.000000,16384,1389,60956,4,1.000000,0.000000
11141,11888622564,1082251,0,0,1686,0,0.000000,16384,1487,82251,4,1.000000,0.000000
11142,11889672926,1050362,0,0,1653,0,0.000000,16384,1509,50362,4,1.000000,0.000000
11143,11890730277,1057351,0,0,1664,0,0.000000,16384,1451,57351,4,1.000000,0.000000
11144,11891791282,1061005,0,0,1652,0,0.000000,16384,1483,61005,4,1.000000,0.000000
11145,11892851725,1060443,0,0,1828,0,0.000000,16384,1649,60443,4,1.000000,0.000000
11146,11893912278,1060553,0,0,1746,0,0.000000,16384,1534,60553,4,1.000000,0.000000
11147,11894975006,1062728,0,0,1567,0,0.000000,16384,1398,62728,4,1.000000,0.000000
11148,11896035526,1060520,0,0,1662,0,0.000000,16384,1491,60520,4,1.000000,0.000000
11149,11897125893,1090367,0,0,1705,0,0.000000,16384,1485,90367,4,1.000000,0.000000
11150,11898188452,1062559,0,0,1588,0,0.000000,16384,1456,62559,4,1.000000,0.000000
11151,11899265558,1077106,0,0,1693,0,0.000000,16384,1489,77106,4,1.000000,0.000000
11152,11900323735,1058177,0,0,1666,0,0.000000,16384,1479,58177,4,1.000000,0.000000
11153,11901380283,1056548,0,0,1665,0,0.000000,16384,1512,56548,4,1.000000,0.000000
11154,11902436327,1056044,0,0,1663,0,0.000000,16384,1443,56044,4,1.000000,0.000000
11155,11903494358,1058031,0,0,1667,0,0.000000,16384,1508,58031,4,1.000000,0.000000
11156,11904582995,1088637,0,0,1847,0,0.000000,16384,1566,88637,4,1.000000,0.000000
11157,11905675537,1092542,0,0,1861,0,0.000000,16384,1676,92542,4,1.000000,0.000000
11158,11906702322,1026785,0,0,1863,0,0.000000,16384,1678,26785,4,1.000000,0.000000
11159,11907764890,1062568,0,0,1932,0,0.000000,16384,1733,62568,4,1.000000,0.000000
11160,11908827330,1062440,0,0,1897,0,0.000000,16384,1673,62440,4,1.000000,0.000000
11161,11909906040,1078710,0,0,1944,0,0.000000,16384,1724,78710,4,1.000000,0.000000
11162,11910968433,1062393,0,0,1896,0,0.000000,16384,1672,62393,4,1.000000,0.000000
11163,11912028762,1060329,0,0,1764,0,0.000000,16384,1586,60329,4,1.000000,0.000000
11164,11913087639,1058877,0,0,1767,0,0.000000,16384,1602,58877,4,1.000000,0.000000
11165,11914147657,1060018,0,0,1608,0,0.000000,16384,1391,60018,4,1.000000,0.000000
11166,11915205820,1058163,0,0,1664,0,0.000000,16384,1507,58163,4,1.000000,0.000000
11167,11916263815,1057995,0,0,1689,0,0.000000,16384,1506,57995,4,1.000000,0.000000
11168,11917321327,1057512,0,0,1752,0,0.000000,16384,1532,57512,4,1.000000,0.000000
11169,11918377813,1056486,0,0,1828,0,0.000000,16384,1645,56486,4,1.000000,0.000000
11170,11919435094,1057281,0,0,1830,0,0.000000,16384,1651,57281,4,1.000000,0.000000
11171,11920502672,1067578,0,0,1843,0,0.000000,16384,1641,67578,4,1.000000,0.000000
11172,11921559098,1056426,0,0,1806,0,0.000000,16384,1586,56426,4,1.000000,0.000000
11173,11922614983,1055885,0,0,1813,0,0.000000,16384,1611,55885,4,1.000000,0.000000
11174,11923671206,1056223,0,0,1822,0,0.000000,16384,1644,56223,4,1.000000,0.000000
11175,11924728739,1057533,0,0,1799,0,0.000000,16384,1615,57533,4,1.000000,0.000000
11176,11925785820,1057081,0,0,1825,0,0.000000,16384,1605,57081,4,1.000000,0.000000
11177,11926841898,1056078,0,0,1823,0,0.000000,16384,1606,56078,4,1.000000,0.000000
11178,11927897620,1055722,0,0,1819,0,0.000000,16384,1642,55722,4,1.000000,0.000000
11179,11928953380,1055760,0,0,1827,0,0.000000,16384,1649,55760,4,1.000000,0.000000
11180,11930009286,1055906,0,0,1815,0,0.000000,16384,1599,55906,4,1.000000,0.000000
11181,11931070640,1061354,0,0,1780,0,0.000000,16384,1560,61354,4,1.000000,0.000000
11182,11932126553,1055913,0,0,1825,0,0.000000,16384,1644,55913,4,1.000000,0.000000
11183,11933183603,1057050,0,0,1828,0,0.000000,16384,1650,57050,4,1.000000,0.000000
11184,11934229250,1045647,0,0,1701,0,0.000000,16384,1500,45647,4,1.000000,0.000000
11185,11935294443,1065193,0,0,1626,0,0.000000,16384,1443,65193,4,1.000000,0.000000
11186,11936357035,1062592,0,0,1677,0,0.000000,16384,1520,62592,4,1.000000,0.000000
11187,11937415389,1058354,0,0,1665,0,0.000000,16384,1445,58354,4,1.000000,0.000000
11188,11938506057,1090668,0,0,1835,0,0.000000,16384,1644,90668,4,1.000000,0.000000
11189,11939596158,1090101,0,0,1844,0,0.000000,16384,1663,90101,4,1.000000,0.000000
11190,11940689612,1093454,0,0,1867,0,0.000000,16384,1675,93454,4,1.000000,0.000000
11191,11941763541,1073929,0,0,1931,0,0.000000,16384,1706,73929,4,1.000000,0.000000
11192,11942823979,1060438,0,0,1915,0,0.000000,16384,1696,60438,4,1.000000,0.000000
11193,11943886346,1062367,0,0,1919,0,0.000000,16384,1695,62367,4,1.000000,0.000000
11194,11944950749,1064403,0,0,1595,0,0.000000,16384,1451,64403,4,1.000000,0.000000
11195,11946012269,1061520,0,0,1669,0,0.000000,16384,1476,61520,4,1.000000,0.000000
11196,11947070329,1058060,0,0,1659,0,0.000000,16384,1468,58060,4,1.000000,0.000000
11197,11948131764,1061435,0,0,1676,0,0.000000,16384,1528,61435,4,1.000000,0.000000
11198,11949192068,1060304,0,0,1819,0,0.000000,16384,1595,60304,4,1.000000,0.000000
11199,11950248690,1056622,0,0,1802,0,0.000000,16384,1582,56622,4,1.000000,0.000000
11200,11951305347,1056657,0,0,1816,0,0.000000,16384,1641,56657,4,1.000000,0.000000
11201,11952402464,1097117,0,0,1962,0,0.000000,16384,1756,97117,4,1.000000,0.000000
11202,11953490490,1088026,0,0,1955,0,0.000000,16384,1752,88026,4,1.000000,0.000000
11203,11954552728,1062238,0,0,1768,0,0.000000,16384,1564,62238,4,1.000000,0.000000
11204,11955612294,1059566,0,0,1830,0,0.000000,16384,1609,59566,4,1.000000,0.000000
11205,11956671808,1059514,0,0,1824,0,0.000000,16384,1633,59514,4,1.000000,0.000000
11206,11957729663,1057855,0,0,1810,0,0.000000,16384,1635,57855,4,1.000000,0.000000
11207,11958790562,1060899,0,0,1675,0,0.000000,16384,1480,60899,4,1.000000,0.000000
11208,11959848441,1057879,0,0,1806,0,0.000000,16384,1584,57879,4,1.000000,0.000000
11209,11960904681,1056240,0,0,1826,0,0.000000,16384,1649,56240,4,1.000000,0.000000
11210,11961961210,1056529,0,0,1815,0,0.000000,16384,1640,56529,4,1.000000,0.000000
11211,11963036122,1074912,0,0,1855,0,0.000000,16384,1643,74912,4,1.000000,0.000000
11212,11964094448,1058326,0,0,1790,0,0.000000,16384,1570,58326,4,1.000000,0.000000
11213,11965152123,1057675,0,0,1782,0,0.000000,16384,1596,57675,4,1.000000,0.000000
11214,11966208735,1056612,0,0,1816,0,0.000000,16384,1639,56612,4,1.000000,0.000000
11215,11967265003,1056268,0,0,1826,0,0.000000,16384,1625,56268,4,1.000000,0.000000
11216,11968321274,1056271,0,0,1824,0,0.000000,16384,1604,56271,4,1.000000,0.000000
11217,11969377782,1056508,0,0,1824,0,0.000000,16384,1619,56508,4,1.000000,0.000000
11218,11970433965,1056183,0,0,1826,0,0.000000,16384,1648,56183,4,1.000000,0.000000
11219,11971490272,1056307,0,0,1826,0,0.000000,16384,1645,56307,4,1.000000,0.000000
11220,11972549097,1058825,0,0,1707,0,0.000000,16384,1487,58825,4,1.000000,0.000000
11221,11973616622,1067525,0,0,1623,0,0.000000,16384,1461,67525,4,1.000000,0.000000
11222,11974676210,1059588,0,0,1572,0,0.000000,16384,1398,59588,4,1.000000,0.000000
11223,11975737754,1061544,0,0,1814,0,0.000000,16384,1590,61544,4,1.000000,0.000000
11224,11976793894,1056140,0,0,1816,0,0.000000,16384,1642,56140,4,1.000000,0.000000
11225,11977849697,1055803,0,0,1826,0,0.000000,16384,1648,55803,4,1.000000,0.000000
11226,11978906806,1057109,0,0,1825,0,0.000000,16384,1613,57109,4,1.000000,0.000000
11227,11979962757,1055951,0,0,1824,0,0.000000,16384,1604,55951,4,1.000000,0.000000
11228,11981018680,1055923,0,0,1816,0,0.000000,16384,1623,55923,4,1.000000,0.000000
11229,11982074549,1055869,0,0,1816,0,0.000000,16384,1640,55869,4,1.000000,0.000000
11230,11983130417,1055868,0,0,1827,0,0.000000,16384,1632,55868,4,1.000000,0.000000
11231,11984200369,1069952,0,0,1731,0,0.000000,16384,1511,69952,4,1.000000,0.000000
11232,11985259496,1059127,0,0,1727,0,0.000000,16384,1553,59127,4,1.000000,0.000000
11233,11986316432,1056936,0,0,1774,0,0.000000,16384,1608,56936,4,1.000000,0.000000
11234,11987373654,1057222,0,0,1826,0,0.000000,16384,1602,57222,4,1.000000,0.000000
11235,11988430231,1056577,0,0,1807,0,0.000000,16384,1587,56577,4,1.000000,0.000000
11236,11989486653,1056422,0,0,1817,0,0.000000,16384,1637,56422,4,1.000000,0.000000
11237,11990542417,1055764,0,0,1815,0,0.000000,16384,1639,55764,4,1.000000,0.000000
11238,11991598078,1055661,0,0,1823,0,0.000000,16384,1615,55661,4,1.000000,0.000000
11239,11992653960,1055882,0,0,1823,0,0.000000,16384,1603,55882,4,1.000000,0.000000
11240,11993673529,1019569,0,0,1748,0,0.000000,16384,1566,19569,4,1.000000,0.000000
11241,11994739303,1065774,0,0,1766,0,0.000000,16384,1600,65774,4,1.000000,0.000000
11242,11995796857,1057554,0,0,1828,0,0.000000,16384,1612,57554,4,1.000000,0.000000
11243,11996853062,1056205,0,0,1814,0,0.000000,16384,1594,56205,4,1.000000,0.000000
11244,11997913436,1060374,0,0,1806,0,0.000000,16384,1620,60374,4,1.000000,0.000000
11245,11998980790,1067354,0,0,1839,0,0.000000,16384,1658,67354,4,1.000000,0.000000
11246,12000038493,1057703,0,0,1807,0,0.000000,16384,1610,57703,4,1.000000,0.000000
11247,12001094585,1056092,0,0,1824,0,0.000000,16384,1604,56092,4,1.000000,0.000000
11248,12002150398,1055813,0,0,1825,0,0.000000,16384,1619,55813,4,1.000000,0.000000
11249,12003206959,1056561,0,0,1812,0,0.000000,16384,1637,56561,4,1.000000,0.000000
11250,12004262810,1055851,0,0,1825,0,0.000000,16384,1642,55851,4,1.000000,0.000000
11251,12005348946,1086136,0,0,1866,0,0.000000,16384,1642,86136,4,1.000000,0.000000
11252,12006405140,1056194,0,0,1815,0,0.000000,16384,1595,56194,4,1.000000,0.000000
11253,12007460958,1055818,0,0,1825,0,0.000000,16384,1641,55818,4,1.000000,0.000000
11254,12008516819,1055861,0,0,1829,0,0.000000,16384,1650,55861,4,1.000000,0.000000
11255,12009572648,1055829,0,0,1826,0,0.000000,16384,1625,55829,4,1.000000,0.000000
11256,12010628836,1056188,0,0,1826,0,0.000000,16384,1606,56188,4,1.000000,0.000000
11257,12011670184,1041348,0,0,1798,0,0.000000,16384,1597,41348,4,1.000000,0.000000
11258,12012727689,1057505,0,0,1702,0,0.000000,16384,1549,57505,4,1.000000,0.000000
11259,12013786493,1058804,0,0,1790,0,0.000000,16384,1580,58804,4,1.000000,0.000000
11260,12014845880,1059387,0,0,1683,0,0.000000,16384,1479,59387,4,1.000000,0.000000
11261,12015920013,1074133,0,0,1853,0,0.000000,16384,1670,74133,4,1.000000,0.000000
11262,12016977437,1057424,0,0,1828,0,0.000000,16384,1650,57424,4,1.000000,0.000000
11263,12018033682,1056245,0,0,1824,0,0.000000,16384,1605,56245,4,1.000000,0.000000
11264,12019090102,1056420,0,0,1824,0,0.000000,16384,1604,56420,4,1.000000,0.000000
11265,12020145966,1055864,0,0,1825,0,0.000000,16384,1637,55864,4,1.000000,0.000000
11266,12021201827,1055861,0,0,1816,0,0.000000,16384,1640,55861,4,1.000000,0.000000
11267,12022257566,1055739,0,0,1813,0,0.000000,16384,1613,55739,4,1.000000,0.000000
11268,12023313209,1055643,0,0,1814,0,0.000000,16384,1594,55643,4,1.000000,0.000000
11269,12024369558,1056349,0,0,1799,0,0.000000,16384,1602,56349,4,1.000000,0.000000
11270,12025426851,1057293,0,0,1705,0,0.000000,16384,1551,57293,4,1.000000,0.000000
11271,12026488821,1061970,0,0,1789,0,0.000000,16384,1576,61970,4,1.000000,0.000000
11272,12027545003,1056182,0,0,1817,0,0.000000,16384,1597,56182,4,1.000000,0.000000
11273,12028601771,1056768,0,0,1817,0,0.000000,16384,1633,56768,4,1.000000,0.000000
11274,12029658564,1056793,0,0,1806,0,0.000000,16384,1632,56793,4,1.000000,0.000000
11275,12030670683,1012119,0,0,1724,0,0.000000,16384,1520,12119,4,1.000000,0.000000
11276,12031727881,1057198,0,0,1807,0,0.000000,16384,1585,57198,4,1.000000,0.000000
11277,12032784648,1056767,0,0,1815,0,0.000000,16384,1640,56767,4,1.000000,0.000000
11278,12033840533,1055885,0,0,1827,0,0.000000,16384,1649,55885,4,1.000000,0.000000
11279,12034898221,1057688,0,0,1755,0,0.000000,16384,1544,57688,4,1.000000,0.000000
11280,12035955233,1057012,0,0,1824,0,0.000000,16384,1604,57012,4,1.000000,0.000000
11281,12037018008,1062775,0,0,1826,0,0.000000,16384,1644,62775,4,1.000000,0.000000
11282,12038074388,1056380,0,0,1818,0,0.000000,16384,1642,56380,4,1.000000,0.000000
11283,12039130924,1056536,0,0,1754,0,0.000000,16384,1548,56536,4,1.000000,0.000000
11284,12040186541,1055617,0,0,1806,0,0.000000,16384,1586,55617,4,1.000000,0.000000
11285,12041242668,1056127,0,0,1816,0,0.000000,16384,1634,56127,4,1.000000,0.000000
11286,12042298638,1055970,0,0,1826,0,0.000000,16384,1648,55970,4,1.000000,0.000000
11287,12043355262,1056624,0,0,1824,0,0.000000,16384,1620,56624,4,1.000000,0.000000
11288,12044411980,1056718,0,0,1822,0,0.000000,16384,1602,56718,4,1.000000,0.000000
11289,12045480465,1068485,0,0,1433,0,0.000000,16384,1309,68485,4,1.000000,0.000000
11290,12046548289,1067824,0,0,1471,0,0.000000,16384,1270,67824,4,1.000000,0.000000
11291,12047634188,1085899,0,0,1686,0,0.000000,16384,1537,85899,4,1.000000,0.000000
11292,12048674363,1040175,0,0,1771,0,0.000000,16384,1568,40175,4,1.000000,0.000000
11293,12049732519,1058156,0,0,1699,0,0.000000,16384,1488,58156,4,1.000000,0.000000
11294,12050789760,1057241,0,0,1826,0,0.000000,16384,1649,57241,4,1.000000,0.000000
11295,12051846265,1056505,0,0,1792,0,0.000000,16384,1621,56505,4,1.000000,0.000000
11296,12052902450,1056185,0,0,1823,0,0.000000,16384,1599,56185,4,1.000000,0.000000
11297,12053958540,1056090,0,0,1814,0,0.000000,16384,1594,56090,4,1.000000,0.000000
11298,12055017943,1059403,0,0,1727,0,0.000000,16384,1566,59403,4,1.000000,0.000000
11299,12056076027,1058084,0,0,1810,0,0.000000,16384,1631,58084,4,1.000000,0.000000
11300,12057132466,1056439,0,0,1779,0,0.000000,16384,1559,56439,4,1.000000,0.000000
11301,12058201488,1069022,0,0,1845,0,0.000000,16384,1625,69022,4,1.000000,0.000000
11302,12059258350,1056862,0,0,1826,0,0.000000,16384,1648,56862,4,1.000000,0.000000
11303,12060314206,1055856,0,0,1807,0,0.000000,16384,1633,55856,4,1.000000,0.000000
11304,12061370273,1056067,0,0,1823,0,0.000000,16384,1607,56067,4,1.000000,0.000000
11305,12062426515,1056242,0,0,1815,0,0.000000,16384,1595,56242,4,1.000000,0.000000
11306,12063492163,1065648,0,0,1716,0,0.000000,16384,1549,65648,4,1.000000,0.000000
11307,12064557485,1065322,0,0,1626,0,0.000000,16384,1453,65322,4,1.000000,0.000000
11308,12065617357,1059872,0,0,1664,0,0.000000,16384,1460,59872,4,1.000000,0.000000
11309,12066703597,1086240,0,0,1855,0,0.000000,16384,1671,86240,4,1.000000,0.000000
11310,12067768421,1064824,0,0,1813,0,0.000000,16384,1639,64824,4,1.000000,0.000000
11311,12068854430,1086009,0,0,1838,0,0.000000,16384,1615,86009,4,1.000000,0.000000
11312,12069917081,1062651,0,0,1905,0,0.000000,16384,1686,62651,4,1.000000,0.000000
11313,12070979287,1062206,0,0,1908,0,0.000000,16384,1686,62206,4,1.000000,0.000000
11314,12072041765,1062478,0,0,1904,0,0.000000,16384,1710,62478,4,1.000000,0.000000
11315,12073106267,1064502,0,0,1835,0,0.000000,16384,1656,64502,4,1.000000,0.000000
11316,12074168683,1062416,0,0,1770,0,0.000000,16384,1576,62416,4,1.000000,0.000000
11317,12075230110,1061427,0,0,1725,0,0.000000,16384,1505,61427,4,1.000000,0.000000
11318,12076289028,1058918,0,0,1832,0,0.000000,16384,1649,58918,4,1.000000,0.000000
11319,12077347486,1058458,0,0,1816,0,0.000000,16384,1640,58458,4,1.000000,0.000000
11320,12078404796,1057310,0,0,1825,0,0.000000,16384,1621,57310,4,1.000000,0.000000
11321,12079473948,1069152,0,0,1845,0,0.000000,16384,1625,69152,4,1.000000,0.000000
11322,12080530326,1056378,0,0,1825,0,0.000000,16384,1618,56378,4,1.000000,0.000000
11323,12081586189,1055863,0,0,1826,0,0.000000,16384,1648,55863,4,1.000000,0.000000
11324,12082641960,1055771,0,0,1825,0,0.000000,16384,1646,55771,4,1.000000,0.000000
11325,12083670144,1028184,0,0,1772,0,0.000000,16384,1551,28184,4,1.000000,0.000000
11326,12084726851,1056707,0,0,1816,0,0.000000,16384,1601,56707,4,1.000000,0.000000
11327,12085783541,1056690,0,0,1812,0,0.000000,16384,1637,56690,4,1.000000,0.000000
11328,12086840067,1056526,0,0,1824,0,0.000000,16384,1646,56526,4,1.000000,0.000000
11329,12087897600,1057533,0,0,1824,0,0.000000,16384,1605,57533,4,1.000000,0.000000
11330,12088954196,1056596,0,0,1825,0,0.000000,16384,1605,56596,4,1.000000,0.000000
11331,12090016679,1062483,0,0,1834,0,0.000000,16384,1645,62483,4,1.000000,0.000000
11332,12091072663,1055984,0,0,1824,0,0.000000,16384,1646,55984,4,1.000000,0.000000
11333,12092127817,1055154,0,0,1822,0,0.000000,16384,1625,55154,4,1.000000,0.000000
11334,12093183183,1055366,0,0,1800,0,0.000000,16384,1579,55366,4,1.000000,0.000000
11335,12094238839,1055656,0,0,1823,0,0.000000,16384,1620,55656,4,1.000000,0.000000
11336,12095297385,1058546,0,0,1760,0,0.000000,16384,1595,58546,4,1.000000,0.000000
11337,12096354596,1057211,0,0,1824,0,0.000000,16384,1629,57211,4,1.000000,0.000000
11338,12097410462,1055866,0,0,1824,0,0.000000,16384,1604,55866,4,1.000000,0.000000
11339,12098466794,1056332,0,0,1796,0,0.000000,16384,1590,56332,4,1.000000,0.000000
11340,12099522867,1056073,0,0,1826,0,0.000000,16384,1648,56073,4,1.000000,0.000000
11341,12100587348,1064481,0,0,1839,0,0.000000,16384,1658,64481,4,1.000000,0.000000
11342,12101643451,1056103,0,0,1812,0,0.000000,16384,1591,56103,4,1.000000,0.000000
11343,12102670505,1027054,0,0,1762,0,0.000000,16384,1550,27054,4,1.000000,0.000000
11344,12103727768,1057263,0,0,1808,0,0.000000,16384,1633,57263,4,1.000000,0.000000
11345,12104784356,1056588,0,0,1827,0,0.000000,16384,1650,56588,4,1.000000,0.000000
11346,12105841790,1057434,0,0,1811,0,0.000000,16384,1589,57434,4,1.000000,0.000000
11347,12106898979,1057189,0,0,1792,0,0.000000,16384,1572,57189,4,1.000000,0.000000
11348,12107955266,1056287,0,0,1813,0,0.000000,16384,1639,56287,4,1.000000,0.000000
11349,12109011047,1055781,0,0,1814,0,0.000000,16384,1638,55781,4,1.000000,0.000000
11350,12110066485,1055438,0,0,1822,0,0.000000,16384,1608,55438,4,1.000000,0.000000
11351,12111128579,1062094,0,0,1804,0,0.000000,16384,1568,62094,4,1.000000,0.000000
11352,12112184467,1055888,0,0,1824,0,0.000000,16384,1615,55888,4,1.000000,0.000000
11353,12113240054,1055587,0,0,1823,0,0.000000,16384,1603,55587,4,1.000000,0.000000
11354,12114297674,1057620,0,0,1770,0,0.000000,16384,1584,57620,4,1.000000,0.000000
11355,12115357371,1059697,0,0,1697,0,0.000000,16384,1543,59697,4,1.000000,0.000000
11356,12116417628,1060257,0,0,1775,0,0.000000,16384,1555,60257,4,1.000000,0.000000
11357,12117482183,1064555,0,0,1664,0,0.000000,16384,1479,64555,4,1.000000,0.000000
11358,12118545142,1062959,0,0,1777,0,0.000000,16384,1608,62959,4,1.000000,0.000000
11359,12119603501,1058359,0,0,1820,0,0.000000,16384,1609,58359,4,1.000000,0.000000
11360,12120661456,1057955,0,0,1817,0,0.000000,16384,1598,57955,4,1.000000,0.000000
11361,12121774313,1112857,0,0,1721,0,0.000000,16384,1548,112857,4,1.000000,0.000000
11362,12122844237,1069924,0,0,1491,0,0.000000,16384,1328,69924,4,1.000000,0.000000
11363,12123912198,1067961,0,0,1551,0,0.000000,16384,1386,67961,4,1.000000,0.000000
11364,12124973233,1061035,0,0,1606,0,0.000000,16384,1431,61035,4,1.000000,0.000000
11365,12126034915,1061682,0,0,1644,0,0.000000,16384,1450,61682,4,1.000000,0.000000
11366,12127098506,1063591,0,0,1597,0,0.000000,16384,1455,63591,4,1.000000,0.000000
11367,12128159195,1060689,0,0,1725,0,0.000000,16384,1505,60689,4,1.000000,0.000000
11368,12129218397,1059202,0,0,1804,0,0.000000,16384,1609,59202,4,1.000000,0.000000
11369,12130276514,1058117,0,0,1734,0,0.000000,16384,1574,58117,4,1.000000,0.000000
11370,12131366703,1090189,0,0,1776,0,0.000000,16384,1566,90189,4,1.000000,0.000000
11371,12132454341,1087638,0,0,1536,0,0.000000,16384,1365,87638,4,1.000000,0.000000
11372,12133516177,1061836,0,0,1599,0,0.000000,16384,1435,61836,4,1.000000,0.000000
11373,12134575066,1058889,0,0,1647,0,0.000000,16384,1442,58889,4,1.000000,0.000000
11374,12135635961,1060895,0,0,1578,0,0.000000,16384,1447,60895,4,1.000000,0.000000
11375,12136675214,1039253,0,0,1460,0,0.000000,16384,1264,39253,4,1.000000,0.000000
11376,12137737515,1062301,0,0,1641,0,0.000000,16384,1501,62301,4,1.000000,0.000000
11377,12138799738,1062223,0,0,1552,0,0.000000,16384,1334,62223,4,1.000000,0.000000
11378,12139860535,1060797,0,0,1655,0,0.000000,16384,1512,60797,4,1.000000,0.000000
11379,12140918920,1058385,0,0,1644,0,0.000000,16384,1449,58385,4,1.000000,0.000000
11380,12141976266,1057346,0,0,1658,0,0.000000,16384,1473,57346,4,1.000000,0.000000
11381,12143051401,1075135,0,0,1680,0,0.000000,16384,1525,75135,4,1.000000,0.000000
11382,12144109126,1057725,0,0,1660,0,0.000000,16384,1439,57725,4,1.000000,0.000000
11383,12145165667,1056541,0,0,1660,0,0.000000,16384,1503,56541,4,1.000000,0.000000
11384,12146227624,1061957,0,0,1596,0,0.000000,16384,1418,61957,4,1.000000,0.000000
11385,12147288351,1060727,0,0,1654,0,0.000000,16384,1464,60727,4,1.000000,0.000000
11386,12148346085,1057734,0,0,1734,0,0.000000,16384,1574,57734,4,1.000000,0.000000
11387,12149404415,1058330,0,0,1701,0,0.000000,16384,1491,58330,4,1.000000,0.000000
11388,12150462305,1057890,0,0,1644,0,0.000000,16384,1466,57890,4,1.000000,0.000000
11389,12151518862,1056557,0,0,1675,0,0.000000,16384,1513,56557,4,1.000000,0.000000
11390,12152575041,1056179,0,0,1815,0,0.000000,16384,1595,56179,4,1.000000,0.000000
11391,12153643473,1068432,0,0,1834,0,0.000000,16384,1619,68432,4,1.000000,0.000000
11392,12154672514,1029041,0,0,1764,0,0.000000,16384,1599,29041,4,1.000000,0.000000
11393,12155731688,1059174,0,0,1641,0,0.000000,16384,1457,59174,4,1.000000,0.000000
11394,12156789153,1057465,0,0,1800,0,0.000000,16384,1580,57465,4,1.000000,0.000000
11395,12157845572,1056419,0,0,1813,0,0.000000,16384,1634,56419,4,1.000000,0.000000
11396,12158902021,1056449,0,0,1824,0,0.000000,16384,1646,56449,4,1.000000,0.000000
11397,12159959359,1057338,0,0,1790,0,0.000000,16384,1583,57338,4,1.000000,0.000000
11398,12161015263,1055904,0,0,1822,0,0.000000,16384,1602,55904,4,1.000000,0.000000
11399,12162070931,1055668,0,0,1823,0,0.000000,16384,1631,55668,4,1.000000,0.000000
11400,12163126558,1055627,0,0,1826,0,0.000000,16384,1648,55627,4,1.000000,0.000000
11401,12164193227,1066669,0,0,1798,0,0.000000,16384,1604,66669,4,1.000000,0.000000
11402,12165249495,1056268,0,0,1778,0,0.000000,16384,1558,56268,4,1.000000,0.000000
11403,12166305538,1056043,0,0,1800,0,0.000000,16384,1607,56043,4,1.000000,0.000000
11404,12167361989,1056451,0,0,1819,0,0.000000,16384,1643,56451,4,1.000000,0.000000
11405,12168422230,1060241,0,0,1811,0,0.000000,16384,1616,60241,4,1.000000,0.000000
11406,12169478089,1055859,0,0,1819,0,0.000000,16384,1599,55859,4,1.000000,0.000000
11407,12170533814,1055725,0,0,1822,0,0.000000,16384,1614,55725,4,1.000000,0.000000
11408,12171589450,1055636,0,0,1820,0,0.000000,16384,1643,55636,4,1.000000,0.000000
11409,12172646259,1056809,0,0,1819,0,0.000000,16384,1640,56809,4,1.000000,0.000000
11410,12173726135,1079876,0,0,1748,0,0.000000,16384,1528,79876,4,1.000000,0.000000
11411,12174805183,1079048,0,0,1840,0,0.000000,16384,1626,79048,4,1.000000,0.000000
11412,12175864937,1059754,0,0,1678,0,0.000000,16384,1530,59754,4,1.000000,0.000000
11413,12176922751,1057814,0,0,1816,0,0.000000,16384,1614,57814,4,1.000000,0.000000
11414,12177978970,1056219,0,0,1823,0,0.000000,16384,1603,56219,4,1.000000,0.000000
11415,12179034943,1055973,0,0,1823,0,0.000000,16384,1620,55973,4,1.000000,0.000000
11416,12180091192,1056249,0,0,1823,0,0.000000,16384,1646,56249,4,1.000000,0.000000
11417,12181146653,1055461,0,0,1824,0,0.000000,16384,1640,55461,4,1.000000,0.000000
11418,12182203162,1056509,0,0,1741,0,0.000000,16384,1521,56509,4,1.000000,0.000000
11419,12183259222,1056060,0,0,1812,0,0.000000,16384,1608,56060,4,1.000000,0.000000
11420,12184315128,1055906,0,0,1823,0,0.000000,16384,1646,55906,4,1.000000,0.000000
11421,12185379211,1064083,0,0,1836,0,0.000000,16384,1653,64083,4,1.000000,0.000000
11422,12186435149,1055938,0,0,1821,0,0.000000,16384,1601,55938,4,1.000000,0.000000
11423,12187492019,1056870,0,0,1819,0,0.000000,16384,1595,56870,4,1.000000,0.000000
11424,12188549487,1057468,0,0,1780,0,0.000000,16384,1611,57468,4,1.000000,0.000000
11425,12189605960,1056473,0,0,1813,0,0.000000,16384,1638,56473,4,1.000000,0.000000
11426,12190661918,1055958,0,0,1822,0,0.000000,16384,1602,55958,4,1.000000,0.000000
11427,12191671160,1009242,0,0,1727,0,0.000000,16384,1517,9242,4,1.000000,0.000000
11428,12192727146,1055986,0,0,1822,0,0.000000,16384,1645,55986,4,1.000000,0.000000
11429,12193783986,1056840,0,0,1824,0,0.000000,16384,1647,56840,4,1.000000,0.000000
11430,12194840668,1056682,0,0,1775,0,0.000000,16384,1559,56682,4,1.000000,0.000000
11431,12195904011,1063343,0,0,1661,0,0.000000,16384,1470,63343,4,1.000000,0.000000
11432,12196961524,1057513,0,0,1826,0,0.000000,16384,1648,57513,4,1.000000,0.000000
11433,12198018630,1057106,0,0,1771,0,0.000000,16384,1576,57106,4,1.000000,0.000000
11434,12199074895,1056265,0,0,1814,0,0.000000,16384,1594,56265,4,1.000000,0.000000
11435,12200131103,1056208,0,0,1811,0,0.000000,16384,1615,56208,4,1.000000,0.000000
11436,12201187686,1056583,0,0,1780,0,0.000000,16384,1611,56583,4,1.000000,0.000000
11437,12202245018,1057332,0,0,1804,0,0.000000,16384,1605,57332,4,1.000000,0.000000
11438,12203301866,1056848,0,0,1796,0,0.000000,16384,1576,56848,4,1.000000,0.000000
11439,12204357827,1055961,0,0,1822,0,0.000000,16384,1625,55961,4,1.000000,0.000000
11440,12205414037,1056210,0,0,1823,0,0.000000,16384,1646,56210,4,1.000000,0.000000
11441,12206477140,1063103,0,0,1834,0,0.000000,16384,1643,63103,4,1.000000,0.000000
11442,12207533198,1056058,0,0,1793,0,0.000000,16384,1574,56058,4,1.000000,0.000000
11443,12208590572,1057374,0,0,1809,0,0.000000,16384,1599,57374,4,1.000000,0.000000
11444,12209647875,1057303,0,0,1828,0,0.000000,16384,1650,57303,4,1.000000,0.000000
11445,12210670292,1022417,0,0,1761,0,0.000000,16384,1585,22417,4,1.000000,0.000000
11446,12211726314,1056022,0,0,1808,0,0.000000,16384,1588,56022,4,1.000000,0.000000
11447,12212782145,1055831,0,0,1824,0,0.000000,16384,1609,55831,4,1.000000,0.000000
11448,12213839246,1057101,0,0,1796,0,0.000000,16384,1624,57101,4,1.000000,0.000000
11449,12214895381,1056135,0,0,1814,0,0.000000,16384,1637,56135,4,1.000000,0.000000
11450,12215952870,1057489,0,0,1755,0,0.000000,16384,1535,57489,4,1.000000,0.000000
11451,12217017106,1064236,0,0,1838,0,0.000000,16384,1622,64236,4,1.000000,0.000000
11452,12218074335,1057229,0,0,1827,0,0.000000,16384,1649,57229,4,1.000000,0.000000
11453,12219130493,1056158,0,0,1825,0,0.000000,16384,1646,56158,4,1.000000,0.000000
11454,12220186522,1056029,0,0,1802,0,0.000000,16384,1587,56029,4,1.000000,0.000000
11455,12221242052,1055530,0,0,1820,0,0.000000,16384,1600,55530,4,1.000000,0.000000
11456,12222297939,1055887,0,0,1822,0,0.000000,16384,1637,55887,4,1.000000,0.000000
11457,12223354038,1056099,0,0,1812,0,0.000000,16384,1637,56099,4,1.000000,0.000000
11458,12224410167,1056129,0,0,1706,0,0.000000,16384,1506,56129,4,1.000000,0.000000
11459,12225466630,1056463,0,0,1731,0,0.000000,16384,1524,56463,4,1.000000,0.000000
11460,12226522457,1055827,0,0,1822,0,0.000000,16384,1645,55827,4,1.000000,0.000000
11461,12227591822,1069365,0,0,1834,0,0.000000,16384,1654,69365,4,1.000000,0.000000
11462,12228647847,1056025,0,0,1821,0,0.000000,16384,1597,56025,4,1.000000,0.000000
11463,12229670307,1022460,0,0,1759,0,0.000000,16384,1548,22460,4,1.000000,0.000000
11464,12230726721,1056414,0,0,1819,0,0.000000,16384,1643,56414,4,1.000000,0.000000
11465,12231784124,1057403,0,0,1825,0,0.000000,16384,1647,57403,4,1.000000,0.000000
11466,12232841144,1057020,0,0,1802,0,0.000000,16384,1583,57020,4,1.000000,0.000000
11467,12233898201,1057057,0,0,1757,0,0.000000,16384,1545,57057,4,1.000000,0.000000
11468,12234954921,1056720,0,0,1828,0,0.000000,16384,1650,56720,4,1.000000,0.000000
11469,12236013330,1058409,0,0,1758,0,0.000000,16384,1588,58409,4,1.000000,0.000000
11470,12237070384,1057054,0,0,1827,0,0.000000,16384,1607,57054,4,1.000000,0.000000
11471,12238134188,1063804,0,0,1835,0,0.000000,16384,1611,63804,4,1.000000,0.000000
11472,12239190521,1056333,0,0,1816,0,0.000000,16384,1638,56333,4,1.000000,0.000000
11473,12240247206,1056685,0,0,1828,0,0.000000,16384,1649,56685,4,1.000000,0.000000
11474,12241303674,1056468,0,0,1812,0,0.000000,16384,1605,56468,4,1.000000,0.000000
11475,12242361076,1057402,0,0,1809,0,0.000000,16384,1589,57402,4,1.000000,0.000000
11476,12243418027,1056951,0,0,1826,0,0.000000,16384,1632,56951,4,1.000000,0.000000
11477,12244474167,1056140,0,0,1825,0,0.000000,16384,1647,56140,4,1.000000,0.000000
11478,12245530476,1056309,0,0,1825,0,0.000000,16384,1633,56309,4,1.000000,0.000000
11479,12246596357,1065881,0,0,1687,0,0.000000,16384,1467,65881,4,1.000000,0.000000
11480,12247692126,1095769,0,0,1823,0,0.000000,16384,1636,95769,4,1.000000,0.000000
11481,12248773729,1081603,0,0,1681,0,0.000000,16384,1527,81603,4,1.000000,0.000000
11482,12249837968,1064239,0,0,1563,0,0.000000,16384,1349,64239,4,1.000000,0.000000
11483,12250897066,1059098,0,0,1662,0,0.000000,16384,1517,59098,4,1.000000,0.000000
11484,12251957045,1059979,0,0,1757,0,0.000000,16384,1557,59979,4,1.000000,0.000000
11485,12253020623,1063578,0,0,1770,0,0.000000,16384,1550,63578,4,1.000000,0.000000
11486,12254084148,1063525,0,0,1770,0,0.000000,16384,1598,63525,4,1.000000,0.000000
11487,12255143374,1059226,0,0,1665,0,0.000000,16384,1497,59226,4,1.000000,0.000000
11488,12256202074,1058700,0,0,1701,0,0.000000,16384,1481,58700,4,1.000000,0.000000
11489,12257259346,1057272,0,0,1829,0,0.000000,16384,1646,57272,4,1.000000,0.000000
11490,12258315489,1056143,0,0,1828,0,0.000000,16384,1650,56143,4,1.000000,0.000000
11491,12259382544,1067055,0,0,1823,0,0.000000,16384,1620,67055,4,1.000000,0.000000
11492,12260444018,1061474,0,0,1831,0,0.000000,16384,1611,61474,4,1.000000,0.000000
11493,12261504667,1060649,0,0,1806,0,0.000000,16384,1605,60649,4,1.000000,0.000000
11494,12262562945,1058278,0,0,1813,0,0.000000,16384,1638,58278,4,1.000000,0.000000
11495,12263620568,1057623,0,0,1809,0,0.000000,16384,1621,57623,4,1.000000,0.000000
11496,12264670710,1050142,0,0,1787,0,0.000000,16384,1566,50142,4,1.000000,0.000000
11497,12265726608,1055898,0,0,1815,0,0.000000,16384,1609,55898,4,1.000000,0.000000
11498,12266782477,1055869,0,0,1826,0,0.000000,16384,1648,55869,4,1.000000,0.000000
11499,12267838443,1055966,0,0,1826,0,0.000000,16384,1647,55966,4,1.000000,0.000000
11500,12268894887,1056444,0,0,1801,0,0.000000,16384,1581,56444,4,1.000000,0.000000
11501,12269959313,1064426,0,0,1838,0,0.000000,16384,1614,64426,4,1.000000,0.000000
11502,12271015108,1055795,0,0,1816,0,0.000000,16384,1638,55795,4,1.000000,0.000000
11503,12272071476,1056368,0,0,1765,0,0.000000,16384,1601,56368,4,1.000000,0.000000
11504,12273179864,1108388,0,0,1722,0,0.000000,16384,1504,108388,4,1.000000,0.000000
11505,12274241819,1061955,0,0,1641,0,0.000000,16384,1466,61955,4,1.000000,0.000000
11506,12275300412,1058593,0,0,1620,0,0.000000,16384,1455,58593,4,1.000000,0.000000
11507,12276362223,1061811,0,0,1625,0,0.000000,16384,1422,61811,4,1.000000,0.000000
11508,12277422703,1060480,0,0,1664,0,0.000000,16384,1518,60480,4,1.000000,0.000000
11509,12278512452,1089749,0,0,1826,0,0.000000,16384,1615,89749,4,1.000000,0.000000
11510,12279609601,1097149,0,0,1853,0,0.000000,16384,1633,97149,4,1.000000,0.000000
11511,12280704019,1094418,0,0,1864,0,0.000000,16384,1654,94418,4,1.000000,0.000000
11512,12281767435,1063416,0,0,1816,0,0.000000,16384,1640,63416,4,1.000000,0.000000
11513,12282830791,1063356,0,0,1808,0,0.000000,16384,1630,63356,4,1.000000,0.000000
11514,12283894664,1063873,0,0,1797,0,0.000000,16384,1577,63873,4,1.000000,0.000000
11515,12284956735,1062071,0,0,1827,0,0.000000,16384,1607,62071,4,1.000000,0.000000
11516,12286016370,1059635,0,0,1766,0,0.000000,16384,1600,59635,4,1.000000,0.000000
11517,12287072636,1056266,0,0,1823,0,0.000000,16384,1645,56266,4,1.000000,0.000000
11518,12288128349,1055713,0,0,1809,0,0.000000,16384,1589,55713,4,1.000000,0.000000
11519,12289184322,1055973,0,0,1824,0,0.000000,16384,1600,55973,4,1.000000,0.000000
11520,12290240112,1055790,0,0,1826,0,0.000000,16384,1647,55790,4,1.000000,0.000000
11521,12291303864,1063752,0,0,1821,0,0.000000,16384,1643,63752,4,1.000000,0.000000
11522,12292390000,1086136,0,0,1945,0,0.000000,16384,1738,86136,4,1.000000,0.000000
11523,12293449348,1059348,0,0,1830,0,0.000000,16384,1610,59348,4,1.000000,0.000000
11524,12294543991,1094643,0,0,1951,0,0.000000,16384,1726,94643,4,1.000000,0.000000
11525,12295603858,1059867,0,0,1803,0,0.000000,16384,1605,59867,4,1.000000,0.000000
11526,12296663628,1059770,0,0,1727,0,0.000000,16384,1569,59770,4,1.000000,0.000000
11527,12297726328,1062700,0,0,1815,0,0.000000,16384,1608,62700,4,1.000000,0.000000
11528,12298786085,1059757,0,0,1622,0,0.000000,16384,1422,59757,4,1.000000,0.000000
11529,12299844938,1058853,0,0,1819,0,0.000000,16384,1643,58853,4,1.000000,0.000000
11530,12300901831,1056893,0,0,1829,0,0.000000,16384,1645,56893,4,1.000000,0.000000
11531,12301969116,1067285,0,0,1843,0,0.000000,16384,1619,67285,4,1.000000,0.000000
11532,12303027382,1058266,0,0,1771,0,0.000000,16384,1558,58266,4,1.000000,0.000000
11533,12304083386,1056004,0,0,1721,0,0.000000,16384,1564,56004,4,1.000000,0.000000
11534,12305139477,1056091,0,0,1819,0,0.000000,16384,1629,56091,4,1.000000,0.000000
11535,12306195322,1055845,0,0,1825,0,0.000000,16384,1605,55845,4,1.000000,0.000000
11536,12307251070,1055748,0,0,1824,0,0.000000,16384,1609,55748,4,1.000000,0.000000
11537,12308306704,1055634,0,0,1826,0,0.000000,16384,1648,55634,4,1.000000,0.000000
11538,12309362233,1055529,0,0,1826,0,0.000000,16384,1648,55529,4,1.000000,0.000000
11539,12310420328,1058095,0,0,1812,0,0.000000,16384,1595,58095,4,1.000000,0.000000
11540,12311477624,1057296,0,0,1702,0,0.000000,16384,1497,57296,4,1.000000,0.000000
11541,12312540025,1062401,0,0,1815,0,0.000000,16384,1639,62401,4,1.000000,0.000000
11542,12313596561,1056536,0,0,1818,0,0.000000,16384,1638,56536,4,1.000000,0.000000
11543,12314653891,1057330,0,0,1811,0,0.000000,16384,1592,57330,4,1.000000,0.000000
11544,12315671474,1017583,0,0,1738,0,0.000000,16384,1531,17583,4,1.000000,0.000000
11545,12316730460,1058986,0,0,1622,0,0.000000,16384,1486,58986,4,1.000000,0.000000
11546,12317789227,1058767,0,0,1677,0,0.000000,16384,1460,58767,4,1.000000,0.000000
11547,12318846264,1057037,0,0,1819,0,0.000000,16384,1617,57037,4,1.000000,0.000000
11548,12319902971,1056707,0,0,1829,0,0.000000,16384,1650,56707,4,1.000000,0.000000
11549,12320959363,1056392,0,0,1808,0,0.000000,16384,1534,56392,4,1.000000,0.000000
11550,12322015191,1055828,0,0,1825,0,0.000000,16384,1647,55828,4,1.000000,0.000000
11551,12323078514,1063323,0,0,1836,0,0.000000,16384,1658,63323,4,1.000000,0.000000
11552,12324135316,1056802,0,0,1737,0,0.000000,16384,1519,56802,4,1.000000,0.000000
11553,12325191075,1055759,0,0,1808,0,0.000000,16384,1596,55759,4,1.000000,0.000000
11554,12326246942,1055867,0,0,1828,0,0.000000,16384,1650,55867,4,1.000000,0.000000
11555,12327302735,1055793,0,0,1817,0,0.000000,16384,1643,55793,4,1.000000,0.000000
11556,12328360230,1057495,0,0,1808,0,0.000000,16384,1584,57495,4,1.000000,0.000000
11557,12329419128,1058898,0,0,1791,0,0.000000,16384,1573,58898,4,1.000000,0.000000
11558,12330475525,1056397,0,0,1825,0,0.000000,16384,1648,56397,4,1.000000,0.000000
11559,12331532515,1056990,0,0,1824,0,0.000000,16384,1646,56990,4,1.000000,0.000000
11560,12332588952,1056437,0,0,1823,0,0.000000,16384,1612,56437,4,1.000000,0.000000
11561,12333658485,1069533,0,0,1831,0,0.000000,16384,1611,69533,4,1.000000,0.000000
11562,12334670093,1011608,0,0,1744,0,0.000000,16384,1564,11608,4,1.000000,0.000000
11563,12335726190,1056097,0,0,1814,0,0.000000,16384,1638,56097,4,1.000000,0.000000
11564,12336784180,1057990,0,0,1650,0,0.000000,16384,1445,57990,4,1.000000,0.000000
11565,12337841789,1057609,0,0,1814,0,0.000000,16384,1607,57609,4,1.000000,0.000000
11566,12338898479,1056690,0,0,1815,0,0.000000,16384,1639,56690,4,1.000000,0.000000
11567,12339955062,1056583,0,0,1825,0,0.000000,16384,1645,56583,4,1.000000,0.000000
11568,12341011300,1056238,0,0,1822,0,0.000000,16384,1601,56238,4,1.000000,0.000000
11569,12342067112,1055812,0,0,1823,0,0.000000,16384,1599,55812,4,1.000000,0.000000
11570,12343146593,1079481,0,0,1851,0,0.000000,16384,1667,79481,4,1.000000,0.000000
11571,12344217429,1070836,0,0,1669,0,0.000000,16384,1514,70836,4,1.000000,0.000000
11572,12345276473,1059044,0,0,1656,0,0.000000,16384,1436,59044,4,1.000000,0.000000
11573,12346332863,1056390,0,0,1659,0,0.000000,16384,1506,56390,4,1.000000,0.000000
11574,12347396625,1063762,0,0,1569,0,0.000000,16384,1386,63762,4,1.000000,0.000000
11575,12348462758,1066133,0,0,1559,0,0.000000,16384,1396,66133,4,1.000000,0.000000
11576,12349526726,1063968,0,0,1565,0,0.000000,16384,1392,63968,4,1.000000,0.000000
11577,12350585861,1059135,0,0,1612,0,0.000000,16384,1430,59135,4,1.000000,0.000000
11578,12351645155,1059294,0,0,1668,0,0.000000,16384,1510,59294,4,1.000000,0.000000
11579,12352671360,1026205,0,0,1610,0,0.000000,16384,1394,26205,4,1.000000,0.000000
11580,12353729103,1057743,0,0,1665,0,0.000000,16384,1520,57743,4,1.000000,0.000000
11581,12354805105,1076002,0,0,1682,0,0.000000,16384,1486,76002,4,1.000000,0.000000
11582,12355862611,1057506,0,0,1666,0,0.000000,16384,1473,57506,4,1.000000,0.000000
11583,12356921877,1059266,0,0,1730,0,0.000000,16384,1571,59266,4,1.000000,0.000000
11584,12357980234,1058357,0,0,1831,0,0.000000,16384,1620,58357,4,1.000000,0.000000
11585,12359036384,1056150,0,0,1824,0,0.000000,16384,1604,56150,4,1.000000,0.000000
11586,12360092925,1056541,0,0,1826,0,0.000000,16384,1629,56541,4,1.000000,0.000000
11587,12361149115,1056190,0,0,1826,0,0.000000,16384,1648,56190,4,1.000000,0.000000
11588,12362204888,1055773,0,0,1827,0,0.000000,16384,1638,55773,4,1.000000,0.000000
11589,12363260981,1056093,0,0,1804,0,0.000000,16384,1583,56093,4,1.000000,0.000000
11590,12364317097,1056116,0,0,1792,0,0.000000,16384,1585,56116,4,1.000000,0.000000
11591,12365381949,1064852,0,0,1839,0,0.000000,16384,1659,64852,4,1.000000,0.000000
11592,12366437972,1056023,0,0,1827,0,0.000000,16384,1650,56023,4,1.000000,0.000000
11593,12367493549,1055577,0,0,1823,0,0.000000,16384,1600,55577,4,1.000000,0.000000
11594,12368549338,1055789,0,0,1826,0,0.000000,16384,1605,55789,4,1.000000,0.000000
11595,12369605055,1055717,0,0,1826,0,0.000000,16384,1641,55717,4,1.000000,0.000000
11596,12370660972,1055917,0,0,1826,0,0.000000,16384,1648,55917,4,1.000000,0.000000
11597,12371670099,1009127,0,0,1741,0,0.000000,16384,1541,9127,4,1.000000,0.000000
11598,12372726098,1055999,0,0,1825,0,0.000000,16384,1605,55999,4,1.000000,0.000000
11599,12373784152,1058054,0,0,1743,0,0.000000,16384,1570,58054,4,1.000000,0.000000
11600,12374841352,1057200,0,0,1817,0,0.000000,16384,1640,57200,4,1.000000,0.000000
11601,12375903719,1062367,0,0,1833,0,0.000000,16384,1619,62367,4,1.000000,0.000000
11602,12376962595,1058876,0,0,1725,0,0.000000,16384,1508,58876,4,1.000000,0.000000
11603,12378022812,1060217,0,0,1778,0,0.000000,16384,1610,60217,4,1.000000,0.000000
11604,12379080151,1057339,0,0,1827,0,0.000000,16384,1650,57339,4,1.000000,0.000000
11605,12380137029,1056878,0,0,1826,0,0.000000,16384,1604,56878,4,1.000000,0.000000
11606,12381193642,1056613,0,0,1825,0,0.000000,16384,1605,56613,4,1.000000,0.000000
11607,12382250540,1056898,0,0,1828,0,0.000000,16384,1641,56898,4,1.000000,0.000000
11608,12383306136,1055596,0,0,1811,0,0.000000,16384,1636,55596,4,1.000000,0.000000
11609,12384362069,1055933,0,0,1826,0,0.000000,16384,1624,55933,4,1.000000,0.000000
11610,12385421990,1059921,0,0,1828,0,0.000000,16384,1608,59921,4,1.000000,0.000000
11611,12386501775,1079785,0,0,1864,0,0.000000,16384,1651,79785,4,1.000000,0.000000
11612,12387558746,1056971,0,0,1827,0,0.000000,16384,1648,56971,4,1.000000,0.000000
11613,12388616423,1057677,0,0,1826,0,0.000000,16384,1648,57677,4,1.000000,0.000000
11614,12389670739,1054316,0,0,1794,0,0.000000,16384,1576,54316,4,1.000000,0.000000
11615,12390727122,1056383,0,0,1825,0,0.000000,16384,1605,56383,4,1.000000,0.000000
11616,12391783348,1056226,0,0,1826,0,0.000000,16384,1643,56226,4,1.000000,0.000000
11617,12392839308,1055960,0,0,1826,0,0.000000,16384,1648,55960,4,1.000000,0.000000
11618,12393895269,1055961,0,0,1813,0,0.000000,16384,1610,55961,4,1.000000,0.000000
11619,12394952781,1057512,0,0,1827,0,0.000000,16384,1607,57512,4,1.000000,0.000000
11620,12396008978,1056197,0,0,1825,0,0.000000,16384,1623,56197,4,1.000000,0.000000
11621,12397073566,1064588,0,0,1716,0,0.000000,16384,1560,64588,4,1.000000,0.000000
11622,12398131834,1058268,0,0,1753,0,0.000000,16384,1547,58268,4,1.000000,0.000000
11623,12399188972,1057138,0,0,1815,0,0.000000,16384,1595,57138,4,1.000000,0.000000
11624,12400245418,1056446,0,0,1825,0,0.000000,16384,1641,56446,4,1.000000,0.000000
11625,12401305718,1060300,0,0,1832,0,0.000000,16384,1653,60300,4,1.000000,0.000000
11626,12402367670,1061952,0,0,1807,0,0.000000,16384,1606,61952,4,1.000000,0.000000
11627,12403425110,1057440,0,0,1729,0,0.000000,16384,1509,57440,4,1.000000,0.000000
11628,12404481252,1056142,0,0,1826,0,0.000000,16384,1642,56142,4,1.000000,0.000000
11629,12405538528,1057276,0,0,1814,0,0.000000,16384,1639,57276,4,1.000000,0.000000
11630,12406594585,1056057,0,0,1826,0,0.000000,16384,1620,56057,4,1.000000,0.000000
11631,12407659545,1064960,0,0,1839,0,0.000000,16384,1619,64960,4,1.000000,0.000000
11632,12408670531,1010986,0,0,1743,0,0.000000,16384,1555,10986,4,1.000000,0.000000
11633,12409726388,1055857,0,0,1826,0,0.000000,16384,1648,55857,4,1.000000,0.000000
11634,12410782451,1056063,0,0,1826,0,0.000000,16384,1628,56063,4,1.000000,0.000000
11635,12411839787,1057336,0,0,1784,0,0.000000,16384,1565,57336,4,1.000000,0.000000
11636,12412896271,1056484,0,0,1824,0,0.000000,16384,1622,56484,4,1.000000,0.000000
11637,12413952156,1055885,0,0,1805,0,0.000000,16384,1631,55885,4,1.000000,0.000000
11638,12415008663,1056507,0,0,1771,0,0.000000,16384,1583,56507,4,1.000000,0.000000
11639,12416064779,1056116,0,0,1765,0,0.000000,16384,1544,56116,4,1.000000,0.000000
11640,12417122529,1057750,0,0,1740,0,0.000000,16384,1562,57750,4,1.000000,0.000000
11641,12418186899,1064370,0,0,1841,0,0.000000,16384,1660,64370,4,1.000000,0.000000
11642,12419243663,1056764,0,0,1828,0,0.000000,16384,1624,56764,4,1.000000,0.000000
11643,12420301428,1057765,0,0,1826,0,0.000000,16384,1606,57765,4,1.000000,0.000000
11644,12421358155,1056727,0,0,1827,0,0.000000,16384,1623,56727,4,1.000000,0.000000
11645,12422414362,1056207,0,0,1829,0,0.000000,16384,1650,56207,4,1.000000,0.000000
11646,12423470413,1056051,0,0,1825,0,0.000000,16384,1644,56051,4,1.000000,0.000000
11647,12424527087,1056674,0,0,1804,0,0.000000,16384,1584,56674,4,1.000000,0.000000
11648,12425582784,1055697,0,0,1824,0,0.000000,16384,1602,55697,4,1.000000,0.000000
11649,12426639542,1056758,0,0,1815,0,0.000000,16384,1640,56758,4,1.000000,0.000000
11650,12427670546,1031004,0,0,1694,0,0.000000,16384,1527,31004,4,1.000000,0.000000
11651,12428731517,1060971,0,0,1650,0,0.000000,16384,1430,60971,4,1.000000,0.000000
11652,12429787608,1056091,0,0,1826,0,0.000000,16384,1647,56091,4,1.000000,0.000000
11653,12430843479,1055871,0,0,1825,0,0.000000,16384,1647,55871,4,1.000000,0.000000
11654,12431901189,1057710,0,0,1813,0,0.000000,16384,1606,57710,4,1.000000,0.000000
11655,12432957346,1056157,0,0,1814,0,0.000000,16384,1594,56157,4,1.000000,0.000000
11656,12434013456,1056110,0,0,1827,0,0.000000,16384,1631,56110,4,1.000000,0.000000
11657,12435069344,1055888,0,0,1827,0,0.000000,16384,1649,55888,4,1.000000,0.000000
11658,12436125110,1055766,0,0,1826,0,0.000000,16384,1636,55766,4,1.000000,0.000000
11659,12437183268,1058158,0,0,1728,0,0.000000,16384,1508,58158,4,1.000000,0.000000
11660,12438241194,1057926,0,0,1829,0,0.000000,16384,1631,57926,4,1.000000,0.000000
11661,12439312920,1071726,0,0,1852,0,0.000000,16384,1668,71726,4,1.000000,0.000000
11662,12440369638,1056718,0,0,1828,0,0.000000,16384,1646,56718,4,1.000000,0.000000
11663,12441428854,1059216,0,0,1656,0,0.000000,16384,1436,59216,4,1.000000,0.000000
11664,12442486017,1057163,0,0,1803,0,0.000000,16384,1616,57163,4,1.000000,0.000000
11665,12443542381,1056364,0,0,1811,0,0.000000,16384,1636,56364,4,1.000000,0.000000
11666,12444610522,1068141,0,0,1806,0,0.000000,16384,1604,68141,4,1.000000,0.000000
11667,12445746404,1135882,0,0,1909,0,0.000000,16384,1689,135882,4,1.000000,0.000000
11668,12446810234,1063830,0,0,1805,0,0.000000,16384,1591,63830,4,1.000000,0.000000
11669,12447874973,1064739,0,0,1653,0,0.000000,16384,1510,64739,4,1.000000,0.000000
11670,12448941356,1066383,0,0,1545,0,0.000000,16384,1342,66383,4,1.000000,0.000000
11671,12450017087,1075731,0,0,1586,0,0.000000,16384,1443,75731,4,1.000000,0.000000
11672,12451076696,1059609,0,0,1597,0,0.000000,16384,1404,59609,4,1.000000,0.000000
11673,12452134478,1057782,0,0,1662,0,0.000000,16384,1484,57782,4,1.000000,0.000000
11674,12453191019,1056541,0,0,1666,0,0.000000,16384,1504,56541,4,1.000000,0.000000
11675,12454247584,1056565,0,0,1662,0,0.000000,16384,1442,56565,4,1.000000,0.000000
11676,12455304508,1056924,0,0,1643,0,0.000000,16384,1499,56924,4,1.000000,0.000000
11677,12456361233,1056725,0,0,1661,0,0.000000,16384,1469,56725,4,1.000000,0.000000
11678,12457420319,1059086,0,0,1744,0,0.000000,16384,1535,59086,4,1.000000,0.000000
11679,12458478131,1057812,0,0,1830,0,0.000000,16384,1652,57812,4,1.000000,0.000000
11680,12459535363,1057232,0,0,1828,0,0.000000,16384,1651,57232,4,1.000000,0.000000
11681,12460599615,1064252,0,0,1837,0,0.000000,16384,1613,64252,4,1.000000,0.000000
11682,12461656432,1056817,0,0,1807,0,0.000000,16384,1587,56817,4,1.000000,0.000000
11683,12462670392,1013960,0,0,1750,0,0.000000,16384,1582,13960,4,1.000000,0.000000
11684,12463726560,1056168,0,0,1811,0,0.000000,16384,1637,56168,4,1.000000,0.000000
11685,12464784615,1058055,0,0,1793,0,0.000000,16384,1574,58055,4,1.000000,0.000000
11686,12465841947,1057332,0,0,1685,0,0.000000,16384,1488,57332,4,1.000000,0.000000
11687,12466897532,1055585,0,0,1797,0,0.000000,16384,1625,55585,4,1.000000,0.000000
11688,12467952868,1055336,0,0,1824,0,0.000000,16384,1630,55336,4,1.000000,0.000000
11689,12469008714,1055846,0,0,1823,0,0.000000,16384,1603,55846,4,1.000000,0.000000
11690,12470064414,1055700,0,0,1825,0,0.000000,16384,1612,55700,4,1.000000,0.000000
11691,12471125148,1060734,0,0,1824,0,0.000000,16384,1646,60734,4,1.000000,0.000000
11692,12472180993,1055845,0,0,1826,0,0.000000,16384,1649,55845,4,1.000000,0.000000
11693,12473236852,1055859,0,0,1813,0,0.000000,16384,1593,55859,4,1.000000,0.000000
11694,12474294870,1058018,0,0,1764,0,0.000000,16384,1549,58018,4,1.000000,0.000000
11695,12475351973,1057103,0,0,1828,0,0.000000,16384,1650,57103,4,1.000000,0.000000
11696,12476408011,1056038,0,0,1827,0,0.000000,16384,1649,56038,4,1.000000,0.000000
11697,12477467613,1059602,0,0,1747,0,0.000000,16384,1538,59602,4,1.000000,0.000000
11698,12478525873,1058260,0,0,1817,0,0.000000,16384,1593,58260,4,1.000000,0.000000
11699,12479583138,1057265,0,0,1803,0,0.000000,16384,1629,57265,4,1.000000,0.000000
11700,12480641734,1058596,0,0,1776,0,0.000000,16384,1610,58596,4,1.000000,0.000000
11701,12481671652,1029918,0,0,1761,0,0.000000,16384,1541,29918,4,1.000000,0.000000
11702,12482727740,1056088,0,0,1825,0,0.000000,16384,1608,56088,4,1.000000,0.000000
11703,12483783830,1056090,0,0,1827,0,0.000000,16384,1649,56090,4,1.000000,0.000000
11704,12484839879,1056049,0,0,1828,0,0.000000,16384,1649,56049,4,1.000000,0.000000
11705,12485895678,1055799,0,0,1825,0,0.000000,16384,1611,55799,4,1.000000,0.000000
11706,12486951360,1055682,0,0,1813,0,0.000000,16384,1593,55682,4,1.000000,0.000000
11707,12488007609,1056249,0,0,1766,0,0.000000,16384,1587,56249,4,1.000000,0.000000
11708,12489063457,1055848,0,0,1763,0,0.000000,16384,1598,55848,4,1.000000,0.000000
11709,12490167131,1103674,0,0,1795,0,0.000000,16384,1577,103674,4,1.000000,0.000000
11710,12491241139,1074008,0,0,1514,0,0.000000,16384,1351,74008,4,1.000000,0.000000
11711,12492344896,1103757,0,0,1532,0,0.000000,16384,1361,103757,4,1.000000,0.000000
11712,12493413565,1068669,0,0,1438,0,0.000000,16384,1296,68669,4,1.000000,0.000000
11713,12494484194,1070629,0,0,1488,0,0.000000,16384,1293,70629,4,1.000000,0.000000
11714,12495553261,1069067,0,0,1486,0,0.000000,16384,1366,69067,4,1.000000,0.000000
11715,12496628042,1074781,0,0,1620,0,0.000000,16384,1405,74781,4,1.000000,0.000000
11716,12497690820,1062778,0,0,1367,0,0.000000,16384,1251,62778,4,1.000000,0.000000
11717,12498768089,1077269,0,0,1373,0,0.000000,16384,1207,77269,4,1.000000,0.000000
11718,12499837473,1069384,0,0,1469,0,0.000000,16384,1303,69384,4,1.000000,0.000000
11719,12500911074,1073601,0,0,1393,0,0.000000,16384,1267,73601,4,1.000000,0.000000
11720,12501981844,1070770,0,0,1431,0,0.000000,16384,1239,70770,4,1.000000,0.000000
11721,12503086187,1104343,0,0,1520,0,0.000000,16384,1386,104343,4,1.000000,0.000000
11722,12504152188,1066001,0,0,1485,0,0.000000,16384,1299,66001,4,1.000000,0.000000
11723,12505214217,1062029,0,0,1541,0,0.000000,16384,1391,62029,4,1.000000,0.000000
11724,12506274050,1059833,0,0,1555,0,0.000000,16384,1366,59833,4,1.000000,0.000000
11725,12507334258,1060208,0,0,1558,0,0.000000,16384,1411,60208,4,1.000000,0.000000
11726,12508393174,1058916,0,0,1541,0,0.000000,16384,1349,58916,4,1.000000,0.000000
11727,12509452530,1059356,0,0,1633,0,0.000000,16384,1489,59356,4,1.000000,0.000000
11728,12510510167,1057637,0,0,1656,0,0.000000,16384,1436,57637,4,1.000000,0.000000
11729,12511572313,1062146,0,0,1576,0,0.000000,16384,1435,62146,4,1.000000,0.000000
11730,12512639539,1067226,0,0,1504,0,0.000000,16384,1308,67226,4,1.000000,0.000000
11731,12513728169,1088630,0,0,1696,0,0.000000,16384,1533,88630,4,1.000000,0.000000
11732,12514787587,1059418,0,0,1618,0,0.000000,16384,1441,59418,4,1.000000,0.000000
11733,12515845501,1057914,0,0,1677,0,0.000000,16384,1475,57914,4,1.000000,0.000000
11734,12516905021,1059520,0,0,1753,0,0.000000,16384,1591,59520,4,1.000000,0.000000
11735,12517966364,1061343,0,0,1648,0,0.000000,16384,1457,61343,4,1.000000,0.000000
11736,12519023421,1057057,0,0,1713,0,0.000000,16384,1512,57057,4,1.000000,0.000000
11737,12520082342,1058921,0,0,1804,0,0.000000,16384,1631,58921,4,1.000000,0.000000
11738,12521139753,1057411,0,0,1820,0,0.000000,16384,1630,57411,4,1.000000,0.000000
11739,12522195714,1055961,0,0,1823,0,0.000000,16384,1603,55961,4,1.000000,0.000000
11740,12523252530,1056816,0,0,1623,0,0.000000,16384,1447,56816,4,1.000000,0.000000
11741,12524481820,1229290,0,0,2035,0,0.000000,16384,1816,229290,4,1.000000,0.000000
11742,12525546521,1064701,0,0,1628,0,0.000000,16384,1459,64701,4,1.000000,0.000000
11743,12526606504,1059983,0,0,1659,0,0.000000,16384,1451,59983,4,1.000000,0.000000
11744,12527700024,1093520,0,0,1854,0,0.000000,16384,1670,93520,4,1.000000,0.000000
11745,12528764304,1064280,0,0,1808,0,0.000000,16384,1634,64280,4,1.000000,0.000000
11746,12529828553,1064249,0,0,1808,0,0.000000,16384,1590,64249,4,1.000000,0.000000
11747,12530892059,1063506,0,0,1797,0,0.000000,16384,1577,63506,4,1.000000,0.000000
11748,12531955641,1063582,0,0,1774,0,0.000000,16384,1604,63582,4,1.000000,0.000000
11749,12533015726,1060085,0,0,1660,0,0.000000,16384,1490,60085,4,1.000000,0.000000
11750,12534073493,1057767,0,0,1659,0,0.000000,16384,1343,57767,4,1.000000,0.000000
11751,12535143137,1069644,0,0,1679,0,0.000000,16384,1356,69644,4,1.000000,0.000000
11752,12536200469,1057332,0,0,1662,0,0.000000,16384,1329,57332,4,1.000000,0.000000
11753,12537259304,1058835,0,0,1662,0,0.000000,16384,1341,58835,4,1.000000,0.000000
11754,12538317038,1057734,0,0,1808,0,0.000000,16384,1447,57734,4,1.000000,0.000000
11755,12539373233,1056195,0,0,1812,0,0.000000,16384,1461,56195,4,1.000000,0.000000
11756,12540429831,1056598,0,0,1822,0,0.000000,16384,1476,56598,4,1.000000,0.000000
11757,12541487042,1057211,0,0,1827,0,0.000000,16384,1639,57211,4,1.000000,0.000000
11758,12542543672,1056630,0,0,1679,0,0.000000,16384,1527,56630,4,1.000000,0.000000
11759,12543600895,1057223,0,0,1814,0,0.000000,16384,1594,57223,4,1.000000,0.000000
11760,12544657144,1056249,0,0,1814,0,0.000000,16384,1591,56249,4,1.000000,0.000000
11761,12545734899,1077755,0,0,1776,0,0.000000,16384,1608,77755,4,1.000000,0.000000
11762,12546793271,1058372,0,0,1790,0,0.000000,16384,1617,58372,4,1.000000,0.000000
11763,12547838280,1045009,0,0,1644,0,0.000000,16384,1424,45009,4,1.000000,0.000000
11764,12548902877,1064597,0,0,1489,0,0.000000,16384,1367,64597,4,1.000000,0.000000
11765,12549965084,1062207,0,0,1548,0,0.000000,16384,1333,62207,4,1.000000,0.000000
11766,12551024534,1059450,0,0,1592,0,0.000000,16384,1459,59450,4,1.000000,0.000000
11767,12552083226,1058692,0,0,1660,0,0.000000,16384,1457,58692,4,1.000000,0.000000
11768,12553140743,1057517,0,0,1662,0,0.000000,16384,1481,57517,4,1.000000,0.000000
11769,12554197595,1056852,0,0,1667,0,0.000000,16384,1509,56852,4,1.000000,0.000000
11770,12555254302,1056707,0,0,1664,0,0.000000,16384,1444,56707,4,1.000000,0.000000
11771,12556324872,1070570,0,0,1686,0,0.000000,16384,1529,70570,4,1.000000,0.000000
11772,12557383715,1058843,0,0,1664,0,0.000000,16384,1481,58843,4,1.000000,0.000000
11773,12558443153,1059438,0,0,1828,0,0.000000,16384,1608,59438,4,1.000000,0.000000
11774,12559500407,1057254,0,0,1793,0,0.000000,16384,1607,57254,4,1.000000,0.000000
11775,12560556818,1056411,0,0,1824,0,0.000000,16384,1647,56411,4,1.000000,0.000000
11776,12561613344,1056526,0,0,1823,0,0.000000,16384,1622,56526,4,1.000000,0.000000
11777,12562670733,1057389,0,0,1821,0,0.000000,16384,1601,57389,4,1.000000,0.000000
11778,12563728204,1057471,0,0,1647,0,0.000000,16384,1477,57471,4,1.000000,0.000000
11779,12564785636,1057432,0,0,1759,0,0.000000,16384,1589,57432,4,1.000000,0.000000
11780,12565841934,1056298,0,0,1823,0,0.000000,16384,1603,56298,4,1.000000,0.000000
11781,12566906663,1064729,0,0,1836,0,0.000000,16384,1611,64729,4,1.000000,0.000000
11782,12567962639,1055976,0,0,1824,0,0.000000,16384,1646,55976,4,1.000000,0.000000
11783,12569018378,1055739,0,0,1824,0,0.000000,16384,1647,55739,4,1.000000,0.000000
11784,12570077781,1059403,0,0,1797,0,0.000000,16384,1589,59403,4,1.000000,0.000000
11785,12571135692,1057911,0,0,1718,0,0.000000,16384,1504,57911,4,1.000000,0.000000
11786,12572192410,1056718,0,0,1808,0,0.000000,16384,1633,56718,4,1.000000,0.000000
11787,12573252504,1060094,0,0,1803,0,0.000000,16384,1632,60094,4,1.000000,0.000000
11788,12574310940,1058436,0,0,1660,0,0.000000,16384,1440,58436,4,1.000000,0.000000
11789,12575368934,1057994,0,0,1747,0,0.000000,16384,1564,57994,4,1.000000,0.000000
11790,12576425446,1056512,0,0,1828,0,0.000000,16384,1650,56512,4,1.000000,0.000000
11791,12577490493,1065047,0,0,1766,0,0.000000,16384,1562,65047,4,1.000000,0.000000
11792,12578548949,1058456,0,0,1826,0,0.000000,16384,1607,58456,4,1.000000,0.000000
11793,12579605637,1056688,0,0,1817,0,0.000000,16384,1626,56688,4,1.000000,0.000000
11794,12580662697,1057060,0,0,1821,0,0.000000,16384,1644,57060,4,1.000000,0.000000
11795,12581670697,1008000,0,0,1737,0,0.000000,16384,1541,8000,4,1.000000,0.000000
11796,12582726751,1056054,0,0,1824,0,0.000000,16384,1604,56054,4,1.000000,0.000000
11797,12583782810,1056059,0,0,1804,0,0.000000,16384,1615,56059,4,1.000000,0.000000
11798,12584838798,1055988,0,0,1823,0,0.000000,16384,1646,55988,4,1.000000,0.000000
11799,12585896148,1057350,0,0,1826,0,0.000000,16384,1628,57350,4,1.000000,0.000000
11800,12586953511,1057363,0,0,1783,0,0.000000,16384,1563,57363,4,1.000000,0.000000
11801,12588022554,1069043,0,0,1681,0,0.000000,16384,1508,69043,4,1.000000,0.000000
11802,12589079057,1056503,0,0,1637,0,0.000000,16384,1470,56503,4,1.000000,0.000000
11803,12590135012,1055955,0,0,1815,0,0.000000,16384,1595,55955,4,1.000000,0.000000
11804,12591191691,1056679,0,0,1825,0,0.000000,16384,1625,56679,4,1.000000,0.000000
11805,12592247860,1056169,0,0,1825,0,0.000000,16384,1647,56169,4,1.000000,0.000000
11806,12593303643,1055783,0,0,1826,0,0.000000,16384,1639,55783,4,1.000000,0.000000
11807,12594359817,1056174,0,0,1811,0,0.000000,16384,1592,56174,4,1.000000,0.000000
11808,12595416051,1056234,0,0,1815,0,0.000000,16384,1599,56234,4,1.000000,0.000000
11809,12596471668,1055617,0,0,1826,0,0.000000,16384,1648,55617,4,1.000000,0.000000
11810,12597530542,1058874,0,0,1668,0,0.000000,16384,1498,58874,4,1.000000,0.000000
11811,12598606677,1076135,0,0,1689,0,0.000000,16384,1468,76135,4,1.000000,0.000000
11812,12599664946,1058269,0,0,1664,0,0.000000,16384,1519,58269,4,1.000000,0.000000
11813,12600725511,1060565,0,0,1665,0,0.000000,16384,1472,60565,4,1.000000,0.000000
11814,12601782873,1057362,0,0,1646,0,0.000000,16384,1457,57362,4,1.000000,0.000000
11815,12602844057,1061184,0,0,1573,0,0.000000,16384,1425,61184,4,1.000000,0.000000
11816,12603905976,1061919,0,0,1813,0,0.000000,16384,1593,61919,4,1.000000,0.000000
11817,12604963704,1057728,0,0,1826,0,0.000000,16384,1620,57728,4,1.000000,0.000000
11818,12606020550,1056846,0,0,1826,0,0.000000,16384,1648,56846,4,1.000000,0.000000
11819,12607077190,1056640,0,0,1827,0,0.000000,16384,1647,56640,4,1.000000,0.000000
11820,12608132935,1055745,0,0,1823,0,0.000000,16384,1601,55745,4,1.000000,0.000000
11821,12609201041,1068106,0,0,1842,0,0.000000,16384,1620,68106,4,1.000000,0.000000
11822,12610257258,1056217,0,0,1803,0,0.000000,16384,1623,56217,4,1.000000,0.000000
11823,12611313195,1055937,0,0,1812,0,0.000000,16384,1637,55937,4,1.000000,0.000000
11824,12612369788,1056593,0,0,1824,0,0.000000,16384,1615,56593,4,1.000000,0.000000
11825,12613425739,1055951,0,0,1821,0,0.000000,16384,1601,55951,4,1.000000,0.000000
11826,12614483442,1057703,0,0,1773,0,0.000000,16384,1586,57703,4,1.000000,0.000000
11827,12615539607,1056165,0,0,1822,0,0.000000,16384,1645,56165,4,1.000000,0.000000
11828,12616595615,1056008,0,0,1825,0,0.000000,16384,1625,56008,4,1.000000,0.000000
11829,12617653624,1058009,0,0,1735,0,0.000000,16384,1514,58009,4,1.000000,0.000000
11830,12618670879,1017255,0,0,1753,0,0.000000,16384,1580,17255,4,1.000000,0.000000
11831,12619735647,1064768,0,0,1812,0,0.000000,16384,1636,64768,4,1.000000,0.000000
11832,12620792356,1056709,0,0,1825,0,0.000000,16384,1611,56709,4,1.000000,0.000000
11833,12621850736,1058380,0,0,1767,0,0.000000,16384,1547,58380,4,1.000000,0.000000
11834,12622907379,1056643,0,0,1772,0,0.000000,16384,1602,56643,4,1.000000,0.000000
11835,12623963595,1056216,0,0,1776,0,0.000000,16384,1605,56216,4,1.000000,0.000000
11836,12625020269,1056674,0,0,1823,0,0.000000,16384,1601,56674,4,1.000000,0.000000
11837,12626076615,1056346,0,0,1821,0,0.000000,16384,1600,56346,4,1.000000,0.000000
11838,12627132564,1055949,0,0,1824,0,0.000000,16384,1644,55949,4,1.000000,0.000000
11839,12628188230,1055666,0,0,1820,0,0.000000,16384,1643,55666,4,1.000000,0.000000
11840,12629243887,1055657,0,0,1823,0,0.000000,16384,1616,55657,4,1.000000,0.000000
11841,12630305260,1061373,0,0,1831,0,0.000000,16384,1611,61373,4,1.000000,0.000000
11842,12631361346,1056086,0,0,1825,0,0.000000,16384,1624,56086,4,1.000000,0.000000
11843,12632417314,1055968,0,0,1810,0,0.000000,16384,1636,55968,4,1.000000,0.000000
11844,12633473500,1056186,0,0,1825,0,0.000000,16384,1636,56186,4,1.000000,0.000000
11845,12634529016,1055516,0,0,1823,0,0.000000,16384,1603,55516,4,1.000000,0.000000
11846,12635585327,1056311,0,0,1826,0,0.000000,16384,1607,56311,4,1.000000,0.000000
11847,12636641799,1056472,0,0,1741,0,0.000000,16384,1580,56472,4,1.000000,0.000000
11848,12637672537,1030738,0,0,1617,0,0.000000,16384,1435,30738,4,1.000000,0.000000
11849,12638729992,1057455,0,0,1828,0,0.000000,16384,1605,57455,4,1.000000,0.000000
11850,12639786154,1056162,0,0,1824,0,0.000000,16384,1644,56162,4,1.000000,0.000000
11851,12640857132,1070978,0,0,1848,0,0.000000,16384,1666,70978,4,1.000000,0.000000
11852,12641913717,1056585,0,0,1824,0,0.000000,16384,1623,56585,4,1.000000,0.000000
11853,12642969446,1055729,0,0,1823,0,0.000000,16384,1603,55729,4,1.000000,0.000000
11854,12644025109,1055663,0,0,1812,0,0.000000,16384,1609,55663,4,1.000000,0.000000
11855,12645081017,1055908,0,0,1826,0,0.000000,16384,1648,55908,4,1.000000,0.000000
11856,12646138108,1057091,0,0,1827,0,0.000000,16384,1644,57091,4,1.000000,0.000000
11857,12647194267,1056159,0,0,1825,0,0.000000,16384,1604,56159,4,1.000000,0.000000
11858,12648249964,1055697,0,0,1823,0,0.000000,16384,1600,55697,4,1.000000,0.000000
11859,12649311297,1061333,0,0,1573,0,0.000000,16384,1445,61333,4,1.000000,0.000000
11860,12650360781,1049484,0,0,1742,0,0.000000,16384,1534,49484,4,1.000000,0.000000
11861,12651433962,1073181,0,0,1688,0,0.000000,16384,1491,73181,4,1.000000,0.000000
11862,12652523228,1089266,0,0,1836,0,0.000000,16384,1656,89266,4,1.000000,0.000000
11863,12653618756,1095528,0,0,1861,0,0.000000,16384,1674,95528,4,1.000000,0.000000
11864,12654702759,1084003,0,0,1851,0,0.000000,16384,1626,84003,4,1.000000,0.000000
11865,12655766170,1063411,0,0,1814,0,0.000000,16384,1595,63411,4,1.000000,0.000000
11866,12656829183,1063013,0,0,1807,0,0.000000,16384,1626,63013,4,1.000000,0.000000
11867,12657892055,1062872,0,0,1753,0,0.000000,16384,1592,62872,4,1.000000,0.000000
11868,12658954803,1062748,0,0,1912,0,0.000000,16384,1690,62748,4,1.000000,0.000000
11869,12660014088,1059285,0,0,1828,0,0.000000,16384,1608,59285,4,1.000000,0.000000
11870,12661070744,1056656,0,0,1825,0,0.000000,16384,1620,56656,4,1.000000,0.000000
11871,12662136007,1065263,0,0,1840,0,0.000000,16384,1660,65263,4,1.000000,0.000000
11872,12663192751,1056744,0,0,1808,0,0.000000,16384,1629,56744,4,1.000000,0.000000
11873,12664249685,1056934,0,0,1826,0,0.000000,16384,1606,56934,4,1.000000,0.000000
11874,12665306129,1056444,0,0,1795,0,0.000000,16384,1576,56444,4,1.000000,0.000000
11875,12666392644,1086515,0,0,1947,0,0.000000,16384,1745,86515,4,1.000000,0.000000
11876,12667481993,1089349,0,0,1960,0,0.000000,16384,1755,89349,4,1.000000,0.000000
11877,12668541571,1059578,0,0,1830,0,0.000000,16384,1651,59578,4,1.000000,0.000000
11878,12669630427,1088856,0,0,1973,0,0.000000,16384,1766,88856,4,1.000000,0.000000
11879,12670703345,1072918,0,0,1950,0,0.000000,16384,1726,72918,4,1.000000,0.000000
11880,12671765467,1062122,0,0,1930,0,0.000000,16384,1706,62122,4,1.000000,0.000000
11881,12672833963,1068496,0,0,1932,0,0.000000,16384,1712,68496,4,1.000000,0.000000
11882,12673896250,1062287,0,0,1916,0,0.000000,16384,1692,62287,4,1.000000,0.000000
11883,12674957530,1061280,0,0,1747,0,0.000000,16384,1586,61280,4,1.000000,0.000000
11884,12676015418,1057888,0,0,1746,0,0.000000,16384,1567,57888,4,1.000000,0.000000
11885,12677071798,1056380,0,0,1826,0,0.000000,16384,1606,56380,4,1.000000,0.000000
11886,12678128537,1056739,0,0,1744,0,0.000000,16384,1548,56739,4,1.000000,0.000000
11887,12679185978,1057441,0,0,1820,0,0.000000,16384,1643,57441,4,1.000000,0.000000
11888,12680242241,1056263,0,0,1828,0,0.000000,16384,1637,56263,4,1.000000,0.000000
11889,12681298357,1056116,0,0,1825,0,0.000000,16384,1605,56116,4,1.000000,0.000000
11890,12682354514,1056157,0,0,1808,0,0.000000,16384,1595,56157,4,1.000000,0.000000
11891,12683421343,1066829,0,0,1843,0,0.000000,16384,1661,66829,4,1.000000,0.000000
11892,12684478460,1057117,0,0,1828,0,0.000000,16384,1650,57117,4,1.000000,0.000000
11893,12685539543,1061083,0,0,1686,0,0.000000,16384,1475,61083,4,1.000000,0.000000
11894,12686597912,1058369,0,0,1817,0,0.000000,16384,1608,58369,4,1.000000,0.000000
11895,12687653825,1055913,0,0,1826,0,0.000000,16384,1648,55913,4,1.000000,0.000000
11896,12688676079,1022254,0,0,1717,0,0.000000,16384,1539,22254,4,1.000000,0.000000
11897,12689774523,1098444,0,0,1810,0,0.000000,16384,1591,98444,4,1.000000,0.000000
11898,12690839300,1064777,0,0,1491,0,0.000000,16384,1353,64777,4,1.000000,0.000000
11899,12691901019,1061719,0,0,1672,0,0.000000,16384,1474,61719,4,1.000000,0.000000
11900,12692959151,1058132,0,0,1665,0,0.000000,16384,1476,58132,4,1.000000,0.000000
11901,12694038939,1079788,0,0,1691,0,0.000000,16384,1540,79788,4,1.000000,0.000000
11902,12695097332,1058393,0,0,1663,0,0.000000,16384,1443,58393,4,1.000000,0.000000
11903,12696154021,1056689,0,0,1664,0,0.000000,16384,1499,56689,4,1.000000,0.000000
11904,12697210309,1056288,0,0,1662,0,0.000000,16384,1487,56288,4,1.000000,0.000000
11905,12698269632,1059323,0,0,1547,0,0.000000,16384,1361,59323,4,1.000000,0.000000
11906,12699328189,1058557,0,0,1644,0,0.000000,16384,1494,58557,4,1.000000,0.000000
11907,12700386823,1058634,0,0,1784,0,0.000000,16384,1564,58634,4,1.000000,0.000000
11908,12701444339,1057516,0,0,1703,0,0.000000,16384,1515,57516,4,1.000000,0.000000
11909,12702502168,1057829,0,0,1788,0,0.000000,16384,1618,57829,4,1.000000,0.000000
11910,12703559775,1057607,0,0,1825,0,0.000000,16384,1619,57607,4,1.000000,0.000000
11911,12704625901,1066126,0,0,1838,0,0.000000,16384,1618,66126,4,1.000000,0.000000
11912,12705671506,1045605,0,0,1801,0,0.000000,16384,1602,45605,4,1.000000,0.000000
11913,12706728281,1056775,0,0,1819,0,0.000000,16384,1642,56775,4,1.000000,0.000000
11914,12707784655,1056374,0,0,1823,0,0.000000,16384,1635,56374,4,1.000000,0.000000
11915,12708840473,1055818,0,0,1822,0,0.000000,16384,1602,55818,4,1.000000,0.000000
11916,12709896425,1055952,0,0,1824,0,0.000000,16384,1606,55952,4,1.000000,0.000000
11917,12710952167,1055742,0,0,1824,0,0.000000,16384,1647,55742,4,1.000000,0.000000
11918,12712007835,1055668,0,0,1825,0,0.000000,16384,1647,55668,4,1.000000,0.000000
11919,12713064726,1056891,0,0,1822,0,0.000000,16384,1606,56891,4,1.000000,0.000000
11920,12714120732,1056006,0,0,1823,0,0.000000,16384,1604,56006,4,1.000000,0.000000
11921,12715182128,1061396,0,0,1793,0,0.000000,16384,1609,61396,4,1.000000,0.000000
11922,12716238752,1056624,0,0,1828,0,0.000000,16384,1649,56624,4,1.000000,0.000000
11923,12717294426,1055674,0,0,1825,0,0.000000,16384,1624,55674,4,1.000000,0.000000
11924,12718351550,1057124,0,0,1763,0,0.000000,16384,1543,57124,4,1.000000,0.000000
11925,12719408810,1057260,0,0,1826,0,0.000000,16384,1632,57260,4,1.000000,0.000000
11926,12720465235,1056425,0,0,1827,0,0.000000,16384,1649,56425,4,1.000000,0.000000
11927,12721521591,1056356,0,0,1826,0,0.000000,16384,1634,56356,4,1.000000,0.000000
11928,12722577739,1056148,0,0,1825,0,0.000000,16384,1605,56148,4,1.000000,0.000000
11929,12723633493,1055754,0,0,1806,0,0.000000,16384,1595,55754,4,1.000000,0.000000
11930,12724670205,1036712,0,0,1788,0,0.000000,16384,1617,36712,4,1.000000,0.000000
11931,12725733283,1063078,0,0,1838,0,0.000000,16384,1656,63078,4,1.000000,0.000000
11932,12726790143,1056860,0,0,1821,0,0.000000,16384,1599,56860,4,1.000000,0.000000
11933,12727846194,1056051,0,0,1759,0,0.000000,16384,1548,56051,4,1.000000,0.000000
11934,12728902138,1055944,0,0,1810,0,0.000000,16384,1635,55944,4,1.000000,0.000000
11935,12729957888,1055750,0,0,1826,0,0.000000,16384,1649,55750,4,1.000000,0.000000
11936,12731013666,1055778,0,0,1814,0,0.000000,16384,1591,55778,4,1.000000,0.000000
11937,12732069835,1056169,0,0,1808,0,0.000000,16384,1588,56169,4,1.000000,0.000000
11938,12733126618,1056783,0,0,1819,0,0.000000,16384,1641,56783,4,1.000000,0.000000
11939,12734185018,1058400,0,0,1752,0,0.000000,16384,1590,58400,4,1.000000,0.000000
11940,12735241283,1056265,0,0,1812,0,0.000000,16384,1587,56265,4,1.000000,0.000000
11941,12736302051,1060768,0,0,1819,0,0.000000,16384,1600,60768,4,1.000000,0.000000
11942,12737362337,1060286,0,0,1754,0,0.000000,16384,1588,60286,4,1.000000,0.000000
11943,12738421250,1058913,0,0,1686,0,0.000000,16384,1512,58913,4,1.000000,0.000000
11944,12739478228,1056978,0,0,1813,0,0.000000,16384,1593,56978,4,1.000000,0.000000
11945,12740537702,1059474,0,0,1808,0,0.000000,16384,1608,59474,4,1.000000,0.000000
11946,12741595233,1057531,0,0,1824,0,0.000000,16384,1646,57531,4,1.000000,0.000000
11947,12742651368,1056135,0,0,1825,0,0.000000,16384,1639,56135,4,1.000000,0.000000
11948,12743670198,1018830,0,0,1757,0,0.000000,16384,1536,18830,4,1.000000,0.000000
11949,12744726470,1056272,0,0,1814,0,0.000000,16384,1610,56272,4,1.000000,0.000000
11950,12745782277,1055807,0,0,1827,0,0.000000,16384,1649,55807,4,1.000000,0.000000
11951,12746854102,1071825,0,0,1841,0,0.000000,16384,1660,71825,4,1.000000,0.000000
11952,12747910302,1056200,0,0,1822,0,0.000000,16384,1598,56200,4,1.000000,0.000000
11953,12748967685,1057383,0,0,1726,0,0.000000,16384,1612,57383,4,1.000000,0.000000
11954,12750029468,1061783,0,0,1480,0,0.000000,16384,1476,61783,4,1.000000,0.000000
11955,12751091444,1061976,0,0,1492,0,0.000000,16384,1483,61976,4,1.000000,0.000000
11956,12752149602,1058158,0,0,1539,0,0.000000,16384,1467,58158,4,1.000000,0.000000
11957,12753206943,1057341,0,0,1732,0,0.000000,16384,1575,57341,4,1.000000,0.000000
11958,12754265361,1058418,0,0,1813,0,0.000000,16384,1591,58418,4,1.000000,0.000000
11959,12755322121,1056760,0,0,1809,0,0.000000,16384,1589,56760,4,1.000000,0.000000
11960,12756378178,1056057,0,0,1826,0,0.000000,16384,1645,56057,4,1.000000,0.000000
11961,12757444117,1065939,0,0,1844,0,0.000000,16384,1662,65939,4,1.000000,0.000000
11962,12758506463,1062346,0,0,1604,0,0.000000,16384,1406,62346,4,1.000000,0.000000
11963,12759568512,1062049,0,0,1549,0,0.000000,16384,1397,62049,4,1.000000,0.000000
11964,12760626574,1058062,0,0,1557,0,0.000000,16384,1374,58062,4,1.000000,0.000000
11965,12761672222,1045648,0,0,1634,0,0.000000,16384,1460,45648,4,1.000000,0.000000
11966,12762729551,1057329,0,0,1785,0,0.000000,16384,1616,57329,4,1.000000,0.000000
11967,12763785902,1056351,0,0,1822,0,0.000000,16384,1601,56351,4,1.000000,0.000000
11968,12764843980,1058078,0,0,1805,0,0.000000,16384,1584,58078,4,1.000000,0.000000
11969,12765902196,1058216,0,0,1807,0,0.000000,16384,1629,58216,4,1.000000,0.000000
11970,12766958856,1056660,0,0,1826,0,0.000000,16384,1648,56660,4,1.000000,0.000000
11971,12768023181,1064325,0,0,1836,0,0.000000,16384,1629,64325,4,1.000000,0.000000
11972,12769082392,1059211,0,0,1803,0,0.000000,16384,1582,59211,4,1.000000,0.000000
11973,12770139896,1057504,0,0,1817,0,0.000000,16384,1622,57504,4,1.000000,0.000000
11974,12771196139,1056243,0,0,1815,0,0.000000,16384,1639,56243,4,1.000000,0.000000
11975,12772252197,1056058,0,0,1827,0,0.000000,16384,1635,56058,4,1.000000,0.000000
11976,12773310634,1058437,0,0,1709,0,0.000000,16384,1489,58437,4,1.000000,0.000000
11977,12774370494,1059860,0,0,1596,0,0.000000,16384,1450,59860,4,1.000000,0.000000
11978,12775428826,1058332,0,0,1826,0,0.000000,16384,1632,58332,4,1.000000,0.000000
11979,12776489463,1060637,0,0,1827,0,0.000000,16384,1607,60637,4,1.000000,0.000000
11980,12777550346,1060883,0,0,1833,0,0.000000,16384,1618,60883,4,1.000000,0.000000
11981,12778620126,1069780,0,0,1674,0,0.000000,16384,1526,69780,4,1.000000,0.000000
11982,12779674774,1054648,0,0,1636,0,0.000000,16384,1438,54648,4,1.000000,0.000000
11983,12780732448,1057674,0,0,1820,0,0.000000,16384,1608,57674,4,1.000000,0.000000
11984,12781788630,1056182,0,0,1825,0,0.000000,16384,1647,56182,4,1.000000,0.000000
11985,12782846595,1057965,0,0,1821,0,0.000000,16384,1644,57965,4,1.000000,0.000000
11986,12783903308,1056713,0,0,1806,0,0.000000,16384,1586,56713,4,1.000000,0.000000
11987,12784960586,1057278,0,0,1815,0,0.000000,16384,1595,57278,4,1.000000,0.000000
11988,12786021096,1060510,0,0,1782,0,0.000000,16384,1609,60510,4,1.000000,0.000000
11989,12787079429,1058333,0,0,1819,0,0.000000,16384,1643,58333,4,1.000000,0.000000
11990,12788136527,1057098,0,0,1755,0,0.000000,16384,1544,57098,4,1.000000,0.000000
11991,12789204852,1068325,0,0,1817,0,0.000000,16384,1593,68325,4,1.000000,0.000000
11992,12790261565,1056713,0,0,1824,0,0.000000,16384,1648,56713,4,1.000000,0.000000
11993,12791317398,1055833,0,0,1826,0,0.000000,16384,1648,55833,4,1.000000,0.000000
11994,12792374952,1057554,0,0,1823,0,0.000000,16384,1612,57554,4,1.000000,0.000000
11995,12793431740,1056788,0,0,1822,0,0.000000,16384,1603,56788,4,1.000000,0.000000
11996,12794487933,1056193,0,0,1812,0,0.000000,16384,1618,56193,4,1.000000,0.000000
11997,12795545361,1057428,0,0,1729,0,0.000000,16384,1571,57428,4,1.000000,0.000000
11998,12796602033,1056672,0,0,1826,0,0.000000,16384,1614,56672,4,1.000000,0.000000
11999,12797657897,1055864,0,0,1824,0,0.000000,16384,1604,55864,4,1.000000,0.000000
12000,12798673208,1015311,0,0,1609,0,0.000000,16384,1457,15311,4,1.000000,0.000000
12001,12799749346,1076138,0,0,1747,0,0.000000,16384,1559,76138,4,1.000000,0.000000
12002,12800806442,1057096,0,0,1826,0,0.000000,16384,1606,57096,4,1.000000,0.000000
12003,12801863136,1056694,0,0,1826,0,0.000000,16384,1622,56694,4,1.000000,0.000000
12004,12802920259,1057123,0,0,1816,0,0.000000,16384,1640,57123,4,1.000000,0.000000
12005,12803977711,1057452,0,0,1823,0,0.000000,16384,1639,57452,4,1.000000,0.000000
12006,12805035517,1057806,0,0,1821,0,0.000000,16384,1601,57806,4,1.000000,0.000000
12007,12806092134,1056617,0,0,1823,0,0.000000,16384,1601,56617,4,1.000000,0.000000
12008,12807148089,1055955,0,0,1826,0,0.000000,16384,1649,55955,4,1.000000,0.000000
12009,12808204536,1056447,0,0,1828,0,0.000000,16384,1649,56447,4,1.000000,0.000000
12010,12809262395,1057859,0,0,1795,0,0.000000,16384,1585,57859,4,1.000000,0.000000
12011,12810325091,1062696,0,0,1834,0,0.000000,16384,1614,62696,4,1.000000,0.000000
12012,12811382113,1057022,0,0,1818,0,0.000000,16384,1627,57022,4,1.000000,0.000000
12013,12812438116,1056003,0,0,1826,0,0.000000,16384,1648,56003,4,1.000000,0.000000
12014,12813493927,1055811,0,0,1824,0,0.000000,16384,1629,55811,4,1.000000,0.000000
12015,12814550760,1056833,0,0,1821,0,0.000000,16384,1601,56833,4,1.000000,0.000000
12016,12815608179,1057419,0,0,1813,0,0.000000,16384,1604,57419,4,1.000000,0.000000
12017,12816664836,1056657,0,0,1827,0,0.000000,16384,1649,56657,4,1.000000,0.000000
12018,12817723235,1058399,0,0,1827,0,0.000000,16384,1650,58399,4,1.000000,0.000000
12019,12818785471,1062236,0,0,1664,0,0.000000,16384,1444,62236,4,1.000000,0.000000
12020,12819844080,1058609,0,0,1829,0,0.000000,16384,1630,58609,4,1.000000,0.000000
12021,12820908767,1064687,0,0,1839,0,0.000000,16384,1658,64687,4,1.000000,0.000000
12022,12821965344,1056577,0,0,1826,0,0.000000,16384,1642,56577,4,1.000000,0.000000
12023,12823022807,1057463,0,0,1732,0,0.000000,16384,1512,57463,4,1.000000,0.000000
12024,12824081202,1058395,0,0,1742,0,0.000000,16384,1554,58395,4,1.000000,0.000000
12025,12825140079,1058877,0,0,1652,0,0.000000,16384,1500,58877,4,1.000000,0.000000
12026,12826197155,1057076,0,0,1734,0,0.000000,16384,1514,57076,4,1.000000,0.000000
12027,12827252955,1055800,0,0,1812,0,0.000000,16384,1613,55800,4,1.000000,0.000000
12028,12828309406,1056451,0,0,1827,0,0.000000,16384,1649,56451,4,1.000000,0.000000
12029,12829365700,1056294,0,0,1814,0,0.000000,16384,1627,56294,4,1.000000,0.000000
12030,12830421439,1055739,0,0,1823,0,0.000000,16384,1603,55739,4,1.000000,0.000000
12031,12831484945,1063506,0,0,1831,0,0.000000,16384,1612,63506,4,1.000000,0.000000
12032,12832541305,1056360,0,0,1810,0,0.000000,16384,1634,56360,4,1.000000,0.000000
12033,12833597950,1056645,0,0,1814,0,0.000000,16384,1639,56645,4,1.000000,0.000000
12034,12834654342,1056392,0,0,1823,0,0.000000,16384,1605,56392,4,1.000000,0.000000
12035,12835670435,1016093,0,0,1752,0,0.000000,16384,1536,16093,4,1.000000,0.000000
12036,12836726633,1056198,0,0,1825,0,0.000000,16384,1648,56198,4,1.000000,0.000000
12037,12837782629,1055996,0,0,1825,0,0.000000,16384,1647,55996,4,1.000000,0.000000
12038,12838840553,1057924,0,0,1744,0,0.000000,16384,1534,57924,4,1.000000,0.000000
12039,12839897399,1056846,0,0,1824,0,0.000000,16384,1601,56846,4,1.000000,0.000000
12040,12840953471,1056072,0,0,1826,0,0.000000,16384,1648,56072,4,1.000000,0.000000
12041,12842016421,1062950,0,0,1836,0,0.000000,16384,1655,62950,4,1.000000,0.000000
12042,12843073033,1056612,0,0,1824,0,0.000000,16384,1619,56612,4,1.000000,0.000000
12043,12844130743,1057710,0,0,1809,0,0.000000,16384,1589,57710,4,1.000000,0.000000
12044,12845187000,1056257,0,0,1818,0,0.000000,16384,1622,56257,4,1.000000,0.000000
12045,12846242906,1055906,0,0,1825,0,0.000000,16384,1647,55906,4,1.000000,0.000000
12046,12847298843,1055937,0,0,1825,0,0.000000,16384,1635,55937,4,1.000000,0.000000
12047,12848355003,1056160,0,0,1824,0,0.000000,16384,1604,56160,4,1.000000,0.000000
12048,12849410831,1055828,0,0,1736,0,0.000000,16384,1537,55828,4,1.000000,0.000000
12049,12850471250,1060419,0,0,1634,0,0.000000,16384,1493,60419,4,1.000000,0.000000
12050,12851531411,1060161,0,0,1825,0,0.000000,16384,1601,60161,4,1.000000,0.000000
12051,12852605965,1074554,0,0,1853,0,0.000000,16384,1633,74554,4,1.000000,0.000000
12052,12853664649,1058684,0,0,1830,0,0.000000,16384,1642,58684,4,1.000000,0.000000
12053,12854724868,1060219,0,0,1821,0,0.000000,16384,1644,60219,4,1.000000,0.000000
12054,12855780911,1056043,0,0,1825,0,0.000000,16384,1626,56043,4,1.000000,0.000000
12055,12856837069,1056158,0,0,1823,0,0.000000,16384,1603,56158,4,1.000000,0.000000
12056,12857894481,1057412,0,0,1821,0,0.000000,16384,1614,57412,4,1.000000,0.000000
12057,12858953441,1058960,0,0,1674,0,0.000000,16384,1526,58960,4,1.000000,0.000000
12058,12860013216,1059775,0,0,1658,0,0.000000,16384,1453,59775,4,1.000000,0.000000
12059,12861070791,1057575,0,0,1663,0,0.000000,16384,1484,57575,4,1.000000,0.000000
12060,12862128319,1057528,0,0,1654,0,0.000000,16384,1493,57528,4,1.000000,0.000000
12061,12863193970,1065651,0,0,1825,0,0.000000,16384,1605,65651,4,1.000000,0.000000
12062,12864249998,1056028,0,0,1822,0,0.000000,16384,1612,56028,4,1.000000,0.000000
12063,12865307229,1057231,0,0,1802,0,0.000000,16384,1629,57231,4,1.000000,0.000000
12064,12866364057,1056828,0,0,1826,0,0.000000,16384,1645,56828,4,1.000000,0.000000
12065,12867420150,1056093,0,0,1823,0,0.000000,16384,1602,56093,4,1.000000,0.000000
12066,12868476163,1056013,0,0,1823,0,0.000000,16384,1600,56013,4,1.000000,0.000000
12067,12869535907,1059744,0,0,1720,0,0.000000,16384,1561,59744,4,1.000000,0.000000
12068,12870596712,1060805,0,0,1743,0,0.000000,16384,1562,60805,4,1.000000,0.000000
12069,12871653991,1057279,0,0,1703,0,0.000000,16384,1483,57279,4,1.000000,0.000000
12070,12872670988,1016997,0,0,1755,0,0.000000,16384,1584,16997,4,1.000000,0.000000
12071,12873742404,1071416,0,0,1830,0,0.000000,16384,1651,71416,4,1.000000,0.000000
12072,12874801549,1059145,0,0,1660,0,0.000000,16384,1450,59145,4,1.000000,0.000000
12073,12875858478,1056929,0,0,1825,0,0.000000,16384,1619,56929,4,1.000000,0.000000
12074,12876914605,1056127,0,0,1818,0,0.000000,16384,1642,56127,4,1.000000,0.000000
12075,12877971318,1056713,0,0,1815,0,0.000000,16384,1633,56713,4,1.000000,0.000000
12076,12879029531,1058213,0,0,1756,0,0.000000,16384,1536,58213,4,1.000000,0.000000
12077,12880086801,1057270,0,0,1827,0,0.000000,16384,1617,57270,4,1.000000,0.000000
12078,12881143079,1056278,0,0,1818,0,0.000000,16384,1641,56278,4,1.000000,0.000000
12079,12882199042,1055963,0,0,1810,0,0.000000,16384,1633,55963,4,1.000000,0.000000
12080,12883255050,1056008,0,0,1823,0,0.000000,16384,1603,56008,4,1.000000,0.000000
12081,12884332481,1077431,0,0,1544,0,0.000000,16384,1374,77431,4,1.000000,0.000000
12082,12885401223,1068742,0,0,1456,0,0.000000,16384,1290,68742,4,1.000000,0.000000
12083,12886465847,1064624,0,0,1543,0,0.000000,16384,1390,64624,4,1.000000,0.000000
12084,12887526427,1060580,0,0,1561,0,0.000000,16384,1378,60580,4,1.000000,0.000000
12085,12888585474,1059047,0,0,1555,0,0.000000,16384,1396,59047,4,1.000000,0.000000
12086,12889644177,1058703,0,0,1559,0,0.000000,16384,1382,58703,4,1.000000,0.000000
12087,12890709283,1065106,0,0,1559,0,0.000000,16384,1393,65106,4,1.000000,0.000000
12088,12891772870,1063587,0,0,1523,0,0.000000,16384,1353,63587,4,1.000000,0.000000
12089,12892837791,1064921,0,0,1566,0,0.000000,16384,1399,64921,4,1.000000,0.000000
12090,12893896275,1058484,0,0,1579,0,0.000000,16384,1406,58484,4,1.000000,0.000000
12091,12894974389,1078114,0,0,1694,0,0.000000,16384,1493,78114,4,1.000000,0.000000
12092,12896038460,1064071,0,0,1542,0,0.000000,16384,1407,64071,4,1.000000,0.000000
12093,12897098630,1060170,0,0,1554,0,0.000000,16384,1350,60170,4,1.000000,0.000000
12094,12898157198,1058568,0,0,1560,0,0.000000,16384,1428,58568,4,1.000000,0.000000
12095,12899221090,1063892,0,0,1525,0,0.000000,16384,1322,63892,4,1.000000,0.000000
12096,12900286061,1064971,0,0,1604,0,0.000000,16384,1471,64971,4,1.000000,0.000000
12097,12901348818,1062757,0,0,1666,0,0.000000,16384,1446,62757,4,1.000000,0.000000
12098,12902407341,1058523,0,0,1664,0,0.000000,16384,1498,58523,4,1.000000,0.000000
12099,12903464336,1056995,0,0,1596,0,0.000000,16384,1422,56995,4,1.000000,0.000000
12100,12904521395,1057059,0,0,1703,0,0.000000,16384,1498,57059,4,1.000000,0.000000
12101,12905603061,1081666,0,0,1864,0,0.000000,16384,1678,81666,4,1.000000,0.000000
12102,12906659541,1056480,0,0,1826,0,0.000000,16384,1648,56480,4,1.000000,0.000000
12103,12907670708,1011167,0,0,1743,0,0.000000,16384,1532,11167,4,1.000000,0.000000
12104,12908727335,1056627,0,0,1802,0,0.000000,16384,1585,56627,4,1.000000,0.000000
12105,12909783301,1055966,0,0,1793,0,0.000000,16384,1622,55966,4,1.000000,0.000000
12106,12910839393,1056092,0,0,1825,0,0.000000,16384,1649,56092,4,1.000000,0.000000
12107,12911896690,1057297,0,0,1821,0,0.000000,16384,1596,57297,4,1.000000,0.000000
12108,12912952969,1056279,0,0,1821,0,0.000000,16384,1602,56279,4,1.000000,0.000000
12109,12914009100,1056131,0,0,1824,0,0.000000,16384,1641,56131,4,1.000000,0.000000
12110,12915066439,1057339,0,0,1807,0,0.000000,16384,1633,57339,4,1.000000,0.000000
12111,12916129450,1063011,0,0,1827,0,0.000000,16384,1620,63011,4,1.000000,0.000000
12112,12917185510,1056060,0,0,1821,0,0.000000,16384,1601,56060,4,1.000000,0.000000
12113,12918241905,1056395,0,0,1738,0,0.000000,16384,1555,56395,4,1.000000,0.000000
12114,12919300946,1059041,0,0,1701,0,0.000000,16384,1543,59041,4,1.000000,0.000000
12115,12920358871,1057925,0,0,1816,0,0.000000,16384,1597,57925,4,1.000000,0.000000
12116,12921415984,1057113,0,0,1703,0,0.000000,16384,1504,57113,4,1.000000,0.000000
12117,12922473056,1057072,0,0,1766,0,0.000000,16384,1600,57072,4,1.000000,0.000000
12118,12923529691,1056635,0,0,1825,0,0.000000,16384,1626,56635,4,1.000000,0.000000
12119,12924585998,1056307,0,0,1800,0,0.000000,16384,1580,56307,4,1.000000,0.000000
12120,12925641789,1055791,0,0,1823,0,0.000000,16384,1621,55791,4,1.000000,0.000000
12121,12926670689,1028900,0,0,1765,0,0.000000,16384,1599,28900,4,1.000000,0.000000
12122,12927726962,1056273,0,0,1827,0,0.000000,16384,1631,56273,4,1.000000,0.000000
12123,12928782524,1055562,0,0,1824,0,0.000000,16384,1604,55562,4,1.000000,0.000000
12124,12929838515,1055991,0,0,1824,0,0.000000,16384,1613,55991,4,1.000000,0.000000
12125,12930894463,1055948,0,0,1828,0,0.000000,16384,1650,55948,4,1.000000,0.000000
12126,12931959270,1064807,0,0,1814,0,0.000000,16384,1639,64807,4,1.000000,0.000000
12127,12933022074,1062804,0,0,1781,0,0.000000,16384,1560,62804,4,1.000000,0.000000
12128,12934079342,1057268,0,0,1718,0,0.000000,16384,1519,57268,4,1.000000,0.000000
12129,12935135260,1055918,0,0,1809,0,0.000000,16384,1634,55918,4,1.000000,0.000000
12130,12936190807,1055547,0,0,1825,0,0.000000,16384,1636,55547,4,1.000000,0.000000
12131,12937256668,1065861,0,0,1838,0,0.000000,16384,1618,65861,4,1.000000,0.000000
12132,12938312727,1056059,0,0,1824,0,0.000000,16384,1604,56059,4,1.000000,0.000000
12133,12939370221,1057494,0,0,1736,0,0.000000,16384,1576,57494,4,1.000000,0.000000
12134,12940427314,1057093,0,0,1805,0,0.000000,16384,1621,57093,4,1.000000,0.000000
12135,12941487962,1060648,0,0,1829,0,0.000000,16384,1608,60648,4,1.000000,0.000000
12136,12942549313,1061351,0,0,1822,0,0.000000,16384,1604,61351,4,1.000000,0.000000
12137,12943606818,1057505,0,0,1828,0,0.000000,16384,1649,57505,4,1.000000,0.000000
12138,12944663390,1056572,0,0,1826,0,0.000000,16384,1648,56572,4,1.000000,0.000000
12139,12945670707,1007317,0,0,1738,0,0.000000,16384,1530,7317,4,1.000000,0.000000
12140,12946728469,1057762,0,0,1804,0,0.000000,16384,1585,57762,4,1.000000,0.000000
12141,12947797316,1068847,0,0,1678,0,0.000000,16384,1529,68847,4,1.000000,0.000000
12142,12948859020,1061704,0,0,1825,0,0.000000,16384,1629,61704,4,1.000000,0.000000
12143,12949918697,1059677,0,0,1817,0,0.000000,16384,1596,59677,4,1.000000,0.000000
12144,12950983801,1065104,0,0,1663,0,0.000000,16384,1487,65104,4,1.000000,0.000000
12145,12952046602,1062801,0,0,1732,0,0.000000,16384,1569,62801,4,1.000000,0.000000
12146,12953105073,1058471,0,0,1667,0,0.000000,16384,1447,58471,4,1.000000,0.000000
12147,12954162500,1057427,0,0,1737,0,0.000000,16384,1561,57427,4,1.000000,0.000000
12148,12955219780,1057280,0,0,1830,0,0.000000,16384,1651,57280,4,1.000000,0.000000
12149,12956275814,1056034,0,0,1804,0,0.000000,16384,1595,56034,4,1.000000,0.000000
12150,12957331581,1055767,0,0,1810,0,0.000000,16384,1590,55767,4,1.000000,0.000000
12151,12958407459,1075878,0,0,1851,0,0.000000,16384,1655,75878,4,1.000000,0.000000
12152,12959464892,1057433,0,0,1750,0,0.000000,16384,1588,57433,4,1.000000,0.000000
12153,12960521727,1056835,0,0,1814,0,0.000000,16384,1608,56835,4,1.000000,0.000000
12154,12961577768,1056041,0,0,1777,0,0.000000,16384,1557,56041,4,1.000000,0.000000
12155,12962654027,1076259,0,0,1851,0,0.000000,16384,1623,76259,4,1.000000,0.000000
12156,12963673624,1019597,0,0,1589,0,0.000000,16384,1389,19597,4,1.000000,0.000000
12157,12964731681,1058057,0,0,1659,0,0.000000,16384,1516,58057,4,1.000000,0.000000
12158,12965788204,1056523,0,0,1642,0,0.000000,16384,1429,56523,4,1.000000,0.000000
12159,12966849232,1061028,0,0,1801,0,0.000000,16384,1606,61028,4,1.000000,0.000000
12160,12967912214,1062982,0,0,1792,0,0.000000,16384,1621,62982,4,1.000000,0.000000
12161,12968986106,1073892,0,0,1798,0,0.000000,16384,1600,73892,4,1.000000,0.000000
12162,12970049610,1063504,0,0,1771,0,0.000000,16384,1551,63504,4,1.000000,0.000000
12163,12971109133,1059523,0,0,1670,0,0.000000,16384,1507,59523,4,1.000000,0.000000
12164,12972165946,1056813,0,0,1664,0,0.000000,16384,1487,56813,4,1.000000,0.000000
12165,12973222182,1056236,0,0,1786,0,0.000000,16384,1566,56236,4,1.000000,0.000000
12166,12974280238,1058056,0,0,1717,0,0.000000,16384,1549,58056,4,1.000000,0.000000
12167,12975339624,1059386,0,0,1691,0,0.000000,16384,1519,59386,4,1.000000,0.000000
12168,12976396586,1056962,0,0,1760,0,0.000000,16384,1540,56962,4,1.000000,0.000000
12169,12977452859,1056273,0,0,1816,0,0.000000,16384,1623,56273,4,1.000000,0.000000
12170,12978538947,1086088,0,0,1951,0,0.000000,16384,1748,86088,4,1.000000,0.000000
12171,12979607457,1068510,0,0,1781,0,0.000000,16384,1613,68510,4,1.000000,0.000000
12172,12980669066,1061609,0,0,1830,0,0.000000,16384,1606,61609,4,1.000000,0.000000
12173,12981726765,1057699,0,0,1820,0,0.000000,16384,1600,57699,4,1.000000,0.000000
12174,12982783462,1056697,0,0,1826,0,0.000000,16384,1642,56697,4,1.000000,0.000000
12175,12983840502,1057040,0,0,1818,0,0.000000,16384,1641,57040,4,1.000000,0.000000
12176,12984897928,1057426,0,0,1765,0,0.000000,16384,1562,57426,4,1.000000,0.000000
12177,12985955831,1057903,0,0,1682,0,0.000000,16384,1477,57903,4,1.000000,0.000000
12178,12987012901,1057070,0,0,1778,0,0.000000,16384,1609,57070,4,1.000000,0.000000
12179,12988069921,1057020,0,0,1807,0,0.000000,16384,1621,57020,4,1.000000,0.000000
12180,12989127983,1058062,0,0,1824,0,0.000000,16384,1604,58062,4,1.000000,0.000000
12181,12990194707,1066724,0,0,1823,0,0.000000,16384,1607,66724,4,1.000000,0.000000
12182,12991250774,1056067,0,0,1807,0,0.000000,16384,1632,56067,4,1.000000,0.000000
12183,12992308087,1057313,0,0,1813,0,0.000000,16384,1640,57313,4,1.000000,0.000000
12184,12993365634,1057547,0,0,1824,0,0.000000,16384,1600,57547,4,1.000000,0.000000
12185,12994421543,1055909,0,0,1811,0,0.000000,16384,1591,55909,4,1.000000,0.000000
12186,12995477501,1055958,0,0,1825,0,0.000000,16384,1643,55958,4,1.000000,0.000000
12187,12996533286,1055785,0,0,1824,0,0.000000,16384,1646,55785,4,1.000000,0.000000
12188,12997588897,1055611,0,0,1822,0,0.000000,16384,1618,55611,4,1.000000,0.000000
12189,12998644795,1055898,0,0,1798,0,0.000000,16384,1578,55898,4,1.000000,0.000000
12190,12999676962,1032167,0,0,1580,0,0.000000,16384,1432,32167,4,1.000000,0.000000
12191,13000748518,1071556,0,0,1763,0,0.000000,16384,1571,71556,4,1.000000,0.000000
12192,13001805749,1057231,0,0,1826,0,0.000000,16384,1606,57231,4,1.000000,0.000000
12193,13002862595,1056846,0,0,1827,0,0.000000,16384,1623,56846,4,1.000000,0.000000
12194,13003919383,1056788,0,0,1815,0,0.000000,16384,1640,56788,4,1.000000,0.000000
12195,13004975403,1056020,0,0,1828,0,0.000000,16384,1643,56020,4,1.000000,0.000000
12196,13006053689,1078286,0,0,1851,0,0.000000,16384,1628,78286,4,1.000000,0.000000
12197,13007110225,1056536,0,0,1826,0,0.000000,16384,1604,56536,4,1.000000,0.000000
12198,13008166112,1055887,0,0,1816,0,0.000000,16384,1637,55887,4,1.000000,0.000000
12199,13009221933,1055821,0,0,1823,0,0.000000,16384,1646,55821,4,1.000000,0.000000
12200,13010299476,1077543,0,0,1849,0,0.000000,16384,1642,77543,4,1.000000,0.000000
12201,13011379113,1079637,0,0,1694,0,0.000000,16384,1474,79637,4,1.000000,0.000000
12202,13012437467,1058354,0,0,1663,0,0.000000,16384,1516,58354,4,1.000000,0.000000
12203,13013526245,1088778,0,0,1743,0,0.000000,16384,1549,88778,4,1.000000,0.000000
12204,13014617479,1091234,0,0,1854,0,0.000000,16384,1635,91234,4,1.000000,0.000000
12205,13015709900,1092421,0,0,1825,0,0.000000,16384,1622,92421,4,1.000000,0.000000
12206,13016773690,1063790,0,0,1818,0,0.000000,16384,1642,63790,4,1.000000,0.000000
12207,13017837077,1063387,0,0,1807,0,0.000000,16384,1622,63387,4,1.000000,0.000000
12208,13018901732,1064655,0,0,1795,0,0.000000,16384,1574,64655,4,1.000000,0.000000
12209,13019964724,1062992,0,0,1731,0,0.000000,16384,1538,62992,4,1.000000,0.000000
12210,13021024314,1059590,0,0,1830,0,0.000000,16384,1652,59590,4,1.000000,0.000000
12211,13022090668,1066354,0,0,1844,0,0.000000,16384,1651,66354,4,1.000000,0.000000
12212,13023147756,1057088,0,0,1826,0,0.000000,16384,1607,57088,4,1.000000,0.000000
12213,13024203990,1056234,0,0,1826,0,0.000000,16384,1606,56234,4,1.000000,0.000000
12214,13025259911,1055921,0,0,1827,0,0.000000,16384,1649,55921,4,1.000000,0.000000
12215,13026316911,1057000,0,0,1826,0,0.000000,16384,1648,57000,4,1.000000,0.000000
12216,13027407988,1091077,0,0,1942,0,0.000000,16384,1730,91077,4,1.000000,0.000000
12217,13028467438,1059450,0,0,1831,0,0.000000,16384,1611,59450,4,1.000000,0.000000
12218,13029524072,1056634,0,0,1826,0,0.000000,16384,1606,56634,4,1.000000,0.000000
12219,13030580194,1056122,0,0,1826,0,0.000000,16384,1648,56122,4,1.000000,0.000000
12220,13031672191,1091997,0,0,1980,0,0.000000,16384,1772,91997,4,1.000000,0.000000
12221,13032741339,1069148,0,0,1814,0,0.000000,16384,1631,69148,4,1.000000,0.000000
12222,13033802492,1061153,0,0,1864,0,0.000000,16384,1641,61153,4,1.000000,0.000000
12223,13034864773,1062281,0,0,1918,0,0.000000,16384,1698,62281,4,1.000000,0.000000
12224,13035923958,1059185,0,0,1830,0,0.000000,16384,1626,59185,4,1.000000,0.000000
12225,13036980883,1056925,0,0,1825,0,0.000000,16384,1647,56925,4,1.000000,0.000000
12226,13038037412,1056529,0,0,1827,0,0.000000,16384,1645,56529,4,1.000000,0.000000
12227,13039099911,1062499,0,0,1794,0,0.000000,16384,1574,62499,4,1.000000,0.000000
12228,13040163107,1063196,0,0,1652,0,0.000000,16384,1467,63196,4,1.000000,0.000000
12229,13041221957,1058850,0,0,1668,0,0.000000,16384,1513,58850,4,1.000000,0.000000
12230,13042279633,1057676,0,0,1661,0,0.000000,16384,1441,57676,4,1.000000,0.000000
12231,13043349732,1070099,0,0,1679,0,0.000000,16384,1520,70099,4,1.000000,0.000000
12232,13044430047,1080315,0,0,1702,0,0.000000,16384,1521,80315,4,1.000000,0.000000
12233,13045500449,1070402,0,0,1439,0,0.000000,16384,1273,70402,4,1.000000,0.000000
12234,13046563728,1063279,0,0,1687,0,0.000000,16384,1517,63279,4,1.000000,0.000000
12235,13047622930,1059202,0,0,1808,0,0.000000,16384,1588,59202,4,1.000000,0.000000
12236,13048675961,1053031,0,0,1792,0,0.000000,16384,1593,53031,4,1.000000,0.000000
12237,13049738225,1062264,0,0,1808,0,0.000000,16384,1633,62264,4,1.000000,0.000000
12238,13050800108,1061883,0,0,1835,0,0.000000,16384,1645,61883,4,1.000000,0.000000
12239,13051861569,1061461,0,0,1626,0,0.000000,16384,1406,61461,4,1.000000,0.000000
12240,13052924696,1063127,0,0,1655,0,0.000000,16384,1510,63127,4,1.000000,0.000000
12241,13054007463,1082767,0,0,1705,0,0.000000,16384,1509,82767,4,1.000000,0.000000
12242,13055066687,1059224,0,0,1669,0,0.000000,16384,1471,59224,4,1.000000,0.000000
12243,13056125725,1059038,0,0,1662,0,0.000000,16384,1517,59038,4,1.000000,0.000000
12244,13057182521,1056796,0,0,1656,0,0.000000,16384,1444,56796,4,1.000000,0.000000
12245,13058238547,1056026,0,0,1657,0,0.000000,16384,1487,56026,4,1.000000,0.000000
12246,13059298437,1059890,0,0,1632,0,0.000000,16384,1462,59890,4,1.000000,0.000000
12247,13060357627,1059190,0,0,1655,0,0.000000,16384,1449,59190,4,1.000000,0.000000
12248,13061414654,1057027,0,0,1667,0,0.000000,16384,1520,57027,4,1.000000,0.000000
12249,13062471026,1056372,0,0,1664,0,0.000000,16384,1461,56372,4,1.000000,0.000000
12250,13063528888,1057862,0,0,1656,0,0.000000,16384,1475,57862,4,1.000000,0.000000
12251,13064614465,1085577,0,0,1609,0,0.000000,16384,1450,85577,4,1.000000,0.000000
12252,13065674382,1059917,0,0,1649,0,0.000000,16384,1438,59917,4,1.000000,0.000000
12253,13066732784,1058402,0,0,1636,0,0.000000,16384,1496,58402,4,1.000000,0.000000
12254,13067789458,1056674,0,0,1825,0,0.000000,16384,1615,56674,4,1.000000,0.000000
12255,13068846442,1056984,0,0,1812,0,0.000000,16384,1593,56984,4,1.000000,0.000000
12256,13069902451,1056009,0,0,1824,0,0.000000,16384,1629,56009,4,1.000000,0.000000
12257,13070958173,1055722,0,0,1825,0,0.000000,16384,1647,55722,4,1.000000,0.000000
12258,13072014037,1055864,0,0,1824,0,0.000000,16384,1633,55864,4,1.000000,0.000000
12259,13073070085,1056048,0,0,1814,0,0.000000,16384,1594,56048,4,1.000000,0.000000
12260,13074128532,1058447,0,0,1763,0,0.000000,16384,1562,58447,4,1.000000,0.000000
12261,13075196228,1067696,0,0,1842,0,0.000000,16384,1661,67696,4,1.000000,0.000000
12262,13076252130,1055902,0,0,1826,0,0.000000,16384,1644,55902,4,1.000000,0.000000
12263,13077307865,1055735,0,0,1825,0,0.000000,16384,1605,55735,4,1.000000,0.000000
12264,13078364067,1056202,0,0,1826,0,0.000000,16384,1602,56202,4,1.000000,0.000000
12265,13079424640,1060573,0,0,1752,0,0.000000,16384,1587,60573,4,1.000000,0.000000
12266,13080483998,1059358,0,0,1790,0,0.000000,16384,1615,59358,4,1.000000,0.000000
12267,13081540880,1056882,0,0,1817,0,0.000000,16384,1596,56882,4,1.000000,0.000000
12268,13082597494,1056614,0,0,1825,0,0.000000,16384,1602,56614,4,1.000000,0.000000
12269,13083653522,1056028,0,0,1825,0,0.000000,16384,1648,56028,4,1.000000,0.000000
12270,13084670386,1016864,0,0,1730,0,0.000000,16384,1567,16864,4,1.000000,0.000000
12271,13085734813,1064427,0,0,1837,0,0.000000,16384,1615,64427,4,1.000000,0.000000
12272,13086790705,1055892,0,0,1826,0,0.000000,16384,1603,55892,4,1.000000,0.000000
12273,13087846345,1055640,0,0,1825,0,0.000000,16384,1645,55640,4,1.000000,0.000000
12274,13088902366,1056021,0,0,1792,0,0.000000,16384,1621,56021,4,1.000000,0.000000
12275,13089958334,1055968,0,0,1825,0,0.000000,16384,1613,55968,4,1.000000,0.000000
12276,13091015995,1057661,0,0,1822,0,0.000000,16384,1602,57661,4,1.000000,0.000000
12277,13092072908,1056913,0,0,1807,0,0.000000,16384,1616,56913,4,1.000000,0.000000
12278,13093128809,1055901,0,0,1791,0,0.000000,16384,1620,55901,4,1.000000,0.000000
12279,13094187266,1058457,0,0,1776,0,0.000000,16384,1574,58457,4,1.000000,0.000000
12280,13095244445,1057179,0,0,1613,0,0.000000,16384,1418,57179,4,1.000000,0.000000
12281,13096307729,1063284,0,0,1767,0,0.000000,16384,1601,63284,4,1.000000,0.000000
12282,13097364459,1056730,0,0,1826,0,0.000000,16384,1627,56730,4,1.000000,0.000000
12283,13098420889,1056430,0,0,1825,0,0.000000,16384,1605,56430,4,1.000000,0.000000
12284,13099479870,1058981,0,0,1770,0,0.000000,16384,1572,58981,4,1.000000,0.000000
12285,13100538106,1058236,0,0,1760,0,0.000000,16384,1595,58236,4,1.000000,0.000000
12286,13101594421,1056315,0,0,1823,0,0.000000,16384,1622,56315,4,1.000000,0.000000
12287,13102650696,1056275,0,0,1821,0,0.000000,16384,1601,56275,4,1.000000,0.000000
12288,13103677326,1026630,0,0,1750,0,0.000000,16384,1561,26630,4,1.000000,0.000000
12289,13104734343,1057017,0,0,1822,0,0.000000,16384,1645,57017,4,1.000000,0.000000
12290,13105790200,1055857,0,0,1822,0,0.000000,16384,1624,55857,4,1.000000,0.000000
12291,13106853743,1063543,0,0,1836,0,0.000000,16384,1615,63543,4,1.000000,0.000000
12292,13107909732,1055989,0,0,1821,0,0.000000,16384,1612,55989,4,1.000000,0.000000
12293,13108967102,1057370,0,0,1791,0,0.000000,16384,1620,57370,4,1.000000,0.000000
12294,13110023503,1056401,0,0,1826,0,0.000000,16384,1643,56401,4,1.000000,0.000000
12295,13111079231,1055728,0,0,1824,0,0.000000,16384,1603,55728,4,1.000000,0.000000
12296,13112134795,1055564,0,0,1823,0,0.000000,16384,1600,55564,4,1.000000,0.000000
12297,13113191404,1056609,0,0,1803,0,0.000000,16384,1630,56609,4,1.000000,0.000000
12298,13114247398,1055994,0,0,1826,0,0.000000,16384,1648,55994,4,1.000000,0.000000
12299,13115304500,1057102,0,0,1766,0,0.000000,16384,1552,57102,4,1.000000,0.000000
12300,13116361077,1056577,0,0,1824,0,0.000000,16384,1604,56577,4,1.000000,0.000000
12301,13117431936,1070859,0,0,1818,0,0.000000,16384,1638,70859,4,1.000000,0.000000
12302,13118487984,1056048,0,0,1824,0,0.000000,16384,1647,56048,4,1.000000,0.000000
12303,13119547091,1059107,0,0,1766,0,0.000000,16384,1560,59107,4,1.000000,0.000000
12304,13120604939,1057848,0,0,1817,0,0.000000,16384,1597,57848,4,1.000000,0.000000
12305,13121661123,1056184,0,0,1826,0,0.000000,16384,1637,56184,4,1.000000,0.000000
12306,13122670607,1009484,0,0,1739,0,0.000000,16384,1579,9484,4,1.000000,0.000000
12307,13123726964,1056357,0,0,1809,0,0.000000,16384,1594,56357,4,1.000000,0.000000
12308,13124782757,1055793,0,0,1822,0,0.000000,16384,1602,55793,4,1.000000,0.000000
12309,13125840692,1057935,0,0,1713,0,0.000000,16384,1547,57935,4,1.000000,0.000000
12310,13126898066,1057374,0,0,1779,0,0.000000,16384,1605,57374,4,1.000000,0.000000
12311,13127963016,1064950,0,0,1807,0,0.000000,16384,1587,64950,4,1.000000,0.000000
12312,13129020497,1057481,0,0,1826,0,0.000000,16384,1606,57481,4,1.000000,0.000000
12313,13130077239,1056742,0,0,1804,0,0.000000,16384,1630,56742,4,1.000000,0.000000
12314,13131133043,1055804,0,0,1823,0,0.000000,16384,1646,55804,4,1.000000,0.000000
12315,13132188855,1055812,0,0,1822,0,0.000000,16384,1605,55812,4,1.000000,0.000000
12316,13133244624,1055769,0,0,1822,0,0.000000,16384,1602,55769,4,1.000000,0.000000
12317,13134301660,1057036,0,0,1826,0,0.000000,16384,1637,57036,4,1.000000,0.000000
12318,13135357753,1056093,0,0,1809,0,0.000000,16384,1634,56093,4,1.000000,0.000000
12319,13136413859,1056106,0,0,1823,0,0.000000,16384,1623,56106,4,1.000000,0.000000
12320,13137469810,1055951,0,0,1822,0,0.000000,16384,1602,55951,4,1.000000,0.000000
12321,13138532296,1062486,0,0,1834,0,0.000000,16384,1627,62486,4,1.000000,0.000000
12322,13139593775,1061479,0,0,1780,0,0.000000,16384,1611,61479,4,1.000000,0.000000
12323,13140688585,1094810,0,0,1848,0,0.000000,16384,1660,94810,4,1.000000,0.000000
12324,13141749435,1060850,0,0,1671,0,0.000000,16384,1451,60850,4,1.000000,0.000000
12325,13142811160,1061725,0,0,1811,0,0.000000,16384,1621,61725,4,1.000000,0.000000
12326,13143876775,1065615,0,0,1762,0,0.000000,16384,1597,65615,4,1.000000,0.000000
12327,13144941985,1065210,0,0,1642,0,0.000000,16384,1436,65210,4,1.000000,0.000000
12328,13146002364,1060379,0,0,1666,0,0.000000,16384,1490,60379,4,1.000000,0.000000
12329,13147064054,1061690,0,0,1870,0,0.000000,16384,1684,61690,4,1.000000,0.000000
12330,13148126092,1062038,0,0,1879,0,0.000000,16384,1678,62038,4,1.000000,0.000000
12331,13149196350,1070258,0,0,1834,0,0.000000,16384,1614,70258,4,1.000000,0.000000
12332,13150254193,1057843,0,0,1751,0,0.000000,16384,1546,57843,4,1.000000,0.000000
12333,13151310336,1056143,0,0,1796,0,0.000000,16384,1625,56143,4,1.000000,0.000000
12334,13152376846,1066510,0,0,1691,0,0.000000,16384,1503,66510,4,1.000000,0.000000
12335,13153439350,1062504,0,0,1643,0,0.000000,16384,1445,62504,4,1.000000,0.000000
12336,13154497600,1058250,0,0,1831,0,0.000000,16384,1652,58250,4,1.000000,0.000000
12337,13155584664,1087064,0,0,1968,0,0.000000,16384,1762,87064,4,1.000000,0.000000
12338,13156645635,1060971,0,0,1814,0,0.000000,16384,1613,60971,4,1.000000,0.000000
12339,13157706286,1060651,0,0,1916,0,0.000000,16384,1696,60651,4,1.000000,0.000000
12340,13158768785,1062499,0,0,1929,0,0.000000,16384,1704,62499,4,1.000000,0.000000
12341,13159841425,1072640,0,0,1846,0,0.000000,16384,1646,72640,4,1.000000,0.000000
12342,13160901576,1060151,0,0,1686,0,0.000000,16384,1536,60151,4,1.000000,0.000000
12343,13161961857,1060281,0,0,1779,0,0.000000,16384,1565,60281,4,1.000000,0.000000
12344,13163022278,1060421,0,0,1678,0,0.000000,16384,1481,60421,4,1.000000,0.000000
12345,13164080368,1058090,0,0,1820,0,0.000000,16384,1643,58090,4,1.000000,0.000000
12346,13165138016,1057648,0,0,1744,0,0.000000,16384,1559,57648,4,1.000000,0.000000
12347,13166195937,1057921,0,0,1747,0,0.000000,16384,1527,57921,4,1.000000,0.000000
12348,13167253013,1057076,0,0,1807,0,0.000000,16384,1621,57076,4,1.000000,0.000000
12349,13168309050,1056037,0,0,1816,0,0.000000,16384,1640,56037,4,1.000000,0.000000
12350,13169365339,1056289,0,0,1804,0,0.000000,16384,1602,56289,4,1.000000,0.000000
12351,13170443921,1078582,0,0,1852,0,0.000000,16384,1632,78582,4,1.000000,0.000000
12352,13171500284,1056363,0,0,1831,0,0.000000,16384,1713,56363,4,1.000000,0.000000
12353,13172556205,1055921,0,0,1838,0,0.000000,16384,1830,55921,4,1.000000,0.000000
12354,13173630019,1073814,0,0,1833,0,0.000000,16384,1829,73814,4,1.000000,0.000000
12355,13174672503,1042484,0,0,1767,0,0.000000,16384,1604,42484,4,1.000000,0.000000
12356,13175732499,1059996,0,0,1756,0,0.000000,16384,1579,59996,4,1.000000,0.000000
12357,13176790062,1057563,0,0,1781,0,0.000000,16384,1561,57563,4,1.000000,0.000000
12358,13177847796,1057734,0,0,1684,0,0.000000,16384,1505,57734,4,1.000000,0.000000
12359,13178904368,1056572,0,0,1815,0,0.000000,16384,1638,56572,4,1.000000,0.000000
12360,13179964289,1059921,0,0,1704,0,0.000000,16384,1500,59921,4,1.000000,0.000000
12361,13181033733,1069444,0,0,1669,0,0.000000,16384,1480,69444,4,1.000000,0.000000
12362,13182091450,1057717,0,0,1663,0,0.000000,16384,1512,57717,4,1.000000,0.000000
12363,13183147782,1056332,0,0,1780,0,0.000000,16384,1560,56332,4,1.000000,0.000000
12364,13184204026,1056244,0,0,1815,0,0.000000,16384,1603,56244,4,1.000000,0.000000
12365,13185259849,1055823,0,0,1825,0,0.000000,16384,1647,55823,4,1.000000,0.000000
12366,13186317059,1057210,0,0,1827,0,0.000000,16384,1649,57210,4,1.000000,0.000000
12367,13187373499,1056440,0,0,1822,0,0.000000,16384,1602,56440,4,1.000000,0.000000
12368,13188429628,1056129,0,0,1811,0,0.000000,16384,1591,56129,4,1.000000,0.000000
12369,13189487094,1057466,0,0,1817,0,0.000000,16384,1635,57466,4,1.000000,0.000000
12370,13190543630,1056536,0,0,1827,0,0.000000,16384,1648,56536,4,1.000000,0.000000
12371,13191605204,1061574,0,0,1835,0,0.000000,16384,1632,61574,4,1.000000,0.000000
12372,13192661267,1056063,0,0,1813,0,0.000000,16384,1593,56063,4,1.000000,0.000000
12373,13193670296,1009029,0,0,1723,0,0.000000,16384,1540,9029,4,1.000000,0.000000
12374,13194726806,1056510,0,0,1783,0,0.000000,16384,1614,56510,4,1.000000,0.000000
12375,13195782788,1055982,0,0,1717,0,0.000000,16384,1509,55982,4,1.000000,0.000000
12376,13196839631,1056843,0,0,1818,0,0.000000,16384,1600,56843,4,1.000000,0.000000
12377,13197895640,1056009,0,0,1812,0,0.000000,16384,1636,56009,4,1.000000,0.000000
12378,13198952031,1056391,0,0,1828,0,0.000000,16384,1650,56391,4,1.000000,0.000000
12379,13200010497,1058466,0,0,1736,0,0.000000,16384,1524,58466,4,1.000000,0.000000
12380,13201068774,1058277,0,0,1753,0,0.000000,16384,1548,58277,4,1.000000,0.000000
12381,13202131740,1062966,0,0,1822,0,0.000000,16384,1645,62966,4,1.000000,0.000000
12382,13203188938,1057198,0,0,1820,0,0.000000,16384,1638,57198,4,1.000000,0.000000
12383,13204245728,1056790,0,0,1810,0,0.000000,16384,1590,56790,4,1.000000,0.000000
12384,13205301762,1056034,0,0,1815,0,0.000000,16384,1595,56034,4,1.000000,0.000000
12385,13206357879,1056117,0,0,1824,0,0.000000,16384,1647,56117,4,1.000000,0.000000
12386,13207413688,1055809,0,0,1827,0,0.000000,16384,1649,55809,4,1.000000,0.000000
12387,13208470083,1056395,0,0,1818,0,0.000000,16384,1605,56395,4,1.000000,0.000000
12388,13209526059,1055976,0,0,1802,0,0.000000,16384,1582,55976,4,1.000000,0.000000
12389,13210581736,1055677,0,0,1823,0,0.000000,16384,1635,55677,4,1.000000,0.000000
12390,13211637352,1055616,0,0,1814,0,0.000000,16384,1639,55616,4,1.000000,0.000000
12391,13212671244,1033892,0,0,1745,0,0.000000,16384,1544,33892,4,1.000000,0.000000
12392,13213727450,1056206,0,0,1817,0,0.000000,16384,1596,56206,4,1.000000,0.000000
12393,13214783413,1055963,0,0,1826,0,0.000000,16384,1637,55963,4,1.000000,0.000000
12394,13215839245,1055832,0,0,1800,0,0.000000,16384,1628,55832,4,1.000000,0.000000
12395,13216895305,1056060,0,0,1816,0,0.000000,16384,1614,56060,4,1.000000,0.000000
12396,13217951104,1055799,0,0,1824,0,0.000000,16384,1604,55799,4,1.000000,0.000000
12397,13219006746,1055642,0,0,1826,0,0.000000,16384,1623,55642,4,1.000000,0.000000
12398,13220067780,1061034,0,0,1759,0,0.000000,16384,1595,61034,4,1.000000,0.000000
12399,13221124063,1056283,0,0,1800,0,0.000000,16384,1603,56283,4,1.000000,0.000000
12400,13222180156,1056093,0,0,1805,0,0.000000,16384,1585,56093,4,1.000000,0.000000
12401,13223250658,1070502,0,0,1849,0,0.000000,16384,1643,70502,4,1.000000,0.000000
12402,13224307681,1057023,0,0,1829,0,0.000000,16384,1650,57023,4,1.000000,0.000000
12403,13225364087,1056406,0,0,1818,0,0.000000,16384,1639,56406,4,1.000000,0.000000
12404,13226432309,1068222,0,0,1577,0,0.000000,16384,1357,68222,4,1.000000,0.000000
12405,13227499853,1067544,0,0,1507,0,0.000000,16384,1391,67544,4,1.000000,0.000000
12406,13228560611,1060758,0,0,1666,0,0.000000,16384,1446,60758,4,1.000000,0.000000
12407,13229619321,1058710,0,0,1667,0,0.000000,16384,1504,58710,4,1.000000,0.000000
12408,13230672328,1053007,0,0,1654,0,0.000000,16384,1477,53007,4,1.000000,0.000000
12409,13231733910,1061582,0,0,1673,0,0.000000,16384,1465,61582,4,1.000000,0.000000
12410,13232798616,1064706,0,0,1568,0,0.000000,16384,1440,64706,4,1.000000,0.000000
12411,13233877199,1078583,0,0,1656,0,0.000000,16384,1436,78583,4,1.000000,0.000000
12412,13234938287,1061088,0,0,1640,0,0.000000,16384,1483,61088,4,1.000000,0.000000
12413,13235996099,1057812,0,0,1710,0,0.000000,16384,1527,57812,4,1.000000,0.000000
12414,13237052442,1056343,0,0,1815,0,0.000000,16384,1595,56343,4,1.000000,0.000000
12415,13238108415,1055973,0,0,1815,0,0.000000,16384,1619,55973,4,1.000000,0.000000
12416,13239164237,1055822,0,0,1816,0,0.000000,16384,1640,55822,4,1.000000,0.000000
12417,13240222922,1058685,0,0,1689,0,0.000000,16384,1497,58685,4,1.000000,0.000000
12418,13241281291,1058369,0,0,1750,0,0.000000,16384,1535,58369,4,1.000000,0.000000
12419,13242337467,1056176,0,0,1816,0,0.000000,16384,1640,56176,4,1.000000,0.000000
12420,13243394022,1056555,0,0,1825,0,0.000000,16384,1647,56555,4,1.000000,0.000000
12421,13244460596,1066574,0,0,1827,0,0.000000,16384,1612,66574,4,1.000000,0.000000
12422,13245521666,1061070,0,0,1709,0,0.000000,16384,1497,61070,4,1.000000,0.000000
12423,13246582369,1060703,0,0,1823,0,0.000000,16384,1645,60703,4,1.000000,0.000000
12424,13247640842,1058473,0,0,1651,0,0.000000,16384,1480,58473,4,1.000000,0.000000
12425,13248671459,1030617,0,0,1764,0,0.000000,16384,1544,30617,4,1.000000,0.000000
12426,13249728135,1056676,0,0,1825,0,0.000000,16384,1637,56676,4,1.000000,0.000000
12427,13250784384,1056249,0,0,1794,0,0.000000,16384,1622,56249,4,1.000000,0.000000
12428,13251840788,1056404,0,0,1824,0,0.000000,16384,1621,56404,4,1.000000,0.000000
12429,13252900539,1059751,0,0,1715,0,0.000000,16384,1495,59751,4,1.000000,0.000000
12430,13253992446,1091907,0,0,1608,0,0.000000,16384,1470,91907,4,1.000000,0.000000
12431,13255073854,1081408,0,0,1573,0,0.000000,16384,1375,81408,4,1.000000,0.000000
12432,13256133874,1060020,0,0,1477,0,0.000000,16384,1346,60020,4,1.000000,0.000000
12433,13257191923,1058049,0,0,1605,0,0.000000,16384,1400,58049,4,1.000000,0.000000
12434,13258265414,1073491,0,0,1570,0,0.000000,16384,1421,73491,4,1.000000,0.000000
12435,13259329651,1064237,0,0,1505,0,0.000000,16384,1317,64237,4,1.000000,0.000000
12436,13260396205,1066554,0,0,1470,0,0.000000,16384,1343,66554,4,1.000000,0.000000
12437,13261457426,1061221,0,0,1626,0,0.000000,16384,1418,61221,4,1.000000,0.000000
12438,13262516305,1058879,0,0,1654,0,0.000000,16384,1487,58879,4,1.000000,0.000000
12439,13263574958,1058653,0,0,1656,0,0.000000,16384,1483,58653,4,1.000000,0.000000
12440,13264633286,1058328,0,0,1660,0,0.000000,16384,1451,58328,4,1.000000,0.000000
12441,13265672523,1039237,0,0,1570,0,0.000000,16384,1443,39237,4,1.000000,0.000000
12442,13266730123,1057600,0,0,1665,0,0.000000,16384,1445,57600,4,1.000000,0.000000
12443,13267793953,1063830,0,0,1665,0,0.000000,16384,1499,63830,4,1.000000,0.000000
12444,13268855356,1061403,0,0,1634,0,0.000000,16384,1460,61403,4,1.000000,0.000000
12445,13269917536,1062180,0,0,1670,0,0.000000,16384,1464,62180,4,1.000000,0.000000
12446,13270976605,1059069,0,0,1768,0,0.000000,16384,1602,59069,4,1.000000,0.000000
12447,13272085592,1108987,0,0,1608,0,0.000000,16384,1424,108987,4,1.000000,0.000000
12448,13273153388,1067796,0,0,1531,0,0.000000,16384,1368,67796,4,1.000000,0.000000
12449,13274216909,1063521,0,0,1555,0,0.000000,16384,1382,63521,4,1.000000,0.000000
12450,13275279440,1062531,0,0,1538,0,0.000000,16384,1374,62531,4,1.000000,0.000000
12451,13276375147,1095707,0,0,1522,0,0.000000,16384,1350,95707,4,1.000000,0.000000
12452,13277439094,1063947,0,0,1564,0,0.000000,16384,1398,63947,4,1.000000,0.000000
12453,13278499461,1060367,0,0,1642,0,0.000000,16384,1468,60367,4,1.000000,0.000000
12454,13279557098,1057637,0,0,1664,0,0.000000,16384,1459,57637,4,1.000000,0.000000
12455,13280618624,1061526,0,0,1602,0,0.000000,16384,1470,61526,4,1.000000,0.000000
12456,13281798873,1180249,0,0,1833,0,0.000000,16384,1610,180249,4,1.000000,0.000000
12457,13282859795,1060922,0,0,1667,0,0.000000,16384,1469,60922,4,1.000000,0.000000
12458,13283925711,1065916,0,0,1749,0,0.000000,16384,1587,65916,4,1.000000,0.000000
12459,13284995356,1069645,0,0,1480,0,0.000000,16384,1284,69645,4,1.000000,0.000000
12460,13286059070,1063714,0,0,1505,0,0.000000,16384,1385,63714,4,1.000000,0.000000
12461,13287138946,1079876,0,0,1578,0,0.000000,16384,1362,79876,4,1.000000,0.000000
12462,13288196742,1057796,0,0,1560,0,0.000000,16384,1428,57796,4,1.000000,0.000000
12463,13289253922,1057180,0,0,1609,0,0.000000,16384,1405,57180,4,1.000000,0.000000
12464,13290311335,1057413,0,0,1658,0,0.000000,16384,1490,57413,4,1.000000,0.000000
12465,13291368142,1056807,0,0,1666,0,0.000000,16384,1494,56807,4,1.000000,0.000000
12466,13292429108,1060966,0,0,1608,0,0.000000,16384,1406,60966,4,1.000000,0.000000
12467,13293488698,1059590,0,0,1787,0,0.000000,16384,1616,59590,4,1.000000,0.000000
12468,13294546091,1057393,0,0,1815,0,0.000000,16384,1628,57393,4,1.000000,0.000000
12469,13295604715,1058624,0,0,1690,0,0.000000,16384,1470,58624,4,1.000000,0.000000
12470,13296662706,1057991,0,0,1588,0,0.000000,16384,1445,57991,4,1.000000,0.000000
12471,13297739578,1076872,0,0,1783,0,0.000000,16384,1585,76872,4,1.000000,0.000000
12472,13298801646,1062068,0,0,1470,0,0.000000,16384,1299,62068,4,1.000000,0.000000
12473,13299863246,1061600,0,0,1509,0,0.000000,16384,1347,61600,4,1.000000,0.000000
12474,13300924277,1061031,0,0,1502,0,0.000000,16384,1342,61031,4,1.000000,0.000000
12475,13301987095,1062818,0,0,1566,0,0.000000,16384,1391,62818,4,1.000000,0.000000
12476,13303046257,1059162,0,0,1559,0,0.000000,16384,1390,59162,4,1.000000,0.000000
12477,13304105698,1059441,0,0,1601,0,0.000000,16384,1431,59441,4,1.000000,0.000000
12478,13305163738,1058040,0,0,1662,0,0.000000,16384,1460,58040,4,1.000000,0.000000
12479,13306220228,1056490,0,0,1657,0,0.000000,16384,1513,56490,4,1.000000,0.000000
12480,13307276412,1056184,0,0,1658,0,0.000000,16384,1448,56184,4,1.000000,0.000000
12481,13308356736,1080324,0,0,1628,0,0.000000,16384,1462,80324,4,1.000000,0.000000
12482,13309421356,1064620,0,0,1594,0,0.000000,16384,1420,64620,4,1.000000,0.000000
12483,13310481069,1059713,0,0,1654,0,0.000000,16384,1458,59713,4,1.000000,0.000000
12484,13311543773,1062704,0,0,1571,0,0.000000,16384,1431,62704,4,1.000000,0.000000
12485,13312610518,1066745,0,0,1520,0,0.000000,16384,1323,66745,4,1.000000,0.000000
12486,13313674452,1063934,0,0,1668,0,0.000000,16384,1522,63934,4,1.000000,0.000000
12487,13314733064,1058612,0,0,1667,0,0.000000,16384,1454,58612,4,1.000000,0.000000
12488,13315792318,1059254,0,0,1654,0,0.000000,16384,1484,59254,4,1.000000,0.000000
12489,13316850859,1058541,0,0,1668,0,0.000000,16384,1498,58541,4,1.000000,0.000000
12490,13317907963,1057104,0,0,1663,0,0.000000,16384,1447,57104,4,1.000000,0.000000
12491,13318980627,1072664,0,0,1689,0,0.000000,16384,1539,72664,4,1.000000,0.000000
12492,13320038077,1057450,0,0,1664,0,0.000000,16384,1471,57450,4,1.000000,0.000000
12493,13321098935,1060858,0,0,1560,0,0.000000,16384,1389,60858,4,1.000000,0.000000
12494,13322158713,1059778,0,0,1600,0,0.000000,16384,1434,59778,4,1.000000,0.000000
12495,13323215682,1056969,0,0,1665,0,0.000000,16384,1458,56969,4,1.000000,0.000000
12496,13324272270,1056588,0,0,1752,0,0.000000,16384,1589,56588,4,1.000000,0.000000
12497,13325334115,1061845,0,0,1668,0,0.000000,16384,1478,61845,4,1.000000,0.000000
12498,13326396508,1062393,0,0,1660,0,0.000000,16384,1465,62393,4,1.000000,0.000000
12499,13327454617,1058109,0,0,1671,0,0.000000,16384,1524,58109,4,1.000000,0.000000
12500,13328516466,1061849,0,0,1553,0,0.000000,16384,1339,61849,4,1.000000,0.000000
12501,13329604726,1088260,0,0,1838,0,0.000000,16384,1655,88260,4,1.000000,0.000000
12502,13330663578,1058852,0,0,1820,0,0.000000,16384,1643,58852,4,1.000000,0.000000
12503,13331672568,1008990,0,0,1725,0,0.000000,16384,1521,8990,4,1.000000,0.000000
12504,13332730215,1057647,0,0,1827,0,0.000000,16384,1607,57647,4,1.000000,0.000000
12505,13333787603,1057388,0,0,1826,0,0.000000,16384,1643,57388,4,1.000000,0.000000
12506,13334844341,1056738,0,0,1826,0,0.000000,16384,1648,56738,4,1.000000,0.000000
12507,13335900313,1055972,0,0,1823,0,0.000000,16384,1620,55972,4,1.000000,0.000000
12508,13336957496,1057183,0,0,1597,0,0.000000,16384,1396,57183,4,1.000000,0.000000
12509,13338019429,1061933,0,0,1635,0,0.000000,16384,1496,61933,4,1.000000,0.000000
12510,13339084995,1065566,0,0,1545,0,0.000000,16384,1329,65566,4,1.000000,0.000000
12511,13340161562,1076567,0,0,1690,0,0.000000,16384,1539,76567,4,1.000000,0.000000
12512,13341221060,1059498,0,0,1689,0,0.000000,16384,1500,59498,4,1.000000,0.000000
12513,13342278403,1057343,0,0,1816,0,0.000000,16384,1596,57343,4,1.000000,0.000000
12514,13343335067,1056664,0,0,1818,0,0.000000,16384,1631,56664,4,1.000000,0.000000
12515,13344391414,1056347,0,0,1817,0,0.000000,16384,1641,56347,4,1.000000,0.000000
12516,13345448997,1057583,0,0,1753,0,0.000000,16384,1552,57583,4,1.000000,0.000000
12517,13346505018,1056021,0,0,1813,0,0.000000,16384,1593,56021,4,1.000000,0.000000
12518,13347560830,1055812,0,0,1817,0,0.000000,16384,1628,55812,4,1.000000,0.000000
12519,13348617004,1056174,0,0,1810,0,0.000000,16384,1636,56174,4,1.000000,0.000000
12520,13349673091,1056087,0,0,1822,0,0.000000,16384,1621,56087,4,1.000000,0.000000
12521,13350737932,1064841,0,0,1736,0,0.000000,16384,1516,64841,4,1.000000,0.000000
12522,13351798895,1060963,0,0,1652,0,0.000000,16384,1499,60963,4,1.000000,0.000000
12523,13352861183,1062288,0,0,1806,0,0.000000,16384,1619,62288,4,1.000000,0.000000
12524,13353925229,1064046,0,0,1522,0,0.000000,16384,1324,64046,4,1.000000,0.000000
12525,13354995742,1070513,0,0,1543,0,0.000000,16384,1405,70513,4,1.000000,0.000000
12526,13356062887,1067145,0,0,1483,0,0.000000,16384,1297,67145,4,1.000000,0.000000
12527,13357131738,1068851,0,0,1512,0,0.000000,16384,1361,68851,4,1.000000,0.000000
12528,13358194572,1062834,0,0,1550,0,0.000000,16384,1369,62834,4,1.000000,0.000000
12529,13359257415,1062843,0,0,1483,0,0.000000,16384,1329,62843,4,1.000000,0.000000
12530,13360320478,1063063,0,0,1563,0,0.000000,16384,1389,63063,4,1.000000,0.000000
12531,13361407098,1086620,0,0,1557,0,0.000000,16384,1395,86620,4,1.000000,0.000000
12532,13362466348,1059250,0,0,1633,0,0.000000,16384,1438,59250,4,1.000000,0.000000
12533,13363524912,1058564,0,0,1484,0,0.000000,16384,1343,58564,4,1.000000,0.000000
12534,13364585203,1060291,0,0,1612,0,0.000000,16384,1414,60291,4,1.000000,0.000000
12535,13365648648,1063445,0,0,1535,0,0.000000,16384,1397,63445,4,1.000000,0.000000
12536,13366672754,1024106,0,0,1598,0,0.000000,16384,1391,24106,4,1.000000,0.000000
12537,13367731373,1058619,0,0,1799,0,0.000000,16384,1628,58619,4,1.000000,0.000000
12538,13368792135,1060762,0,0,1803,0,0.000000,16384,1621,60762,4,1.000000,0.000000
12539,13369848953,1056818,0,0,1712,0,0.000000,16384,1492,56818,4,1.000000,0.000000
12540,13370905195,1056242,0,0,1816,0,0.000000,16384,1618,56242,4,1.000000,0.000000
12541,13371974819,1069624,0,0,1837,0,0.000000,16384,1657,69624,4,1.000000,0.000000
12542,13373031133,1056314,0,0,1826,0,0.000000,16384,1640,56314,4,1.000000,0.000000
12543,13374087112,1055979,0,0,1823,0,0.000000,16384,1603,55979,4,1.000000,0.000000
12544,13375146692,1059580,0,0,1650,0,0.000000,16384,1464,59580,4,1.000000,0.000000
12545,13376204540,1057848,0,0,1756,0,0.000000,16384,1591,57848,4,1.000000,0.000000
12546,13377260636,1056096,0,0,1823,0,0.000000,16384,1610,56096,4,1.000000,0.000000
12547,13378316888,1056252,0,0,1803,0,0.000000,16384,1583,56252,4,1.000000,0.000000
12548,13379373088,1056200,0,0,1818,0,0.000000,16384,1631,56200,4,1.000000,0.000000
12549,13380428928,1055840,0,0,1818,0,0.000000,16384,1642,55840,4,1.000000,0.000000
12550,13381488902,1059974,0,0,1639,0,0.000000,16384,1442,59974,4,1.000000,0.000000
12551,13382569621,1080719,0,0,1829,0,0.000000,16384,1613,80719,4,1.000000,0.000000
12552,13383626891,1057270,0,0,1819,0,0.000000,16384,1642,57270,4,1.000000,0.000000
12553,13384670697,1043806,0,0,1793,0,0.000000,16384,1622,43806,4,1.000000,0.000000
12554,13385727889,1057192,0,0,1779,0,0.000000,16384,1559,57192,4,1.000000,0.000000
12555,13386783935,1056046,0,0,1811,0,0.000000,16384,1594,56046,4,1.000000,0.000000
12556,13387840505,1056570,0,0,1801,0,0.000000,16384,1628,56570,4,1.000000,0.000000
12557,13388897507,1057002,0,0,1650,0,0.000000,16384,1476,57002,4,1.000000,0.000000
12558,13389953473,1055966,0,0,1774,0,0.000000,16384,1554,55966,4,1.000000,0.000000
12559,13391009865,1056392,0,0,1804,0,0.000000,16384,1620,56392,4,1.000000,0.000000
12560,13392066076,1056211,0,0,1826,0,0.000000,16384,1648,56211,4,1.000000,0.000000
12561,13393128164,1062088,0,0,1829,0,0.000000,16384,1549,62088,4,1.000000,0.000000
12562,13394184796,1056632,0,0,1820,0,0.000000,16384,1643,56632,4,1.000000,0.000000
12563,13395241821,1057025,0,0,1593,0,0.000000,16384,1403,57025,4,1.000000,0.000000
12564,13396300972,1059151,0,0,1728,0,0.000000,16384,1534,59151,4,1.000000,0.000000
12565,13397358326,1057354,0,0,1829,0,0.000000,16384,1650,57354,4,1.000000,0.000000
12566,13398415269,1056943,0,0,1826,0,0.000000,16384,1636,56943,4,1.000000,0.000000
12567,13399471376,1056107,0,0,1825,0,0.000000,16384,1605,56107,4,1.000000,0.000000
12568,13400527600,1056224,0,0,1788,0,0.000000,16384,1579,56224,4,1.000000,0.000000
12569,13401587339,1059739,0,0,1731,0,0.000000,16384,1572,59739,4,1.000000,0.000000
12570,13402645346,1058007,0,0,1820,0,0.000000,16384,1624,58007,4,1.000000,0.000000
12571,13403717457,1072111,0,0,1785,0,0.000000,16384,1565,72111,4,1.000000,0.000000
12572,13404782180,1064723,0,0,1811,0,0.000000,16384,1612,64723,4,1.000000,0.000000
12573,13405846711,1064531,0,0,1809,0,0.000000,16384,1635,64531,4,1.000000,0.000000
12574,13406910341,1063630,0,0,1797,0,0.000000,16384,1606,63630,4,1.000000,0.000000
12575,13407973937,1063596,0,0,1785,0,0.000000,16384,1565,63596,4,1.000000,0.000000
12576,13409034248,1060311,0,0,1672,0,0.000000,16384,1500,60311,4,1.000000,0.000000
12577,13410092220,1057972,0,0,1669,0,0.000000,16384,1501,57972,4,1.000000,0.000000
12578,13411148563,1056343,0,0,1731,0,0.000000,16384,1511,56343,4,1.000000,0.000000
12579,13412226770,1078207,0,0,1860,0,0.000000,16384,1664,78207,4,1.000000,0.000000
12580,13413287298,1060528,0,0,1828,0,0.000000,16384,1649,60528,4,1.000000,0.000000
12581,13414382058,1094760,0,0,1997,0,0.000000,16384,1785,94760,4,1.000000,0.000000
12582,13415481589,1099531,0,0,1966,0,0.000000,16384,1760,99531,4,1.000000,0.000000
12583,13416571320,1089731,0,0,1855,0,0.000000,16384,1636,89731,4,1.000000,0.000000
12584,13417661484,1090164,0,0,1959,0,0.000000,16384,1739,90164,4,1.000000,0.000000
12585,13418705048,1043564,0,0,1823,0,0.000000,16384,1602,43564,4,1.000000,0.000000
12586,13419769285,1064237,0,0,1922,0,0.000000,16384,1726,64237,4,1.000000,0.000000
12587,13420832260,1062975,0,0,1914,0,0.000000,16384,1718,62975,4,1.000000,0.000000
12588,13421893825,1061565,0,0,1760,0,0.000000,16384,1585,61565,4,1.000000,0.000000
12589,13422956127,1062302,0,0,1912,0,0.000000,16384,1688,62302,4,1.000000,0.000000
12590,13424015522,1059395,0,0,1821,0,0.000000,16384,1601,59395,4,1.000000,0.000000
12591,13425081797,1066275,0,0,1841,0,0.000000,16384,1648,66275,4,1.000000,0.000000
12592,13426138385,1056588,0,0,1828,0,0.000000,16384,1650,56588,4,1.000000,0.000000
12593,13427194486,1056101,0,0,1804,0,0.000000,16384,1611,56101,4,1.000000,0.000000
12594,13428250494,1056008,0,0,1824,0,0.000000,16384,1604,56008,4,1.000000,0.000000
12595,13429306532,1056038,0,0,1806,0,0.000000,16384,1599,56038,4,1.000000,0.000000
12596,13430394028,1087496,0,0,1948,0,0.000000,16384,1746,87496,4,1.000000,0.000000
12597,13431481166,1087138,0,0,1956,0,0.000000,16384,1753,87138,4,1.000000,0.000000
12598,13432569674,1088508,0,0,1960,0,0.000000,16384,1755,88508,4,1.000000,0.000000
12599,13433630222,1060548,0,0,1914,0,0.000000,16384,1718,60548,4,1.000000,0.000000
12600,13434706868,1076646,0,0,1952,0,0.000000,16384,1729,76646,4,1.000000,0.000000
12601,13435786429,1079561,0,0,1951,0,0.000000,16384,1727,79561,4,1.000000,0.000000
12602,13436848550,1062121,0,0,1922,0,0.000000,16384,1702,62121,4,1.000000,0.000000
12603,13437910879,1062329,0,0,1918,0,0.000000,16384,1694,62329,4,1.000000,0.000000
12604,13438973293,1062414,0,0,1900,0,0.000000,16384,1704,62414,4,1.000000,0.000000
12605,13440032477,1059184,0,0,1820,0,0.000000,16384,1644,59184,4,1.000000,0.000000
12606,13441122208,1089731,0,0,1787,0,0.000000,16384,1595,89731,4,1.000000,0.000000
12607,13442184768,1062560,0,0,1597,0,0.000000,16384,1393,62560,4,1.000000,0.000000
12608,13443245475,1060707,0,0,1652,0,0.000000,16384,1509,60707,4,1.000000,0.000000
12609,13444303173,1057698,0,0,1655,0,0.000000,16384,1445,57698,4,1.000000,0.000000
12610,13445360815,1057642,0,0,1660,0,0.000000,16384,1488,57642,4,1.000000,0.000000
12611,13446433947,1073132,0,0,1686,0,0.000000,16384,1519,73132,4,1.000000,0.000000
12612,13447523504,1089557,0,0,1909,0,0.000000,16384,1685,89557,4,1.000000,0.000000
12613,13448612136,1088632,0,0,1959,0,0.000000,16384,1739,88632,4,1.000000,0.000000
12614,13449701409,1089273,0,0,1977,0,0.000000,16384,1753,89273,4,1.000000,0.000000
12615,13450764878,1063469,0,0,1893,0,0.000000,16384,1686,63469,4,1.000000,0.000000
12616,13451827054,1062176,0,0,1921,0,0.000000,16384,1724,62176,4,1.000000,0.000000
12617,13452889452,1062398,0,0,1920,0,0.000000,16384,1723,62398,4,1.000000,0.000000
12618,13453950621,1061169,0,0,1891,0,0.000000,16384,1700,61169,4,1.000000,0.000000
12619,13455014510,1063889,0,0,1538,0,0.000000,16384,1322,63889,4,1.000000,0.000000
12620,13456074726,1060216,0,0,1659,0,0.000000,16384,1516,60216,4,1.000000,0.000000
12621,13457144036,1069310,0,0,1685,0,0.000000,16384,1488,69310,4,1.000000,0.000000
12622,13458201429,1057393,0,0,1742,0,0.000000,16384,1535,57393,4,1.000000,0.000000
12623,13459258404,1056975,0,0,1828,0,0.000000,16384,1649,56975,4,1.000000,0.000000
12624,13460314534,1056130,0,0,1816,0,0.000000,16384,1642,56130,4,1.000000,0.000000
12625,13461374404,1059870,0,0,1751,0,0.000000,16384,1531,59870,4,1.000000,0.000000
12626,13462433033,1058629,0,0,1773,0,0.000000,16384,1567,58629,4,1.000000,0.000000
12627,13463490412,1057379,0,0,1816,0,0.000000,16384,1640,57379,4,1.000000,0.000000
12628,13464547047,1056635,0,0,1815,0,0.000000,16384,1633,56635,4,1.000000,0.000000
12629,13465603806,1056759,0,0,1815,0,0.000000,16384,1595,56759,4,1.000000,0.000000
12630,13466659944,1056138,0,0,1802,0,0.000000,16384,1585,56138,4,1.000000,0.000000
12631,13467725960,1066016,0,0,1823,0,0.000000,16384,1646,66016,4,1.000000,0.000000
12632,13468782334,1056374,0,0,1805,0,0.000000,16384,1633,56374,4,1.000000,0.000000
12633,13469839190,1056856,0,0,1823,0,0.000000,16384,1601,56856,4,1.000000,0.000000
12634,13470895336,1056146,0,0,1814,0,0.000000,16384,1594,56146,4,1.000000,0.000000
12635,13471994571,1099235,0,0,1850,0,0.000000,16384,1661,99235,4,1.000000,0.000000
12636,13473059175,1064604,0,0,1745,0,0.000000,16384,1583,64604,4,1.000000,0.000000
12637,13474122984,1063809,0,0,1765,0,0.000000,16384,1552,63809,4,1.000000,0.000000
12638,13475184660,1061676,0,0,1642,0,0.000000,16384,1455,61676,4,1.000000,0.000000
12639,13476243090,1058430,0,0,1610,0,0.000000,16384,1461,58430,4,1.000000,0.000000
12640,13477300571,1057481,0,0,1582,0,0.000000,16384,1373,57481,4,1.000000,0.000000
12641,13478379406,1078835,0,0,1697,0,0.000000,16384,1545,78835,4,1.000000,0.000000
12642,13479441492,1062086,0,0,1668,0,0.000000,16384,1473,62086,4,1.000000,0.000000
12643,13480532866,1091374,0,0,1837,0,0.000000,16384,1613,91374,4,1.000000,0.000000
12644,13481594228,1061362,0,0,1668,0,0.000000,16384,1520,61362,4,1.000000,0.000000
12645,13482653316,1059088,0,0,1828,0,0.000000,16384,1636,59088,4,1.000000,0.000000
12646,13483671279,1017963,0,0,1754,0,0.000000,16384,1534,17963,4,1.000000,0.000000
12647,13484728611,1057332,0,0,1826,0,0.000000,16384,1625,57332,4,1.000000,0.000000
12648,13485790123,1061512,0,0,1727,0,0.000000,16384,1569,61512,4,1.000000,0.000000
12649,13486851082,1060959,0,0,1819,0,0.000000,16384,1614,60959,4,1.000000,0.000000
12650,13487907839,1056757,0,0,1824,0,0.000000,16384,1604,56757,4,1.000000,0.000000
12651,13488980671,1072832,0,0,1832,0,0.000000,16384,1630,72832,4,1.000000,0.000000
12652,13490041504,1060833,0,0,1834,0,0.000000,16384,1654,60833,4,1.000000,0.000000
12653,13491098163,1056659,0,0,1825,0,0.000000,16384,1643,56659,4,1.000000,0.000000
12654,13492154240,1056077,0,0,1822,0,0.000000,16384,1602,56077,4,1.000000,0.000000
12655,13493213714,1059474,0,0,1668,0,0.000000,16384,1475,59474,4,1.000000,0.000000
12656,13494274533,1060819,0,0,1822,0,0.000000,16384,1645,60819,4,1.000000,0.000000
12657,13495333678,1059145,0,0,1803,0,0.000000,16384,1609,59145,4,1.000000,0.000000
12658,13496393415,1059737,0,0,1831,0,0.000000,16384,1611,59737,4,1.000000,0.000000
12659,13497452359,1058944,0,0,1829,0,0.000000,16384,1618,58944,4,1.000000,0.000000
12660,13498517023,1064664,0,0,1587,0,0.000000,16384,1458,64664,4,1.000000,0.000000
12661,13499595478,1078455,0,0,1802,0,0.000000,16384,1582,78455,4,1.000000,0.000000
12662,13500657626,1062148,0,0,1810,0,0.000000,16384,1585,62148,4,1.000000,0.000000
12663,13501675191,1017565,0,0,1467,0,0.000000,16384,1352,17565,4,1.000000,0.000000
12664,13502737688,1062497,0,0,1617,0,0.000000,16384,1397,62497,4,1.000000,0.000000
12665,13503804643,1066955,0,0,1446,0,0.000000,16384,1330,66955,4,1.000000,0.000000
12666,13504874132,1069489,0,0,1648,0,0.000000,16384,1428,69489,4,1.000000,0.000000
12667,13505934690,1060558,0,0,1630,0,0.000000,16384,1491,60558,4,1.000000,0.000000
12668,13506996339,1061649,0,0,1480,0,0.000000,16384,1283,61649,4,1.000000,0.000000
12669,13508056181,1059842,0,0,1548,0,0.000000,16384,1420,59842,4,1.000000,0.000000
12670,13509114547,1058366,0,0,1559,0,0.000000,16384,1351,58366,4,1.000000,0.000000
12671,13510195428,1080881,0,0,1503,0,0.000000,16384,1379,80881,4,1.000000,0.000000
12672,13511220638,1025210,0,0,1556,0,0.000000,16384,1344,25210,4,1.000000,0.000000
12673,13512285289,1064651,0,0,1517,0,0.000000,16384,1395,64651,4,1.000000,0.000000
12674,13513349082,1063793,0,0,1547,0,0.000000,16384,1332,63793,4,1.000000,0.000000
12675,13514407806,1058724,0,0,1630,0,0.000000,16384,1491,58724,4,1.000000,0.000000
12676,13515465009,1057203,0,0,1659,0,0.000000,16384,1463,57203,4,1.000000,0.000000
12677,13516524513,1059504,0,0,1653,0,0.000000,16384,1467,59504,4,1.000000,0.000000
12678,13517582163,1057650,0,0,1788,0,0.000000,16384,1617,57650,4,1.000000,0.000000
12679,13518638382,1056219,0,0,1806,0,0.000000,16384,1599,56219,4,1.000000,0.000000
12680,13519715829,1077447,0,0,1832,0,0.000000,16384,1612,77447,4,1.000000,0.000000
12681,13520795873,1080044,0,0,1699,0,0.000000,16384,1527,80044,4,1.000000,0.000000
12682,13521856789,1060916,0,0,1594,0,0.000000,16384,1426,60916,4,1.000000,0.000000
12683,13522920314,1063525,0,0,1791,0,0.000000,16384,1571,63525,4,1.000000,0.000000
12684,13523984078,1063764,0,0,1785,0,0.000000,16384,1607,63764,4,1.000000,0.000000
12685,13525046327,1062249,0,0,1640,0,0.000000,16384,1478,62249,4,1.000000,0.000000
12686,13526105683,1059356,0,0,1661,0,0.000000,16384,1443,59356,4,1.000000,0.000000
12687,13527163130,1057447,0,0,1662,0,0.000000,16384,1517,57447,4,1.000000,0.000000
12688,13528219778,1056648,0,0,1664,0,0.000000,16384,1471,56648,4,1.000000,0.000000
12689,13529276957,1057179,0,0,1657,0,0.000000,16384,1467,57179,4,1.000000,0.000000
12690,13530337518,1060561,0,0,1591,0,0.000000,16384,1441,60561,4,1.000000,0.000000
12691,13531420934,1083416,0,0,1810,0,0.000000,16384,1589,83416,4,1.000000,0.000000
12692,13532478791,1057857,0,0,1818,0,0.000000,16384,1614,57857,4,1.000000,0.000000
12693,13533536168,1057377,0,0,1799,0,0.000000,16384,1625,57377,4,1.000000,0.000000
12694,13534593183,1057015,0,0,1805,0,0.000000,16384,1620,57015,4,1.000000,0.000000
12695,13535649044,1055861,0,0,1811,0,0.000000,16384,1591,55861,4,1.000000,0.000000
12696,13536672232,1023188,0,0,1663,0,0.000000,16384,1481,23188,4,1.000000,0.000000
12697,13537733148,1060916,0,0,1772,0,0.000000,16384,1605,60916,4,1.000000,0.000000
12698,13538795198,1062050,0,0,1565,0,0.000000,16384,1354,62050,4,1.000000,0.000000
12699,13539853436,1058238,0,0,1819,0,0.000000,16384,1634,58238,4,1.000000,0.000000
12700,13540910060,1056624,0,0,1802,0,0.000000,16384,1629,56624,4,1.000000,0.000000
12701,13541981155,1071095,0,0,1626,0,0.000000,16384,1424,71095,4,1.000000,0.000000
12702,13543039934,1058779,0,0,1661,0,0.000000,16384,1486,58779,4,1.000000,0.000000
12703,13544096282,1056348,0,0,1714,0,0.000000,16384,1549,56348,4,1.000000,0.000000
12704,13545152281,1055999,0,0,1743,0,0.000000,16384,1523,55999,4,1.000000,0.000000
12705,13546212247,1059966,0,0,1605,0,0.000000,16384,1446,59966,4,1.000000,0.000000
12706,13547273398,1061151,0,0,1730,0,0.000000,16384,1549,61151,4,1.000000,0.000000
12707,13548332196,1058798,0,0,1658,0,0.000000,16384,1442,58798,4,1.000000,0.000000
12708,13549390618,1058422,0,0,1591,0,0.000000,16384,1460,58422,4,1.000000,0.000000
12709,13550448554,1057936,0,0,1609,0,0.000000,16384,1399,57936,4,1.000000,0.000000
12710,13551510122,1061568,0,0,1569,0,0.000000,16384,1424,61568,4,1.000000,0.000000
12711,13552600584,1090462,0,0,1586,0,0.000000,16384,1396,90462,4,1.000000,0.000000
12712,13553791512,1190928,0,0,1636,0,0.000000,16384,1463,190928,4,1.000000,0.000000
12713,13554864151,1072639,0,0,1376,0,0.000000,16384,1213,72639,4,1.000000,0.000000
12714,13555984125,1119974,0,0,1485,0,0.000000,16384,1356,119974,4,1.000000,0.000000
12715,13557059030,1074905,0,0,1380,0,0.000000,16384,1198,74905,4,1.000000,0.000000
12716,13558132183,1073153,0,0,1392,0,0.000000,16384,1255,73153,4,1.000000,0.000000
12717,13559206671,1074488,0,0,1464,0,0.000000,16384,1310,74488,4,1.000000,0.000000
12718,13560280000,1073329,0,0,1434,0,0.000000,16384,1252,73329,4,1.000000,0.000000
12719,13561345073,1065073,0,0,1528,0,0.000000,16384,1399,65073,4,1.000000,0.000000
12720,13562410174,1065101,0,0,1521,0,0.000000,16384,1314,65101,4,1.000000,0.000000
12721,13563497957,1087783,0,0,1368,0,0.000000,16384,1252,87783,4,1.000000,0.000000
12722,13564545883,1047926,0,0,1429,0,0.000000,16384,1263,47926,4,1.000000,0.000000
12723,13565608151,1062268,0,0,1556,0,0.000000,16384,1386,62268,4,1.000000,0.000000
12724,13566672934,1064783,0,0,1559,0,0.000000,16384,1386,64783,4,1.000000,0.000000
12725,13567735421,1062487,0,0,1547,0,0.000000,16384,1384,62487,4,1.000000,0.000000
12726,13568794163,1058742,0,0,1660,0,0.000000,16384,1463,58742,4,1.000000,0.000000
12727,13569897549,1103386,0,0,1690,0,0.000000,16384,1539,103386,4,1.000000,0.000000
12728,13570964565,1067016,0,0,1614,0,0.000000,16384,1406,67016,4,1.000000,0.000000
12729,13572054742,1090177,0,0,1602,0,0.000000,16384,1448,90177,4,1.000000,0.000000
12730,13573118066,1063324,0,0,1494,0,0.000000,16384,1312,63324,4,1.000000,0.000000
12731,13574201605,1083539,0,0,1582,0,0.000000,16384,1429,83539,4,1.000000,0.000000
12732,13575267755,1066150,0,0,1553,0,0.000000,16384,1370,66150,4,1.000000,0.000000
12733,13576330716,1062961,0,0,1413,0,0.000000,16384,1284,62961,4,1.000000,0.000000
12734,13577390868,1060152,0,0,1552,0,0.000000,16384,1345,60152,4,1.000000,0.000000
12735,13578458962,1068094,0,0,1465,0,0.000000,16384,1349,68094,4,1.000000,0.000000
12736,13579530652,1071690,0,0,1409,0,0.000000,16384,1221,71690,4,1.000000,0.000000
12737,13580601279,1070627,0,0,1464,0,0.000000,16384,1316,70627,4,1.000000,0.000000
12738,13581699841,1098562,0,0,1508,0,0.000000,16384,1342,98562,4,1.000000,0.000000
12739,13582767135,1067294,0,0,1518,0,0.000000,16384,1351,67294,4,1.000000,0.000000
12740,13583838297,1071162,0,0,1383,0,0.000000,16384,1251,71162,4,1.000000,0.000000
12741,13584940946,1102649,0,0,1581,0,0.000000,16384,1378,102649,4,1.000000,0.000000
12742,13586008677,1067731,0,0,1507,0,0.000000,16384,1373,67731,4,1.000000,0.000000
12743,13587070926,1062249,0,0,1556,0,0.000000,16384,1354,62249,4,1.000000,0.000000
12744,13588134124,1063198,0,0,1526,0,0.000000,16384,1393,63198,4,1.000000,0.000000
12745,13589198914,1064790,0,0,1549,0,0.000000,16384,1345,64790,4,1.000000,0.000000
12746,13590257874,1058960,0,0,1392,0,0.000000,16384,1277,58960,4,1.000000,0.000000
12747,13591321101,1063227,0,0,1548,0,0.000000,16384,1342,63227,4,1.000000,0.000000
12748,13592384613,1063512,0,0,1564,0,0.000000,16384,1434,63512,4,1.000000,0.000000
12749,13593443287,1058674,0,0,1558,0,0.000000,16384,1346,58674,4,1.000000,0.000000
12750,13594501149,1057862,0,0,1560,0,0.000000,16384,1436,57862,4,1.000000,0.000000
12751,13595581421,1080272,0,0,1587,0,0.000000,16384,1367,80272,4,1.000000,0.000000
12752,13596639018,1057597,0,0,1535,0,0.000000,16384,1409,57597,4,1.000000,0.000000
12753,13597672644,1033626,0,0,1512,0,0.000000,16384,1304,33626,4,1.000000,0.000000
12754,13598730743,1058099,0,0,1555,0,0.000000,16384,1432,58099,4,1.000000,0.000000
12755,13599787745,1057002,0,0,1562,0,0.000000,16384,1347,57002,4,1.000000,0.000000
12756,13600845041,1057296,0,0,1682,0,0.000000,16384,1529,57296,4,1.000000,0.000000
12757,13601944238,1099197,0,0,1828,0,0.000000,16384,1641,99197,4,1.000000,0.000000
12758,13603009357,1065119,0,0,1529,0,0.000000,16384,1325,65119,4,1.000000,0.000000
12759,13604075192,1065835,0,0,1566,0,0.000000,16384,1433,65835,4,1.000000,0.000000
12760,13605144320,1069128,0,0,1500,0,0.000000,16384,1301,69128,4,1.000000,0.000000
12761,13606226025,1081705,0,0,1575,0,0.000000,16384,1439,81705,4,1.000000,0.000000
12762,13607285931,1059906,0,0,1615,0,0.000000,16384,1395,59906,4,1.000000,0.000000
12763,13608344014,1058083,0,0,1664,0,0.000000,16384,1516,58083,4,1.000000,0.000000
12764,13609402073,1058059,0,0,1657,0,0.000000,16384,1467,58059,4,1.000000,0.000000
12765,13610459033,1056960,0,0,1665,0,0.000000,16384,1472,56960,4,1.000000,0.000000
12766,13611521977,1062944,0,0,1597,0,0.000000,16384,1452,62944,4,1.000000,0.000000
12767,13612588264,1066287,0,0,1495,0,0.000000,16384,1303,66287,4,1.000000,0.000000
12768,13613650240,1061976,0,0,1572,0,0.000000,16384,1534,61976,4,1.000000,0.000000
12769,13614672218,1021978,0,0,1512,0,0.000000,16384,1508,21978,4,1.000000,0.000000
12770,13615730458,1058240,0,0,1570,0,0.000000,16384,1566,58240,4,1.000000,0.000000
12771,13616807399,1076941,0,0,1594,0,0.000000,16384,1478,76941,4,1.000000,0.000000
12772,13617865677,1058278,0,0,1660,0,0.000000,16384,1440,58278,4,1.000000,0.000000
12773,13618926049,1060372,0,0,1627,0,0.000000,16384,1478,60372,4,1.000000,0.000000
12774,13619985487,1059438,0,0,1662,0,0.000000,16384,1471,59438,4,1.000000,0.000000
12775,13621042861,1057374,0,0,1658,0,0.000000,16384,1466,57374,4,1.000000,0.000000
12776,13622109246,1066385,0,0,1604,0,0.000000,16384,1460,66385,4,1.000000,0.000000
12777,13623171561,1062315,0,0,1592,0,0.000000,16384,1377,62315,4,1.000000,0.000000
12778,13624231674,1060113,0,0,1662,0,0.000000,16384,1517,60113,4,1.000000,0.000000
12779,13625289882,1058208,0,0,1652,0,0.000000,16384,1456,58208,4,1.000000,0.000000
12780,13626347280,1057398,0,0,1664,0,0.000000,16384,1478,57398,4,1.000000,0.000000
12781,13627418250,1070970,0,0,1686,0,0.000000,16384,1532,70970,4,1.000000,0.000000
12782,13628480008,1061758,0,0,1550,0,0.000000,16384,1337,61758,4,1.000000,0.000000
12783,13629546228,1066220,0,0,1421,0,0.000000,16384,1298,66220,4,1.000000,0.000000
12784,13630607936,1061708,0,0,1545,0,0.000000,16384,1356,61708,4,1.000000,0.000000
12785,13631681755,1073819,0,0,1625,0,0.000000,16384,1478,73819,4,1.000000,0.000000
12786,13632745372,1063617,0,0,1666,0,0.000000,16384,1446,63617,4,1.000000,0.000000
12787,13633804882,1059510,0,0,1661,0,0.000000,16384,1506,59510,4,1.000000,0.000000
12788,13634863174,1058292,0,0,1661,0,0.000000,16384,1476,58292,4,1.000000,0.000000
12789,13635920153,1056979,0,0,1659,0,0.000000,16384,1460,56979,4,1.000000,0.000000
12790,13636978649,1058496,0,0,1658,0,0.000000,16384,1514,58496,4,1.000000,0.000000
12791,13638072565,1093916,0,0,1642,0,0.000000,16384,1429,93916,4,1.000000,0.000000
12792,13639135448,1062883,0,0,1670,0,0.000000,16384,1501,62883,4,1.000000,0.000000
12793,13640199233,1063785,0,0,1676,0,0.000000,16384,1505,63785,4,1.000000,0.000000
12794,13641256998,1057765,0,0,1750,0,0.000000,16384,1530,57765,4,1.000000,0.000000
12795,13642317222,1060224,0,0,1744,0,0.000000,16384,1569,60224,4,1.000000,0.000000
12796,13643376599,1059377,0,0,1514,0,0.000000,16384,1352,59377,4,1.000000,0.000000
12797,13644438519,1061920,0,0,1561,0,0.000000,16384,1389,61920,4,1.000000,0.000000
12798,13645509329,1070810,0,0,1424,0,0.000000,16384,1261,70810,4,1.000000,0.000000
12799,13646580253,1070924,0,0,1504,0,0.000000,16384,1362,70924,4,1.000000,0.000000
12800,13647646896,1066643,0,0,1665,0,0.000000,16384,1471,66643,4,1.000000,0.000000
12801,13648732213,1085317,0,0,1705,0,0.000000,16384,1506,85317,4,1.000000,0.000000
12802,13649792298,1060085,0,0,1673,0,0.000000,16384,1526,60085,4,1.000000,0.000000
12803,13650850438,1058140,0,0,1630,0,0.000000,16384,1416,58140,4,1.000000,0.000000
12804,13651907185,1056747,0,0,1770,0,0.000000,16384,1585,56747,4,1.000000,0.000000
12805,13652963332,1056147,0,0,1819,0,0.000000,16384,1642,56147,4,1.000000,0.000000
12806,13654026697,1063365,0,0,1734,0,0.000000,16384,1531,63365,4,1.000000,0.000000
12807,13655090111,1063414,0,0,1657,0,0.000000,16384,1463,63414,4,1.000000,0.000000
12808,13656149175,1059064,0,0,1529,0,0.000000,16384,1388,59064,4,1.000000,0.000000
12809,13657212218,1063043,0,0,1544,0,0.000000,16384,1351,63043,4,1.000000,0.000000
12810,13658279341,1067123,0,0,1505,0,0.000000,16384,1362,67123,4,1.000000,0.000000
12811,13659367416,1088075,0,0,1504,0,0.000000,16384,1326,88075,4,1.000000,0.000000
12812,13661620543,2253127,0,0,2960,0,0.000000,16384,2649,1253127,4,1.000000,0.000000
12813,13662697237,1076694,0,0,1353,0,0.000000,16384,1174,76694,4,1.000000,0.000000
12814,13663773646,1076409,0,0,1367,0,0.000000,16384,1251,76409,4,1.000000,0.000000
12815,13664850438,1076792,0,0,1411,0,0.000000,16384,1253,76792,4,1.000000,0.000000
12816,13665891714,1041276,0,0,1479,0,0.000000,16384,1305,41276,4,1.000000,0.000000
12817,13666957170,1065456,0,0,1529,0,0.000000,16384,1383,65456,4,1.000000,0.000000
12818,13668018900,1061730,0,0,1563,0,0.000000,16384,1373,61730,4,1.000000,0.000000
12819,13669077361,1058461,0,0,1596,0,0.000000,16384,1435,58461,4,1.000000,0.000000
12820,13670142064,1064703,0,0,1399,0,0.000000,16384,1224,64703,4,1.000000,0.000000
12821,13671229472,1087408,0,0,1610,0,0.000000,16384,1463,87408,4,1.000000,0.000000
12822,13672291330,1061858,0,0,1537,0,0.000000,16384,1348,61858,4,1.000000,0.000000
12823,13673350585,1059255,0,0,1561,0,0.000000,16384,1412,59255,4,1.000000,0.000000
12824,13674408069,1057484,0,0,1630,0,0.000000,16384,1443,57484,4,1.000000,0.000000
12825,13675476462,1068393,0,0,1652,0,0.000000,16384,1464,68393,4,1.000000,0.000000
12826,13676541518,1065056,0,0,1520,0,0.000000,16384,1368,65056,4,1.000000,0.000000
12827,13677605879,1064361,0,0,1654,0,0.000000,16384,1452,64361,4,1.000000,0.000000
12828,13678664444,1058565,0,0,1668,0,0.000000,16384,1521,58565,4,1.000000,0.000000
12829,13679729038,1064594,0,0,1469,0,0.000000,16384,1269,64594,4,1.000000,0.000000
12830,13680790821,1061783,0,0,1572,0,0.000000,16384,1444,61783,4,1.000000,0.000000
12831,13681869016,1078195,0,0,1674,0,0.000000,16384,1458,78195,4,1.000000,0.000000
12832,13682931007,1061991,0,0,1360,0,0.000000,16384,1245,61991,4,1.000000,0.000000
12833,13684000389,1069382,0,0,1529,0,0.000000,16384,1323,69382,4,1.000000,0.000000
12834,13685067782,1067393,0,0,1456,0,0.000000,16384,1326,67393,4,1.000000,0.000000
12835,13686133480,1065698,0,0,1502,0,0.000000,16384,1321,65698,4,1.000000,0.000000
12836,13687195312,1061832,0,0,1565,0,0.000000,16384,1410,61832,4,1.000000,0.000000
12837,13688254051,1058739,0,0,1560,0,0.000000,16384,1371,58739,4,1.000000,0.000000
12838,13689316556,1062505,0,0,1558,0,0.000000,16384,1411,62505,4,1.000000,0.000000
12839,13690378881,1062325,0,0,1561,0,0.000000,16384,1365,62325,4,1.000000,0.000000
12840,13691438114,1059233,0,0,1560,0,0.000000,16384,1420,59233,4,1.000000,0.000000
12841,13692534444,1096330,0,0,1557,0,0.000000,16384,1354,96330,4,1.000000,0.000000
12842,13693599015,1064571,0,0,1559,0,0.000000,16384,1426,64571,4,1.000000,0.000000
12843,13694659001,1059986,0,0,1558,0,0.000000,16384,1348,59986,4,1.000000,0.000000
12844,13695677997,1018996,0,0,1492,0,0.000000,16384,1366,18996,4,1.000000,0.000000
12845,13696736836,1058839,0,0,1512,0,0.000000,16384,1318,58839,4,1.000000,0.000000
12846,13697797096,1060260,0,0,1552,0,0.000000,16384,1410,60260,4,1.000000,0.000000
12847,13698861811,1064715,0,0,1476,0,0.000000,16384,1294,64715,4,1.000000,0.000000
12848,13699927042,1065231,0,0,1527,0,0.000000,16384,1372,65231,4,1.000000,0.000000
12849,13700991292,1064250,0,0,1546,0,0.000000,16384,1367,64250,4,1.000000,0.000000
12850,13702054055,1062763,0,0,1561,0,0.000000,16384,1404,62763,4,1.000000,0.000000
12851,13703137056,1083001,0,0,1553,0,0.000000,16384,1368,83001,4,1.000000,0.000000
12852,13704198076,1061020,0,0,1559,0,0.000000,16384,1409,61020,4,1.000000,0.000000
12853,13705256649,1058573,0,0,1557,0,0.000000,16384,1364,58573,4,1.000000,0.000000
12854,13706315208,1058559,0,0,1557,0,0.000000,16384,1413,58559,4,1.000000,0.000000
12855,13707374924,1059716,0,0,1546,0,0.000000,16384,1351,59716,4,1.000000,0.000000
12856,13708440618,1065694,0,0,1525,0,0.000000,16384,1385,65694,4,1.000000,0.000000
12857,13709507516,1066898,0,0,1384,0,0.000000,16384,1223,66898,4,1.000000,0.000000
12858,13710568263,1060747,0,0,1547,0,0.000000,16384,1375,60747,4,1.000000,0.000000
12859,13711632213,1063950,0,0,1516,0,0.000000,16384,1355,63950,4,1.000000,0.000000
12860,13712678775,1046562,0,0,1486,0,0.000000,16384,1312,46562,4,1.000000,0.000000
12861,13713764818,1086043,0,0,1593,0,0.000000,16384,1433,86043,4,1.000000,0.000000
12862,13714831016,1066198,0,0,1469,0,0.000000,16384,1293,66198,4,1.000000,0.000000
12863,13715896950,1065934,0,0,1524,0,0.000000,16384,1382,65934,4,1.000000,0.000000
12864,13716963020,1066070,0,0,1527,0,0.000000,16384,1332,66070,4,1.000000,0.000000
12865,13718027809,1064789,0,0,1569,0,0.000000,16384,1426,64789,4,1.000000,0.000000
12866,13719086748,1058939,0,0,1561,0,0.000000,16384,1369,58939,4,1.000000,0.000000
12867,13720145823,1059075,0,0,1561,0,0.000000,16384,1409,59075,4,1.000000,0.000000
12868,13721204359,1058536,0,0,1559,0,0.000000,16384,1374,58536,4,1.000000,0.000000
12869,13722261525,1057166,0,0,1558,0,0.000000,16384,1400,57166,4,1.000000,0.000000
12870,13723322514,1060989,0,0,1426,0,0.000000,16384,1249,60989,4,1.000000,0.000000
12871,13724399384,1076870,0,0,1575,0,0.000000,16384,1433,76870,4,1.000000,0.000000
12872,13725465401,1066017,0,0,1462,0,0.000000,16384,1268,66017,4,1.000000,0.000000
12873,13726532937,1067536,0,0,1525,0,0.000000,16384,1402,67536,4,1.000000,0.000000
12874,13727595252,1062315,0,0,1553,0,0.000000,16384,1340,62315,4,1.000000,0.000000
12875,13728661256,1066004,0,0,1501,0,0.000000,16384,1385,66004,4,1.000000,0.000000
12876,13729729513,1068257,0,0,1563,0,0.000000,16384,1343,68257,4,1.000000,0.000000
12877,13730788419,1058906,0,0,1554,0,0.000000,16384,1430,58906,4,1.000000,0.000000
12878,13731846715,1058296,0,0,1557,0,0.000000,16384,1345,58296,4,1.000000,0.000000
12879,13732904436,1057721,0,0,1560,0,0.000000,16384,1430,57721,4,1.000000,0.000000
12880,13733962125,1057689,0,0,1555,0,0.000000,16384,1349,57689,4,1.000000,0.000000
12881,13735039274,1077149,0,0,1600,0,0.000000,16384,1456,77149,4,1.000000,0.000000
12882,13736106251,1066977,0,0,1545,0,0.000000,16384,1353,66977,4,1.000000,0.000000
12883,13737170576,1064325,0,0,1669,0,0.000000,16384,1498,64325,4,1.000000,0.000000
12884,13738236349,1065773,0,0,1536,0,0.000000,16384,1371,65773,4,1.000000,0.000000
12885,13739304334,1067985,0,0,1516,0,0.000000,16384,1352,67985,4,1.000000,0.000000
12886,13740368049,1063715,0,0,1635,0,0.000000,16384,1458,63715,4,1.000000,0.000000
12887,13741426980,1058931,0,0,1655,0,0.000000,16384,1455,58931,4,1.000000,0.000000
12888,13742485091,1058111,0,0,1660,0,0.000000,16384,1515,58111,4,1.000000,0.000000
12889,13743545247,1060156,0,0,1615,0,0.000000,16384,1404,60156,4,1.000000,0.000000
12890,13744610107,1064860,0,0,1579,0,0.000000,16384,1432,64860,4,1.000000,0.000000
12891,13745673622,1063515,0,0,1656,0,0.000000,16384,1466,63515,4,1.000000,0.000000
12892,13746733439,1059817,0,0,1655,0,0.000000,16384,1463,59817,4,1.000000,0.000000
12893,13747792355,1058916,0,0,1662,0,0.000000,16384,1516,58916,4,1.000000,0.000000
12894,13748850344,1057989,0,0,1654,0,0.000000,16384,1434,57989,4,1.000000,0.000000
12895,13749909437,1059093,0,0,1509,0,0.000000,16384,1379,59093,4,1.000000,0.000000
12896,13750968218,1058781,0,0,1648,0,0.000000,16384,1442,58781,4,1.000000,0.000000
12897,13752054418,1086200,0,0,1513,0,0.000000,16384,1368,86200,4,1.000000,0.000000
12898,13753116162,1061744,0,0,1643,0,0.000000,16384,1452,61744,4,1.000000,0.000000
12899,13754174320,1058158,0,0,1660,0,0.000000,16384,1471,58158,4,1.000000,0.000000
12900,13755232497,1058177,0,0,1663,0,0.000000,16384,1512,58177,4,1.000000,0.000000
12901,13756310366,1077869,0,0,1690,0,0.000000,16384,1470,77869,4,1.000000,0.000000
12902,13757369490,1059124,0,0,1665,0,0.000000,16384,1500,59124,4,1.000000,0.000000
12903,13758431352,1061862,0,0,1507,0,0.000000,16384,1336,61862,4,1.000000,0.000000
12904,13759495879,1064527,0,0,1531,0,0.000000,16384,1375,64527,4,1.000000,0.000000
12905,13760561009,1065130,0,0,1520,0,0.000000,16384,1340,65130,4,1.000000,0.000000
12906,13761623097,1062088,0,0,1562,0,0.000000,16384,1407,62088,4,1.000000,0.000000
12907,13762672966,1049869,0,0,1620,0,0.000000,16384,1436,49869,4,1.000000,0.000000
12908,13763733221,1060255,0,0,1513,0,0.000000,16384,1351,60255,4,1.000000,0.000000
12909,13764826350,1093129,0,0,1566,0,0.000000,16384,1393,93129,4,1.000000,0.000000
12910,13765896274,1069924,0,0,1482,0,0.000000,16384,1326,69924,4,1.000000,0.000000
12911,13767284483,1388209,0,0,1879,0,0.000000,16384,1691,388209,4,1.000000,0.000000
12912,13768356397,1071914,0,0,1422,0,0.000000,16384,1231,71914,4,1.000000,0.000000
12913,13769430481,1074084,0,0,1396,0,0.000000,16384,1257,74084,4,1.000000,0.000000
12914,13770504778,1074297,0,0,1394,0,0.000000,16384,1256,74297,4,1.000000,0.000000
12915,13771574678,1069900,0,0,1514,0,0.000000,16384,1320,69900,4,1.000000,0.000000
12916,13772640465,1065787,0,0,1506,0,0.000000,16384,1376,65787,4,1.000000,0.000000
12917,13773678242,1037777,0,0,1499,0,0.000000,16384,1292,37777,4,1.000000,0.000000
12918,13774766632,1088390,0,0,1557,0,0.000000,16384,1434,88390,4,1.000000,0.000000
12919,13775829124,1062492,0,0,1552,0,0.000000,16384,1340,62492,4,1.000000,0.000000
12920,13776890417,1061293,0,0,1383,0,0.000000,16384,1267,61293,4,1.000000,0.000000
12921,13778940357,2049940,0,0,2816,0,0.000000,16384,2484,1049940,4,1.000000,0.000000
12922,13780008611,1068254,0,0,1549,0,0.000000,16384,1404,68254,4,1.000000,0.000000
12923,13781081467,1072856,0,0,1429,0,0.000000,16384,1238,72856,4,1.000000,0.000000
12924,13782148501,1067034,0,0,1519,0,0.000000,16384,1403,67034,4,1.000000,0.000000
12925,13783213949,1065448,0,0,1530,0,0.000000,16384,1316,65448,4,1.000000,0.000000
12926,13784275526,1061577,0,0,1562,0,0.000000,16384,1438,61577,4,1.000000,0.000000
12927,13785334041,1058515,0,0,1555,0,0.000000,16384,1337,58515,4,1.000000,0.000000
12928,13786398746,1064705,0,0,1521,0,0.000000,16384,1405,64705,4,1.000000,0.000000
12929,13787462334,1063588,0,0,1560,0,0.000000,16384,1340,63588,4,1.000000,0.000000
12930,13788521893,1059559,0,0,1562,0,0.000000,16384,1437,59559,4,1.000000,0.000000
12931,13789606692,1084799,0,0,1505,0,0.000000,16384,1297,84799,4,1.000000,0.000000
12932,13790669946,1063254,0,0,1562,0,0.000000,16384,1437,63254,4,1.000000,0.000000
12933,13791733693,1063747,0,0,1497,0,0.000000,16384,1291,63747,4,1.000000,0.000000
12934,13792797315,1063622,0,0,1493,0,0.000000,16384,1368,63622,4,1.000000,0.000000
12935,13793869073,1071758,0,0,1445,0,0.000000,16384,1263,71758,4,1.000000,0.000000
12936,13794941059,1071986,0,0,1424,0,0.000000,16384,1275,71986,4,1.000000,0.000000
12937,13796012582,1071523,0,0,1470,0,0.000000,16384,1322,71523,4,1.000000,0.000000
12938,13797087432,1074850,0,0,1415,0,0.000000,16384,1227,74850,4,1.000000,0.000000
12939,13798155898,1068466,0,0,1453,0,0.000000,16384,1337,68466,4,1.000000,0.000000
12940,13799224489,1068591,0,0,1476,0,0.000000,16384,1285,68591,4,1.000000,0.000000
12941,13800326926,1102437,0,0,1602,0,0.000000,16384,1457,102437,4,1.000000,0.000000
12942,13801387954,1061028,0,0,1555,0,0.000000,16384,1350,61028,4,1.000000,0.000000
12943,13802450198,1062244,0,0,1520,0,0.000000,16384,1389,62244,4,1.000000,0.000000
12944,13803514518,1064320,0,0,1419,0,0.000000,16384,1243,64320,4,1.000000,0.000000
12945,13804579499,1064981,0,0,1553,0,0.000000,16384,1393,64981,4,1.000000,0.000000
12946,13805748426,1168927,0,0,1525,0,0.000000,16384,1350,168927,4,1.000000,0.000000
12947,13806814944,1066518,0,0,1446,0,0.000000,16384,1289,66518,4,1.000000,0.000000
12948,13807878211,1063267,0,0,1563,0,0.000000,16384,1399,63267,4,1.000000,0.000000
12949,13808937786,1059575,0,0,1564,0,0.000000,16384,1392,59575,4,1.000000,0.000000
12950,13810028950,1091164,0,0,1653,0,0.000000,16384,1462,91164,4,1.000000,0.000000
12951,13811118681,1089731,0,0,1582,0,0.000000,16384,1433,89731,4,1.000000,0.000000
12952,13812185592,1066911,0,0,1501,0,0.000000,16384,1314,66911,4,1.000000,0.000000
12953,13813247070,1061478,0,0,1563,0,0.000000,16384,1414,61478,4,1.000000,0.000000
12954,13814304494,1057424,0,0,1556,0,0.000000,16384,1362,57424,4,1.000000,0.000000
12955,13815362632,1058138,0,0,1559,0,0.000000,16384,1417,58138,4,1.000000,0.000000
12956,13816425842,1063210,0,0,1448,0,0.000000,16384,1269,63210,4,1.000000,0.000000
12957,13817518146,1092304,0,0,1686,0,0.000000,16384,1529,92304,4,1.000000,0.000000
12958,13818590716,1072570,0,0,1443,0,0.000000,16384,1256,72570,4,1.000000,0.000000
12959,13819659575,1068859,0,0,1499,0,0.000000,16384,1350,68859,4,1.000000,0.000000
12960,13820693004,1033429,0,0,1385,0,0.000000,16384,1237,33429,4,1.000000,0.000000
12961,13821786852,1093848,0,0,1478,0,0.000000,16384,1294,93848,4,1.000000,0.000000
12962,13822860014,1073162,0,0,1378,0,0.000000,16384,1262,73162,4,1.000000,0.000000
12963,13823948314,1088300,0,0,1381,0,0.000000,16384,1209,88300,4,1.000000,0.000000
12964,13825019945,1071631,0,0,1404,0,0.000000,16384,1244,71631,4,1.000000,0.000000
12965,13826086009,1066064,0,0,1558,0,0.000000,16384,1406,66064,4,1.000000,0.000000
12966,13827145607,1059598,0,0,1547,0,0.000000,16384,1363,59598,4,1.000000,0.000000
12967,13828204135,1058528,0,0,1557,0,0.000000,16384,1401,58528,4,1.000000,0.000000
12968,13829261802,1057667,0,0,1603,0,0.000000,16384,1423,57667,4,1.000000,0.000000
12969,13830325621,1063819,0,0,1447,0,0.000000,16384,1298,63819,4,1.000000,0.000000
12970,13831421891,1096270,0,0,1593,0,0.000000,16384,1405,96270,4,1.000000,0.000000
12971,13832517857,1095966,0,0,1490,0,0.000000,16384,1342,95966,4,1.000000,0.000000
12972,13833581789,1063932,0,0,1561,0,0.000000,16384,1374,63932,4,1.000000,0.000000
12973,13834641234,1059445,0,0,1558,0,0.000000,16384,1402,59445,4,1.000000,0.000000
12974,13835679936,1038702,0,0,1519,0,0.000000,16384,1339,38702,4,1.000000,0.000000
12975,13836743400,1063464,0,0,1506,0,0.000000,16384,1361,63464,4,1.000000,0.000000
12976,13837804172,1060772,0,0,1559,0,0.000000,16384,1367,60772,4,1.000000,0.000000
12977,13838862114,1057942,0,0,1574,0,0.000000,16384,1420,57942,4,1.000000,0.000000
12978,13839922918,1060804,0,0,1509,0,0.000000,16384,1328,60804,4,1.000000,0.000000
12979,13840983638,1060720,0,0,1586,0,0.000000,16384,1430,60720,4,1.000000,0.000000
12980,13842041933,1058295,0,0,1650,0,0.000000,16384,1466,58295,4,1.000000,0.000000
12981,13843145984,1104051,0,0,1565,0,0.000000,16384,1386,104051,4,1.000000,0.000000
12982,13844213280,1067296,0,0,1468,0,0.000000,16384,1315,67296,4,1.000000,0.000000
12983,13845281931,1068651,0,0,1448,0,0.000000,16384,1299,68651,4,1.000000,0.000000
12984,13846346511,1064580,0,0,1535,0,0.000000,16384,1348,64580,4,1.000000,0.000000
12985,13847407618,1061107,0,0,1561,0,0.000000,16384,1410,61107,4,1.000000,0.000000
12986,13848465658,1058040,0,0,1557,0,0.000000,16384,1372,58040,4,1.000000,0.000000
12987,13849524520,1058862,0,0,1558,0,0.000000,16384,1401,58862,4,1.000000,0.000000
12988,13850583121,1058601,0,0,1556,0,0.000000,16384,1377,58601,4,1.000000,0.000000
12989,13851640263,1057142,0,0,1541,0,0.000000,16384,1381,57142,4,1.000000,0.000000
12990,13852678499,1038236,0,0,1479,0,0.000000,16384,1303,38236,4,1.000000,0.000000
12991,13853772216,1093717,0,0,1604,0,0.000000,16384,1444,93717,4,1.000000,0.000000
12992,13854831860,1059644,0,0,1559,0,0.000000,16384,1382,59644,4,1.000000,0.000000
12993,13855889912,1058052,0,0,1557,0,0.000000,16384,1392,58052,4,1.000000,0.000000
12994,13856948278,1058366,0,0,1476,0,0.000000,16384,1305,58366,4,1.000000,0.000000
12995,13858021367,1073089,0,0,1552,0,0.000000,16384,1329,73089,4,1.000000,0.000000
12996,13859086824,1065457,0,0,1416,0,0.000000,16384,1288,65457,4,1.000000,0.000000
12997,13860155876,1069052,0,0,1530,0,0.000000,16384,1322,69052,4,1.000000,0.000000
12998,13861220339,1064463,0,0,1563,0,0.000000,16384,1433,64463,4,1.000000,0.000000
12999,13862278425,1058086,0,0,1598,0,0.000000,16384,1392,58086,4,1.000000,0.000000
13000,13863338817,1060392,0,0,1738,0,0.000000,16384,1558,60392,4,1.000000,0.000000
13001,13864422333,1083516,0,0,1663,0,0.000000,16384,1503,83516,4,1.000000,0.000000
13002,13865480766,1058433,0,0,1785,0,0.000000,16384,1565,58433,4,1.000000,0.000000
13003,13866540670,1059904,0,0,1605,0,0.000000,16384,1442,59904,4,1.000000,0.000000
13004,13867599470,1058800,0,0,1726,0,0.000000,16384,1549,58800,4,1.000000,0.000000
13005,13868660426,1060956,0,0,1641,0,0.000000,16384,1425,60956,4,1.000000,0.000000
13006,13869676865,1016439,0,0,1589,0,0.000000,16384,1458,16439,4,1.000000,0.000000
13007,13870739859,1062994,0,0,1815,0,0.000000,16384,1602,62994,4,1.000000,0.000000
13008,13871804253,1064394,0,0,1575,0,0.000000,16384,1391,64394,4,1.000000,0.000000
13009,13872870528,1066275,0,0,1517,0,0.000000,16384,1365,66275,4,1.000000,0.000000
13010,13873932113,1061585,0,0,1562,0,0.000000,16384,1380,61585,4,1.000000,0.000000
13011,13875011624,1079511,0,0,1588,0,0.000000,16384,1433,79511,4,1.000000,0.000000
13012,13876076183,1064559,0,0,1494,0,0.000000,16384,1313,64559,4,1.000000,0.000000
13013,13877137148,1060965,0,0,1554,0,0.000000,16384,1400,60965,4,1.000000,0.000000
13014,13878194561,1057413,0,0,1557,0,0.000000,16384,1370,57413,4,1.000000,0.000000
13015,13879252378,1057817,0,0,1560,0,0.000000,16384,1411,57817,4,1.000000,0.000000
13016,13880310401,1058023,0,0,1559,0,0.000000,16384,1365,58023,4,1.000000,0.000000
13017,13881366948,1056547,0,0,1624,0,0.000000,16384,1482,56547,4,1.000000,0.000000
13018,13882454890,1087942,0,0,1613,0,0.000000,16384,1393,87942,4,1.000000,0.000000
13019,13883521350,1066460,0,0,1500,0,0.000000,16384,1384,66460,4,1.000000,0.000000
13020,13884589381,1068031,0,0,1484,0,0.000000,16384,1279,68031,4,1.000000,0.000000
13021,13885681670,1092289,0,0,1489,0,0.000000,16384,1358,92289,4,1.000000,0.000000
13022,13886829090,1147420,0,0,1581,0,0.000000,16384,1379,147420,4,1.000000,0.000000
13023,13887899830,1070740,0,0,1446,0,0.000000,16384,1312,70740,4,1.000000,0.000000
13024,13889260893,1361063,0,0,1736,0,0.000000,16384,1515,361063,4,1.000000,0.000000
13025,13890352115,1091222,0,0,1380,0,0.000000,16384,1265,91222,4,1.000000,0.000000
13026,13891436596,1084481,0,0,1392,0,0.000000,16384,1233,84481,4,1.000000,0.000000
13027,13892523297,1086701,0,0,1388,0,0.000000,16384,1215,86701,4,1.000000,0.000000
13028,13893626802,1103505,0,0,1386,0,0.000000,16384,1270,103505,4,1.000000,0.000000
13029,13894699908,1073106,0,0,1344,0,0.000000,16384,1183,73106,4,1.000000,0.000000
13030,13895951527,1251619,0,0,1603,0,0.000000,16384,1428,251619,4,1.000000,0.000000
13031,13897057137,1105610,0,0,1209,0,0.000000,16384,1097,105610,4,1.000000,0.000000
13032,13898176974,1119837,0,0,1438,0,0.000000,16384,1250,119837,4,1.000000,0.000000
13033,13899256995,1080021,0,0,1425,0,0.000000,16384,1281,80021,4,1.000000,0.000000
13034,13900335031,1078036,0,0,1419,0,0.000000,16384,1275,78036,4,1.000000,0.000000
13035,13901411215,1076184,0,0,1445,0,0.000000,16384,1253,76184,4,1.000000,0.000000
13036,13902480097,1068882,0,0,1421,0,0.000000,16384,1305,68882,4,1.000000,0.000000
13037,13903582500,1102403,0,0,1467,0,0.000000,16384,1283,102403,4,1.000000,0.000000
13038,13904654029,1071529,0,0,1469,0,0.000000,16384,1316,71529,4,1.000000,0.000000
13039,13905683801,1029772,0,0,1350,0,0.000000,16384,1220,29772,4,1.000000,0.000000
13040,13906754480,1070679,0,0,1398,0,0.000000,16384,1212,70679,4,1.000000,0.000000
13041,13907864198,1109718,0,0,1521,0,0.000000,16384,1390,109718,4,1.000000,0.000000
13042,13909567199,1703001,0,0,2080,0,0.000000,16384,1856,703001,4,1.000000,0.000000
13043,13910647347,1080148,0,0,1422,0,0.000000,16384,1240,80148,4,1.000000,0.000000
13044,13911692449,1045102,0,0,1363,0,0.000000,16384,1213,45102,4,1.000000,0.000000
13045,13912766705,1074256,0,0,1421,0,0.000000,16384,1295,74256,4,1.000000,0.000000
13046,13913839636,1072931,0,0,1425,0,0.000000,16384,1234,72931,4,1.000000,0.000000
13047,13914910498,1070862,0,0,1446,0,0.000000,16384,1311,70862,4,1.000000,0.000000
13048,13915984588,1074090,0,0,1450,0,0.000000,16384,1286,74090,4,1.000000,0.000000
13049,13918767761,2783173,0,0,3729,0,0.000000,16384,3333,1783173,4,1.000000,0.000000
13050,13919842078,1074317,0,0,1451,0,0.000000,16384,1279,74317,4,1.000000,0.000000
13051,13920943117,1101039,0,0,1446,0,0.000000,16384,1286,101039,4,1.000000,0.000000
13052,13922014398,1071281,0,0,1463,0,0.000000,16384,1322,71281,4,1.000000,0.000000
13053,13923088894,1074496,0,0,1318,0,0.000000,16384,1148,74496,4,1.000000,0.000000
13054,13924181935,1093041,0,0,1404,0,0.000000,16384,1262,93041,4,1.000000,0.000000
13055,13925262052,1080117,0,0,1426,0,0.000000,16384,1283,80117,4,1.000000,0.000000
13056,13926343247,1081195,0,0,1375,0,0.000000,16384,1194,81195,4,1.000000,0.000000
13057,13927418755,1075508,0,0,1401,0,0.000000,16384,1278,75508,4,1.000000,0.000000
13058,13928496205,1077450,0,0,1413,0,0.000000,16384,1254,77450,4,1.000000,0.000000
13059,13929571482,1075277,0,0,1387,0,0.000000,16384,1214,75277,4,1.000000,0.000000
13060,13930651107,1079625,0,0,1393,0,0.000000,16384,1277,79625,4,1.000000,0.000000
13061,13931761810,1110703,0,0,1441,0,0.000000,16384,1260,110703,4,1.000000,0.000000
13062,13932837111,1075301,0,0,1418,0,0.000000,16384,1267,75301,4,1.000000,0.000000
13063,13933914232,1077121,0,0,1412,0,0.000000,16384,1278,77121,4,1.000000,0.000000
13064,13934987065,1072833,0,0,1419,0,0.000000,16384,1228,72833,4,1.000000,0.000000
13065,13936217203,1230138,0,0,1430,0,0.000000,16384,1303,230138,4,1.000000,0.000000
13066,13937292387,1075184,0,0,1424,0,0.000000,16384,1261,75184,4,1.000000,0.000000
13067,13938364652,1072265,0,0,1415,0,0.000000,16384,1246,72265,4,1.000000,0.000000
13068,13939442836,1078184,0,0,1452,0,0.000000,16384,1329,78184,4,1.000000,0.000000
13069,13940514407,1071571,0,0,1416,0,0.000000,16384,1225,71571,4,1.000000,0.000000
13070,13941595229,1080822,0,0,1421,0,0.000000,16384,1283,80822,4,1.000000,0.000000
13071,13942690512,1095283,0,0,1428,0,0.000000,16384,1278,95283,4,1.000000,0.000000
13072,13943756454,1065942,0,0,1439,0,0.000000,16384,1257,65942,4,1.000000,0.000000
13073,13944831097,1074643,0,0,1443,0,0.000000,16384,1327,74643,4,1.000000,0.000000
13074,13945902162,1071065,0,0,1449,0,0.000000,16384,1255,71065,4,1.000000,0.000000
13075,13946975504,1073342,0,0,1450,0,0.000000,16384,1308,73342,4,1.000000,0.000000
13076,13948050028,1074524,0,0,1458,0,0.000000,16384,1300,74524,4,1.000000,0.000000
13077,13949125217,1075189,0,0,1416,0,0.000000,16384,1242,75189,4,1.000000,0.000000
13078,13950198193,1072976,0,0,1302,0,0.000000,16384,1186,72976,4,1.000000,0.000000
13079,13951268528,1070335,0,0,1427,0,0.000000,16384,1262,70335,4,1.000000,0.000000
13080,13952343575,1075047,0,0,1413,0,0.000000,16384,1246,75047,4,1.000000,0.000000
13081,13953447426,1103851,0,0,1482,0,0.000000,16384,1351,103851,4,1.000000,0.000000
13082,13954522888,1075462,0,0,1460,0,0.000000,16384,1261,75462,4,1.000000,0.000000
13083,13955595388,1072500,0,0,1412,0,0.000000,16384,1290,72500,4,1.000000,0.000000
13084,13956678886,1083498,0,0,1420,0,0.000000,16384,1257,83498,4,1.000000,0.000000
13085,13957780503,1101617,0,0,1472,0,0.000000,16384,1303,101617,4,1.000000,0.000000
13086,13958853171,1072668,0,0,1431,0,0.000000,16384,1300,72668,4,1.000000,0.000000
13087,13959930055,1076884,0,0,1390,0,0.000000,16384,1206,76884,4,1.000000,0.000000
13088,13961008734,1078679,0,0,1407,0,0.000000,16384,1270,78679,4,1.000000,0.000000
13089,13962087015,1078281,0,0,1410,0,0.000000,16384,1264,78281,4,1.000000,0.000000
13090,13963163444,1076429,0,0,1200,0,0.000000,16384,1054,76429,4,1.000000,0.000000
13091,13964364531,1201087,0,0,1551,0,0.000000,16384,1394,201087,4,1.000000,0.000000
13092,13965441993,1077462,0,0,1396,0,0.000000,16384,1243,77462,4,1.000000,0.000000
13093,13966521633,1079640,0,0,1357,0,0.000000,16384,1179,79640,4,1.000000,0.000000
13094,13967599442,1077809,0,0,1391,0,0.000000,16384,1275,77809,4,1.000000,0.000000
13095,13968690470,1091028,0,0,1405,0,0.000000,16384,1244,91028,4,1.000000,0.000000
13096,13969765160,1074690,0,0,1415,0,0.000000,16384,1244,74690,4,1.000000,0.000000
13097,13970840527,1075367,0,0,1412,0,0.000000,16384,1296,75367,4,1.000000,0.000000
13098,13971921380,1080853,0,0,1408,0,0.000000,16384,1222,80853,4,1.000000,0.000000
13099,13972997239,1075859,0,0,1452,0,0.000000,16384,1301,75859,4,1.000000,0.000000
13100,13974071306,1074067,0,0,1406,0,0.000000,16384,1266,74067,4,1.000000,0.000000
13101,13975178829,1107523,0,0,1429,0,0.000000,16384,1238,107523,4,1.000000,0.000000
13102,13976256243,1077414,0,0,1280,0,0.000000,16384,1163,77414,4,1.000000,0.000000
13103,13977335363,1079120,0,0,1452,0,0.000000,16384,1303,79120,4,1.000000,0.000000
13104,13978411989,1076626,0,0,1405,0,0.000000,16384,1223,76626,4,1.000000,0.000000
13105,13979491629,1079640,0,0,1425,0,0.000000,16384,1309,79640,4,1.000000,0.000000
13106,13980570134,1078505,0,0,1410,0,0.000000,16384,1234,78505,4,1.000000,0.000000
13107,13981652139,1082005,0,0,1441,0,0.000000,16384,1285,82005,4,1.000000,0.000000
13108,13982690643,1038504,0,0,1352,0,0.000000,16384,1230,38504,4,1.000000,0.000000
13109,13983781671,1091028,0,0,1422,0,0.000000,16384,1231,91028,4,1.000000,0.000000
13110,13984856054,1074383,0,0,1383,0,0.000000,16384,1248,74383,4,1.000000,0.000000
13111,13985965105,1109051,0,0,1443,0,0.000000,16384,1294,109051,4,1.000000,0.000000
13112,13987046896,1081791,0,0,1413,0,0.000000,16384,1226,81791,4,1.000000,0.000000
13113,13988123409,1076513,0,0,1462,0,0.000000,16384,1346,76513,4,1.000000,0.000000
13114,13989199611,1076202,0,0,1437,0,0.000000,16384,1252,76202,4,1.000000,0.000000
13115,13990273053,1073442,0,0,1305,0,0.000000,16384,1158,73442,4,1.000000,0.000000
13116,13991350837,1077784,0,0,1384,0,0.000000,16384,1268,77784,4,1.000000,0.000000
13117,13992561831,1210994,0,0,1506,0,0.000000,16384,1304,210994,4,1.000000,0.000000
13118,13993645072,1083241,0,0,1327,0,0.000000,16384,1197,83241,4,1.000000,0.000000
13119,13994729437,1084365,0,0,1328,0,0.000000,16384,1209,84365,4,1.000000,0.000000
13120,13995813230,1083793,0,0,1308,0,0.000000,16384,1139,83793,4,1.000000,0.000000
13121,13996928707,1115477,0,0,1386,0,0.000000,16384,1226,115477,4,1.000000,0.000000
13122,13999503376,2574669,0,0,3417,0,0.000000,16384,3077,1574669,4,1.000000,0.000000
13123,14000585864,1082488,0,0,1413,0,0.000000,16384,1232,82488,4,1.000000,0.000000
13124,14001676775,1090911,0,0,1439,0,0.000000,16384,1288,90911,4,1.000000,0.000000
13125,14002768223,1091448,0,0,1273,0,0.000000,16384,1157,91448,4,1.000000,0.000000
13126,14003850285,1082062,0,0,1241,0,0.000000,16384,1091,82062,4,1.000000,0.000000
13127,14004935972,1085687,0,0,1382,0,0.000000,16384,1200,85687,4,1.000000,0.000000
13128,14006020969,1084997,0,0,1408,0,0.000000,16384,1292,84997,4,1.000000,0.000000
13129,14007151158,1130189,0,0,1476,0,0.000000,16384,1296,130189,4,1.000000,0.000000
13130,14008234392,1083234,0,0,1407,0,0.000000,16384,1255,83234,4,1.000000,0.000000
13131,14009356158,1121766,0,0,1460,0,0.000000,16384,1319,121766,4,1.000000,0.000000
13132,14010446160,1090002,0,0,1402,0,0.000000,16384,1215,90002,4,1.000000,0.000000
13133,14011545727,1099567,0,0,1428,0,0.000000,16384,1304,99567,4,1.000000,0.000000
13134,14012633835,1088108,0,0,1430,0,0.000000,16384,1263,88108,4,1.000000,0.000000
13135,14013699850,1066015,0,0,1398,0,0.000000,16384,1233,66015,4,1.000000,0.000000
13136,14014779942,1080092,0,0,1411,0,0.000000,16384,1295,80092,4,1.000000,0.000000
13137,14015855841,1075899,0,0,1453,0,0.000000,16384,1256,75899,4,1.000000,0.000000
13138,14016923862,1068021,0,0,1407,0,0.000000,16384,1268,68021,4,1.000000,0.000000
13139,14017990258,1066396,0,0,1623,0,0.000000,16384,1437,66396,4,1.000000,0.000000
13140,14019056790,1066532,0,0,1477,0,0.000000,16384,1326,66532,4,1.000000,0.000000
13141,14020154748,1097958,0,0,1658,0,0.000000,16384,1462,97958,4,1.000000,0.000000
13142,14021213678,1058930,0,0,1664,0,0.000000,16384,1519,58930,4,1.000000,0.000000
13143,14022271104,1057426,0,0,1744,0,0.000000,16384,1529,57426,4,1.000000,0.000000
13144,14023328090,1056986,0,0,1815,0,0.000000,16384,1599,56986,4,1.000000,0.000000
13145,14024389678,1061588,0,0,1611,0,0.000000,16384,1476,61588,4,1.000000,0.000000
13146,14025454579,1064901,0,0,1713,0,0.000000,16384,1505,64901,4,1.000000,0.000000
13147,14026515430,1060851,0,0,1814,0,0.000000,16384,1597,60851,4,1.000000,0.000000
13148,14027573588,1058158,0,0,1678,0,0.000000,16384,1530,58158,4,1.000000,0.000000
13149,14028630501,1056913,0,0,1797,0,0.000000,16384,1598,56913,4,1.000000,0.000000
13150,14029671918,1041417,0,0,1625,0,0.000000,16384,1421,41417,4,1.000000,0.000000
13151,14030744759,1072841,0,0,1838,0,0.000000,16384,1657,72841,4,1.000000,0.000000
13152,14031810197,1065438,0,0,1544,0,0.000000,16384,1373,65438,4,1.000000,0.000000
13153,14032875911,1065714,0,0,1663,0,0.000000,16384,1474,65714,4,1.000000,0.000000
13154,14033935390,1059479,0,0,1669,0,0.000000,16384,1518,59479,4,1.000000,0.000000
13155,14034993074,1057684,0,0,1665,0,0.000000,16384,1444,57684,4,1.000000,0.000000
13156,14036082911,1089837,0,0,1636,0,0.000000,16384,1481,89837,4,1.000000,0.000000
13157,14037147335,1064424,0,0,1548,0,0.000000,16384,1368,64424,4,1.000000,0.000000
13158,14038206759,1059424,0,0,1554,0,0.000000,16384,1395,59424,4,1.000000,0.000000
13159,14039265032,1058273,0,0,1560,0,0.000000,16384,1382,58273,4,1.000000,0.000000
13160,14040565803,1300771,0,0,1760,0,0.000000,16384,1555,300771,4,1.000000,0.000000
13161,14041659727,1093924,0,0,1600,0,0.000000,16384,1466,93924,4,1.000000,0.000000
13162,14042683371,1023644,0,0,1522,0,0.000000,16384,1312,23644,4,1.000000,0.000000
13163,14043746754,1063383,0,0,1436,0,0.000000,16384,1310,63383,4,1.000000,0.000000
13164,14044819748,1072994,0,0,1503,0,0.000000,16384,1322,72994,4,1.000000,0.000000
13165,14046052414,1232666,0,0,1588,0,0.000000,16384,1433,232666,4,1.000000,0.000000
13166,14047125394,1072980,0,0,1425,0,0.000000,16384,1259,72980,4,1.000000,0.000000
13167,14048191721,1066327,0,0,1469,0,0.000000,16384,1303,66327,4,1.000000,0.000000
13168,14052079390,3887669,0,0,5021,0,0.000000,16384,4461,2887669,4,1.000000,0.000000
13169,14055208610,3129220,0,0,3999,0,0.000000,16384,3563,2129220,4,1.000000,0.000000
13170,14056283380,1074770,0,0,1249,0,0.000000,16384,1125,74770,4,1.000000,0.000000
13171,14057414621,1131241,0,0,1581,0,0.000000,16384,1420,131241,4,1.000000,0.000000
13172,14058696955,1282334,0,0,1767,0,0.000000,16384,1588,282334,4,1.000000,0.000000
13173,14059765892,1068937,0,0,1463,0,0.000000,16384,1276,68937,4,1.000000,0.000000
13174,14062686267,2920375,0,0,4330,0,0.000000,16384,3849,1920375,4,1.000000,0.000000
13175,14063754928,1068661,0,0,1509,0,0.000000,16384,1383,68661,4,1.000000,0.000000
13176,14065566926,1811998,0,0,2513,0,0.000000,16384,2199,811998,4,1.000000,0.000000
13177,14066637034,1070108,0,0,1446,0,0.000000,16384,1322,70108,4,1.000000,0.000000
13178,14067700037,1063003,0,0,820,0,0.000000,16384,712,63003,4,1.000000,0.000000
13179,14068774721,1074684,0,0,738,0,0.000000,16384,649,74684,4,1.000000,0.000000
13180,14069852021,1077300,0,0,1417,0,0.000000,16384,1278,77300,4,1.000000,0.000000
13181,14070962861,1110840,0,0,1350,0,0.000000,16384,1217,110840,4,1.000000,0.000000
13182,14072052141,1089280,0,0,1413,0,0.000000,16384,1224,89280,4,1.000000,0.000000
13183,14073137134,1084993,0,0,1418,0,0.000000,16384,1292,84993,4,1.000000,0.000000
13184,14074226956,1089822,0,0,1394,0,0.000000,16384,1239,89822,4,1.000000,0.000000
13185,14075303741,1076785,0,0,1498,0,0.000000,16384,1321,76785,4,1.000000,0.000000
13186,14076372897,1069156,0,0,1457,0,0.000000,16384,1323,69156,4,1.000000,0.000000
13187,14077435667,1062770,0,0,1560,0,0.000000,16384,1358,62770,4,1.000000,0.000000
13188,14078495362,1059695,0,0,1555,0,0.000000,16384,1415,59695,4,1.000000,0.000000
13189,14079554239,1058877,0,0,1556,0,0.000000,16384,1360,58877,4,1.000000,0.000000
13190,14080613687,1059448,0,0,1655,0,0.000000,16384,1490,59448,4,1.000000,0.000000
13191,14081671587,1057900,0,0,1801,0,0.000000,16384,1626,57900,4,1.000000,0.000000
13192,14082709776,1038189,0,0,1763,0,0.000000,16384,1543,38189,4,1.000000,0.000000
13193,14083774320,1064544,0,0,1762,0,0.000000,16384,1559,64544,4,1.000000,0.000000
13194,14084916910,1142590,0,0,1662,0,0.000000,16384,1517,142590,4,1.000000,0.000000
13195,14085981470,1064560,0,0,1563,0,0.000000,16384,1351,64560,4,1.000000,0.000000
13196,14087045032,1063562,0,0,1668,0,0.000000,16384,1515,63562,4,1.000000,0.000000
13197,14088139761,1094729,0,0,1702,0,0.000000,16384,1515,94729,4,1.000000,0.000000
13198,14089202335,1062574,0,0,1561,0,0.000000,16384,1376,62574,4,1.000000,0.000000
13199,14090263156,1060821,0,0,1554,0,0.000000,16384,1402,60821,4,1.000000,0.000000
13200,14091321183,1058027,0,0,1543,0,0.000000,16384,1357,58027,4,1.000000,0.000000
13201,14092396815,1075632,0,0,1584,0,0.000000,16384,1435,75632,4,1.000000,0.000000
13202,14093487833,1091018,0,0,1675,0,0.000000,16384,1455,91018,4,1.000000,0.000000
13203,14094579637,1091804,0,0,1696,0,0.000000,16384,1542,91804,4,1.000000,0.000000
13204,14095673837,1094200,0,0,1703,0,0.000000,16384,1517,94200,4,1.000000,0.000000
13205,14096702735,1028898,0,0,1749,0,0.000000,16384,1529,28898,4,1.000000,0.000000
13206,14097766430,1063695,0,0,1822,0,0.000000,16384,1641,63695,4,1.000000,0.000000
13207,14098829034,1062604,0,0,1786,0,0.000000,16384,1616,62604,4,1.000000,0.000000
13208,14099890926,1061892,0,0,1670,0,0.000000,16384,1461,61892,4,1.000000,0.000000
13209,14100949626,1058700,0,0,1819,0,0.000000,16384,1611,58700,4,1.000000,0.000000
13210,14102006938,1057312,0,0,1814,0,0.000000,16384,1637,57312,4,1.000000,0.000000
13211,14103077234,1070296,0,0,1808,0,0.000000,16384,1629,70296,4,1.000000,0.000000
13212,14104135458,1058224,0,0,1737,0,0.000000,16384,1517,58224,4,1.000000,0.000000
13213,14105195853,1060395,0,0,1633,0,0.000000,16384,1465,60395,4,1.000000,0.000000
13214,14106253828,1057975,0,0,1752,0,0.000000,16384,1580,57975,4,1.000000,0.000000
13215,14107309860,1056032,0,0,1815,0,0.000000,16384,1595,56032,4,1.000000,0.000000
13216,14108366029,1056169,0,0,1816,0,0.000000,16384,1600,56169,4,1.000000,0.000000
13217,14109425788,1059759,0,0,1769,0,0.000000,16384,1602,59759,4,1.000000,0.000000
13218,14110484644,1058856,0,0,1655,0,0.000000,16384,1474,58856,4,1.000000,0.000000
13219,14111544610,1059966,0,0,1720,0,0.000000,16384,1606,59966,4,1.000000,0.000000
13220,14112605041,1060431,0,0,1801,0,0.000000,16384,1792,60431,4,1.000000,0.000000
13221,14113672002,1066961,0,0,1820,0,0.000000,16384,1817,66961,4,1.000000,0.000000
13222,14114730642,1058640,0,0,1720,0,0.000000,16384,1567,58640,4,1.000000,0.000000
13223,14115789831,1059189,0,0,1828,0,0.000000,16384,1641,59189,4,1.000000,0.000000
13224,14116846594,1056763,0,0,1810,0,0.000000,16384,1590,56763,4,1.000000,0.000000
13225,14117902877,1056283,0,0,1806,0,0.000000,16384,1592,56283,4,1.000000,0.000000
13226,14118959596,1056719,0,0,1783,0,0.000000,16384,1614,56719,4,1.000000,0.000000
13227,14120015611,1056015,0,0,1789,0,0.000000,16384,1608,56015,4,1.000000,0.000000
13228,14121071363,1055752,0,0,1822,0,0.000000,16384,1602,55752,4,1.000000,0.000000
13229,14122127128,1055765,0,0,1821,0,0.000000,16384,1603,55765,4,1.000000,0.000000
13230,14123182793,1055665,0,0,1825,0,0.000000,16384,1648,55665,4,1.000000,0.000000
13231,14124245124,1062331,0,0,1836,0,0.000000,16384,1656,62331,4,1.000000,0.000000
13232,14125305865,1060741,0,0,1688,0,0.000000,16384,1478,60741,4,1.000000,0.000000
13233,14126365971,1060106,0,0,1719,0,0.000000,16384,1528,60106,4,1.000000,0.000000
13234,14127422367,1056396,0,0,1798,0,0.000000,16384,1626,56396,4,1.000000,0.000000
13235,14128481134,1058767,0,0,1763,0,0.000000,16384,1562,58767,4,1.000000,0.000000
13236,14129539365,1058231,0,0,1801,0,0.000000,16384,1582,58231,4,1.000000,0.000000
13237,14130595917,1056552,0,0,1825,0,0.000000,16384,1635,56552,4,1.000000,0.000000
13238,14131652011,1056094,0,0,1803,0,0.000000,16384,1629,56094,4,1.000000,0.000000
13239,14132673729,1021718,0,0,1762,0,0.000000,16384,1562,21718,4,1.000000,0.000000
13240,14133729951,1056222,0,0,1824,0,0.000000,16384,1604,56222,4,1.000000,0.000000
13241,14134804482,1074531,0,0,1839,0,0.000000,16384,1642,74531,4,1.000000,0.000000
13242,14135861377,1056895,0,0,1791,0,0.000000,16384,1620,56895,4,1.000000,0.000000
13243,14136917362,1055985,0,0,1824,0,0.000000,16384,1628,55985,4,1.000000,0.000000
13244,14137974129,1056767,0,0,1814,0,0.000000,16384,1594,56767,4,1.000000,0.000000
13245,14139030285,1056156,0,0,1803,0,0.000000,16384,1599,56156,4,1.000000,0.000000
13246,14140086414,1056129,0,0,1823,0,0.000000,16384,1646,56129,4,1.000000,0.000000
13247,14141142903,1056489,0,0,1810,0,0.000000,16384,1627,56489,4,1.000000,0.000000
13248,14142199817,1056914,0,0,1822,0,0.000000,16384,1602,56914,4,1.000000,0.000000
13249,14143256126,1056309,0,0,1823,0,0.000000,16384,1602,56309,4,1.000000,0.000000
13250,14144311907,1055781,0,0,1808,0,0.000000,16384,1634,55781,4,1.000000,0.000000
13251,14145376589,1064682,0,0,1747,0,0.000000,16384,1578,64682,4,1.000000,0.000000
13252,14146436518,1059929,0,0,1639,0,0.000000,16384,1419,59929,4,1.000000,0.000000
13253,14147494200,1057682,0,0,1688,0,0.000000,16384,1531,57682,4,1.000000,0.000000
13254,14148551214,1057014,0,0,1814,0,0.000000,16384,1631,57014,4,1.000000,0.000000
13255,14149607902,1056688,0,0,1823,0,0.000000,16384,1603,56688,4,1.000000,0.000000
13256,14150664737,1056835,0,0,1812,0,0.000000,16384,1593,56835,4,1.000000,0.000000
13257,14151724045,1059308,0,0,1660,0,0.000000,16384,1515,59308,4,1.000000,0.000000
13258,14152780089,1056044,0,0,1826,0,0.000000,16384,1625,56044,4,1.000000,0.000000
13259,14153836165,1056076,0,0,1811,0,0.000000,16384,1592,56076,4,1.000000,0.000000
13260,14154893175,1057010,0,0,1802,0,0.000000,16384,1602,57010,4,1.000000,0.000000
13261,14155957973,1064798,0,0,1828,0,0.000000,16384,1650,64798,4,1.000000,0.000000
13262,14157013730,1055757,0,0,1812,0,0.000000,16384,1625,55757,4,1.000000,0.000000
13263,14158069751,1056021,0,0,1808,0,0.000000,16384,1589,56021,4,1.000000,0.000000
13264,14159127776,1058025,0,0,1760,0,0.000000,16384,1558,58025,4,1.000000,0.000000
13265,14160183829,1056053,0,0,1714,0,0.000000,16384,1558,56053,4,1.000000,0.000000
13266,14161239655,1055826,0,0,1826,0,0.000000,16384,1620,55826,4,1.000000,0.000000
13267,14162295480,1055825,0,0,1823,0,0.000000,16384,1603,55825,4,1.000000,0.000000
13268,14163396446,1100966,0,0,1880,0,0.000000,16384,1668,100966,4,1.000000,0.000000
13269,14164461020,1064574,0,0,1523,0,0.000000,16384,1394,64574,4,1.000000,0.000000
13270,14165526734,1065714,0,0,1515,0,0.000000,16384,1318,65714,4,1.000000,0.000000
13271,14166608806,1082072,0,0,1573,0,0.000000,16384,1435,82072,4,1.000000,0.000000
13272,14167674295,1065489,0,0,1660,0,0.000000,16384,1440,65489,4,1.000000,0.000000
13273,14168709065,1034770,0,0,1776,0,0.000000,16384,1600,34770,4,1.000000,0.000000
13274,14169773494,1064429,0,0,1642,0,0.000000,16384,1478,64429,4,1.000000,0.000000
13275,14170836636,1063142,0,0,1608,0,0.000000,16384,1403,63142,4,1.000000,0.000000
13276,14171895667,1059031,0,0,1663,0,0.000000,16384,1517,59031,4,1.000000,0.000000
13277,14172953610,1057943,0,0,1665,0,0.000000,16384,1459,57943,4,1.000000,0.000000
13278,14174011458,1057848,0,0,1667,0,0.000000,16384,1488,57848,4,1.000000,0.000000
13279,14175072856,1061398,0,0,1667,0,0.000000,16384,1507,61398,4,1.000000,0.000000
13280,14176139650,1066794,0,0,1651,0,0.000000,16384,1431,66794,4,1.000000,0.000000
13281,14177214597,1074947,0,0,1610,0,0.000000,16384,1472,74947,4,1.000000,0.000000
13282,14178279844,1065247,0,0,1535,0,0.000000,16384,1337,65247,4,1.000000,0.000000
13283,14179340994,1061150,0,0,1625,0,0.000000,16384,1472,61150,4,1.000000,0.000000
13284,14180399675,1058681,0,0,1659,0,0.000000,16384,1472,58681,4,1.000000,0.000000
13285,14181456933,1057258,0,0,1658,0,0.000000,16384,1462,57258,4,1.000000,0.000000
13286,14182515232,1058299,0,0,1662,0,0.000000,16384,1517,58299,4,1.000000,0.000000
13287,14183572950,1057718,0,0,1658,0,0.000000,16384,1443,57718,4,1.000000,0.000000
13288,14184629957,1057007,0,0,1660,0,0.000000,16384,1492,57007,4,1.000000,0.000000
13289,14185675660,1045703,0,0,1601,0,0.000000,16384,1428,45703,4,1.000000,0.000000
13290,14186734618,1058958,0,0,1812,0,0.000000,16384,1593,58958,4,1.000000,0.000000
13291,14187815588,1080970,0,0,1853,0,0.000000,16384,1660,80970,4,1.000000,0.000000
13292,14188873512,1057924,0,0,1753,0,0.000000,16384,1590,57924,4,1.000000,0.000000
13293,14189933408,1059896,0,0,1610,0,0.000000,16384,1406,59896,4,1.000000,0.000000
13294,14190992277,1058869,0,0,1713,0,0.000000,16384,1533,58869,4,1.000000,0.000000
13295,14192049148,1056871,0,0,1709,0,0.000000,16384,1549,56871,4,1.000000,0.000000
13296,14193106051,1056903,0,0,1808,0,0.000000,16384,1588,56903,4,1.000000,0.000000
13297,14194162850,1056799,0,0,1816,0,0.000000,16384,1597,56799,4,1.000000,0.000000
13298,14195218714,1055864,0,0,1814,0,0.000000,16384,1639,55864,4,1.000000,0.000000
13299,14196274714,1056000,0,0,1803,0,0.000000,16384,1630,56000,4,1.000000,0.000000
13300,14197331893,1057179,0,0,1803,0,0.000000,16384,1582,57179,4,1.000000,0.000000
13301,14198400299,1068406,0,0,1633,0,0.000000,16384,1446,68406,4,1.000000,0.000000
13302,14199459666,1059367,0,0,1778,0,0.000000,16384,1610,59367,4,1.000000,0.000000
13303,14200516816,1057150,0,0,1815,0,0.000000,16384,1610,57150,4,1.000000,0.000000
13304,14201574060,1057244,0,0,1648,0,0.000000,16384,1442,57244,4,1.000000,0.000000
13305,14202630549,1056489,0,0,1780,0,0.000000,16384,1611,56489,4,1.000000,0.000000
13306,14203672767,1042218,0,0,1749,0,0.000000,16384,1564,42218,4,1.000000,0.000000
13307,14204731308,1058541,0,0,1587,0,0.000000,16384,1385,58541,4,1.000000,0.000000
13308,14205830701,1099393,0,0,1636,0,0.000000,16384,1496,99393,4,1.000000,0.000000
13309,14206897851,1067150,0,0,1573,0,0.000000,16384,1359,67150,4,1.000000,0.000000
13310,14207960691,1062840,0,0,1562,0,0.000000,16384,1430,62840,4,1.000000,0.000000
13311,14209037670,1076979,0,0,1584,0,0.000000,16384,1380,76979,4,1.000000,0.000000
13312,14210096022,1058352,0,0,1595,0,0.000000,16384,1444,58352,4,1.000000,0.000000
13313,14211154352,1058330,0,0,1622,0,0.000000,16384,1437,58330,4,1.000000,0.000000
13314,14212211013,1056661,0,0,1653,0,0.000000,16384,1464,56661,4,1.000000,0.000000
13315,14213267762,1056749,0,0,1660,0,0.000000,16384,1509,56749,4,1.000000,0.000000
13316,14214328360,1060598,0,0,1578,0,0.000000,16384,1362,60598,4,1.000000,0.000000
13317,14215386636,1058276,0,0,1746,0,0.000000,16384,1584,58276,4,1.000000,0.000000
13318,14216445529,1058893,0,0,1688,0,0.000000,16384,1506,58893,4,1.000000,0.000000
13319,14217504083,1058554,0,0,1778,0,0.000000,16384,1558,58554,4,1.000000,0.000000
13320,14218565095,1061012,0,0,1580,0,0.000000,16384,1441,61012,4,1.000000,0.000000
13321,14219638935,1073840,0,0,1569,0,0.000000,16384,1372,73840,4,1.000000,0.000000
13322,14220676651,1037716,0,0,1630,0,0.000000,16384,1468,37716,4,1.000000,0.000000
13323,14221736004,1059353,0,0,1802,0,0.000000,16384,1624,59353,4,1.000000,0.000000
13324,14222795199,1059195,0,0,1589,0,0.000000,16384,1368,59195,4,1.000000,0.000000
13325,14223852835,1057636,0,0,1814,0,0.000000,16384,1640,57636,4,1.000000,0.000000
13326,14224914701,1061866,0,0,1792,0,0.000000,16384,1621,61866,4,1.000000,0.000000
13327,14225979255,1064554,0,0,1601,0,0.000000,16384,1387,64554,4,1.000000,0.000000
13328,14227041773,1062518,0,0,1656,0,0.000000,16384,1498,62518,4,1.000000,0.000000
13329,14228100201,1058428,0,0,1666,0,0.000000,16384,1484,58428,4,1.000000,0.000000
13330,14229157414,1057213,0,0,1662,0,0.000000,16384,1460,57213,4,1.000000,0.000000
13331,14230238185,1080771,0,0,1620,0,0.000000,16384,1485,80771,4,1.000000,0.000000
13332,14231299516,1061331,0,0,1575,0,0.000000,16384,1356,61331,4,1.000000,0.000000
13333,14232360681,1061165,0,0,1513,0,0.000000,16384,1395,61165,4,1.000000,0.000000
13334,14233419847,1059166,0,0,1556,0,0.000000,16384,1338,59166,4,1.000000,0.000000
13335,14234478539,1058692,0,0,1759,0,0.000000,16384,1594,58692,4,1.000000,0.000000
13336,14235539390,1060851,0,0,1542,0,0.000000,16384,1371,60851,4,1.000000,0.000000
13337,14236600132,1060742,0,0,1627,0,0.000000,16384,1445,60742,4,1.000000,0.000000
13338,14237657582,1057450,0,0,1664,0,0.000000,16384,1506,57450,4,1.000000,0.000000
13339,14238678727,1021145,0,0,1504,0,0.000000,16384,1309,21145,4,1.000000,0.000000
13340,14239741120,1062393,0,0,1678,0,0.000000,16384,1529,62393,4,1.000000,0.000000
13341,14240814426,1073306,0,0,1829,0,0.000000,16384,1613,73306,4,1.000000,0.000000
13342,14241876411,1061985,0,0,1807,0,0.000000,16384,1587,61985,4,1.000000,0.000000
13343,14242935599,1059188,0,0,1792,0,0.000000,16384,1611,59188,4,1.000000,0.000000
13344,14243993477,1057878,0,0,1745,0,0.000000,16384,1584,57878,4,1.000000,0.000000
13345,14245055103,1061626,0,0,1529,0,0.000000,16384,1316,61626,4,1.000000,0.000000
13346,14246118178,1063075,0,0,1564,0,0.000000,16384,1438,63075,4,1.000000,0.000000
13347,14247177665,1059487,0,0,1602,0,0.000000,16384,1386,59487,4,1.000000,0.000000
13348,14248239875,1062210,0,0,1560,0,0.000000,16384,1424,62210,4,1.000000,0.000000
13349,14249298757,1058882,0,0,1616,0,0.000000,16384,1417,58882,4,1.000000,0.000000
13350,14250355218,1056461,0,0,1755,0,0.000000,16384,1561,56461,4,1.000000,0.000000
13351,14251426761,1071543,0,0,1841,0,0.000000,16384,1660,71543,4,1.000000,0.000000
13352,14252484374,1057613,0,0,1817,0,0.000000,16384,1628,57613,4,1.000000,0.000000
13353,14253541151,1056777,0,0,1825,0,0.000000,16384,1605,56777,4,1.000000,0.000000
13354,14254597648,1056497,0,0,1810,0,0.000000,16384,1597,56497,4,1.000000,0.000000
13355,14255653765,1056117,0,0,1593,0,0.000000,16384,1461,56117,4,1.000000,0.000000
13356,14256676089,1022324,0,0,1523,0,0.000000,16384,1312,22324,4,1.000000,0.000000
13357,14257735975,1059886,0,0,1754,0,0.000000,16384,1590,59886,4,1.000000,0.000000
13358,14258834237,1098262,0,0,1565,0,0.000000,16384,1389,98262,4,1.000000,0.000000
13359,14259899926,1065689,0,0,1454,0,0.000000,16384,1307,65689,4,1.000000,0.000000
13360,14260963088,1063162,0,0,1556,0,0.000000,16384,1367,63162,4,1.000000,0.000000
13361,14262043656,1080568,0,0,1582,0,0.000000,16384,1425,80568,4,1.000000,0.000000
13362,14263102640,1058984,0,0,1554,0,0.000000,16384,1375,58984,4,1.000000,0.000000
13363,14265250700,2148060,0,0,2893,0,0.000000,16384,2557,1148060,4,1.000000,0.000000
13364,14267114968,1864268,0,0,2369,0,0.000000,16384,2141,864268,4,1.000000,0.000000
13365,14268192051,1077083,0,0,1406,0,0.000000,16384,1253,77083,4,1.000000,0.000000
13366,14269517145,1325094,0,0,1819,0,0.000000,16384,1636,325094,4,1.000000,0.000000
13367,14270588939,1071794,0,0,1516,0,0.000000,16384,1313,71794,4,1.000000,0.000000
13368,14271655464,1066525,0,0,1396,0,0.000000,16384,1262,66525,4,1.000000,0.000000
13369,14272681446,1025982,0,0,1385,0,0.000000,16384,1244,25982,4,1.000000,0.000000
13370,14273745783,1064337,0,0,1548,0,0.000000,16384,1358,64337,4,1.000000,0.000000
13371,14274830072,1084289,0,0,1570,0,0.000000,16384,1416,84289,4,1.000000,0.000000
13372,14275890590,1060518,0,0,1579,0,0.000000,16384,1397,60518,4,1.000000,0.000000
13373,14276949941,1059351,0,0,1645,0,0.000000,16384,1464,59351,4,1.000000,0.000000
13374,14278008372,1058431,0,0,1755,0,0.000000,16384,1591,58431,4,1.000000,0.000000
13375,14279068932,1060560,0,0,1579,0,0.000000,16384,1364,60560,4,1.000000,0.000000
13376,14280134029,1065097,0,0,1594,0,0.000000,16384,1455,65097,4,1.000000,0.000000
13377,14281194086,1060057,0,0,1605,0,0.000000,16384,1408,60057,4,1.000000,0.000000
13378,14282251159,1057073,0,0,1660,0,0.000000,16384,1485,57073,4,1.000000,0.000000
13379,14283309028,1057869,0,0,1621,0,0.000000,16384,1456,57869,4,1.000000,0.000000
13380,14284427645,1118617,0,0,1738,0,0.000000,16384,1518,118617,4,1.000000,0.000000
13381,14285529751,1102106,0,0,1506,0,0.000000,16384,1387,102106,4,1.000000,0.000000
13382,14286597990,1068239,0,0,1548,0,0.000000,16384,1331,68239,4,1.000000,0.000000
13383,14287756669,1158679,0,0,1783,0,0.000000,16384,1614,158679,4,1.000000,0.000000
13384,14288822874,1066205,0,0,1522,0,0.000000,16384,1354,66205,4,1.000000,0.000000
13385,14289886100,1063226,0,0,1566,0,0.000000,16384,1397,63226,4,1.000000,0.000000
13386,14290944720,1058620,0,0,1561,0,0.000000,16384,1390,58620,4,1.000000,0.000000
13387,14292003630,1058910,0,0,1559,0,0.000000,16384,1387,58910,4,1.000000,0.000000
13388,14293066870,1063240,0,0,1633,0,0.000000,16384,1470,63240,4,1.000000,0.000000
13389,14294131387,1064517,0,0,1618,0,0.000000,16384,1411,64517,4,1.000000,0.000000
13390,14295193051,1061664,0,0,1559,0,0.000000,16384,1430,61664,4,1.000000,0.000000
13391,14296276058,1083007,0,0,1558,0,0.000000,16384,1345,83007,4,1.000000,0.000000
13392,14297337570,1061512,0,0,1628,0,0.000000,16384,1489,61512,4,1.000000,0.000000
13393,14298404377,1066807,0,0,1486,0,0.000000,16384,1282,66807,4,1.000000,0.000000
13394,14299470138,1065761,0,0,1549,0,0.000000,16384,1427,65761,4,1.000000,0.000000
13395,14300531300,1061162,0,0,1634,0,0.000000,16384,1420,61162,4,1.000000,0.000000
13396,14301589456,1058156,0,0,1666,0,0.000000,16384,1501,58156,4,1.000000,0.000000
13397,14302647265,1057809,0,0,1788,0,0.000000,16384,1613,57809,4,1.000000,0.000000
13398,14303671950,1024685,0,0,1755,0,0.000000,16384,1535,24685,4,1.000000,0.000000
13399,14304728872,1056922,0,0,1822,0,0.000000,16384,1612,56922,4,1.000000,0.000000
13400,14305785555,1056683,0,0,1807,0,0.000000,16384,1632,56683,4,1.000000,0.000000
13401,14306862468,1076913,0,0,1662,0,0.000000,16384,1483,76913,4,1.000000,0.000000
13402,14307921674,1059206,0,0,1808,0,0.000000,16384,1588,59206,4,1.000000,0.000000
13403,14308978772,1057098,0,0,1825,0,0.000000,16384,1634,57098,4,1.000000,0.000000
13404,14310035279,1056507,0,0,1826,0,0.000000,16384,1648,56507,4,1.000000,0.000000
13405,14311092812,1057533,0,0,1825,0,0.000000,16384,1630,57533,4,1.000000,0.000000
13406,14312190167,1097355,0,0,1602,0,0.000000,16384,1392,97355,4,1.000000,0.000000
13407,14313253950,1063783,0,0,1510,0,0.000000,16384,1384,63783,4,1.000000,0.000000
13408,14314312993,1059043,0,0,1558,0,0.000000,16384,1351,59043,4,1.000000,0.000000
13409,14315371191,1058198,0,0,1562,0,0.000000,16384,1432,58198,4,1.000000,0.000000
13410,14316406998,1035807,0,0,1596,0,0.000000,16384,1377,35807,4,1.000000,0.000000
13411,14317481174,1074176,0,0,1824,0,0.000000,16384,1645,74176,4,1.000000,0.000000
13412,14318538842,1057668,0,0,1691,0,0.000000,16384,1530,57668,4,1.000000,0.000000
13413,14319600115,1061273,0,0,1518,0,0.000000,16384,1318,61273,4,1.000000,0.000000
13414,14320660247,1060132,0,0,1786,0,0.000000,16384,1616,60132,4,1.000000,0.000000
13415,14321671724,1011477,0,0,1726,0,0.000000,16384,1536,11477,4,1.000000,0.000000
13416,14322729335,1057611,0,0,1792,0,0.000000,16384,1572,57611,4,1.000000,0.000000
13417,14323787105,1057770,0,0,1651,0,0.000000,16384,1495,57770,4,1.000000,0.000000
13418,14324877372,1090267,0,0,1664,0,0.000000,16384,1480,90267,4,1.000000,0.000000
13419,14325943075,1065703,0,0,1563,0,0.000000,16384,1383,65703,4,1.000000,0.000000
13420,14327005896,1062821,0,0,1518,0,0.000000,16384,1362,62821,4,1.000000,0.000000
13421,14328085538,1079642,0,0,1624,0,0.000000,16384,1432,79642,4,1.000000,0.000000
13422,14329144986,1059448,0,0,1670,0,0.000000,16384,1524,59448,4,1.000000,0.000000
13423,14330204380,1059394,0,0,1663,0,0.000000,16384,1445,59394,4,1.000000,0.000000
13424,14331261901,1057521,0,0,1667,0,0.000000,16384,1499,57521,4,1.000000,0.000000
13425,14332318176,1056275,0,0,1667,0,0.000000,16384,1495,56275,4,1.000000,0.000000
13426,14333374543,1056367,0,0,1663,0,0.000000,16384,1450,56367,4,1.000000,0.000000
13427,14334431310,1056767,0,0,1667,0,0.000000,16384,1521,56767,4,1.000000,0.000000
13428,14335488877,1057567,0,0,1663,0,0.000000,16384,1466,57567,4,1.000000,0.000000
13429,14336546340,1057463,0,0,1671,0,0.000000,16384,1329,57463,4,1.000000,0.000000
13430,14337602715,1056375,0,0,1683,0,0.000000,16384,1296,56375,4,1.000000,0.000000
13431,14338706146,1103431,0,0,1674,0,0.000000,16384,1465,103431,4,1.000000,0.000000
13432,14339771151,1065005,0,0,1690,0,0.000000,16384,1302,65005,4,1.000000,0.000000
13433,14340835615,1064464,0,0,1791,0,0.000000,16384,1491,64464,4,1.000000,0.000000
13434,14341899627,1064012,0,0,1790,0,0.000000,16384,1527,64012,4,1.000000,0.000000
13435,14342963631,1064004,0,0,1812,0,0.000000,16384,1355,64004,4,1.000000,0.000000
13436,14344027318,1063687,0,0,1777,0,0.000000,16384,1554,63687,4,1.000000,0.000000
13437,14345087393,1060075,0,0,1685,0,0.000000,16384,1318,60075,4,1.000000,0.000000
13438,14346146885,1059492,0,0,1672,0,0.000000,16384,1368,59492,4,1.000000,0.000000
13439,14347206405,1059520,0,0,1706,0,0.000000,16384,1500,59520,4,1.000000,0.000000
13440,14348265835,1059430,0,0,1761,0,0.000000,16384,1261,59430,4,1.000000,0.000000
13441,14349335730,1069895,0,0,1684,0,0.000000,16384,1495,69895,4,1.000000,0.000000
13442,14350393466,1057736,0,0,1671,0,0.000000,16384,1362,57736,4,1.000000,0.000000
13443,14351456757,1063291,0,0,1677,0,0.000000,16384,1295,63291,4,1.000000,0.000000
13444,14352478238,1021481,0,0,1414,0,0.000000,16384,1247,21481,4,1.000000,0.000000
13445,14353541842,1063604,0,0,1651,0,0.000000,16384,1304,63604,4,1.000000,0.000000
13446,14354604263,1062421,0,0,1676,0,0.000000,16384,1322,62421,4,1.000000,0.000000
13447,14355671900,1067637,0,0,1824,0,0.000000,16384,1629,67637,4,1.000000,0.000000
13448,14356729965,1058065,0,0,1844,0,0.000000,16384,1325,58065,4,1.000000,0.000000
13449,14357787633,1057668,0,0,1764,0,0.000000,16384,1581,57668,4,1.000000,0.000000
13450,14358847027,1059394,0,0,1549,0,0.000000,16384,1246,59394,4,1.000000,0.000000
13451,14359923570,1076543,0,0,1824,0,0.000000,16384,1412,76543,4,1.000000,0.000000
13452,14360981655,1058085,0,0,1778,0,0.000000,16384,1595,58085,4,1.000000,0.000000
13453,14362038865,1057210,0,0,1830,0,0.000000,16384,1332,57210,4,1.000000,0.000000
13454,14363097165,1058300,0,0,1732,0,0.000000,16384,1495,58300,4,1.000000,0.000000
13455,14364154141,1056976,0,0,1723,0,0.000000,16384,1433,56976,4,1.000000,0.000000
13456,14365216088,1061947,0,0,1598,0,0.000000,16384,1222,61947,4,1.000000,0.000000
13457,14366281123,1065035,0,0,1541,0,0.000000,16384,1352,65035,4,1.000000,0.000000
13458,14367344251,1063128,0,0,1560,0,0.000000,16384,1241,63128,4,1.000000,0.000000
13459,14368403393,1059142,0,0,1579,0,0.000000,16384,1231,59142,4,1.000000,0.000000
13460,14369469945,1066552,0,0,1630,0,0.000000,16384,1440,66552,4,1.000000,0.000000
13461,14370548892,1078947,0,0,1711,0,0.000000,16384,1303,78947,4,1.000000,0.000000
13462,14371607415,1058523,0,0,1678,0,0.000000,16384,1406,58523,4,1.000000,0.000000
13463,14372671295,1063880,0,0,1668,0,0.000000,16384,1444,63880,4,1.000000,0.000000
13464,14373728630,1057335,0,0,1693,0,0.000000,16384,1209,57335,4,1.000000,0.000000
13465,14374785935,1057305,0,0,1513,0,0.000000,16384,1341,57305,4,1.000000,0.000000
13466,14375843390,1057455,0,0,1659,0,0.000000,16384,1383,57455,4,1.000000,0.000000
13467,14376902829,1059439,0,0,1803,0,0.000000,16384,1387,59439,4,1.000000,0.000000
13468,14377962818,1059989,0,0,1639,0,0.000000,16384,1437,59989,4,1.000000,0.000000
13469,14379024357,1061539,0,0,1617,0,0.000000,16384,1249,61539,4,1.000000,0.000000
13470,14380082877,1058520,0,0,1729,0,0.000000,16384,1431,58520,4,1.000000,0.000000
13471,14381150469,1067592,0,0,1835,0,0.000000,16384,1572,67592,4,1.000000,0.000000
13472,14382208506,1058037,0,0,1839,0,0.000000,16384,1355,58037,4,1.000000,0.000000
13473,14383265661,1057155,0,0,1827,0,0.000000,16384,1609,57155,4,1.000000,0.000000
13474,14384321538,1055877,0,0,1842,0,0.000000,16384,1430,55877,4,1.000000,0.000000
13475,14385377878,1056340,0,0,1825,0,0.000000,16384,1522,56340,4,1.000000,0.000000
13476,14386478704,1100826,0,0,1732,0,0.000000,16384,1477,100826,4,1.000000,0.000000
13477,14387570943,1092239,0,0,1690,0,0.000000,16384,1242,92239,4,1.000000,0.000000
13478,14388662851,1091908,0,0,1702,0,0.000000,16384,1513,91908,4,1.000000,0.000000
13479,14389705277,1042426,0,0,1629,0,0.000000,16384,1292,42426,4,1.000000,0.000000
13480,14390771230,1065953,0,0,1827,0,0.000000,16384,1459,65953,4,1.000000,0.000000
13481,14391855501,1084271,0,0,1652,0,0.000000,16384,1470,84271,4,1.000000,0.000000
13482,14392915963,1060462,0,0,1692,0,0.000000,16384,1224,60462,4,1.000000,0.000000
13483,14393974163,1058200,0,0,1671,0,0.000000,16384,1427,58200,4,1.000000,0.000000
13484,14395030793,1056630,0,0,1670,0,0.000000,16384,1418,56630,4,1.000000,0.000000
13485,14396092254,1061461,0,0,1779,0,0.000000,16384,1360,61461,4,1.000000,0.000000
13486,14397152443,1060189,0,0,1790,0,0.000000,16384,1567,60189,4,1.000000,0.000000
13487,14398209296,1056853,0,0,1774,0,0.000000,16384,1349,56853,4,1.000000,0.000000
13488,14399265338,1056042,0,0,1823,0,0.000000,16384,1528,56042,4,1.000000,0.000000
13489,14400321316,1055978,0,0,1830,0,0.000000,16384,1540,55978,4,1.000000,0.000000
13490,14401408180,1086864,0,0,1971,0,0.000000,16384,1519,86864,4,1.000000,0.000000
13491,14402505450,1097270,0,0,1972,0,0.000000,16384,1751,97270,4,1.000000,0.000000
13492,14403593052,1087602,0,0,1996,0,0.000000,16384,1453,87602,4,1.000000,0.000000
13493,14404653511,1060459,0,0,1804,0,0.000000,16384,1605,60459,4,1.000000,0.000000
13494,14405683906,1030395,0,0,1512,0,0.000000,16384,1203,30395,4,1.000000,0.000000
13495,14406752502,1068596,0,0,1645,0,0.000000,16384,1283,68596,4,1.000000,0.000000
13496,14407815685,1063183,0,0,1562,0,0.000000,16384,1386,63183,4,1.000000,0.000000
13497,14408874963,1059278,0,0,1582,0,0.000000,16384,1210,59278,4,1.000000,0.000000
13498,14409933311,1058348,0,0,1671,0,0.000000,16384,1377,58348,4,1.000000,0.000000
13499,14410991435,1058124,0,0,1767,0,0.000000,16384,1538,58124,4,1.000000,0.000000
13500,14412051709,1060274,0,0,1601,0,0.000000,16384,1144,60274,4,1.000000,0.000000
13501,14413132140,1080431,0,0,1837,0,0.000000,16384,1629,80431,4,1.000000,0.000000
13502,14414189239,1057099,0,0,1748,0,0.000000,16384,1391,57099,4,1.000000,0.000000
13503,14415246689,1057450,0,0,1751,0,0.000000,16384,1366,57450,4,1.000000,0.000000
13504,14416310378,1063689,0,0,1540,0,0.000000,16384,1388,63689,4,1.000000,0.000000
13505,14417376484,1066106,0,0,1474,0,0.000000,16384,1110,66106,4,1.000000,0.000000
13506,14418440543,1064059,0,0,1506,0,0.000000,16384,1204,64059,4,1.000000,0.000000
13507,14419502438,1061895,0,0,1559,0,0.000000,16384,1407,61895,4,1.000000,0.000000
13508,14420562040,1059602,0,0,1577,0,0.000000,16384,1163,59602,4,1.000000,0.000000
13509,14421619978,1057938,0,0,1570,0,0.000000,16384,1317,57938,4,1.000000,0.000000
13510,14422673107,1053129,0,0,1544,0,0.000000,16384,1356,53129,4,1.000000,0.000000
13511,14423749410,1076303,0,0,1601,0,0.000000,16384,1154,76303,4,1.000000,0.000000
13512,14424806698,1057288,0,0,1565,0,0.000000,16384,1339,57288,4,1.000000,0.000000
13513,14425864070,1057372,0,0,1553,0,0.000000,16384,1345,57372,4,1.000000,0.000000
13514,14426923182,1059112,0,0,1575,0,0.000000,16384,1125,59112,4,1.000000,0.000000
13515,14427984083,1060901,0,0,1667,0,0.000000,16384,1469,60901,4,1.000000,0.000000
13516,14429042241,1058158,0,0,1674,0,0.000000,16384,1377,58158,4,1.000000,0.000000
13517,14430100290,1058049,0,0,1687,0,0.000000,16384,1300,58049,4,1.000000,0.000000
13518,14431158672,1058382,0,0,1554,0,0.000000,16384,1359,58382,4,1.000000,0.000000
13519,14432218504,1059832,0,0,1606,0,0.000000,16384,1262,59832,4,1.000000,0.000000
13520,14433276520,1058016,0,0,1680,0,0.000000,16384,1344,58016,4,1.000000,0.000000
13521,14434346196,1069676,0,0,1684,0,0.000000,16384,1504,69676,4,1.000000,0.000000
13522,14435405411,1059215,0,0,1686,0,0.000000,16384,1219,59215,4,1.000000,0.000000
13523,14436462982,1057571,0,0,1668,0,0.000000,16384,1421,57571,4,1.000000,0.000000
13524,14437520316,1057334,0,0,1670,0,0.000000,16384,1422,57334,4,1.000000,0.000000
13525,14438577886,1057570,0,0,1689,0,0.000000,16384,1271,57570,4,1.000000,0.000000
13526,14439634349,1056463,0,0,1774,0,0.000000,16384,1548,56463,4,1.000000,0.000000
13527,14440670557,1036208,0,0,1792,0,0.000000,16384,1394,36208,4,1.000000,0.000000
13528,14441726889,1056332,0,0,1828,0,0.000000,16384,1523,56332,4,1.000000,0.000000
13529,14442783006,1056117,0,0,1827,0,0.000000,16384,1548,56117,4,1.000000,0.000000
13530,14443838862,1055856,0,0,1779,0,0.000000,16384,1351,55856,4,1.000000,0.000000
13531,14444918427,1079565,0,0,1628,0,0.000000,16384,1423,79565,4,1.000000,0.000000
13532,14445983085,1064658,0,0,1603,0,0.000000,16384,1264,64658,4,1.000000,0.000000
13533,14447046486,1063401,0,0,1613,0,0.000000,16384,1266,63401,4,1.000000,0.000000
13534,14448106475,1059989,0,0,1665,0,0.000000,16384,1510,59989,4,1.000000,0.000000
13535,14449164031,1057556,0,0,1684,0,0.000000,16384,1228,57556,4,1.000000,0.000000
13536,14450220729,1056698,0,0,1748,0,0.000000,16384,1477,56698,4,1.000000,0.000000
13537,14451278645,1057916,0,0,1777,0,0.000000,16384,1499,57916,4,1.000000,0.000000
13538,14452339899,1061254,0,0,1629,0,0.000000,16384,1226,61254,4,1.000000,0.000000
13539,14453397256,1057357,0,0,1730,0,0.000000,16384,1517,57357,4,1.000000,0.000000
13540,14454454448,1057192,0,0,1836,0,0.000000,16384,1428,57192,4,1.000000,0.000000
13541,14455529361,1074913,0,0,1859,0,0.000000,16384,1547,74913,4,1.000000,0.000000
13542,14456590715,1061354,0,0,1584,0,0.000000,16384,1371,61354,4,1.000000,0.000000
13543,14457820803,1230088,0,0,2053,0,0.000000,16384,1557,230088,4,1.000000,0.000000
13544,14458885811,1065008,0,0,1788,0,0.000000,16384,1566,65008,4,1.000000,0.000000
13545,14459949805,1063994,0,0,1799,0,0.000000,16384,1365,63994,4,1.000000,0.000000
13546,14461013580,1063775,0,0,1780,0,0.000000,16384,1496,63775,4,1.000000,0.000000
13547,14462077041,1063461,0,0,1775,0,0.000000,16384,1503,63461,4,1.000000,0.000000
13548,14463104105,1027064,0,0,1641,0,0.000000,16384,1222,27064,4,1.000000,0.000000
13549,14464161453,1057348,0,0,1721,0,0.000000,16384,1519,57348,4,1.000000,0.000000
13550,14465216927,1055474,0,0,1819,0,0.000000,16384,1420,55474,4,1.000000,0.000000
13551,14466285259,1068332,0,0,1763,0,0.000000,16384,1464,68332,4,1.000000,0.000000
13552,14467346862,1061603,0,0,1501,0,0.000000,16384,1316,61603,4,1.000000,0.000000
13553,14468407034,1060172,0,0,1789,0,0.000000,16384,1289,60172,4,1.000000,0.000000
13554,14469464729,1057695,0,0,1805,0,0.000000,16384,1603,57695,4,1.000000,0.000000
13555,14470522233,1057504,0,0,1766,0,0.000000,16384,1403,57504,4,1.000000,0.000000
13556,14471578850,1056617,0,0,1832,0,0.000000,16384,1448,56617,4,1.000000,0.000000
13557,14472635120,1056270,0,0,1814,0,0.000000,16384,1611,56270,4,1.000000,0.000000
13558,14473670300,1035180,0,0,1809,0,0.000000,16384,1297,35180,4,1.000000,0.000000
13559,14474726710,1056410,0,0,1807,0,0.000000,16384,1614,56410,4,1.000000,0.000000
13560,14475782861,1056151,0,0,1763,0,0.000000,16384,1395,56151,4,1.000000,0.000000
13561,14476849946,1067085,0,0,1858,0,0.000000,16384,1498,67085,4,1.000000,0.000000
13562,14477907396,1057450,0,0,1700,0,0.000000,16384,1497,57450,4,1.000000,0.000000
13563,14478964192,1056796,0,0,1715,0,0.000000,16384,1232,56796,4,1.000000,0.000000
13564,14480020030,1055838,0,0,1820,0,0.000000,16384,1612,55838,4,1.000000,0.000000
13565,14481077146,1057116,0,0,1764,0,0.000000,16384,1406,57116,4,1.000000,0.000000
13566,14482134162,1057016,0,0,1814,0,0.000000,16384,1430,57016,4,1.000000,0.000000
13567,14483190408,1056246,0,0,1816,0,0.000000,16384,1616,56246,4,1.000000,0.000000
13568,14484246067,1055659,0,0,1841,0,0.000000,16384,1322,55659,4,1.000000,0.000000
13569,14485301960,1055893,0,0,1819,0,0.000000,16384,1625,55893,4,1.000000,0.000000
13570,14486357788,1055828,0,0,1828,0,0.000000,16384,1439,55828,4,1.000000,0.000000
13571,14487422433,1064645,0,0,1752,0,0.000000,16384,1418,64645,4,1.000000,0.000000
13572,14488480906,1058473,0,0,1815,0,0.000000,16384,1591,58473,4,1.000000,0.000000
13573,14489538809,1057903,0,0,1761,0,0.000000,16384,1257,57903,4,1.000000,0.000000
13574,14490596165,1057356,0,0,1817,0,0.000000,16384,1626,57356,4,1.000000,0.000000
13575,14491652422,1056257,0,0,1836,0,0.000000,16384,1442,56257,4,1.000000,0.000000
13576,14492671455,1019033,0,0,1744,0,0.000000,16384,1421,19033,4,1.000000,0.000000
13577,14493735518,1064063,0,0,1497,0,0.000000,16384,1332,64063,4,1.000000,0.000000
13578,14494763043,1027525,0,0,1420,0,0.000000,16384,1036,27525,4,1.000000,0.000000
13579,14495825451,1062408,0,0,1488,0,0.000000,16384,1219,62408,4,1.000000,0.000000
13580,14496889006,1063555,0,0,1507,0,0.000000,16384,1355,63555,4,1.000000,0.000000
13581,14497982223,1093217,0,0,1680,0,0.000000,16384,1224,93217,4,1.000000,0.000000
13582,14499041306,1059083,0,0,1601,0,0.000000,16384,1360,59083,4,1.000000,0.000000
13583,14500098394,1057088,0,0,1658,0,0.000000,16384,1428,57088,4,1.000000,0.000000
13584,14501155501,1057107,0,0,1685,0,0.000000,16384,1204,57107,4,1.000000,0.000000
13585,14502212383,1056882,0,0,1612,0,0.000000,16384,1460,56882,4,1.000000,0.000000
13586,14503268838,1056455,0,0,1587,0,0.000000,16384,1284,56455,4,1.000000,0.000000
13587,14504325110,1056272,0,0,1769,0,0.000000,16384,1367,56272,4,1.000000,0.000000
13588,14505382273,1057163,0,0,1807,0,0.000000,16384,1618,57163,4,1.000000,0.000000
13589,14506439687,1057414,0,0,1836,0,0.000000,16384,1340,57414,4,1.000000,0.000000
13590,14507499924,1060237,0,0,1657,0,0.000000,16384,1413,60237,4,1.000000,0.000000
13591,14508571902,1071978,0,0,1669,0,0.000000,16384,1423,71978,4,1.000000,0.000000
13592,14509634156,1062254,0,0,1652,0,0.000000,16384,1230,62254,4,1.000000,0.000000
13593,14510672761,1038605,0,0,1621,0,0.000000,16384,1438,38605,4,1.000000,0.000000
13594,14511732387,1059626,0,0,1644,0,0.000000,16384,1303,59626,4,1.000000,0.000000
13595,14512795442,1063055,0,0,1834,0,0.000000,16384,1464,63055,4,1.000000,0.000000
13596,14513852394,1056952,0,0,1827,0,0.000000,16384,1606,56952,4,1.000000,0.000000
13597,14514909190,1056796,0,0,1853,0,0.000000,16384,1327,56796,4,1.000000,0.000000
13598,14515965799,1056609,0,0,1816,0,0.000000,16384,1627,56609,4,1.000000,0.000000
13599,14517021952,1056153,0,0,1821,0,0.000000,16384,1428,56153,4,1.000000,0.000000
13600,14518077827,1055875,0,0,1837,0,0.000000,16384,1517,55875,4,1.000000,0.000000
13601,14519144243,1066416,0,0,1842,0,0.000000,16384,1570,66416,4,1.000000,0.000000
13602,14520200482,1056239,0,0,1809,0,0.000000,16384,1347,56239,4,1.000000,0.000000
13603,14521256500,1056018,0,0,1759,0,0.000000,16384,1545,56018,4,1.000000,0.000000
13604,14522318257,1061757,0,0,1658,0,0.000000,16384,1300,61757,4,1.000000,0.000000
13605,14523380058,1061801,0,0,1762,0,0.000000,16384,1440,61801,4,1.000000,0.000000
13606,14524438410,1058352,0,0,1790,0,0.000000,16384,1557,58352,4,1.000000,0.000000
13607,14525503958,1065548,0,0,1520,0,0.000000,16384,1085,65548,4,1.000000,0.000000
13608,14526568698,1064740,0,0,1553,0,0.000000,16384,1339,64740,4,1.000000,0.000000
13609,14527629986,1061288,0,0,1607,0,0.000000,16384,1379,61288,4,1.000000,0.000000
13610,14528672589,1042603,0,0,1651,0,0.000000,16384,1201,42603,4,1.000000,0.000000
13611,14529751230,1078641,0,0,1674,0,0.000000,16384,1499,78641,4,1.000000,0.000000
13612,14530814765,1063535,0,0,1598,0,0.000000,16384,1275,63535,4,1.000000,0.000000
13613,14531878736,1063971,0,0,1675,0,0.000000,16384,1305,63971,4,1.000000,0.000000
13614,14532937271,1058535,0,0,1558,0,0.000000,16384,1380,58535,4,1.000000,0.000000
13615,14533995040,1057769,0,0,1574,0,0.000000,16384,1207,57769,4,1.000000,0.000000
13616,14535054164,1059124,0,0,1622,0,0.000000,16384,1323,59124,4,1.000000,0.000000
13617,14536114497,1060333,0,0,1645,0,0.000000,16384,1459,60333,4,1.000000,0.000000
13618,14537173178,1058681,0,0,1688,0,0.000000,16384,1218,58681,4,1.000000,0.000000
13619,14538235172,1061994,0,0,1530,0,0.000000,16384,1317,61994,4,1.000000,0.000000
13620,14539298114,1062942,0,0,1519,0,0.000000,16384,1320,62942,4,1.000000,0.000000
13621,14540376343,1078229,0,0,1611,0,0.000000,16384,1150,78229,4,1.000000,0.000000
13622,14541434293,1057950,0,0,1558,0,0.000000,16384,1375,57950,4,1.000000,0.000000
13623,14542491467,1057174,0,0,1755,0,0.000000,16384,1451,57174,4,1.000000,0.000000
13624,14543548086,1056619,0,0,1836,0,0.000000,16384,1422,56619,4,1.000000,0.000000
13625,14544603992,1055906,0,0,1814,0,0.000000,16384,1624,55906,4,1.000000,0.000000
13626,14545660048,1056056,0,0,1841,0,0.000000,16384,1336,56056,4,1.000000,0.000000
13627,14546671452,1011404,0,0,1578,0,0.000000,16384,1357,11404,4,1.000000,0.000000
13628,14547732605,1061153,0,0,1589,0,0.000000,16384,1364,61153,4,1.000000,0.000000
13629,14548795244,1062639,0,0,1548,0,0.000000,16384,1106,62639,4,1.000000,0.000000
13630,14549857002,1061758,0,0,1624,0,0.000000,16384,1471,61758,4,1.000000,0.000000
13631,14550942748,1085746,0,0,1669,0,0.000000,16384,1341,85746,4,1.000000,0.000000
13632,14552007402,1064654,0,0,1515,0,0.000000,16384,1172,64654,4,1.000000,0.000000
13633,14553069315,1061913,0,0,1560,0,0.000000,16384,1363,61913,4,1.000000,0.000000
13634,14554132835,1063520,0,0,1527,0,0.000000,16384,1211,63520,4,1.000000,0.000000
13635,14555195627,1062792,0,0,1663,0,0.000000,16384,1302,62792,4,1.000000,0.000000
13636,14556253681,1058054,0,0,1731,0,0.000000,16384,1558,58054,4,1.000000,0.000000
13637,14557311230,1057549,0,0,1715,0,0.000000,16384,1249,57549,4,1.000000,0.000000
13638,14558369405,1058175,0,0,1833,0,0.000000,16384,1563,58175,4,1.000000,0.000000
13639,14559426955,1057550,0,0,1832,0,0.000000,16384,1511,57550,4,1.000000,0.000000
13640,14560484991,1058036,0,0,1820,0,0.000000,16384,1412,58036,4,1.000000,0.000000
13641,14561557222,1072231,0,0,1834,0,0.000000,16384,1641,72231,4,1.000000,0.000000
13642,14562614143,1056921,0,0,1849,0,0.000000,16384,1338,56921,4,1.000000,0.000000
13643,14563674263,1060120,0,0,1773,0,0.000000,16384,1565,60120,4,1.000000,0.000000
13644,14564738428,1064165,0,0,1503,0,0.000000,16384,1234,64165,4,1.000000,0.000000
13645,14565803256,1064828,0,0,1523,0,0.000000,16384,1126,64828,4,1.000000,0.000000
13646,14566863581,1060325,0,0,1802,0,0.000000,16384,1591,60325,4,1.000000,0.000000
13647,14567925927,1062346,0,0,1510,0,0.000000,16384,1196,62346,4,1.000000,0.000000
13648,14568986502,1060575,0,0,1640,0,0.000000,16384,1285,60575,4,1.000000,0.000000
13649,14570043710,1057208,0,0,1793,0,0.000000,16384,1608,57208,4,1.000000,0.000000
13650,14571100573,1056863,0,0,1827,0,0.000000,16384,1324,56863,4,1.000000,0.000000
13651,14572175473,1074900,0,0,1843,0,0.000000,16384,1623,74900,4,1.000000,0.000000
13652,14573231952,1056479,0,0,1751,0,0.000000,16384,1403,56479,4,1.000000,0.000000
13653,14574288420,1056468,0,0,1764,0,0.000000,16384,1376,56468,4,1.000000,0.000000
13654,14575344587,1056167,0,0,1824,0,0.000000,16384,1633,56167,4,1.000000,0.000000
13655,14576402143,1057556,0,0,1823,0,0.000000,16384,1316,57556,4,1.000000,0.000000
13656,14577460627,1058484,0,0,1667,0,0.000000,16384,1465,58484,4,1.000000,0.000000
13657,14578520251,1059624,0,0,1718,0,0.000000,16384,1412,59624,4,1.000000,0.000000
13658,14579578546,1058295,0,0,1836,0,0.000000,16384,1422,58295,4,1.000000,0.000000
13659,14580635094,1056548,0,0,1822,0,0.000000,16384,1631,56548,4,1.000000,0.000000
13660,14581671481,1036387,0,0,1802,0,0.000000,16384,1307,36387,4,1.000000,0.000000
13661,14582744859,1073378,0,0,1846,0,0.000000,16384,1616,73378,4,1.000000,0.000000
13662,14583800976,1056117,0,0,1834,0,0.000000,16384,1472,56117,4,1.000000,0.000000
13663,14584857194,1056218,0,0,1841,0,0.000000,16384,1461,56218,4,1.000000,0.000000
13664,14585916453,1059259,0,0,1778,0,0.000000,16384,1577,59259,4,1.000000,0.000000
13665,14586981687,1065234,0,0,1497,0,0.000000,16384,1075,65234,4,1.000000,0.000000
13666,14588046043,1064356,0,0,1521,0,0.000000,16384,1300,64356,4,1.000000,0.000000
13667,14589112115,1066072,0,0,1550,0,0.000000,16384,1355,66072,4,1.000000,0.000000
13668,14590174844,1062729,0,0,1620,0,0.000000,16384,1155,62729,4,1.000000,0.000000
13669,14591239151,1064307,0,0,1597,0,0.000000,16384,1389,64307,4,1.000000,0.000000
13670,14592303736,1064585,0,0,1665,0,0.000000,16384,1400,64585,4,1.000000,0.000000
13671,14593382658,1078922,0,0,1720,0,0.000000,16384,1319,78922,4,1.000000,0.000000
13672,14594440823,1058165,0,0,1664,0,0.000000,16384,1445,58165,4,1.000000,0.000000
13673,14595498941,1058118,0,0,1681,0,0.000000,16384,1314,58118,4,1.000000,0.000000
13674,14596556942,1058001,0,0,1678,0,0.000000,16384,1370,58001,4,1.000000,0.000000
13675,14597614236,1057294,0,0,1666,0,0.000000,16384,1470,57294,4,1.000000,0.000000
13676,14598670980,1056744,0,0,1690,0,0.000000,16384,1215,56744,4,1.000000,0.000000
13677,14599727971,1056991,0,0,1823,0,0.000000,16384,1600,56991,4,1.000000,0.000000
13678,14600784805,1056834,0,0,1836,0,0.000000,16384,1473,56834,4,1.000000,0.000000
13679,14601841299,1056494,0,0,1842,0,0.000000,16384,1463,56494,4,1.000000,0.000000
13680,14602898261,1056962,0,0,1827,0,0.000000,16384,1612,56962,4,1.000000,0.000000
13681,14603971142,1072881,0,0,1867,0,0.000000,16384,1335,72881,4,1.000000,0.000000
13682,14605030896,1059754,0,0,1783,0,0.000000,16384,1603,59754,4,1.000000,0.000000
13683,14606094726,1063830,0,0,1722,0,0.000000,16384,1360,63830,4,1.000000,0.000000
13684,14607158118,1063392,0,0,1692,0,0.000000,16384,1340,63392,4,1.000000,0.000000
13685,14608219324,1061206,0,0,1727,0,0.000000,16384,1547,61206,4,1.000000,0.000000
13686,14609277954,1058630,0,0,1821,0,0.000000,16384,1315,58630,4,1.000000,0.000000
13687,14610335624,1057670,0,0,1812,0,0.000000,16384,1604,57670,4,1.000000,0.000000
13688,14611392527,1056903,0,0,1827,0,0.000000,16384,1455,56903,4,1.000000,0.000000
13689,14612452212,1059685,0,0,1711,0,0.000000,16384,1341,59685,4,1.000000,0.000000
13690,14613512292,1060080,0,0,1788,0,0.000000,16384,1605,60080,4,1.000000,0.000000
13691,14614586998,1074706,0,0,1878,0,0.000000,16384,1355,74706,4,1.000000,0.000000
13692,14615644931,1057933,0,0,1830,0,0.000000,16384,1629,57933,4,1.000000,0.000000
13693,14616672379,1027448,0,0,1657,0,0.000000,16384,1320,27448,4,1.000000,0.000000
13694,14617730108,1057729,0,0,1666,0,0.000000,16384,1299,57729,4,1.000000,0.000000
13695,14618791250,1061142,0,0,1518,0,0.000000,16384,1340,61142,4,1.000000,0.000000
13696,14619853867,1062617,0,0,1768,0,0.000000,16384,1358,62617,4,1.000000,0.000000
13697,14620914262,1060395,0,0,1591,0,0.000000,16384,1336,60395,4,1.000000,0.000000
13698,14621973384,1059122,0,0,1777,0,0.000000,16384,1529,59122,4,1.000000,0.000000
13699,14623034211,1060827,0,0,1731,0,0.000000,16384,1237,60827,4,1.000000,0.000000
13700,14624092109,1057898,0,0,1828,0,0.000000,16384,1639,57898,4,1.000000,0.000000
13701,14625166947,1074838,0,0,1864,0,0.000000,16384,1456,74838,4,1.000000,0.000000
13702,14626225377,1058430,0,0,1813,0,0.000000,16384,1503,58430,4,1.000000,0.000000
13703,14627282501,1057124,0,0,1828,0,0.000000,16384,1559,57124,4,1.000000,0.000000
13704,14628343198,1060697,0,0,1621,0,0.000000,16384,1161,60697,4,1.000000,0.000000
13705,14629405873,1062675,0,0,1709,0,0.000000,16384,1541,62675,4,1.000000,0.000000
13706,14630465116,1059243,0,0,1779,0,0.000000,16384,1407,59243,4,1.000000,0.000000
13707,14631525077,1059961,0,0,1636,0,0.000000,16384,1282,59961,4,1.000000,0.000000
13708,14632589722,1064645,0,0,1586,0,0.000000,16384,1434,64645,4,1.000000,0.000000
13709,14633651464,1061742,0,0,1825,0,0.000000,16384,1347,61742,4,1.000000,0.000000
13710,14634671015,1019551,0,0,1739,0,0.000000,16384,1475,19551,4,1.000000,0.000000
13711,14635752838,1081823,0,0,1836,0,0.000000,16384,1538,81823,4,1.000000,0.000000
13712,14636814852,1062014,0,0,1592,0,0.000000,16384,1224,62014,4,1.000000,0.000000
13713,14637878190,1063338,0,0,1831,0,0.000000,16384,1603,63338,4,1.000000,0.000000
13714,14638935997,1057807,0,0,1847,0,0.000000,16384,1397,57807,4,1.000000,0.000000
13715,14639992905,1056908,0,0,1809,0,0.000000,16384,1524,56908,4,1.000000,0.000000
13716,14641050332,1057427,0,0,1833,0,0.000000,16384,1538,57427,4,1.000000,0.000000
13717,14642106726,1056394,0,0,1845,0,0.000000,16384,1423,56394,4,1.000000,0.000000
13718,14643163054,1056328,0,0,1775,0,0.000000,16384,1591,56328,4,1.000000,0.000000
13719,14644251429,1088375,0,0,1790,0,0.000000,16384,1309,88375,4,1.000000,0.000000
13720,14645315530,1064101,0,0,1510,0,0.000000,16384,1294,64101,4,1.000000,0.000000
13721,14646392704,1077174,0,0,1690,0,0.000000,16384,1448,77174,4,1.000000,0.000000
13722,14647451852,1059148,0,0,1684,0,0.000000,16384,1210,59148,4,1.000000,0.000000
13723,14648514018,1062166,0,0,1621,0,0.000000,16384,1469,62166,4,1.000000,0.000000
13724,14649605109,1091091,0,0,1853,0,0.000000,16384,1465,91091,4,1.000000,0.000000
13725,14650675890,1070781,0,0,1550,0,0.000000,16384,1216,70781,4,1.000000,0.000000
13726,14651739873,1063983,0,0,1661,0,0.000000,16384,1489,63983,4,1.000000,0.000000
13727,14652802594,1062721,0,0,1829,0,0.000000,16384,1354,62721,4,1.000000,0.000000
13728,14653863515,1060921,0,0,1676,0,0.000000,16384,1425,60921,4,1.000000,0.000000
13729,14654922280,1058765,0,0,1662,0,0.000000,16384,1418,58765,4,1.000000,0.000000
13730,14655985634,1063354,0,0,1641,0,0.000000,16384,1203,63354,4,1.000000,0.000000
13731,14657146061,1160427,0,0,1697,0,0.000000,16384,1513,160427,4,1.000000,0.000000
13732,14658211352,1065291,0,0,1509,0,0.000000,16384,1207,65291,4,1.000000,0.000000
13733,14659274851,1063499,0,0,1588,0,0.000000,16384,1231,63499,4,1.000000,0.000000
13734,14660334306,1059455,0,0,1663,0,0.000000,16384,1460,59455,4,1.000000,0.000000
13735,14661392618,1058312,0,0,1681,0,0.000000,16384,1291,58312,4,1.000000,0.000000
13736,14662450375,1057757,0,0,1677,0,0.000000,16384,1401,57757,4,1.000000,0.000000
13737,14663508542,1058167,0,0,1666,0,0.000000,16384,1447,58167,4,1.000000,0.000000
13738,14664573703,1065161,0,0,1451,0,0.000000,16384,1036,65161,4,1.000000,0.000000
13739,14665639933,1066230,0,0,1596,0,0.000000,16384,1363,66230,4,1.000000,0.000000
13740,14666679346,1039413,0,0,1562,0,0.000000,16384,1350,39413,4,1.000000,0.000000
13741,14667835560,1156214,0,0,1735,0,0.000000,16384,1254,156214,4,1.000000,0.000000
13742,14668904760,1069200,0,0,1427,0,0.000000,16384,1275,69200,4,1.000000,0.000000
13743,14669972775,1068015,0,0,1481,0,0.000000,16384,1249,68015,4,1.000000,0.000000
13744,14671074771,1101996,0,0,1475,0,0.000000,16384,1053,101996,4,1.000000,0.000000
13745,14672631680,1556909,0,0,1865,0,0.000000,16384,1665,556909,4,1.000000,0.000000
13746,14673698668,1066988,0,0,1370,0,0.000000,16384,1105,66988,4,1.000000,0.000000
13747,14674772479,1073811,0,0,1406,0,0.000000,16384,1041,73811,4,1.000000,0.000000
13748,14675863536,1091057,0,0,1495,0,0.000000,16384,1343,91057,4,1.000000,0.000000
13749,14676932723,1069187,0,0,1456,0,0.000000,16384,1187,69187,4,1.000000,0.000000
13750,14678000816,1068093,0,0,1482,0,0.000000,16384,1085,68093,4,1.000000,0.000000
13751,14679087715,1086899,0,0,1522,0,0.000000,16384,1370,86899,4,1.000000,0.000000
13752,14680156638,1068923,0,0,1462,0,0.000000,16384,1195,68923,4,1.000000,0.000000
13753,14681223396,1066758,0,0,1469,0,0.000000,16384,1070,66758,4,1.000000,0.000000
13754,14682291140,1067744,0,0,1488,0,0.000000,16384,1336,67744,4,1.000000,0.000000
13755,14683358530,1067390,0,0,1501,0,0.000000,16384,1237,67390,4,1.000000,0.000000
13756,14684421792,1063262,0,0,1484,0,0.000000,16384,1082,63262,4,1.000000,0.000000
13757,14685490606,1068814,0,0,1463,0,0.000000,16384,1311,68814,4,1.000000,0.000000
13758,14686576543,1085937,0,0,1367,0,0.000000,16384,1149,85937,4,1.000000,0.000000
13759,14687649298,1072755,0,0,1433,0,0.000000,16384,1022,72755,4,1.000000,0.000000
13760,14688696529,1047231,0,0,1350,0,0.000000,16384,1188,47231,4,1.000000,0.000000
13761,14689812958,1116429,0,0,1436,0,0.000000,16384,1265,116429,4,1.000000,0.000000
13762,14690886987,1074029,0,0,1386,0,0.000000,16384,989,74029,4,1.000000,0.000000
13763,14691958658,1071671,0,0,1403,0,0.000000,16384,1202,71671,4,1.000000,0.000000
13764,14693031212,1072554,0,0,1437,0,0.000000,16384,1266,72554,4,1.000000,0.000000
13765,14694102157,1070945,0,0,1464,0,0.000000,16384,1065,70945,4,1.000000,0.000000
13766,14695166576,1064419,0,0,1504,0,0.000000,16384,1256,64419,4,1.000000,0.000000
13767,14696227153,1060577,0,0,1551,0,0.000000,16384,1366,60577,4,1.000000,0.000000
13768,14697285952,1058799,0,0,1576,0,0.000000,16384,1142,58799,4,1.000000,0.000000
13769,14698346805,1060853,0,0,1566,0,0.000000,16384,1333,60853,4,1.000000,0.000000
13770,14699405987,1059182,0,0,1629,0,0.000000,16384,1408,59182,4,1.000000,0.000000
13771,14700491103,1085116,0,0,1622,0,0.000000,16384,1158,85116,4,1.000000,0.000000
13772,14701551991,1060888,0,0,1659,0,0.000000,16384,1479,60888,4,1.000000,0.000000
13773,14702610228,1058237,0,0,1668,0,0.000000,16384,1358,58237,4,1.000000,0.000000
13774,14703671031,1060803,0,0,1628,0,0.000000,16384,1256,60803,4,1.000000,0.000000
13775,14704729297,1058266,0,0,1663,0,0.000000,16384,1451,58266,4,1.000000,0.000000
13776,14705785841,1056544,0,0,1678,0,0.000000,16384,1301,56544,4,1.000000,0.000000
13777,14706842683,1056842,0,0,1676,0,0.000000,16384,1387,56842,4,1.000000,0.000000
13778,14707899238,1056555,0,0,1652,0,0.000000,16384,1446,56555,4,1.000000,0.000000
13779,14708958338,1059100,0,0,1648,0,0.000000,16384,1180,59100,4,1.000000,0.000000
13780,14710020645,1062307,0,0,1799,0,0.000000,16384,1579,62307,4,1.000000,0.000000
13781,14711157916,1137271,0,0,1896,0,0.000000,16384,1520,137271,4,1.000000,0.000000
13782,14712220027,1062111,0,0,1685,0,0.000000,16384,1319,62111,4,1.000000,0.000000
13783,14713278871,1058844,0,0,1669,0,0.000000,16384,1512,58844,4,1.000000,0.000000
13784,14714336295,1057424,0,0,1685,0,0.000000,16384,1228,57424,4,1.000000,0.000000
13785,14715392957,1056662,0,0,1671,0,0.000000,16384,1417,56662,4,1.000000,0.000000
13786,14716450361,1057404,0,0,1666,0,0.000000,16384,1426,57404,4,1.000000,0.000000
13787,14717507232,1056871,0,0,1684,0,0.000000,16384,1232,56871,4,1.000000,0.000000
13788,14718563688,1056456,0,0,1664,0,0.000000,16384,1487,56456,4,1.000000,0.000000
13789,14719619856,1056168,0,0,1674,0,0.000000,16384,1327,56168,4,1.000000,0.000000
13790,14720672879,1053023,0,0,1650,0,0.000000,16384,1292,53023,4,1.000000,0.000000
13791,14721739970,1067091,0,0,1678,0,0.000000,16384,1514,67091,4,1.000000,0.000000
13792,14722796646,1056676,0,0,1681,0,0.000000,16384,1232,56676,4,1.000000,0.000000
13793,14723861177,1064531,0,0,1652,0,0.000000,16384,1398,64531,4,1.000000,0.000000
13794,14724921424,1060247,0,0,1581,0,0.000000,16384,1370,60247,4,1.000000,0.000000
13795,14725978874,1057450,0,0,1813,0,0.000000,16384,1319,57450,4,1.000000,0.000000
13796,14727035730,1056856,0,0,1781,0,0.000000,16384,1585,56856,4,1.000000,0.000000
13797,14728094615,1058885,0,0,1780,0,0.000000,16384,1394,58885,4,1.000000,0.000000
13798,14729154832,1060217,0,0,1620,0,0.000000,16384,1307,60217,4,1.000000,0.000000
13799,14730217291,1062459,0,0,1574,0,0.000000,16384,1412,62459,4,1.000000,0.000000
13800,14731276306,1059015,0,0,1682,0,0.000000,16384,1224,59015,4,1.000000,0.000000
13801,14732347781,1071475,0,0,1692,0,0.000000,16384,1436,71475,4,1.000000,0.000000
13802,14733405919,1058138,0,0,1658,0,0.000000,16384,1417,58138,4,1.000000,0.000000
13803,14734466492,1060573,0,0,1646,0,0.000000,16384,1204,60573,4,1.000000,0.000000
13804,14735525134,1058642,0,0,1600,0,0.000000,16384,1436,58642,4,1.000000,0.000000
13805,14736582662,1057528,0,0,1660,0,0.000000,16384,1323,57528,4,1.000000,0.000000
13806,14737643653,1060991,0,0,1630,0,0.000000,16384,1269,60991,4,1.000000,0.000000
13807,14738674133,1030480,0,0,1508,0,0.000000,16384,1324,30480,4,1.000000,0.000000
13808,14739731890,1057757,0,0,1675,0,0.000000,16384,1304,57757,4,1.000000,0.000000
13809,14740788503,1056613,0,0,1829,0,0.000000,16384,1516,56613,4,1.000000,0.000000
13810,14741845221,1056718,0,0,1818,0,0.000000,16384,1545,56718,4,1.000000,0.000000
13811,14742910933,1065712,0,0,1821,0,0.000000,16384,1365,65712,4,1.000000,0.000000
13812,14743967746,1056813,0,0,1813,0,0.000000,16384,1585,56813,4,1.000000,0.000000
13813,14745023621,1055875,0,0,1836,0,0.000000,16384,1417,55875,4,1.000000,0.000000
13814,14746079457,1055836,0,0,1811,0,0.000000,16384,1516,55836,4,1.000000,0.000000
13815,14747137239,1057782,0,0,1820,0,0.000000,16384,1537,57782,4,1.000000,0.000000
13816,14748196906,1059667,0,0,1703,0,0.000000,16384,1292,59667,4,1.000000,0.000000
13817,14749258926,1062020,0,0,1607,0,0.000000,16384,1409,62020,4,1.000000,0.000000
13818,14750318660,1059734,0,0,1770,0,0.000000,16384,1387,59734,4,1.000000,0.000000
13819,14751376162,1057502,0,0,1832,0,0.000000,16384,1512,57502,4,1.000000,0.000000
13820,14752433229,1057067,0,0,1825,0,0.000000,16384,1560,57067,4,1.000000,0.000000
13821,14753500660,1067431,0,0,1870,0,0.000000,16384,1400,67431,4,1.000000,0.000000
13822,14754562423,1061763,0,0,1618,0,0.000000,16384,1426,61763,4,1.000000,0.000000
13823,14755620534,1058111,0,0,1684,0,0.000000,16384,1328,58111,4,1.000000,0.000000
13824,14756671528,1050994,0,0,1817,0,0.000000,16384,1471,50994,4,1.000000,0.000000
13825,14757728142,1056614,0,0,1823,0,0.000000,16384,1587,56614,4,1.000000,0.000000
13826,14758788674,1060532,0,0,1621,0,0.000000,16384,1159,60532,4,1.000000,0.000000
13827,14759852753,1064079,0,0,1521,0,0.000000,16384,1325,64079,4,1.000000,0.000000
13828,14760912932,1060179,0,0,1585,0,0.000000,16384,1353,60179,4,1.000000,0.000000
13829,14761976119,1063187,0,0,1633,0,0.000000,16384,1199,63187,4,1.000000,0.000000
13830,14763036064,1059945,0,0,1597,0,0.000000,16384,1431,59945,4,1.000000,0.000000
13831,14764116407,1080343,0,0,1842,0,0.000000,16384,1452,80343,4,1.000000,0.000000
13832,14765175220,1058813,0,0,1663,0,0.000000,16384,1325,58813,4,1.000000,0.000000
13833,14766233127,1057907,0,0,1666,0,0.000000,16384,1493,57907,4,1.000000,0.000000
13834,14767290023,1056896,0,0,1777,0,0.000000,16384,1287,56896,4,1.000000,0.000000
13835,14768423280,1133257,0,0,1814,0,0.000000,16384,1583,133257,4,1.000000,0.000000
13836,14769491485,1068205,0,0,1512,0,0.000000,16384,1253,68205,4,1.000000,0.000000
13837,14770555237,1063752,0,0,1576,0,0.000000,16384,1169,63752,4,1.000000,0.000000
13838,14771615604,1060367,0,0,1557,0,0.000000,16384,1392,60367,4,1.000000,0.000000
13839,14772674716,1059112,0,0,1558,0,0.000000,16384,1249,59112,4,1.000000,0.000000
13840,14773702926,1028210,0,0,1631,0,0.000000,16384,1263,28210,4,1.000000,0.000000
13841,14774783389,1080463,0,0,1579,0,0.000000,16384,1375,80463,4,1.000000,0.000000
13842,14775850932,1067543,0,0,1665,0,0.000000,16384,1305,67543,4,1.000000,0.000000
13843,14776915190,1064258,0,0,1553,0,0.000000,16384,1247,64258,4,1.000000,0.000000
13844,14777976265,1061075,0,0,1564,0,0.000000,16384,1412,61075,4,1.000000,0.000000
13845,14779038185,1061920,0,0,1605,0,0.000000,16384,1172,61920,4,1.000000,0.000000
13846,14780098930,1060745,0,0,1673,0,0.000000,16384,1410,60745,4,1.000000,0.000000
13847,14781156744,1057814,0,0,1649,0,0.000000,16384,1423,57814,4,1.000000,0.000000
13848,14782215866,1059122,0,0,1681,0,0.000000,16384,1200,59122,4,1.000000,0.000000
13849,14783273402,1057536,0,0,1666,0,0.000000,16384,1508,57536,4,1.000000,0.000000
13850,14784329813,1056411,0,0,1674,0,0.000000,16384,1337,56411,4,1.000000,0.000000
13851,14785398805,1068992,0,0,1762,0,0.000000,16384,1373,68992,4,1.000000,0.000000
13852,14786456963,1058158,0,0,1827,0,0.000000,16384,1631,58158,4,1.000000,0.000000
13853,14787513514,1056551,0,0,1848,0,0.000000,16384,1336,56551,4,1.000000,0.000000
13854,14788575556,1062042,0,0,1763,0,0.000000,16384,1557,62042,4,1.000000,0.000000
13855,14789639169,1063613,0,0,1554,0,0.000000,16384,1271,63613,4,1.000000,0.000000
13856,14790707580,1068411,0,0,1688,0,0.000000,16384,1297,68411,4,1.000000,0.000000
13857,14791777491,1069911,0,0,1675,0,0.000000,16384,1454,69911,4,1.000000,0.000000
13858,14792840514,1063023,0,0,1691,0,0.000000,16384,1320,63023,4,1.000000,0.000000
13859,14793902458,1061944,0,0,1807,0,0.000000,16384,1499,61944,4,1.000000,0.000000
13860,14794969359,1066901,0,0,1818,0,0.000000,16384,1550,66901,4,1.000000,0.000000
13861,14796038721,1069362,0,0,1870,0,0.000000,16384,1410,69362,4,1.000000,0.000000
13862,14797096278,1057557,0,0,1802,0,0.000000,16384,1574,57557,4,1.000000,0.000000
13863,14798156185,1059907,0,0,1755,0,0.000000,16384,1351,59907,4,1.000000,0.000000
13864,14799215600,1059415,0,0,1753,0,0.000000,16384,1465,59415,4,1.000000,0.000000
13865,14800272555,1056955,0,0,1750,0,0.000000,16384,1496,56955,4,1.000000,0.000000
13866,14801328830,1056275,0,0,1852,0,0.000000,16384,1390,56275,4,1.000000,0.000000
13867,14802414467,1085637,0,0,1944,0,0.000000,16384,1716,85637,4,1.000000,0.000000
13868,14803502607,1088140,0,0,1983,0,0.000000,16384,1482,88140,4,1.000000,0.000000
13869,14804592466,1089859,0,0,1976,0,0.000000,16384,1732,89859,4,1.000000,0.000000
13870,14805687695,1095229,0,0,1990,0,0.000000,16384,1561,95229,4,1.000000,0.000000
13871,14806760799,1073104,0,0,1827,0,0.000000,16384,1510,73104,4,1.000000,0.000000
13872,14807825064,1064265,0,0,1889,0,0.000000,16384,1603,64265,4,1.000000,0.000000
13873,14808888329,1063265,0,0,1734,0,0.000000,16384,1285,63265,4,1.000000,0.000000
13874,14809949020,1060691,0,0,1664,0,0.000000,16384,1475,60691,4,1.000000,0.000000
13875,14811007671,1058651,0,0,1830,0,0.000000,16384,1433,58651,4,1.000000,0.000000
13876,14812065225,1057554,0,0,1842,0,0.000000,16384,1522,57554,4,1.000000,0.000000
13877,14813122649,1057424,0,0,1829,0,0.000000,16384,1561,57424,4,1.000000,0.000000
13878,14814178682,1056033,0,0,1841,0,0.000000,16384,1379,56033,4,1.000000,0.000000
13879,14815236901,1058219,0,0,1682,0,0.000000,16384,1477,58219,4,1.000000,0.000000
13880,14816294117,1057216,0,0,1771,0,0.000000,16384,1384,57216,4,1.000000,0.000000
13881,14817371248,1077131,0,0,1871,0,0.000000,16384,1548,77131,4,1.000000,0.000000
13882,14818428397,1057149,0,0,1830,0,0.000000,16384,1555,57149,4,1.000000,0.000000
13883,14819484510,1056113,0,0,1841,0,0.000000,16384,1395,56113,4,1.000000,0.000000
13884,14820542406,1057896,0,0,1807,0,0.000000,16384,1579,57896,4,1.000000,0.000000
13885,14821599447,1057041,0,0,1844,0,0.000000,16384,1408,57041,4,1.000000,0.000000
13886,14822656365,1056918,0,0,1647,0,0.000000,16384,1390,56918,4,1.000000,0.000000
13887,14823677865,1021500,0,0,1493,0,0.000000,16384,1310,21500,4,1.000000,0.000000
13888,14824736814,1058949,0,0,1581,0,0.000000,16384,1132,58949,4,1.000000,0.000000
13889,14825795142,1058328,0,0,1568,0,0.000000,16384,1348,58328,4,1.000000,0.000000
13890,14826851600,1056458,0,0,1778,0,0.000000,16384,1501,56458,4,1.000000,0.000000
13891,14827914932,1063332,0,0,1818,0,0.000000,16384,1394,63332,4,1.000000,0.000000
13892,14828975723,1060791,0,0,1727,0,0.000000,16384,1518,60791,4,1.000000,0.000000
13893,14830035728,1060005,0,0,1838,0,0.000000,16384,1390,60005,4,1.000000,0.000000
13894,14831092611,1056883,0,0,1825,0,0.000000,16384,1535,56883,4,1.000000,0.000000
13895,14832148834,1056223,0,0,1835,0,0.000000,16384,1539,56223,4,1.000000,0.000000
13896,14833208008,1059174,0,0,1846,0,0.000000,16384,1424,59174,4,1.000000,0.000000
13897,14834264440,1056432,0,0,1814,0,0.000000,16384,1624,56432,4,1.000000,0.000000
13898,14835320712,1056272,0,0,1840,0,0.000000,16384,1340,56272,4,1.000000,0.000000
13899,14836372496,1051784,0,0,1809,0,0.000000,16384,1573,51784,4,1.000000,0.000000
13900,14837433539,1061043,0,0,1670,0,0.000000,16384,1370,61043,4,1.000000,0.000000
13901,14838536560,1103021,0,0,1868,0,0.000000,16384,1445,103021,4,1.000000,0.000000
13902,14839631254,1094694,0,0,1832,0,0.000000,16384,1640,94694,4,1.000000,0.000000
13903,14840703508,1072254,0,0,1853,0,0.000000,16384,1342,72254,4,1.000000,0.000000
13904,14841767094,1063586,0,0,1822,0,0.000000,16384,1612,63586,4,1.000000,0.000000
13905,14842830477,1063383,0,0,1816,0,0.000000,16384,1445,63383,4,1.000000,0.000000
13906,14843894018,1063541,0,0,1813,0,0.000000,16384,1442,63541,4,1.000000,0.000000
13907,14844957548,1063530,0,0,1788,0,0.000000,16384,1585,63530,4,1.000000,0.000000
13908,14846018724,1061176,0,0,1741,0,0.000000,16384,1248,61176,4,1.000000,0.000000
13909,14847077213,1058489,0,0,1826,0,0.000000,16384,1625,58489,4,1.000000,0.000000
13910,14848134200,1056987,0,0,1836,0,0.000000,16384,1451,56987,4,1.000000,0.000000
13911,14849201661,1067461,0,0,1732,0,0.000000,16384,1378,67461,4,1.000000,0.000000
13912,14850260889,1059228,0,0,1789,0,0.000000,16384,1590,59228,4,1.000000,0.000000
13913,14851317865,1056976,0,0,1854,0,0.000000,16384,1330,56976,4,1.000000,0.000000
13914,14852373971,1056106,0,0,1822,0,0.000000,16384,1629,56106,4,1.000000,0.000000
13915,14853463296,1089325,0,0,1955,0,0.000000,16384,1529,89325,4,1.000000,0.000000
13916,14854554001,1090705,0,0,1965,0,0.000000,16384,1625,90705,4,1.000000,0.000000
13917,14855644012,1090011,0,0,1985,0,0.000000,16384,1655,90011,4,1.000000,0.000000
13918,14856701453,1057441,0,0,1943,0,0.000000,16384,1503,57441,4,1.000000,0.000000
13919,14857763827,1062374,0,0,1934,0,0.000000,16384,1724,62374,4,1.000000,0.000000
13920,14858826215,1062388,0,0,1941,0,0.000000,16384,1407,62388,4,1.000000,0.000000
13921,14859898343,1072128,0,0,1909,0,0.000000,16384,1691,72128,4,1.000000,0.000000
13922,14860961295,1062952,0,0,1900,0,0.000000,16384,1471,62952,4,1.000000,0.000000
13923,14862021683,1060388,0,0,1774,0,0.000000,16384,1487,60388,4,1.000000,0.000000
13924,14863079632,1057949,0,0,1766,0,0.000000,16384,1501,57949,4,1.000000,0.000000
13925,14864139916,1060284,0,0,1714,0,0.000000,16384,1277,60284,4,1.000000,0.000000
13926,14865199063,1059147,0,0,1756,0,0.000000,16384,1544,59147,4,1.000000,0.000000
13927,14866256528,1057465,0,0,1845,0,0.000000,16384,1435,57465,4,1.000000,0.000000
13928,14867313383,1056855,0,0,1838,0,0.000000,16384,1530,56855,4,1.000000,0.000000
13929,14868371570,1058187,0,0,1833,0,0.000000,16384,1551,58187,4,1.000000,0.000000
13930,14869496811,1125241,0,0,1741,0,0.000000,16384,1316,125241,4,1.000000,0.000000
13931,14870586853,1090042,0,0,1587,0,0.000000,16384,1396,90042,4,1.000000,0.000000
13932,14871648938,1062085,0,0,1513,0,0.000000,16384,1350,62085,4,1.000000,0.000000
13933,14872678093,1029155,0,0,1462,0,0.000000,16384,1264,29155,4,1.000000,0.000000
13934,14873738015,1059922,0,0,1666,0,0.000000,16384,1520,59922,4,1.000000,0.000000
13935,14874795801,1057786,0,0,1664,0,0.000000,16384,1452,57786,4,1.000000,0.000000
13936,14875852758,1056957,0,0,1643,0,0.000000,16384,1475,56957,4,1.000000,0.000000
13937,14876911106,1058348,0,0,1637,0,0.000000,16384,1465,58348,4,1.000000,0.000000
13938,14877967835,1056729,0,0,1704,0,0.000000,16384,1488,56729,4,1.000000,0.000000
13939,14879026915,1059080,0,0,1766,0,0.000000,16384,1600,59080,4,1.000000,0.000000
13940,14880084579,1057664,0,0,1820,0,0.000000,16384,1642,57664,4,1.000000,0.000000
13941,14881154669,1070090,0,0,1770,0,0.000000,16384,1550,70090,4,1.000000,0.000000
13942,14882211559,1056890,0,0,1722,0,0.000000,16384,1526,56890,4,1.000000,0.000000
13943,14883268227,1056668,0,0,1773,0,0.000000,16384,1605,56668,4,1.000000,0.000000
13944,14884329311,1061084,0,0,1635,0,0.000000,16384,1439,61084,4,1.000000,0.000000
13945,14885388411,1059100,0,0,1620,0,0.000000,16384,1446,59100,4,1.000000,0.000000
13946,14886445529,1057118,0,0,1771,0,0.000000,16384,1605,57118,4,1.000000,0.000000
13947,14887503129,1057600,0,0,1808,0,0.000000,16384,1586,57600,4,1.000000,0.000000
13948,14888560327,1057198,0,0,1816,0,0.000000,16384,1594,57198,4,1.000000,0.000000
13949,14889620381,1060054,0,0,1598,0,0.000000,16384,1465,60054,4,1.000000,0.000000
13950,14890670924,1050543,0,0,1780,0,0.000000,16384,1573,50543,4,1.000000,0.000000
13951,14891749590,1078666,0,0,1678,0,0.000000,16384,1474,78666,4,1.000000,0.000000
13952,14892809822,1060232,0,0,1692,0,0.000000,16384,1541,60232,4,1.000000,0.000000
13953,14893867920,1058098,0,0,1815,0,0.000000,16384,1610,58098,4,1.000000,0.000000
13954,14894924760,1056840,0,0,1778,0,0.000000,16384,1557,56840,4,1.000000,0.000000
13955,14895986151,1061391,0,0,1769,0,0.000000,16384,1590,61391,4,1.000000,0.000000
13956,14897051579,1065428,0,0,1623,0,0.000000,16384,1462,65428,4,1.000000,0.000000
13957,14898117371,1065792,0,0,1507,0,0.000000,16384,1323,65792,4,1.000000,0.000000
13958,14899178993,1061622,0,0,1558,0,0.000000,16384,1407,61622,4,1.000000,0.000000
13959,14900237085,1058092,0,0,1557,0,0.000000,16384,1366,58092,4,1.000000,0.000000
13960,14901299731,1062646,0,0,1551,0,0.000000,16384,1406,62646,4,1.000000,0.000000
13961,14902380214,1080483,0,0,1760,0,0.000000,16384,1540,80483,4,1.000000,0.000000
13962,14903438183,1057969,0,0,1809,0,0.000000,16384,1618,57969,4,1.000000,0.000000
13963,14904495300,1057117,0,0,1817,0,0.000000,16384,1641,57117,4,1.000000,0.000000
13964,14905552765,1057465,0,0,1816,0,0.000000,16384,1619,57465,4,1.000000,0.000000
13965,14906609968,1057203,0,0,1817,0,0.000000,16384,1597,57203,4,1.000000,0.000000
13966,14907669095,1059127,0,0,1813,0,0.000000,16384,1609,59127,4,1.000000,0.000000
13967,14908729812,1060717,0,0,1564,0,0.000000,16384,1428,60717,4,1.000000,0.000000
13968,14909792546,1062734,0,0,1551,0,0.000000,16384,1344,62734,4,1.000000,0.000000
13969,14910855421,1062875,0,0,1636,0,0.000000,16384,1496,62875,4,1.000000,0.000000
13970,14911914293,1058872,0,0,1605,0,0.000000,16384,1396,58872,4,1.000000,0.000000
13971,14912986155,1071862,0,0,1730,0,0.000000,16384,1553,71862,4,1.000000,0.000000
13972,14914044328,1058173,0,0,1807,0,0.000000,16384,1632,58173,4,1.000000,0.000000
13973,14915105187,1060859,0,0,1788,0,0.000000,16384,1576,60859,4,1.000000,0.000000
13974,14916165738,1060551,0,0,1820,0,0.000000,16384,1599,60551,4,1.000000,0.000000
13975,14917226371,1060633,0,0,1820,0,0.000000,16384,1636,60633,4,1.000000,0.000000
13976,14918287039,1060668,0,0,1823,0,0.000000,16384,1646,60668,4,1.000000,0.000000
13977,14919343927,1056888,0,0,1806,0,0.000000,16384,1604,56888,4,1.000000,0.000000
13978,14920400848,1056921,0,0,1709,0,0.000000,16384,1489,56921,4,1.000000,0.000000
13979,14921456946,1056098,0,0,1815,0,0.000000,16384,1639,56098,4,1.000000,0.000000
13980,14922513370,1056424,0,0,1798,0,0.000000,16384,1625,56424,4,1.000000,0.000000
13981,14923588351,1074981,0,0,1854,0,0.000000,16384,1639,74981,4,1.000000,0.000000
13982,14924644812,1056461,0,0,1806,0,0.000000,16384,1586,56461,4,1.000000,0.000000
13983,14925671369,1026557,0,0,1769,0,0.000000,16384,1587,26557,4,1.000000,0.000000
13984,14926728347,1056978,0,0,1795,0,0.000000,16384,1623,56978,4,1.000000,0.000000
13985,14927785180,1056833,0,0,1762,0,0.000000,16384,1552,56833,4,1.000000,0.000000
13986,14928843939,1058759,0,0,1775,0,0.000000,16384,1558,58759,4,1.000000,0.000000
13987,14929904166,1060227,0,0,1622,0,0.000000,16384,1485,60227,4,1.000000,0.000000
13988,14930962728,1058562,0,0,1819,0,0.000000,16384,1613,58562,4,1.000000,0.000000
13989,14932023011,1060283,0,0,1817,0,0.000000,16384,1597,60283,4,1.000000,0.000000
13990,14933083596,1060585,0,0,1831,0,0.000000,16384,1632,60585,4,1.000000,0.000000
13991,14934150372,1066776,0,0,1841,0,0.000000,16384,1660,66776,4,1.000000,0.000000
13992,14935206910,1056538,0,0,1816,0,0.000000,16384,1632,56538,4,1.000000,0.000000
13993,14936264196,1057286,0,0,1824,0,0.000000,16384,1604,57286,4,1.000000,0.000000
13994,14937320669,1056473,0,0,1824,0,0.000000,16384,1602,56473,4,1.000000,0.000000
13995,14938377745,1057076,0,0,1805,0,0.000000,16384,1632,57076,4,1.000000,0.000000
13996,14939433954,1056209,0,0,1827,0,0.000000,16384,1649,56209,4,1.000000,0.000000
13997,14940490118,1056164,0,0,1783,0,0.000000,16384,1568,56164,4,1.000000,0.000000
13998,14941546110,1055992,0,0,1805,0,0.000000,16384,1585,55992,4,1.000000,0.000000
13999,14942602648,1056538,0,0,1827,0,0.000000,16384,1647,56538,4,1.000000,0.000000
14000,14943658593,1055945,0,0,1815,0,0.000000,16384,1639,55945,4,1.000000,0.000000
14001,14944670790,1012197,0,0,1745,0,0.000000,16384,1537,12197,4,1.000000,0.000000
14002,14945726920,1056130,0,0,1824,0,0.000000,16384,1604,56130,4,1.000000,0.000000
14003,14946783935,1057015,0,0,1830,0,0.000000,16384,1646,57015,4,1.000000,0.000000
14004,14947841986,1058051,0,0,1812,0,0.000000,16384,1636,58051,4,1.000000,0.000000
14005,14948898238,1056252,0,0,1824,0,0.000000,16384,1620,56252,4,1.000000,0.000000
14006,14949959035,1060797,0,0,1659,0,0.000000,16384,1448,60797,4,1.000000,0.000000
14007,14951042490,1083455,0,0,1809,0,0.000000,16384,1635,83455,4,1.000000,0.000000
14008,14952107586,1065096,0,0,1735,0,0.000000,16384,1560,65096,4,1.000000,0.000000
14009,14953168360,1060774,0,0,1668,0,0.000000,16384,1448,60774,4,1.000000,0.000000
14010,14954228100,1059740,0,0,1668,0,0.000000,16384,1517,59740,4,1.000000,0.000000
14011,14955297649,1069549,0,0,1676,0,0.000000,16384,1487,69549,4,1.000000,0.000000
14012,14956354841,1057192,0,0,1594,0,0.000000,16384,1409,57192,4,1.000000,0.000000
14013,14957443976,1089135,0,0,1802,0,0.000000,16384,1629,89135,4,1.000000,0.000000
14014,14958563510,1119534,0,0,1874,0,0.000000,16384,1672,119534,4,1.000000,0.000000
14015,14959655545,1092035,0,0,1857,0,0.000000,16384,1637,92035,4,1.000000,0.000000
14016,14960704643,1049098,0,0,1770,0,0.000000,16384,1560,49098,4,1.000000,0.000000
14017,14961767919,1063276,0,0,1816,0,0.000000,16384,1640,63276,4,1.000000,0.000000
14018,14962828911,1060992,0,0,1906,0,0.000000,16384,1712,60992,4,1.000000,0.000000
14019,14963891269,1062358,0,0,1844,0,0.000000,16384,1636,62358,4,1.000000,0.000000
14020,14964953513,1062244,0,0,1910,0,0.000000,16384,1690,62244,4,1.000000,0.000000
14021,14966023000,1069487,0,0,1914,0,0.000000,16384,1690,69487,4,1.000000,0.000000
14022,14967084073,1061073,0,0,1894,0,0.000000,16384,1689,61073,4,1.000000,0.000000
14023,14968143355,1059282,0,0,1829,0,0.000000,16384,1650,59282,4,1.000000,0.000000
14024,14969199986,1056631,0,0,1826,0,0.000000,16384,1646,56631,4,1.000000,0.000000
14025,14970275452,1075466,0,0,1591,0,0.000000,16384,1371,75466,4,1.000000,0.000000
14026,14971338416,1062964,0,0,1628,0,0.000000,16384,1487,62964,4,1.000000,0.000000
14027,14972398137,1059721,0,0,1667,0,0.000000,16384,1471,59721,4,1.000000,0.000000
14028,14973455043,1056906,0,0,1777,0,0.000000,16384,1565,56906,4,1.000000,0.000000
14029,14974511540,1056497,0,0,1824,0,0.000000,16384,1647,56497,4,1.000000,0.000000
14030,14975568758,1057218,0,0,1824,0,0.000000,16384,1646,57218,4,1.000000,0.000000
14031,14976647581,1078823,0,0,1815,0,0.000000,16384,1595,78823,4,1.000000,0.000000
14032,14977673478,1025897,0,0,1571,0,0.000000,16384,1394,25897,4,1.000000,0.000000
14033,14978731902,1058424,0,0,1651,0,0.000000,16384,1492,58424,4,1.000000,0.000000
14034,14979788612,1056710,0,0,1815,0,0.000000,16384,1595,56710,4,1.000000,0.000000
14035,14980846573,1057961,0,0,1810,0,0.000000,16384,1602,57961,4,1.000000,0.000000
14036,14981903346,1056773,0,0,1814,0,0.000000,16384,1639,56773,4,1.000000,0.000000
14037,14982959397,1056051,0,0,1824,0,0.000000,16384,1643,56051,4,1.000000,0.000000
14038,14984015391,1055994,0,0,1822,0,0.000000,16384,1602,55994,4,1.000000,0.000000
14039,14985071420,1056029,0,0,1823,0,0.000000,16384,1599,56029,4,1.000000,0.000000
14040,14986127447,1056027,0,0,1825,0,0.000000,16384,1646,56027,4,1.000000,0.000000
14041,14987191472,1064025,0,0,1829,0,0.000000,16384,1651,64025,4,1.000000,0.000000
14042,14988248308,1056836,0,0,1795,0,0.000000,16384,1588,56836,4,1.000000,0.000000
14043,14989305799,1057491,0,0,1750,0,0.000000,16384,1530,57491,4,1.000000,0.000000
14044,14990365739,1059940,0,0,1615,0,0.000000,16384,1477,59940,4,1.000000,0.000000
14045,14991423926,1058187,0,0,1763,0,0.000000,16384,1561,58187,4,1.000000,0.000000
14046,14992481326,1057400,0,0,1825,0,0.000000,16384,1605,57400,4,1.000000,0.000000
14047,14993539940,1058614,0,0,1826,0,0.000000,16384,1633,58614,4,1.000000,0.000000
14048,14994597549,1057609,0,0,1817,0,0.000000,16384,1642,57609,4,1.000000,0.000000
14049,14995653377,1055828,0,0,1811,0,0.000000,16384,1615,55828,4,1.000000,0.000000
14050,14996670472,1017095,0,0,1752,0,0.000000,16384,1531,17095,4,1.000000,0.000000
14051,14997734375,1063903,0,0,1825,0,0.000000,16384,1632,63903,4,1.000000,0.000000
14052,14998790133,1055758,0,0,1826,0,0.000000,16384,1648,55758,4,1.000000,0.000000
14053,14999845961,1055828,0,0,1825,0,0.000000,16384,1633,55828,4,1.000000,0.000000
14054,15000901915,1055954,0,0,1825,0,0.000000,16384,1605,55954,4,1.000000,0.000000
14055,15001971665,1069750,0,0,1844,0,0.000000,16384,1624,69750,4,1.000000,0.000000
14056,15003034771,1063106,0,0,1775,0,0.000000,16384,1608,63106,4,1.000000,0.000000
14057,15004098403,1063632,0,0,1767,0,0.000000,16384,1590,63632,4,1.000000,0.000000
14058,15005158431,1060028,0,0,1657,0,0.000000,16384,1437,60028,4,1.000000,0.000000
14059,15006215618,1057187,0,0,1665,0,0.000000,16384,1513,57187,4,1.000000,0.000000
14060,15007294839,1079221,0,0,1698,0,0.000000,16384,1510,79221,4,1.000000,0.000000
14061,15008361197,1066358,0,0,1677,0,0.000000,16384,1470,66358,4,1.000000,0.000000
14062,15009423247,1062050,0,0,1671,0,0.000000,16384,1524,62050,4,1.000000,0.000000
14063,15010485593,1062346,0,0,1675,0,0.000000,16384,1473,62346,4,1.000000,0.000000
14064,15011544782,1059189,0,0,1795,0,0.000000,16384,1584,59189,4,1.000000,0.000000
14065,15012632907,1088125,0,0,1926,0,0.000000,16384,1728,88125,4,1.000000,0.000000
14066,15013703984,1071077,0,0,1945,0,0.000000,16384,1743,71077,4,1.000000,0.000000
14067,15014767189,1063205,0,0,1930,0,0.000000,16384,1732,63205,4,1.000000,0.000000
14068,15015829561,1062372,0,0,1902,0,0.000000,16384,1699,62372,4,1.000000,0.000000
14069,15016892802,1063241,0,0,1918,0,0.000000,16384,1694,63241,4,1.000000,0.000000
14070,15017955190,1062388,0,0,1910,0,0.000000,16384,1690,62388,4,1.000000,0.000000
14071,15019031768,1076578,0,0,1857,0,0.000000,16384,1641,76578,4,1.000000,0.000000
14072,15020088918,1057150,0,0,1813,0,0.000000,16384,1638,57150,4,1.000000,0.000000
14073,15021146345,1057427,0,0,1812,0,0.000000,16384,1639,57427,4,1.000000,0.000000
14074,15022203029,1056684,0,0,1816,0,0.000000,16384,1592,56684,4,1.000000,0.000000
14075,15023259026,1055997,0,0,1824,0,0.000000,16384,1604,55997,4,1.000000,0.000000
14076,15024314958,1055932,0,0,1828,0,0.000000,16384,1644,55932,4,1.000000,0.000000
14077,15025400689,1085731,0,0,1946,0,0.000000,16384,1744,85731,4,1.000000,0.000000
14078,15026463873,1063184,0,0,1818,0,0.000000,16384,1640,63184,4,1.000000,0.000000
14079,15027526052,1062179,0,0,1832,0,0.000000,16384,1608,62179,4,1.000000,0.000000
14080,15028583338,1057286,0,0,1806,0,0.000000,16384,1585,57286,4,1.000000,0.000000
14081,15029637900,1054562,0,0,1814,0,0.000000,16384,1638,54562,4,1.000000,0.000000
14082,15030704639,1066739,0,0,1776,0,0.000000,16384,1608,66739,4,1.000000,0.000000
14083,15031769133,1064494,0,0,1819,0,0.000000,16384,1599,64494,4,1.000000,0.000000
14084,15032830721,1061588,0,0,1667,0,0.000000,16384,1471,61588,4,1.000000,0.000000
14085,15033893509,1062788,0,0,1798,0,0.000000,16384,1626,62788,4,1.000000,0.000000
14086,15034957863,1064354,0,0,1790,0,0.000000,16384,1599,64354,4,1.000000,0.000000
14087,15036018006,1060143,0,0,1659,0,0.000000,16384,1439,60143,4,1.000000,0.000000
14088,15037075135,1057129,0,0,1669,0,0.000000,16384,1523,57129,4,1.000000,0.000000
14089,15038135518,1060383,0,0,1836,0,0.000000,16384,1642,60383,4,1.000000,0.000000
14090,15039194624,1059106,0,0,1832,0,0.000000,16384,1612,59106,4,1.000000,0.000000
14091,15040261316,1066692,0,0,1823,0,0.000000,16384,1608,66692,4,1.000000,0.000000
14092,15041319721,1058405,0,0,1825,0,0.000000,16384,1647,58405,4,1.000000,0.000000
14093,15042405916,1086195,0,0,1946,0,0.000000,16384,1743,86195,4,1.000000,0.000000
14094,15043495069,1089153,0,0,1959,0,0.000000,16384,1755,89153,4,1.000000,0.000000
14095,15044559003,1063934,0,0,1881,0,0.000000,16384,1669,63934,4,1.000000,0.000000
14096,15045635018,1076015,0,0,1436,0,0.000000,16384,1266,76015,4,1.000000,0.000000
14097,15046674239,1039221,0,0,1660,0,0.000000,16384,1494,39221,4,1.000000,0.000000
14098,15047739752,1065513,0,0,1758,0,0.000000,16384,1538,65513,4,1.000000,0.000000
14099,15048797733,1057981,0,0,1827,0,0.000000,16384,1632,57981,4,1.000000,0.000000
14100,15049893457,1095724,0,0,1843,0,0.000000,16384,1661,95724,4,1.000000,0.000000
14101,15050982763,1089306,0,0,1630,0,0.000000,16384,1445,89306,4,1.000000,0.000000
14102,15052044427,1061664,0,0,1650,0,0.000000,16384,1460,61664,4,1.000000,0.000000
14103,15053102499,1058072,0,0,1671,0,0.000000,16384,1523,58072,4,1.000000,0.000000
14104,15054159468,1056969,0,0,1663,0,0.000000,16384,1443,56969,4,1.000000,0.000000
14105,15055216443,1056975,0,0,1645,0,0.000000,16384,1485,56975,4,1.000000,0.000000
14106,15056273296,1056853,0,0,1664,0,0.000000,16384,1484,56853,4,1.000000,0.000000
14107,15057360320,1087024,0,0,1857,0,0.000000,16384,1637,87024,4,1.000000,0.000000
14108,15058448168,1087848,0,0,1939,0,0.000000,16384,1714,87848,4,1.000000,0.000000
14109,15059536798,1088630,0,0,1946,0,0.000000,16384,1745,88630,4,1.000000,0.000000
14110,15060626485,1089687,0,0,1959,0,0.000000,16384,1755,89687,4,1.000000,0.000000
14111,15061701807,1075322,0,0,1953,0,0.000000,16384,1749,75322,4,1.000000,0.000000
14112,15062761604,1059797,0,0,1828,0,0.000000,16384,1650,59797,4,1.000000,0.000000
14113,15063822926,1061322,0,0,1921,0,0.000000,16384,1697,61322,4,1.000000,0.000000
14114,15064885436,1062510,0,0,1918,0,0.000000,16384,1698,62510,4,1.000000,0.000000
14115,15065948028,1062592,0,0,1884,0,0.000000,16384,1660,62592,4,1.000000,0.000000
14116,15067010348,1062320,0,0,1906,0,0.000000,16384,1703,62320,4,1.000000,0.000000
14117,15068069533,1059185,0,0,1790,0,0.000000,16384,1620,59185,4,1.000000,0.000000
14118,15069126334,1056801,0,0,1825,0,0.000000,16384,1634,56801,4,1.000000,0.000000
14119,15070187084,1060750,0,0,1732,0,0.000000,16384,1512,60750,4,1.000000,0.000000
14120,15071250779,1063695,0,0,1552,0,0.000000,16384,1409,63695,4,1.000000,0.000000
14121,15072337315,1086536,0,0,1582,0,0.000000,16384,1389,86536,4,1.000000,0.000000
14122,15073396309,1058994,0,0,1561,0,0.000000,16384,1406,58994,4,1.000000,0.000000
14123,15074452966,1056657,0,0,1746,0,0.000000,16384,1561,56657,4,1.000000,0.000000
14124,15075510096,1057130,0,0,1824,0,0.000000,16384,1604,57130,4,1.000000,0.000000
14125,15076570505,1060409,0,0,1826,0,0.000000,16384,1620,60409,4,1.000000,0.000000
14126,15077631205,1060700,0,0,1831,0,0.000000,16384,1652,60700,4,1.000000,0.000000
14127,15078675071,1043866,0,0,1679,0,0.000000,16384,1500,43866,4,1.000000,0.000000
14128,15079782143,1107072,0,0,1727,0,0.000000,16384,1507,107072,4,1.000000,0.000000
14129,15080846560,1064417,0,0,1582,0,0.000000,16384,1451,64417,4,1.000000,0.000000
14130,15081907409,1060849,0,0,1665,0,0.000000,16384,1420,60849,4,1.000000,0.000000
14131,15082977118,1069709,0,0,1680,0,0.000000,16384,1495,69709,4,1.000000,0.000000
14132,15084040069,1062951,0,0,1762,0,0.000000,16384,1542,62951,4,1.000000,0.000000
14133,15085104146,1064077,0,0,1767,0,0.000000,16384,1598,64077,4,1.000000,0.000000
14134,15086164099,1059953,0,0,1669,0,0.000000,16384,1498,59953,4,1.000000,0.000000
14135,15087221205,1057106,0,0,1664,0,0.000000,16384,1449,57106,4,1.000000,0.000000
14136,15088278364,1057159,0,0,1668,0,0.000000,16384,1521,57159,4,1.000000,0.000000
14137,15089335444,1057080,0,0,1664,0,0.000000,16384,1470,57080,4,1.000000,0.000000
14138,15090394528,1059084,0,0,1631,0,0.000000,16384,1448,59084,4,1.000000,0.000000
14139,15091454406,1059878,0,0,1807,0,0.000000,16384,1633,59878,4,1.000000,0.000000
14140,15092511911,1057505,0,0,1825,0,0.000000,16384,1618,57505,4,1.000000,0.000000
14141,15093580803,1068892,0,0,1823,0,0.000000,16384,1603,68892,4,1.000000,0.000000
14142,15094638284,1057481,0,0,1827,0,0.000000,16384,1627,57481,4,1.000000,0.000000
14143,15095674974,1036690,0,0,1789,0,0.000000,16384,1618,36690,4,1.000000,0.000000
14144,15096731213,1056239,0,0,1826,0,0.000000,16384,1632,56239,4,1.000000,0.000000
14145,15097787608,1056395,0,0,1785,0,0.000000,16384,1566,56395,4,1.000000,0.000000
14146,15098843651,1056043,0,0,1826,0,0.000000,16384,1620,56043,4,1.000000,0.000000
14147,15099899373,1055722,0,0,1822,0,0.000000,16384,1644,55722,4,1.000000,0.000000
14148,15100955100,1055727,0,0,1826,0,0.000000,16384,1646,55727,4,1.000000,0.000000
14149,15102011098,1055998,0,0,1824,0,0.000000,16384,1602,55998,4,1.000000,0.000000
14150,15103066899,1055801,0,0,1823,0,0.000000,16384,1601,55801,4,1.000000,0.000000
14151,15104134133,1067234,0,0,1841,0,0.000000,16384,1658,67234,4,1.000000,0.000000
14152,15105193900,1059767,0,0,1816,0,0.000000,16384,1640,59767,4,1.000000,0.000000
14153,15106250735,1056835,0,0,1826,0,0.000000,16384,1621,56835,4,1.000000,0.000000
14154,15107306795,1056060,0,0,1805,0,0.000000,16384,1585,56060,4,1.000000,0.000000
14155,15108364363,1057568,0,0,1826,0,0.000000,16384,1627,57568,4,1.000000,0.000000
14156,15109421671,1057308,0,0,1809,0,0.000000,16384,1635,57308,4,1.000000,0.000000
14157,15110481039,1059368,0,0,1679,0,0.000000,16384,1487,59368,4,1.000000,0.000000
14158,15111539725,1058686,0,0,1826,0,0.000000,16384,1607,58686,4,1.000000,0.000000
14159,15112597217,1057492,0,0,1733,0,0.000000,16384,1564,57492,4,1.000000,0.000000
14160,15113655891,1058674,0,0,1803,0,0.000000,16384,1632,58674,4,1.000000,0.000000
14161,15114725815,1069924,0,0,1840,0,0.000000,16384,1616,69924,4,1.000000,0.000000
14162,15115782095,1056280,0,0,1822,0,0.000000,16384,1602,56280,4,1.000000,0.000000
14163,15116838120,1056025,0,0,1824,0,0.000000,16384,1637,56025,4,1.000000,0.000000
14164,15117895028,1056908,0,0,1815,0,0.000000,16384,1639,56908,4,1.000000,0.000000
14165,15118951320,1056292,0,0,1803,0,0.000000,16384,1602,56292,4,1.000000,0.000000
14166,15120007205,1055885,0,0,1814,0,0.000000,16384,1594,55885,4,1.000000,0.000000
14167,15121064210,1057005,0,0,1808,0,0.000000,16384,1612,57005,4,1.000000,0.000000
14168,15122120730,1056520,0,0,1824,0,0.000000,16384,1646,56520,4,1.000000,0.000000
14169,15123176956,1056226,0,0,1806,0,0.000000,16384,1616,56226,4,1.000000,0.000000
14170,15124232765,1055809,0,0,1818,0,0.000000,16384,1598,55809,4,1.000000,0.000000
14171,15125306335,1073570,0,0,1850,0,0.000000,16384,1633,73570,4,1.000000,0.000000
14172,15126366628,1060293,0,0,1678,0,0.000000,16384,1530,60293,4,1.000000,0.000000
14173,15127425448,1058820,0,0,1748,0,0.000000,16384,1549,58820,4,1.000000,0.000000
14174,15128482028,1056580,0,0,1682,0,0.000000,16384,1476,56580,4,1.000000,0.000000
14175,15129538596,1056568,0,0,1793,0,0.000000,16384,1621,56568,4,1.000000,0.000000
14176,15130598217,1059621,0,0,1598,0,0.000000,16384,1420,59621,4,1.000000,0.000000
14177,15131658581,1060364,0,0,1646,0,0.000000,16384,1456,60364,4,1.000000,0.000000
14178,15132671406,1012825,0,0,1713,0,0.000000,16384,1558,12825,4,1.000000,0.000000
14179,15133728559,1057153,0,0,1807,0,0.000000,16384,1588,57153,4,1.000000,0.000000
14180,15134785462,1056903,0,0,1805,0,0.000000,16384,1585,56903,4,1.000000,0.000000
14181,15135855389,1069927,0,0,1833,0,0.000000,16384,1650,69927,4,1.000000,0.000000
14182,15136914498,1059109,0,0,1804,0,0.000000,16384,1631,59109,4,1.000000,0.000000
14183,15137971356,1056858,0,0,1816,0,0.000000,16384,1608,56858,4,1.000000,0.000000
14184,15139029301,1057945,0,0,1817,0,0.000000,16384,1597,57945,4,1.000000,0.000000
14185,15140086663,1057362,0,0,1827,0,0.000000,16384,1631,57362,4,1.000000,0.000000
14186,15141142961,1056298,0,0,1802,0,0.000000,16384,1629,56298,4,1.000000,0.000000
14187,15142198883,1055922,0,0,1823,0,0.000000,16384,1628,55922,4,1.000000,0.000000
14188,15143254780,1055897,0,0,1806,0,0.000000,16384,1586,55897,4,1.000000,0.000000
14189,15144311723,1056943,0,0,1825,0,0.000000,16384,1617,56943,4,1.000000,0.000000
14190,15145367956,1056233,0,0,1809,0,0.000000,16384,1635,56233,4,1.000000,0.000000
14191,15146433598,1065642,0,0,1794,0,0.000000,16384,1612,65642,4,1.000000,0.000000
14192,15147491387,1057789,0,0,1704,0,0.000000,16384,1484,57789,4,1.000000,0.000000
14193,15148547827,1056440,0,0,1824,0,0.000000,16384,1629,56440,4,1.000000,0.000000
14194,15149604045,1056218,0,0,1803,0,0.000000,16384,1630,56218,4,1.000000,0.000000
14195,15150662337,1058292,0,0,1723,0,0.000000,16384,1527,58292,4,1.000000,0.000000
14196,15151674943,1012606,0,0,1733,0,0.000000,16384,1519,12606,4,1.000000,0.000000
14197,15152732204,1057261,0,0,1827,0,0.000000,16384,1648,57261,4,1.000000,0.000000
14198,15153788749,1056545,0,0,1825,0,0.000000,16384,1648,56545,4,1.000000,0.000000
14199,15154844925,1056176,0,0,1815,0,0.000000,16384,1601,56176,4,1.000000,0.000000
14200,15155900955,1056030,0,0,1823,0,0.000000,16384,1603,56030,4,1.000000,0.000000
14201,15156964586,1063631,0,0,1836,0,0.000000,16384,1643,63631,4,1.000000,0.000000
14202,15158020978,1056392,0,0,1802,0,0.000000,16384,1628,56392,4,1.000000,0.000000
14203,15159077097,1056119,0,0,1687,0,0.000000,16384,1490,56119,4,1.000000,0.000000
14204,15160133039,1055942,0,0,1821,0,0.000000,16384,1601,55942,4,1.000000,0.000000
14205,15161188960,1055921,0,0,1824,0,0.000000,16384,1643,55921,4,1.000000,0.000000
14206,15162246999,1058039,0,0,1733,0,0.000000,16384,1574,58039,4,1.000000,0.000000
14207,15163303587,1056588,0,0,1800,0,0.000000,16384,1580,56588,4,1.000000,0.000000
14208,15164359622,1056035,0,0,1813,0,0.000000,16384,1589,56035,4,1.000000,0.000000
14209,15165415684,1056062,0,0,1824,0,0.000000,16384,1648,56062,4,1.000000,0.000000
14210,15166867309,1451625,0,0,2141,0,0.000000,16384,1900,451625,4,1.000000,0.000000
14211,15168007453,1140144,0,0,1477,0,0.000000,16384,1330,140144,4,1.000000,0.000000
14212,15169943667,1936214,0,0,2473,0,0.000000,16384,2205,936214,4,1.000000,0.000000
14213,15171025364,1081697,0,0,1321,0,0.000000,16384,1150,81697,4,1.000000,0.000000
14214,15172102763,1077399,0,0,1432,0,0.000000,16384,1311,77399,4,1.000000,0.000000
14215,15173202548,1099785,0,0,1426,0,0.000000,16384,1256,99785,4,1.000000,0.000000
14216,15174277798,1075250,0,0,1381,0,0.000000,16384,1219,75250,4,1.000000,0.000000
14217,15175696199,1418401,0,0,1821,0,0.000000,16384,1624,418401,4,1.000000,0.000000
14218,15177073831,1377632,0,0,1788,0,0.000000,16384,1617,377632,4,1.000000,0.000000
14219,15178353947,1280116,0,0,1691,0,0.000000,16384,1495,280116,4,1.000000,0.000000
14220,15179861097,1507150,0,0,1896,0,0.000000,16384,1676,507150,4,1.000000,0.000000
14221,15180988662,1127565,0,0,1452,0,0.000000,16384,1328,127565,4,1.000000,0.000000
14222,15182093256,1104594,0,0,1409,0,0.000000,16384,1221,104594,4,1.000000,0.000000
14223,15183951046,1857790,0,0,2362,0,0.000000,16384,2114,857790,4,1.000000,0.000000
14224,15185028899,1077853,0,0,1423,0,0.000000,16384,1289,77853,4,1.000000,0.000000
14225,15186689998,1661099,0,0,2158,0,0.000000,16384,1913,661099,4,1.000000,0.000000
14226,15187767268,1077270,0,0,1333,0,0.000000,16384,1160,77270,4,1.000000,0.000000
14227,15188842091,1074823,0,0,1393,0,0.000000,16384,1269,74823,4,1.000000,0.000000
14228,15189920442,1078351,0,0,1355,0,0.000000,16384,1211,78351,4,1.000000,0.000000
14229,15190999900,1079458,0,0,1414,0,0.000000,16384,1226,79458,4,1.000000,0.000000
14230,15192072465,1072565,0,0,1412,0,0.000000,16384,1296,72565,4,1.000000,0.000000
14231,15193195482,1123017,0,0,1416,0,0.000000,16384,1246,123017,4,1.000000,0.000000
14232,15194275698,1080216,0,0,1419,0,0.000000,16384,1257,80216,4,1.000000,0.000000
14233,15195353283,1077585,0,0,1471,0,0.000000,16384,1335,77585,4,1.000000,0.000000
14234,15196429379,1076096,0,0,1485,0,0.000000,16384,1285,76096,4,1.000000,0.000000
14235,15197499259,1069880,0,0,1558,0,0.000000,16384,1431,69880,4,1.000000,0.000000
14236,15198559412,1060153,0,0,1631,0,0.000000,16384,1422,60153,4,1.000000,0.000000
14237,15199618856,1059444,0,0,1659,0,0.000000,16384,1490,59444,4,1.000000,0.000000
14238,15200702423,1083567,0,0,1904,0,0.000000,16384,1711,83567,4,1.000000,0.000000
14239,15201771019,1068596,0,0,1536,0,0.000000,16384,1338,68596,4,1.000000,0.000000
14240,15202835836,1064817,0,0,1689,0,0.000000,16384,1523,64817,4,1.000000,0.000000
14241,15203919307,1083471,0,0,1800,0,0.000000,16384,1626,83471,4,1.000000,0.000000
14242,15204982104,1062797,0,0,1570,0,0.000000,16384,1350,62797,4,1.000000,0.000000
14243,15206043165,1061061,0,0,1699,0,0.000000,16384,1547,61061,4,1.000000,0.000000
14244,15207103654,1060489,0,0,1622,0,0.000000,16384,1438,60489,4,1.000000,0.000000
14245,15208162461,1058807,0,0,1737,0,0.000000,16384,1529,58807,4,1.000000,0.000000
14246,15209219245,1056784,0,0,1816,0,0.000000,16384,1640,56784,4,1.000000,0.000000
14247,15210282890,1063645,0,0,1679,0,0.000000,16384,1499,63645,4,1.000000,0.000000
14248,15211344699,1061809,0,0,1647,0,0.000000,16384,1443,61809,4,1.000000,0.000000
14249,15212404081,1059382,0,0,1806,0,0.000000,16384,1632,59382,4,1.000000,0.000000
14250,15213460761,1056680,0,0,1816,0,0.000000,16384,1634,56680,4,1.000000,0.000000
14251,15214539038,1078277,0,0,1844,0,0.000000,16384,1622,78277,4,1.000000,0.000000
14252,15215598519,1059481,0,0,1634,0,0.000000,16384,1448,59481,4,1.000000,0.000000
14253,15216659719,1061200,0,0,1637,0,0.000000,16384,1485,61200,4,1.000000,0.000000
14254,15217715201,1055482,0,0,1611,0,0.000000,16384,1393,55482,4,1.000000,0.000000
14255,15218775036,1059835,0,0,1670,0,0.000000,16384,1524,59835,4,1.000000,0.000000
14256,15219832085,1057049,0,0,1817,0,0.000000,16384,1621,57049,4,1.000000,0.000000
14257,15220890048,1057963,0,0,1792,0,0.000000,16384,1572,57963,4,1.000000,0.000000
14258,15221946751,1056703,0,0,1807,0,0.000000,16384,1608,56703,4,1.000000,0.000000
14259,15223003088,1056337,0,0,1785,0,0.000000,16384,1615,56337,4,1.000000,0.000000
14260,15224060067,1056979,0,0,1805,0,0.000000,16384,1610,56979,4,1.000000,0.000000
14261,15225135161,1075094,0,0,1693,0,0.000000,16384,1473,75094,4,1.000000,0.000000
14262,15226200834,1065673,0,0,1487,0,0.000000,16384,1371,65673,4,1.000000,0.000000
14263,15227281818,1080984,0,0,1462,0,0.000000,16384,1265,80984,4,1.000000,0.000000
14264,15228354294,1072476,0,0,1392,0,0.000000,16384,1254,72476,4,1.000000,0.000000
14265,15229425311,1071017,0,0,1492,0,0.000000,16384,1334,71017,4,1.000000,0.000000
14266,15230496134,1070823,0,0,1416,0,0.000000,16384,1241,70823,4,1.000000,0.000000
14267,15231564508,1068374,0,0,1434,0,0.000000,16384,1318,68374,4,1.000000,0.000000
14268,15232703198,1138690,0,0,1541,0,0.000000,16384,1328,138690,4,1.000000,0.000000
14269,15233769953,1066755,0,0,1410,0,0.000000,16384,1287,66755,4,1.000000,0.000000
14270,15234838546,1068593,0,0,1479,0,0.000000,16384,1305,68593,4,1.000000,0.000000
14271,15235944866,1106320,0,0,1604,0,0.000000,16384,1442,106320,4,1.000000,0.000000
14272,15237007284,1062418,0,0,1490,0,0.000000,16384,1314,62418,4,1.000000,0.000000
14273,15238067679,1060395,0,0,1561,0,0.000000,16384,1401,60395,4,1.000000,0.000000
14274,15239125185,1057506,0,0,1595,0,0.000000,16384,1405,57506,4,1.000000,0.000000
14275,15240182668,1057483,0,0,1541,0,0.000000,16384,1395,57483,4,1.000000,0.000000
14276,15241240605,1057937,0,0,1538,0,0.000000,16384,1349,57937,4,1.000000,0.000000
14277,15242306255,1065650,0,0,1481,0,0.000000,16384,1334,65650,4,1.000000,0.000000
14278,15243374644,1068389,0,0,1522,0,0.000000,16384,1349,68389,4,1.000000,0.000000
14279,15244440728,1066084,0,0,1534,0,0.000000,16384,1371,66084,4,1.000000,0.000000
14280,15245504620,1063892,0,0,1566,0,0.000000,16384,1389,63892,4,1.000000,0.000000
14281,15246589472,1084852,0,0,1594,0,0.000000,16384,1435,84852,4,1.000000,0.000000
14282,15247649828,1060356,0,0,1546,0,0.000000,16384,1359,60356,4,1.000000,0.000000
14283,15248675075,1025247,0,0,1454,0,0.000000,16384,1305,25247,4,1.000000,0.000000
14284,15249734379,1059304,0,0,1545,0,0.000000,16384,1375,59304,4,1.000000,0.000000
14285,15250794048,1059669,0,0,1519,0,0.000000,16384,1356,59669,4,1.000000,0.000000
14286,15251856339,1062291,0,0,1524,0,0.000000,16384,1359,62291,4,1.000000,0.000000
14287,15252917601,1061262,0,0,1561,0,0.000000,16384,1389,61262,4,1.000000,0.000000
14288,15253976466,1058865,0,0,1557,0,0.000000,16384,1385,58865,4,1.000000,0.000000
14289,15255034366,1057900,0,0,1556,0,0.000000,16384,1390,57900,4,1.000000,0.000000
14290,15256100594,1066228,0,0,1599,0,0.000000,16384,1415,66228,4,1.000000,0.000000
14291,15257181408,1080814,0,0,1573,0,0.000000,16384,1421,80814,4,1.000000,0.000000
14292,15258244671,1063263,0,0,1475,0,0.000000,16384,1298,63263,4,1.000000,0.000000
14293,15259306024,1061353,0,0,1552,0,0.000000,16384,1393,61353,4,1.000000,0.000000
14294,15260364790,1058766,0,0,1536,0,0.000000,16384,1359,58766,4,1.000000,0.000000
14295,15261422776,1057986,0,0,1559,0,0.000000,16384,1400,57986,4,1.000000,0.000000
14296,15262483200,1060424,0,0,1552,0,0.000000,16384,1370,60424,4,1.000000,0.000000
14297,15263543392,1060192,0,0,1648,0,0.000000,16384,1493,60192,4,1.000000,0.000000
14298,15264600577,1057185,0,0,1663,0,0.000000,16384,1444,57185,4,1.000000,0.000000
14299,15265658576,1057999,0,0,1658,0,0.000000,16384,1506,57999,4,1.000000,0.000000
14300,15266673159,1014583,0,0,1593,0,0.000000,16384,1409,14583,4,1.000000,0.000000
14301,15267750507,1077348,0,0,1683,0,0.000000,16384,1493,77348,4,1.000000,0.000000
14302,15268807496,1056989,0,0,1667,0,0.000000,16384,1517,56989,4,1.000000,0.000000
14303,15269864238,1056742,0,0,1659,0,0.000000,16384,1438,56742,4,1.000000,0.000000
14304,15270922339,1058101,0,0,1648,0,0.000000,16384,1492,58101,4,1.000000,0.000000
14305,15271981606,1059267,0,0,1685,0,0.000000,16384,1502,59267,4,1.000000,0.000000
14306,15273039994,1058388,0,0,1828,0,0.000000,16384,1607,58388,4,1.000000,0.000000
14307,15274129863,1089869,0,0,1627,0,0.000000,16384,1471,89869,4,1.000000,0.000000
14308,15275200360,1070497,0,0,1426,0,0.000000,16384,1247,70497,4,1.000000,0.000000
14309,15276777262,1576902,0,0,2163,0,0.000000,16384,1939,576902,4,1.000000,0.000000
14310,15277845919,1068657,0,0,1499,0,0.000000,16384,1352,68657,4,1.000000,0.000000
14311,15279407336,1561417,0,0,2150,0,0.000000,16384,1908,561417,4,1.000000,0.000000
14312,15280473281,1065945,0,0,1618,0,0.000000,16384,1443,65945,4,1.000000,0.000000
14313,15281537371,1064090,0,0,1660,0,0.000000,16384,1460,64090,4,1.000000,0.000000
14314,15282599681,1062310,0,0,1668,0,0.000000,16384,1521,62310,4,1.000000,0.000000
14315,15283660389,1060708,0,0,1623,0,0.000000,16384,1414,60708,4,1.000000,0.000000
14316,15284675052,1014663,0,0,1580,0,0.000000,16384,1430,14663,4,1.000000,0.000000
14317,15285734427,1059375,0,0,1811,0,0.000000,16384,1621,59375,4,1.000000,0.000000
14318,15286793733,1059306,0,0,1821,0,0.000000,16384,1601,59306,4,1.000000,0.000000
14319,15287850434,1056701,0,0,1815,0,0.000000,16384,1603,56701,4,1.000000,0.000000
14320,15288906995,1056561,0,0,1761,0,0.000000,16384,1596,56561,4,1.000000,0.000000
14321,15289998500,1091505,0,0,1701,0,0.000000,16384,1514,91505,4,1.000000,0.000000
14322,15291064600,1066100,0,0,1574,0,0.000000,16384,1387,66100,4,1.000000,0.000000
14323,15292128304,1063704,0,0,1582,0,0.000000,16384,1433,63704,4,1.000000,0.000000
14324,15293190217,1061913,0,0,1615,0,0.000000,16384,1405,61913,4,1.000000,0.000000
14325,15294248846,1058629,0,0,1616,0,0.000000,16384,1480,58629,4,1.000000,0.000000
14326,15295306367,1057521,0,0,1656,0,0.000000,16384,1446,57521,4,1.000000,0.000000
14327,15296364150,1057783,0,0,1638,0,0.000000,16384,1470,57783,4,1.000000,0.000000
14328,15297421155,1057005,0,0,1652,0,0.000000,16384,1480,57005,4,1.000000,0.000000
14329,15298477462,1056307,0,0,1824,0,0.000000,16384,1604,56307,4,1.000000,0.000000
14330,15299533357,1055895,0,0,1814,0,0.000000,16384,1616,55895,4,1.000000,0.000000
14331,15300604156,1070799,0,0,1847,0,0.000000,16384,1665,70799,4,1.000000,0.000000
14332,15301660749,1056593,0,0,1804,0,0.000000,16384,1620,56593,4,1.000000,0.000000
14333,15302670417,1009668,0,0,1729,0,0.000000,16384,1509,9668,4,1.000000,0.000000
14334,15303726464,1056047,0,0,1817,0,0.000000,16384,1619,56047,4,1.000000,0.000000
14335,15304783223,1056759,0,0,1818,0,0.000000,16384,1642,56759,4,1.000000,0.000000
14336,15305843170,1059947,0,0,1671,0,0.000000,16384,1481,59947,4,1.000000,0.000000
14337,15306903155,1059985,0,0,1768,0,0.000000,16384,1548,59985,4,1.000000,0.000000
14338,15307960584,1057429,0,0,1813,0,0.000000,16384,1588,57429,4,1.000000,0.000000
14339,15309017598,1057014,0,0,1815,0,0.000000,16384,1595,57014,4,1.000000,0.000000
14340,15310073997,1056399,0,0,1825,0,0.000000,16384,1644,56399,4,1.000000,0.000000
14341,15311140088,1066091,0,0,1840,0,0.000000,16384,1660,66091,4,1.000000,0.000000
14342,15312198628,1058540,0,0,1723,0,0.000000,16384,1520,58540,4,1.000000,0.000000
14343,15313258776,1060148,0,0,1776,0,0.000000,16384,1559,60148,4,1.000000,0.000000
14344,15314316986,1058210,0,0,1790,0,0.000000,16384,1620,58210,4,1.000000,0.000000
14345,15315373536,1056550,0,0,1656,0,0.000000,16384,1483,56550,4,1.000000,0.000000
14346,15316431422,1057886,0,0,1772,0,0.000000,16384,1552,57886,4,1.000000,0.000000
14347,15317488310,1056888,0,0,1815,0,0.000000,16384,1627,56888,4,1.000000,0.000000
14348,15318545957,1057647,0,0,1764,0,0.000000,16384,1599,57647,4,1.000000,0.000000
14349,15319602775,1056818,0,0,1816,0,0.000000,16384,1604,56818,4,1.000000,0.000000
14350,15320659637,1056862,0,0,1659,0,0.000000,16384,1456,56862,4,1.000000,0.000000
14351,15321732318,1072681,0,0,1661,0,0.000000,16384,1516,72681,4,1.000000,0.000000
14352,15322795326,1063008,0,0,1621,0,0.000000,16384,1414,63008,4,1.000000,0.000000
14353,15323854200,1058874,0,0,1778,0,0.000000,16384,1586,58874,4,1.000000,0.000000
14354,15324911546,1057346,0,0,1662,0,0.000000,16384,1513,57346,4,1.000000,0.000000
14355,15325968404,1056858,0,0,1694,0,0.000000,16384,1475,56858,4,1.000000,0.000000
14356,15327025156,1056752,0,0,1783,0,0.000000,16384,1592,56752,4,1.000000,0.000000
14357,15328081813,1056657,0,0,1826,0,0.000000,16384,1647,56657,4,1.000000,0.000000
14358,15329137707,1055894,0,0,1824,0,0.000000,16384,1630,55894,4,1.000000,0.000000
14359,15330193555,1055848,0,0,1823,0,0.000000,16384,1603,55848,4,1.000000,0.000000
14360,15331249906,1056351,0,0,1730,0,0.000000,16384,1537,56351,4,1.000000,0.000000
14361,15332361021,1111115,0,0,1780,0,0.000000,16384,1611,111115,4,1.000000,0.000000
14362,15333419553,1058532,0,0,1820,0,0.000000,16384,1618,58532,4,1.000000,0.000000
14363,15334476512,1056959,0,0,1824,0,0.000000,16384,1604,56959,4,1.000000,0.000000
14364,15335532715,1056203,0,0,1825,0,0.000000,16384,1622,56203,4,1.000000,0.000000
14365,15336588932,1056217,0,0,1812,0,0.000000,16384,1636,56217,4,1.000000,0.000000
14366,15337657765,1068833,0,0,1783,0,0.000000,16384,1598,68833,4,1.000000,0.000000
14367,15338675874,1018109,0,0,1498,0,0.000000,16384,1308,18109,4,1.000000,0.000000
14368,15339737508,1061634,0,0,1662,0,0.000000,16384,1516,61634,4,1.000000,0.000000
14369,15340794469,1056961,0,0,1649,0,0.000000,16384,1429,56961,4,1.000000,0.000000
14370,15341851356,1056887,0,0,1816,0,0.000000,16384,1625,56887,4,1.000000,0.000000
14371,15342931252,1079896,0,0,1864,0,0.000000,16384,1677,79896,4,1.000000,0.000000
14372,15343988879,1057627,0,0,1824,0,0.000000,16384,1638,57627,4,1.000000,0.000000
14373,15345045519,1056640,0,0,1825,0,0.000000,16384,1605,56640,4,1.000000,0.000000
14374,15346101286,1055767,0,0,1823,0,0.000000,16384,1604,55767,4,1.000000,0.000000
14375,15347157809,1056523,0,0,1750,0,0.000000,16384,1587,56523,4,1.000000,0.000000
14376,15348213960,1056151,0,0,1704,0,0.000000,16384,1522,56151,4,1.000000,0.000000
14377,15349269751,1055791,0,0,1810,0,0.000000,16384,1590,55791,4,1.000000,0.000000
14378,15350325461,1055710,0,0,1824,0,0.000000,16384,1626,55710,4,1.000000,0.000000
14379,15351382497,1057036,0,0,1808,0,0.000000,16384,1634,57036,4,1.000000,0.000000
14380,15352441859,1059362,0,0,1619,0,0.000000,16384,1431,59362,4,1.000000,0.000000
14381,15353469631,1027772,0,0,1611,0,0.000000,16384,1434,27772,4,1.000000,0.000000
14382,15354535383,1065752,0,0,1558,0,0.000000,16384,1394,65752,4,1.000000,0.000000
14383,15355600533,1065150,0,0,1764,0,0.000000,16384,1545,65150,4,1.000000,0.000000
14384,15356664827,1064294,0,0,1584,0,0.000000,16384,1453,64294,4,1.000000,0.000000
14385,15357729161,1064334,0,0,1661,0,0.000000,16384,1456,64334,4,1.000000,0.000000
14386,15358786026,1056865,0,0,1666,0,0.000000,16384,1487,56865,4,1.000000,0.000000
14387,15359842641,1056615,0,0,1686,0,0.000000,16384,1525,56615,4,1.000000,0.000000
14388,15360899343,1056702,0,0,1825,0,0.000000,16384,1605,56702,4,1.000000,0.000000
14389,15361954614,1055271,0,0,1821,0,0.000000,16384,1603,55271,4,1.000000,0.000000
14390,15363009936,1055322,0,0,1796,0,0.000000,16384,1624,55322,4,1.000000,0.000000
14391,15364077172,1067236,0,0,1842,0,0.000000,16384,1661,67236,4,1.000000,0.000000
14392,15365132890,1055718,0,0,1811,0,0.000000,16384,1594,55718,4,1.000000,0.000000
14393,15366188366,1055476,0,0,1744,0,0.000000,16384,1531,55476,4,1.000000,0.000000
14394,15367244123,1055757,0,0,1807,0,0.000000,16384,1633,55757,4,1.000000,0.000000
14395,15368299617,1055494,0,0,1825,0,0.000000,16384,1647,55494,4,1.000000,0.000000
14396,15369382245,1082628,0,0,1864,0,0.000000,16384,1645,82628,4,1.000000,0.000000
14397,15370443065,1060820,0,0,1669,0,0.000000,16384,1462,60820,4,1.000000,0.000000
14398,15371456775,1013710,0,0,1585,0,0.000000,16384,1456,13710,4,1.000000,0.000000
14399,15372516105,1059330,0,0,1630,0,0.000000,16384,1410,59330,4,1.000000,0.000000
14400,15373574568,1058463,0,0,1669,0,0.000000,16384,1509,58463,4,1.000000,0.000000
14401,15374641542,1066974,0,0,1679,0,0.000000,16384,1499,66974,4,1.000000,0.000000
14402,15375675353,1033811,0,0,1758,0,0.000000,16384,1538,33811,4,1.000000,0.000000
14403,15376732524,1057171,0,0,1828,0,0.000000,16384,1643,57171,4,1.000000,0.000000
14404,15377793082,1060558,0,0,1586,0,0.000000,16384,1431,60558,4,1.000000,0.000000
14405,15378858148,1065066,0,0,1801,0,0.000000,16384,1581,65066,4,1.000000,0.000000
14406,15379916710,1058562,0,0,1638,0,0.000000,16384,1476,58562,4,1.000000,0.000000
14407,15380975967,1059257,0,0,1639,0,0.000000,16384,1461,59257,4,1.000000,0.000000
14408,15382034108,1058141,0,0,1656,0,0.000000,16384,1456,58141,4,1.000000,0.000000
14409,15383092195,1058087,0,0,1824,0,0.000000,16384,1647,58087,4,1.000000,0.000000
14410,15384178286,1086091,0,0,1830,0,0.000000,16384,1647,86091,4,1.000000,0.000000
14411,15385253075,1074789,0,0,1616,0,0.000000,16384,1396,74789,4,1.000000,0.000000
14412,15386314201,1061126,0,0,1620,0,0.000000,16384,1477,61126,4,1.000000,0.000000
14413,15387376765,1062564,0,0,1582,0,0.000000,16384,1388,62564,4,1.000000,0.000000
14414,15388438703,1061938,0,0,1656,0,0.000000,16384,1484,61938,4,1.000000,0.000000
14415,15389499458,1060755,0,0,1651,0,0.000000,16384,1484,60755,4,1.000000,0.000000
14416,15390558798,1059340,0,0,1662,0,0.000000,16384,1447,59340,4,1.000000,0.000000
14417,15391653466,1094668,0,0,1692,0,0.000000,16384,1541,94668,4,1.000000,0.000000
14418,15392706602,1053136,0,0,1596,0,0.000000,16384,1406,53136,4,1.000000,0.000000
14419,15393768140,1061538,0,0,1564,0,0.000000,16384,1402,61538,4,1.000000,0.000000
14420,15394826315,1058175,0,0,1557,0,0.000000,16384,1383,58175,4,1.000000,0.000000
14421,15395914563,1088248,0,0,1699,0,0.000000,16384,1503,88248,4,1.000000,0.000000
14422,15396976196,1061633,0,0,1626,0,0.000000,16384,1482,61633,4,1.000000,0.000000
14423,15398034820,1058624,0,0,1590,0,0.000000,16384,1370,58624,4,1.000000,0.000000
14424,15399096505,1061685,0,0,1760,0,0.000000,16384,1596,61685,4,1.000000,0.000000
14425,15400156484,1059979,0,0,1664,0,0.000000,16384,1488,59979,4,1.000000,0.000000
14426,15401214376,1057892,0,0,1660,0,0.000000,16384,1453,57892,4,1.000000,0.000000
14427,15402271526,1057150,0,0,1661,0,0.000000,16384,1516,57150,4,1.000000,0.000000
14428,15403328148,1056622,0,0,1769,0,0.000000,16384,1561,56622,4,1.000000,0.000000
14429,15404416359,1088211,0,0,1940,0,0.000000,16384,1720,88211,4,1.000000,0.000000
14430,15405475907,1059548,0,0,1750,0,0.000000,16384,1554,59548,4,1.000000,0.000000
14431,15406572297,1096390,0,0,1931,0,0.000000,16384,1732,96390,4,1.000000,0.000000
14432,15407660331,1088034,0,0,1974,0,0.000000,16384,1766,88034,4,1.000000,0.000000
14433,15408716611,1056280,0,0,1905,0,0.000000,16384,1712,56280,4,1.000000,0.000000
14434,15409779634,1063023,0,0,1878,0,0.000000,16384,1662,63023,4,1.000000,0.000000
14435,15410841933,1062299,0,0,1903,0,0.000000,16384,1683,62299,4,1.000000,0.000000
14436,15411906949,1065016,0,0,1836,0,0.000000,16384,1616,65016,4,1.000000,0.000000
14437,15412970440,1063491,0,0,1893,0,0.000000,16384,1702,63491,4,1.000000,0.000000
14438,15414030121,1059681,0,0,1831,0,0.000000,16384,1652,59681,4,1.000000,0.000000
14439,15415087059,1056938,0,0,1826,0,0.000000,16384,1628,56938,4,1.000000,0.000000
14440,15416143870,1056811,0,0,1825,0,0.000000,16384,1605,56811,4,1.000000,0.000000
14441,15417210896,1067026,0,0,1840,0,0.000000,16384,1628,67026,4,1.000000,0.000000
14442,15418267392,1056496,0,0,1698,0,0.000000,16384,1545,56496,4,1.000000,0.000000
14443,15419323348,1055956,0,0,1824,0,0.000000,16384,1625,55956,4,1.000000,0.000000
14444,15420380751,1057403,0,0,1825,0,0.000000,16384,1605,57403,4,1.000000,0.000000
14445,15421466649,1085898,0,0,1879,0,0.000000,16384,1660,85898,4,1.000000,0.000000
14446,15422527630,1060981,0,0,1821,0,0.000000,16384,1645,60981,4,1.000000,0.000000
14447,15423615137,1087507,0,0,1969,0,0.000000,16384,1762,87507,4,1.000000,0.000000
14448,15424702295,1087158,0,0,1974,0,0.000000,16384,1766,87158,4,1.000000,0.000000
14449,15425764516,1062221,0,0,1921,0,0.000000,16384,1719,62221,4,1.000000,0.000000
14450,15426827531,1063015,0,0,1902,0,0.000000,16384,1678,63015,4,1.000000,0.000000
14451,15427898021,1070490,0,0,1915,0,0.000000,16384,1695,70490,4,1.000000,0.000000
14452,15428960358,1062337,0,0,1911,0,0.000000,16384,1686,62337,4,1.000000,0.000000
14453,15430019491,1059133,0,0,1820,0,0.000000,16384,1640,59133,4,1.000000,0.000000
14454,15431076896,1057405,0,0,1756,0,0.000000,16384,1592,57405,4,1.000000,0.000000
14455,15432136637,1059741,0,0,1638,0,0.000000,16384,1423,59741,4,1.000000,0.000000
14456,15433196260,1059623,0,0,1830,0,0.000000,16384,1632,59623,4,1.000000,0.000000
14457,15434254259,1057999,0,0,1815,0,0.000000,16384,1639,57999,4,1.000000,0.000000
14458,15435313828,1059569,0,0,1827,0,0.000000,16384,1637,59569,4,1.000000,0.000000
14459,15436371273,1057445,0,0,1812,0,0.000000,16384,1592,57445,4,1.000000,0.000000
14460,15437427869,1056596,0,0,1823,0,0.000000,16384,1609,56596,4,1.000000,0.000000
14461,15438494431,1066562,0,0,1833,0,0.000000,16384,1654,66562,4,1.000000,0.000000
14462,15439550514,1056083,0,0,1825,0,0.000000,16384,1647,56083,4,1.000000,0.000000
14463,15440606149,1055635,0,0,1823,0,0.000000,16384,1606,55635,4,1.000000,0.000000
14464,15441671909,1065760,0,0,1831,0,0.000000,16384,1610,65760,4,1.000000,0.000000
14465,15442731965,1060056,0,0,1819,0,0.000000,16384,1630,60056,4,1.000000,0.000000
14466,15443789217,1057252,0,0,1826,0,0.000000,16384,1648,57252,4,1.000000,0.000000
14467,15444845991,1056774,0,0,1728,0,0.000000,16384,1532,56774,4,1.000000,0.000000
14468,15445903484,1057493,0,0,1690,0,0.000000,16384,1483,57493,4,1.000000,0.000000
14469,15446962932,1059448,0,0,1718,0,0.000000,16384,1561,59448,4,1.000000,0.000000
14470,15448021769,1058837,0,0,1689,0,0.000000,16384,1493,58837,4,1.000000,0.000000
14471,15449100511,1078742,0,0,1851,0,0.000000,16384,1631,78742,4,1.000000,0.000000
14472,15450156972,1056461,0,0,1826,0,0.000000,16384,1638,56461,4,1.000000,0.000000
14473,15451212820,1055848,0,0,1825,0,0.000000,16384,1647,55848,4,1.000000,0.000000
14474,15452270837,1058017,0,0,1743,0,0.000000,16384,1545,58017,4,1.000000,0.000000
14475,15453328368,1057531,0,0,1767,0,0.000000,16384,1547,57531,4,1.000000,0.000000
14476,15454384365,1055997,0,0,1818,0,0.000000,16384,1638,55997,4,1.000000,0.000000
14477,15455441612,1057247,0,0,1819,0,0.000000,16384,1643,57247,4,1.000000,0.000000
14478,15456498270,1056658,0,0,1825,0,0.000000,16384,1616,56658,4,1.000000,0.000000
14479,15457554235,1055965,0,0,1799,0,0.000000,16384,1580,55965,4,1.000000,0.000000
14480,15458609926,1055691,0,0,1823,0,0.000000,16384,1629,55691,4,1.000000,0.000000
14481,15459670974,1061048,0,0,1827,0,0.000000,16384,1649,61048,4,1.000000,0.000000
14482,15460727309,1056335,0,0,1824,0,0.000000,16384,1632,56335,4,1.000000,0.000000
14483,15461784147,1056838,0,0,1823,0,0.000000,16384,1603,56838,4,1.000000,0.000000
14484,15462840652,1056505,0,0,1809,0,0.000000,16384,1598,56505,4,1.000000,0.000000
14485,15463897029,1056377,0,0,1810,0,0.000000,16384,1635,56377,4,1.000000,0.000000
14486,15464953000,1055971,0,0,1827,0,0.000000,16384,1649,55971,4,1.000000,0.000000
14487,15466008702,1055702,0,0,1822,0,0.000000,16384,1598,55702,4,1.000000,0.000000
14488,15467064230,1055528,0,0,1824,0,0.000000,16384,1604,55528,4,1.000000,0.000000
14489,15468120081,1055851,0,0,1826,0,0.000000,16384,1644,55851,4,1.000000,0.000000
14490,15469175810,1055729,0,0,1813,0,0.000000,16384,1637,55729,4,1.000000,0.000000
14491,15470236151,1060341,0,0,1834,0,0.000000,16384,1627,60341,4,1.000000,0.000000
14492,15471297926,1061775,0,0,1633,0,0.000000,16384,1428,61775,4,1.000000,0.000000
14493,15472365350,1067424,0,0,1468,0,0.000000,16384,1338,67424,4,1.000000,0.000000
14494,15473428953,1063603,0,0,1519,0,0.000000,16384,1332,63603,4,1.000000,0.000000
14495,15474490820,1061867,0,0,1548,0,0.000000,16384,1399,61867,4,1.000000,0.000000
14496,15475561549,1070729,0,0,1488,0,0.000000,16384,1311,70729,4,1.000000,0.000000
14497,15476628256,1066707,0,0,1459,0,0.000000,16384,1304,66707,4,1.000000,0.000000
14498,15477684053,1055797,0,0,1392,0,0.000000,16384,1257,55797,4,1.000000,0.000000
14499,15478756935,1072882,0,0,1407,0,0.000000,16384,1219,72882,4,1.000000,0.000000
14500,15479830033,1073098,0,0,1401,0,0.000000,16384,1272,73098,4,1.000000,0.000000
14501,15480913376,1083343,0,0,1589,0,0.000000,16384,1401,83343,4,1.000000,0.000000
14502,15481972577,1059201,0,0,1548,0,0.000000,16384,1399,59201,4,1.000000,0.000000
14503,15483035122,1062545,0,0,1546,0,0.000000,16384,1356,62545,4,1.000000,0.000000
14504,15484102820,1067698,0,0,1541,0,0.000000,16384,1396,67698,4,1.000000,0.000000
14505,15485170408,1067588,0,0,1501,0,0.000000,16384,1320,67588,4,1.000000,0.000000
14506,15486289491,1119083,0,0,1538,0,0.000000,16384,1383,119083,4,1.000000,0.000000
14507,15487360165,1070674,0,0,1381,0,0.000000,16384,1233,70674,4,1.000000,0.000000
14508,15488430591,1070426,0,0,1432,0,0.000000,16384,1248,70426,4,1.000000,0.000000
14509,15489481947,1051356,0,0,1394,0,0.000000,16384,1278,51356,4,1.000000,0.000000
14510,15490551395,1069448,0,0,1420,0,0.000000,16384,1245,69448,4,1.000000,0.000000
14511,15491651061,1099666,0,0,1475,0,0.000000,16384,1318,99666,4,1.000000,0.000000
14512,15492737070,1086009,0,0,1433,0,0.000000,16384,1289,86009,4,1.000000,0.000000
14513,15493805396,1068326,0,0,1407,0,0.000000,16384,1219,68326,4,1.000000,0.000000
14514,15494853231,1047835,0,0,1396,0,0.000000,16384,1276,47835,4,1.000000,0.000000
14515,15495918311,1065080,0,0,1404,0,0.000000,16384,1245,65080,4,1.000000,0.000000
14516,15496985340,1067029,0,0,1460,0,0.000000,16384,1287,67029,4,1.000000,0.000000
14517,15498048612,1063272,0,0,1525,0,0.000000,16384,1382,63272,4,1.000000,0.000000
14518,15499115245,1066633,0,0,1465,0,0.000000,16384,1272,66633,4,1.000000,0.000000
14519,15500192827,1077582,0,0,1445,0,0.000000,16384,1329,77582,4,1.000000,0.000000
14520,15501259972,1067145,0,0,1461,0,0.000000,16384,1270,67145,4,1.000000,0.000000
14521,15502364176,1104204,0,0,1528,0,0.000000,16384,1383,104204,4,1.000000,0.000000
14522,15503426510,1062334,0,0,1475,0,0.000000,16384,1300,62334,4,1.000000,0.000000
14523,15504488801,1062291,0,0,1448,0,0.000000,16384,1291,62291,4,1.000000,0.000000
14524,15505554215,1065414,0,0,1468,0,0.000000,16384,1323,65414,4,1.000000,0.000000
14525,15506618590,1064375,0,0,1512,0,0.000000,16384,1321,64375,4,1.000000,0.000000
14526,15507674961,1056371,0,0,1504,0,0.000000,16384,1372,56371,4,1.000000,0.000000
14527,15508734515,1059554,0,0,1517,0,0.000000,16384,1313,59554,4,1.000000,0.000000
14528,15509794624,1060109,0,0,1579,0,0.000000,16384,1445,60109,4,1.000000,0.000000
14529,15510857464,1062840,0,0,1594,0,0.000000,16384,1392,62840,4,1.000000,0.000000
14530,15511920004,1062540,0,0,1520,0,0.000000,16384,1380,62540,4,1.000000,0.000000
14531,15513004797,1084793,0,0,1591,0,0.000000,16384,1395,84793,4,1.000000,0.000000
14532,15514086713,1081916,0,0,1628,0,0.000000,16384,1461,81916,4,1.000000,0.000000
14533,15515148751,1062038,0,0,1599,0,0.000000,16384,1426,62038,4,1.000000,0.000000
14534,15516208651,1059900,0,0,1667,0,0.000000,16384,1468,59900,4,1.000000,0.000000
14535,15517265891,1057240,0,0,1752,0,0.000000,16384,1588,57240,4,1.000000,0.000000
14536,15518322255,1056364,0,0,1818,0,0.000000,16384,1621,56364,4,1.000000,0.000000
14537,15519379147,1056892,0,0,1825,0,0.000000,16384,1605,56892,4,1.000000,0.000000
14538,15520435813,1056666,0,0,1779,0,0.000000,16384,1580,56666,4,1.000000,0.000000
14539,15521492532,1056719,0,0,1724,0,0.000000,16384,1566,56719,4,1.000000,0.000000
14540,15522548919,1056387,0,0,1714,0,0.000000,16384,1511,56387,4,1.000000,0.000000
14541,15523622370,1073451,0,0,1842,0,0.000000,16384,1618,73451,4,1.000000,0.000000
14542,15524670814,1048444,0,0,1807,0,0.000000,16384,1630,48444,4,1.000000,0.000000
14543,15525726860,1056046,0,0,1821,0,0.000000,16384,1553,56046,4,1.000000,0.000000
14544,15526784218,1057358,0,0,1782,0,0.000000,16384,1604,57358,4,1.000000,0.000000
14545,15527840958,1056740,0,0,1826,0,0.000000,16384,1648,56740,4,1.000000,0.000000
14546,15528897657,1056699,0,0,1815,0,0.000000,16384,1607,56699,4,1.000000,0.000000
14547,15529953556,1055899,0,0,1818,0,0.000000,16384,1598,55899,4,1.000000,0.000000
14548,15531009105,1055549,0,0,1816,0,0.000000,16384,1622,55549,4,1.000000,0.000000
14549,15532070528,1061423,0,0,1750,0,0.000000,16384,1588,61423,4,1.000000,0.000000
14550,15533131072,1060544,0,0,1741,0,0.000000,16384,1533,60544,4,1.000000,0.000000
14551,15534201635,1070563,0,0,1847,0,0.000000,16384,1627,70563,4,1.000000,0.000000
14552,15535259045,1057410,0,0,1813,0,0.000000,16384,1628,57410,4,1.000000,0.000000
14553,15536315529,1056484,0,0,1728,0,0.000000,16384,1571,56484,4,1.000000,0.000000
14554,15537371913,1056384,0,0,1823,0,0.000000,16384,1601,56384,4,1.000000,0.000000
14555,15538427684,1055771,0,0,1821,0,0.000000,16384,1601,55771,4,1.000000,0.000000
14556,15539485097,1057413,0,0,1813,0,0.000000,16384,1631,57413,4,1.000000,0.000000
14557,15540541891,1056794,0,0,1827,0,0.000000,16384,1648,56794,4,1.000000,0.000000
14558,15541602184,1060293,0,0,1825,0,0.000000,16384,1622,60293,4,1.000000,0.000000
14559,15542663062,1060878,0,0,1831,0,0.000000,16384,1611,60878,4,1.000000,0.000000
14560,15543670644,1007582,0,0,1737,0,0.000000,16384,1550,7582,4,1.000000,0.000000
14561,15544739029,1068385,0,0,1846,0,0.000000,16384,1663,68385,4,1.000000,0.000000
14562,15545795192,1056163,0,0,1825,0,0.000000,16384,1630,56163,4,1.000000,0.000000
14563,15546851955,1056763,0,0,1768,0,0.000000,16384,1549,56763,4,1.000000,0.000000
14564,15547908754,1056799,0,0,1574,0,0.000000,16384,1423,56799,4,1.000000,0.000000
14565,15548965816,1057062,0,0,1658,0,0.000000,16384,1469,57062,4,1.000000,0.000000
14566,15550024638,1058822,0,0,1665,0,0.000000,16384,1471,58822,4,1.000000,0.000000
14567,15551081731,1057093,0,0,1668,0,0.000000,16384,1521,57093,4,1.000000,0.000000
14568,15552138179,1056448,0,0,1651,0,0.000000,16384,1436,56448,4,1.000000,0.000000
14569,15553195916,1057737,0,0,1722,0,0.000000,16384,1543,57737,4,1.000000,0.000000
14570,15554253537,1057621,0,0,1829,0,0.000000,16384,1651,57621,4,1.000000,0.000000
14571,15555330236,1076699,0,0,1847,0,0.000000,16384,1640,76699,4,1.000000,0.000000
14572,15556387179,1056943,0,0,1824,0,0.000000,16384,1604,56943,4,1.000000,0.000000
14573,15557446118,1058939,0,0,1808,0,0.000000,16384,1607,58939,4,1.000000,0.000000
14574,15558503452,1057334,0,0,1825,0,0.000000,16384,1647,57334,4,1.000000,0.000000
14575,15559559724,1056272,0,0,1815,0,0.000000,16384,1630,56272,4,1.000000,0.000000
14576,15560615757,1056033,0,0,1810,0,0.000000,16384,1590,56033,4,1.000000,0.000000
14577,15561670494,1054737,0,0,1799,0,0.000000,16384,1587,54737,4,1.000000,0.000000
14578,15562727061,1056567,0,0,1816,0,0.000000,16384,1640,56567,4,1.000000,0.000000
14579,15563783154,1056093,0,0,1790,0,0.000000,16384,1613,56093,4,1.000000,0.000000
14580,15564840385,1057231,0,0,1822,0,0.000000,16384,1603,57231,4,1.000000,0.000000
14581,15565910104,1069719,0,0,1772,0,0.000000,16384,1560,69719,4,1.000000,0.000000
14582,15566974553,1064449,0,0,1615,0,0.000000,16384,1479,64449,4,1.000000,0.000000
14583,15568034701,1060148,0,0,1667,0,0.000000,16384,1455,60148,4,1.000000,0.000000
14584,15569092826,1058125,0,0,1729,0,0.000000,16384,1542,58125,4,1.000000,0.000000
14585,15570151440,1058614,0,0,1799,0,0.000000,16384,1627,58614,4,1.000000,0.000000
14586,15571210491,1059051,0,0,1744,0,0.000000,16384,1539,59051,4,1.000000,0.000000
14587,15572267951,1057460,0,0,1656,0,0.000000,16384,1462,57460,4,1.000000,0.000000
14588,15573327232,1059281,0,0,1718,0,0.000000,16384,1561,59281,4,1.000000,0.000000
14589,15574385739,1058507,0,0,1718,0,0.000000,16384,1513,58507,4,1.000000,0.000000
14590,15575442346,1056607,0,0,1824,0,0.000000,16384,1600,56607,4,1.000000,0.000000
14591,15576512985,1070639,0,0,1849,0,0.000000,16384,1668,70639,4,1.000000,0.000000
14592,15577572451,1059466,0,0,1729,0,0.000000,16384,1570,59466,4,1.000000,0.000000
14593,15578643659,1071208,0,0,1829,0,0.000000,16384,1605,71208,4,1.000000,0.000000
14594,15579676719,1033060,0,0,1512,0,0.000000,16384,1349,33060,4,1.000000,0.000000
14595,15580737697,1060978,0,0,1609,0,0.000000,16384,1436,60978,4,1.000000,0.000000
14596,15581795894,1058197,0,0,1659,0,0.000000,16384,1459,58197,4,1.000000,0.000000
14597,15582854464,1058570,0,0,1658,0,0.000000,16384,1514,58570,4,1.000000,0.000000
14598,15583912426,1057962,0,0,1664,0,0.000000,16384,1452,57962,4,1.000000,0.000000
14599,15584973692,1061266,0,0,1784,0,0.000000,16384,1587,61266,4,1.000000,0.000000
14600,15586037212,1063520,0,0,1779,0,0.000000,16384,1610,63520,4,1.000000,0.000000
14601,15587108727,1071515,0,0,1686,0,0.000000,16384,1490,71515,4,1.000000,0.000000
14602,15588166146,1057419,0,0,1716,0,0.000000,16384,1513,57419,4,1.000000,0.000000
14603,15589222338,1056192,0,0,1771,0,0.000000,16384,1604,56192,4,1.000000,0.000000
14604,15590278269,1055931,0,0,1826,0,0.000000,16384,1633,55931,4,1.000000,0.000000
14605,15591335991,1057722,0,0,1691,0,0.000000,16384,1472,57722,4,1.000000,0.000000
14606,15592393062,1057071,0,0,1828,0,0.000000,16384,1639,57071,4,1.000000,0.000000
14607,15593451831,1058769,0,0,1738,0,0.000000,16384,1577,58769,4,1.000000,0.000000
14608,15594510083,1058252,0,0,1820,0,0.000000,16384,1606,58252,4,1.000000,0.000000
14609,15595566430,1056347,0,0,1824,0,0.000000,16384,1604,56347,4,1.000000,0.000000
14610,15596622654,1056224,0,0,1824,0,0.000000,16384,1633,56224,4,1.000000,0.000000
14611,15597671495,1048841,0,0,1808,0,0.000000,16384,1633,48841,4,1.000000,0.000000
14612,15598728190,1056695,0,0,1825,0,0.000000,16384,1627,56695,4,1.000000,0.000000
14613,15599784207,1056017,0,0,1820,0,0.000000,16384,1600,56017,4,1.000000,0.000000
14614,15600840694,1056487,0,0,1807,0,0.000000,16384,1603,56487,4,1.000000,0.000000
14615,15601896745,1056051,0,0,1826,0,0.000000,16384,1648,56051,4,1.000000,0.000000
14616,15602952630,1055885,0,0,1825,0,0.000000,16384,1643,55885,4,1.000000,0.000000
14617,15604008494,1055864,0,0,1806,0,0.000000,16384,1586,55864,4,1.000000,0.000000
14618,15605064160,1055666,0,0,1825,0,0.000000,16384,1602,55666,4,1.000000,0.000000
14619,15606120131,1055971,0,0,1797,0,0.000000,16384,1627,55971,4,1.000000,0.000000
14620,15607175784,1055653,0,0,1826,0,0.000000,16384,1648,55653,4,1.000000,0.000000
14621,15608247468,1071684,0,0,1852,0,0.000000,16384,1635,71684,4,1.000000,0.000000
14622,15609303582,1056114,0,0,1824,0,0.000000,16384,1603,56114,4,1.000000,0.000000
14623,15610359517,1055935,0,0,1825,0,0.000000,16384,1630,55935,4,1.000000,0.000000
14624,15611415065,1055548,0,0,1825,0,0.000000,16384,1648,55548,4,1.000000,0.000000
14625,15612470976,1055911,0,0,1827,0,0.000000,16384,1636,55911,4,1.000000,0.000000
14626,15613530624,1059648,0,0,1727,0,0.000000,16384,1507,59648,4,1.000000,0.000000
14627,15614590477,1059853,0,0,1652,0,0.000000,16384,1489,59853,4,1.000000,0.000000
14628,15615649993,1059516,0,0,1641,0,0.000000,16384,1464,59516,4,1.000000,0.000000
14629,15616672604,1022611,0,0,1503,0,0.000000,16384,1332,22611,4,1.000000,0.000000
14630,15617729874,1057270,0,0,1809,0,0.000000,16384,1635,57270,4,1.000000,0.000000
14631,15618799597,1069723,0,0,1835,0,0.000000,16384,1620,69723,4,1.000000,0.000000
14632,15619856685,1057088,0,0,1793,0,0.000000,16384,1573,57088,4,1.000000,0.000000
14633,15620912659,1055974,0,0,1824,0,0.000000,16384,1636,55974,4,1.000000,0.000000
14634,15621970088,1057429,0,0,1769,0,0.000000,16384,1603,57429,4,1.000000,0.000000
14635,15623027710,1057622,0,0,1756,0,0.000000,16384,1546,57622,4,1.000000,0.000000
14636,15624084477,1056767,0,0,1812,0,0.000000,16384,1592,56767,4,1.000000,0.000000
14637,15625140243,1055766,0,0,1825,0,0.000000,16384,1644,55766,4,1.000000,0.000000
14638,15626196104,1055861,0,0,1804,0,0.000000,16384,1631,55861,4,1.000000,0.000000
14639,15627251533,1055429,0,0,1823,0,0.000000,16384,1613,55429,4,1.000000,0.000000
14640,15628307224,1055691,0,0,1823,0,0.000000,16384,1603,55691,4,1.000000,0.000000
14641,15629369003,1061779,0,0,1833,0,0.000000,16384,1635,61779,4,1.000000,0.000000
14642,15630425007,1056004,0,0,1799,0,0.000000,16384,1626,56004,4,1.000000,0.000000
14643,15631480650,1055643,0,0,1823,0,0.000000,16384,1630,55643,4,1.000000,0.000000
14644,15632536711,1056061,0,0,1800,0,0.000000,16384,1580,56061,4,1.000000,0.000000
14645,15633594199,1057488,0,0,1755,0,0.000000,16384,1561,57488,4,1.000000,0.000000
14646,15634651144,1056945,0,0,1825,0,0.000000,16384,1647,56945,4,1.000000,0.000000
14647,15635670957,1019813,0,0,1759,0,0.000000,16384,1566,19813,4,1.000000,0.000000
14648,15636727735,1056778,0,0,1812,0,0.000000,16384,1593,56778,4,1.000000,0.000000
14649,15637783795,1056060,0,0,1814,0,0.000000,16384,1617,56060,4,1.000000,0.000000
14650,15638840016,1056221,0,0,1801,0,0.000000,16384,1628,56221,4,1.000000,0.000000
14651,15639902198,1062182,0,0,1805,0,0.000000,16384,1611,62182,4,1.000000,0.000000
14652,15640958652,1056454,0,0,1824,0,0.000000,16384,1603,56454,4,1.000000,0.000000
14653,15642015199,1056547,0,0,1690,0,0.000000,16384,1509,56547,4,1.000000,0.000000
14654,15643071787,1056588,0,0,1736,0,0.000000,16384,1578,56588,4,1.000000,0.000000
14655,15644127955,1056168,0,0,1805,0,0.000000,16384,1582,56168,4,1.000000,0.000000
14656,15645184005,1056050,0,0,1823,0,0.000000,16384,1602,56050,4,1.000000,0.000000
14657,15646239576,1055571,0,0,1824,0,0.000000,16384,1644,55571,4,1.000000,0.000000
14658,15647295259,1055683,0,0,1825,0,0.000000,16384,1647,55683,4,1.000000,0.000000
14659,15648351753,1056494,0,0,1787,0,0.000000,16384,1581,56494,4,1.000000,0.000000
14660,15649407986,1056233,0,0,1764,0,0.000000,16384,1544,56233,4,1.000000,0.000000
14661,15650469340,1061354,0,0,1833,0,0.000000,16384,1650,61354,4,1.000000,0.000000
14662,15651525608,1056268,0,0,1797,0,0.000000,16384,1625,56268,4,1.000000,0.000000
14663,15652582173,1056565,0,0,1771,0,0.000000,16384,1562,56565,4,1.000000,0.000000
14664,15653641018,1058845,0,0,1723,0,0.000000,16384,1514,58845,4,1.000000,0.000000
14665,15654672007,1030989,0,0,1778,0,0.000000,16384,1609,30989,4,1.000000,0.000000
14666,15655728827,1056820,0,0,1810,0,0.000000,16384,1628,56820,4,1.000000,0.000000
14667,15656786159,1057332,0,0,1827,0,0.000000,16384,1607,57332,4,1.000000,0.000000
14668,15657842708,1056549,0,0,1826,0,0.000000,16384,1602,56549,4,1.000000,0.000000
14669,15658898733,1056025,0,0,1826,0,0.000000,16384,1650,56025,4,1.000000,0.000000
14670,15659954611,1055878,0,0,1828,0,0.000000,16384,1649,55878,4,1.000000,0.000000
14671,15661025858,1071247,0,0,1836,0,0.000000,16384,1626,71247,4,1.000000,0.000000
14672,15662087158,1061300,0,0,1711,0,0.000000,16384,1492,61300,4,1.000000,0.000000
14673,15663148159,1061001,0,0,1651,0,0.000000,16384,1509,61001,4,1.000000,0.000000
14674,15664206075,1057916,0,0,1745,0,0.000000,16384,1547,57916,4,1.000000,0.000000
14675,15665262327,1056252,0,0,1824,0,0.000000,16384,1604,56252,4,1.000000,0.000000
14676,15666318738,1056411,0,0,1802,0,0.000000,16384,1614,56411,4,1.000000,0.000000
14677,15667375011,1056273,0,0,1828,0,0.000000,16384,1648,56273,4,1.000000,0.000000
14678,15668431713,1056702,0,0,1826,0,0.000000,16384,1630,56702,4,1.000000,0.000000
14679,15669491314,1059601,0,0,1786,0,0.000000,16384,1566,59601,4,1.000000,0.000000
14680,15670553201,1061887,0,0,1583,0,0.000000,16384,1428,61887,4,1.000000,0.000000
14681,15671630656,1077455,0,0,1454,0,0.000000,16384,1273,77455,4,1.000000,0.000000
14682,15673039052,1408396,0,0,1817,0,0.000000,16384,1626,408396,4,1.000000,0.000000
14683,15674111885,1072833,0,0,1397,0,0.000000,16384,1252,72833,4,1.000000,0.000000
14684,15675185661,1073776,0,0,1382,0,0.000000,16384,1252,73776,4,1.000000,0.000000
14685,15676261347,1075686,0,0,1375,0,0.000000,16384,1193,75686,4,1.000000,0.000000
14686,15677343357,1082010,0,0,1393,0,0.000000,16384,1255,82010,4,1.000000,0.000000
14687,15678417638,1074281,0,0,1422,0,0.000000,16384,1278,74281,4,1.000000,0.000000
14688,15679681765,1264127,0,0,1628,0,0.000000,16384,1438,264127,4,1.000000,0.000000
14689,15680757090,1075325,0,0,1365,0,0.000000,16384,1237,75325,4,1.000000,0.000000
14690,15681899911,1142821,0,0,1465,0,0.000000,16384,1266,142821,4,1.000000,0.000000
14691,15683363683,1463772,0,0,1919,0,0.000000,16384,1722,463772,4,1.000000,0.000000
14692,15684435884,1072201,0,0,1438,0,0.000000,16384,1290,72201,4,1.000000,0.000000
14693,15685506206,1070322,0,0,1443,0,0.000000,16384,1296,70322,4,1.000000,0.000000
14694,15686575654,1069448,0,0,1430,0,0.000000,16384,1241,69448,4,1.000000,0.000000
14695,15687644809,1069155,0,0,1475,0,0.000000,16384,1359,69155,4,1.000000,0.000000
14696,15688675257,1030448,0,0,1462,0,0.000000,16384,1268,30448,4,1.000000,0.000000
14697,15689736675,1061418,0,0,1509,0,0.000000,16384,1367,61418,4,1.000000,0.000000
14698,15690800758,1064083,0,0,1479,0,0.000000,16384,1303,64083,4,1.000000,0.000000
14699,15691864215,1063457,0,0,1557,0,0.000000,16384,1397,63457,4,1.000000,0.000000
14700,15692926509,1062294,0,0,1616,0,0.000000,16384,1423,62294,4,1.000000,0.000000
14701,15694106340,1179831,0,0,1719,0,0.000000,16384,1563,179831,4,1.000000,0.000000
14702,15695170268,1063928,0,0,1515,0,0.000000,16384,1308,63928,4,1.000000,0.000000
14703,15696232273,1062005,0,0,1518,0,0.000000,16384,1400,62005,4,1.000000,0.000000
14704,15697292968,1060695,0,0,1511,0,0.000000,16384,1301,60695,4,1.000000,0.000000
14705,15698439457,1146489,0,0,1563,0,0.000000,16384,1439,146489,4,1.000000,0.000000
14706,15699505118,1065661,0,0,1571,0,0.000000,16384,1351,65661,4,1.000000,0.000000
14707,15700565243,1060125,0,0,1609,0,0.000000,16384,1473,60125,4,1.000000,0.000000
14708,15701598024,1032781,0,0,1581,0,0.000000,16384,1381,32781,4,1.000000,0.000000
14709,15702658153,1060129,0,0,1609,0,0.000000,16384,1452,60129,4,1.000000,0.000000
14710,15703673868,1015715,0,0,1542,0,0.000000,16384,1363,15715,4,1.000000,0.000000
14711,15704767892,1094024,0,0,1642,0,0.000000,16384,1465,94024,4,1.000000,0.000000
14712,15705830472,1062580,0,0,1593,0,0.000000,16384,1429,62580,4,1.000000,0.000000
14713,15706906805,1076333,0,0,1450,0,0.000000,16384,1286,76333,4,1.000000,0.000000
14714,15708592533,1685728,0,0,2160,0,0.000000,16384,1915,685728,4,1.000000,0.000000
14715,15709676538,1084005,0,0,1275,0,0.000000,16384,1129,84005,4,1.000000,0.000000
14716,15710750359,1073821,0,0,1395,0,0.000000,16384,1279,73821,4,1.000000,0.000000
14717,15711821808,1071449,0,0,1414,0,0.000000,16384,1234,71449,4,1.000000,0.000000
14718,15712887808,1066000,0,0,1471,0,0.000000,16384,1317,66000,4,1.000000,0.000000
14719,15713917185,1029377,0,0,1395,0,0.000000,16384,1256,29377,4,1.000000,0.000000
14720,15714982986,1065801,0,0,1445,0,0.000000,16384,1250,65801,4,1.000000,0.000000
14721,15718187868,3204882,0,0,4517,0,0.000000,16384,4064,2204882,4,1.000000,0.000000
14722,15719275963,1088095,0,0,1444,0,0.000000,16384,1266,88095,4,1.000000,0.000000
14723,15720345562,1069599,0,0,1454,0,0.000000,16384,1301,69599,4,1.000000,0.000000
14724,15721408866,1063304,0,0,1512,0,0.000000,16384,1353,63304,4,1.000000,0.000000
14725,15722474790,1065924,0,0,1504,0,0.000000,16384,1327,65924,4,1.000000,0.000000
14726,15723538367,1063577,0,0,1534,0,0.000000,16384,1384,63577,4,1.000000,0.000000
14727,15724601598,1063231,0,0,1526,0,0.000000,16384,1340,63231,4,1.000000,0.000000
14728,15725669741,1068143,0,0,1610,0,0.000000,16384,1450,68143,4,1.000000,0.000000
14729,15726734449,1064708,0,0,1400,0,0.000000,16384,1224,64708,4,1.000000,0.000000
14730,15727801532,1067083,0,0,1483,0,0.000000,16384,1363,67083,4,1.000000,0.000000
14731,15728888002,1086470,0,0,1522,0,0.000000,16384,1311,86470,4,1.000000,0.000000
14732,15729953043,1065041,0,0,1510,0,0.000000,16384,1389,65041,4,1.000000,0.000000
14733,15731015790,1062747,0,0,1611,0,0.000000,16384,1391,62747,4,1.000000,0.000000
14734,15732075279,1059489,0,0,1577,0,0.000000,16384,1446,59489,4,1.000000,0.000000
14735,15733134268,1058989,0,0,1576,0,0.000000,16384,1371,58989,4,1.000000,0.000000
14736,15734266414,1132146,0,0,1616,0,0.000000,16384,1464,132146,4,1.000000,0.000000
14737,15735336900,1070486,0,0,1361,0,0.000000,16384,1182,70486,4,1.000000,0.000000
14738,15736411436,1074536,0,0,1380,0,0.000000,16384,1259,74536,4,1.000000,0.000000
14739,15737436516,1025080,0,0,1447,0,0.000000,16384,1284,25080,4,1.000000,0.000000
14740,15738504185,1067669,0,0,1427,0,0.000000,16384,1258,67669,4,1.000000,0.000000
14741,15739594299,1090114,0,0,1530,0,0.000000,16384,1387,90114,4,1.000000,0.000000
14742,15740655569,1061270,0,0,1597,0,0.000000,16384,1404,61270,4,1.000000,0.000000
14743,15741678902,1023333,0,0,1428,0,0.000000,16384,1298,23333,4,1.000000,0.000000
14744,15742748997,1070095,0,0,1428,0,0.000000,16384,1236,70095,4,1.000000,0.000000
14745,15743818341,1069344,0,0,1341,0,0.000000,16384,1213,69344,4,1.000000,0.000000
14746,15744885853,1067512,0,0,1496,0,0.000000,16384,1337,67512,4,1.000000,0.000000
14747,15745949167,1063314,0,0,1469,0,0.000000,16384,1294,63314,4,1.000000,0.000000
14748,15747009769,1060602,0,0,1513,0,0.000000,16384,1373,60602,4,1.000000,0.000000
14749,15748148622,1138853,0,0,1626,0,0.000000,16384,1388,138853,4,1.000000,0.000000
14750,15749224814,1076192,0,0,1358,0,0.000000,16384,1179,76192,4,1.000000,0.000000
14751,15750364710,1139896,0,0,1477,0,0.000000,16384,1361,139896,4,1.000000,0.000000
14752,15751434923,1070213,0,0,1397,0,0.000000,16384,1219,70213,4,1.000000,0.000000
14753,15752500566,1065643,0,0,1466,0,0.000000,16384,1312,65643,4,1.000000,0.000000
14754,15753564896,1064330,0,0,1577,0,0.000000,16384,1404,64330,4,1.000000,0.000000
14755,15754630275,1065379,0,0,1557,0,0.000000,16384,1390,65379,4,1.000000,0.000000
14756,15755682653,1052378,0,0,1580,0,0.000000,16384,1401,52378,4,1.000000,0.000000
14757,15756750802,1068149,0,0,1433,0,0.000000,16384,1280,68149,4,1.000000,0.000000
14758,15757815753,1064951,0,0,1421,0,0.000000,16384,1284,64951,4,1.000000,0.000000
14759,15758880044,1064291,0,0,1507,0,0.000000,16384,1308,64291,4,1.000000,0.000000
14760,15759947043,1066999,0,0,1476,0,0.000000,16384,1360,66999,4,1.000000,0.000000
14761,15761029754,1082711,0,0,1537,0,0.000000,16384,1321,82711,4,1.000000,0.000000
14762,15762093110,1063356,0,0,1486,0,0.000000,16384,1366,63356,4,1.000000,0.000000
14763,15763158257,1065147,0,0,1446,0,0.000000,16384,1261,65147,4,1.000000,0.000000
14764,15764404890,1246633,0,0,1695,0,0.000000,16384,1544,246633,4,1.000000,0.000000
14765,15765491663,1086773,0,0,1401,0,0.000000,16384,1214,86773,4,1.000000,0.000000
14766,15766558827,1067164,0,0,1504,0,0.000000,16384,1355,67164,4,1.000000,0.000000
14767,15767621256,1062429,0,0,1490,0,0.000000,16384,1321,62429,4,1.000000,0.000000
14768,15768693768,1072512,0,0,1579,0,0.000000,16384,1412,72512,4,1.000000,0.000000
14769,15769757380,1063612,0,0,1576,0,0.000000,16384,1393,63612,4,1.000000,0.000000
14770,15770821915,1064535,0,0,1617,0,0.000000,16384,1464,64535,4,1.000000,0.000000
14771,15771925522,1103607,0,0,1518,0,0.000000,16384,1324,103607,4,1.000000,0.000000
14772,15773001748,1076226,0,0,1387,0,0.000000,16384,1249,76226,4,1.000000,0.000000
14773,15774067328,1065580,0,0,1515,0,0.000000,16384,1354,65580,4,1.000000,0.000000
14774,15775181348,1114020,0,0,1538,0,0.000000,16384,1363,114020,4,1.000000,0.000000
14775,15776249710,1068362,0,0,1496,0,0.000000,16384,1345,68362,4,1.000000,0.000000
14776,15777339696,1089986,0,0,1508,0,0.000000,16384,1323,89986,4,1.000000,0.000000
14777,15778407635,1067939,0,0,1447,0,0.000000,16384,1321,67939,4,1.000000,0.000000
14778,15779471260,1063625,0,0,1507,0,0.000000,16384,1299,63625,4,1.000000,0.000000
14779,15780540179,1068919,0,0,1403,0,0.000000,16384,1285,68919,4,1.000000,0.000000
14780,15781611585,1071406,0,0,1337,0,0.000000,16384,1189,71406,4,1.000000,0.000000
14781,15782685584,1073999,0,0,1453,0,0.000000,16384,1269,73999,4,1.000000,0.000000
14782,15783750685,1065101,0,0,1488,0,0.000000,16384,1365,65101,4,1.000000,0.000000
14783,15784814361,1063676,0,0,1489,0,0.000000,16384,1284,63676,4,1.000000,0.000000
14784,15785959936,1145575,0,0,1544,0,0.000000,16384,1420,145575,4,1.000000,0.000000
14785,15787029749,1069813,0,0,1393,0,0.000000,16384,1211,69813,4,1.000000,0.000000
14786,15788101501,1071752,0,0,1230,0,0.000000,16384,1079,71752,4,1.000000,0.000000
14787,15789175906,1074405,0,0,1233,0,0.000000,16384,1122,74405,4,1.000000,0.000000
14788,15790260091,1084185,0,0,1350,0,0.000000,16384,1224,84185,4,1.000000,0.000000
14789,15791804060,1543969,0,0,1979,0,0.000000,16384,1764,543969,4,1.000000,0.000000
14790,15792876789,1072729,0,0,1450,0,0.000000,16384,1260,72729,4,1.000000,0.000000
14791,15793965561,1088772,0,0,1375,0,0.000000,16384,1234,88772,4,1.000000,0.000000
14792,15795032730,1067169,0,0,1458,0,0.000000,16384,1312,67169,4,1.000000,0.000000
14793,15796057117,1024387,0,0,1329,0,0.000000,16384,1158,24387,4,1.000000,0.000000
14794,15797132489,1075372,0,0,1379,0,0.000000,16384,1244,75372,4,1.000000,0.000000
14795,15798440658,1308169,0,0,1672,0,0.000000,16384,1477,308169,4,1.000000,0.000000
14796,15799545012,1104354,0,0,1598,0,0.000000,16384,1457,104354,4,1.000000,0.000000
14797,15800695311,1150299,0,0,1365,0,0.000000,16384,1194,150299,4,1.000000,0.000000
14798,15801774126,1078815,0,0,1387,0,0.000000,16384,1226,78815,4,1.000000,0.000000
14799,15803558126,1784000,0,0,2313,0,0.000000,16384,2085,784000,4,1.000000,0.000000
14800,15804637479,1079353,0,0,1312,0,0.000000,16384,1167,79353,4,1.000000,0.000000
14801,15805745682,1108203,0,0,1349,0,0.000000,16384,1173,108203,4,1.000000,0.000000
14802,15806824541,1078859,0,0,1471,0,0.000000,16384,1344,78859,4,1.000000,0.000000
14803,15807903775,1079234,0,0,1460,0,0.000000,16384,1281,79234,4,1.000000,0.000000
14804,15809195007,1291232,0,0,1730,0,0.000000,16384,1573,291232,4,1.000000,0.000000
14805,15811020124,1825117,0,0,2370,0,0.000000,16384,2082,825117,4,1.000000,0.000000
14806,15812108119,1087995,0,0,1394,0,0.000000,16384,1238,87995,4,1.000000,0.000000
14807,15813183655,1075536,0,0,1375,0,0.000000,16384,1259,75536,4,1.000000,0.000000
14808,15814255631,1071976,0,0,1397,0,0.000000,16384,1210,71976,4,1.000000,0.000000
14809,15815324436,1068805,0,0,1487,0,0.000000,16384,1338,68805,4,1.000000,0.000000
14810,15816394715,1070279,0,0,1487,0,0.000000,16384,1322,70279,4,1.000000,0.000000
14811,15818118998,1724283,0,0,2282,0,0.000000,16384,2013,724283,4,1.000000,0.000000
14812,15819190783,1071785,0,0,1398,0,0.000000,16384,1272,71785,4,1.000000,0.000000
14813,15820261257,1070474,0,0,1548,0,0.000000,16384,1365,70474,4,1.000000,0.000000
14814,15821325252,1063995,0,0,1595,0,0.000000,16384,1442,63995,4,1.000000,0.000000
14815,15822392014,1066762,0,0,1525,0,0.000000,16384,1335,66762,4,1.000000,0.000000
14816,15824117590,1725576,0,0,2328,0,0.000000,16384,2074,725576,4,1.000000,0.000000
14817,15825190404,1072814,0,0,1552,0,0.000000,16384,1405,72814,4,1.000000,0.000000
14818,15826263706,1073302,0,0,1423,0,0.000000,16384,1234,73302,4,1.000000,0.000000
14819,15827337406,1073700,0,0,1402,0,0.000000,16384,1286,73700,4,1.000000,0.000000
14820,15828408679,1071273,0,0,1562,0,0.000000,16384,1364,71273,4,1.000000,0.000000
14821,15829578045,1169366,0,0,1603,0,0.000000,16384,1465,169366,4,1.000000,0.000000
14822,15830644282,1066237,0,0,1552,0,0.000000,16384,1339,66237,4,1.000000,0.000000
14823,15831678989,1034707,0,0,1544,0,0.000000,16384,1421,34707,4,1.000000,0.000000
14824,15832754099,1075110,0,0,1581,0,0.000000,16384,1361,75110,4,1.000000,0.000000
14825,15833856869,1102770,0,0,1470,0,0.000000,16384,1354,102770,4,1.000000,0.000000
14826,15835649893,1793024,0,0,2338,0,0.000000,16384,2066,793024,4,1.000000,0.000000
14827,15836687687,1037794,0,0,1362,0,0.000000,16384,1190,37794,4,1.000000,0.000000
14828,15837817106,1129419,0,0,1422,0,0.000000,16384,1306,129419,4,1.000000,0.000000
14829,15839063975,1246869,0,0,1589,0,0.000000,16384,1377,246869,4,1.000000,0.000000
14830,15840142373,1078398,0,0,1364,0,0.000000,16384,1240,78398,4,1.000000,0.000000
14831,15841555860,1413487,0,0,1820,0,0.000000,16384,1600,413487,4,1.000000,0.000000
14832,15842631167,1075307,0,0,1346,0,0.000000,16384,1230,75307,4,1.000000,0.000000
14833,15843691187,1060020,0,0,1346,0,0.000000,16384,1192,60020,4,1.000000,0.000000
14834,15844764111,1072924,0,0,1286,0,0.000000,16384,1123,72924,4,1.000000,0.000000
14835,15845837297,1073186,0,0,1357,0,0.000000,16384,1225,73186,4,1.000000,0.000000
14836,15846907264,1069967,0,0,1439,0,0.000000,16384,1291,69967,4,1.000000,0.000000
14837,15847981399,1074135,0,0,1399,0,0.000000,16384,1216,74135,4,1.000000,0.000000
14838,15849053716,1072317,0,0,1365,0,0.000000,16384,1249,72317,4,1.000000,0.000000
14839,15850157670,1103954,0,0,1416,0,0.000000,16384,1255,103954,4,1.000000,0.000000
14840,15851627275,1469605,0,0,1845,0,0.000000,16384,1663,469605,4,1.000000,0.000000
14841,15852744429,1117154,0,0,1383,0,0.000000,16384,1200,117154,4,1.000000,0.000000
14842,15853794448,1050019,0,0,1326,0,0.000000,16384,1184,50019,4,1.000000,0.000000
14843,15854876912,1082464,0,0,1365,0,0.000000,16384,1249,82464,4,1.000000,0.000000
14844,15855950991,1074079,0,0,1311,0,0.000000,16384,1143,74079,4,1.000000,0.000000
14845,15857071540,1120549,0,0,1458,0,0.000000,16384,1294,120549,4,1.000000,0.000000
14846,15858146546,1075006,0,0,1342,0,0.000000,16384,1226,75006,4,1.000000,0.000000
14847,15859220191,1073645,0,0,1373,0,0.000000,16384,1193,73645,4,1.000000,0.000000
14848,15860301628,1081437,0,0,1378,0,0.000000,16384,1226,81437,4,1.000000,0.000000
14849,15861436210,1134582,0,0,1418,0,0.000000,16384,1291,134582,4,1.000000,0.000000
14850,15862509554,1073344,0,0,1368,0,0.000000,16384,1188,73344,4,1.000000,0.000000
14851,15863595219,1085665,0,0,1377,0,0.000000,16384,1236,85665,4,1.000000,0.000000
14852,15864674487,1079268,0,0,1337,0,0.000000,16384,1216,79268,4,1.000000,0.000000
14853,15865751426,1076939,0,0,1378,0,0.000000,16384,1196,76939,4,1.000000,0.000000
14854,15866785798,1034372,0,0,1297,0,0.000000,16384,1152,34372,4,1.000000,0.000000
14855,15867909898,1124100,0,0,1453,0,0.000000,16384,1329,124100,4,1.000000,0.000000
14856,15869102235,1192337,0,0,1594,0,0.000000,16384,1382,192337,4,1.000000,0.000000
14857,15870177263,1075028,0,0,1371,0,0.000000,16384,1255,75028,4,1.000000,0.000000
14858,15871266571,1089308,0,0,1373,0,0.000000,16384,1207,89308,4,1.000000,0.000000
14859,15872400911,1134340,0,0,1477,0,0.000000,16384,1311,134340,4,1.000000,0.000000
14860,15873516822,1115911,0,0,1401,0,0.000000,16384,1273,115911,4,1.000000,0.000000
14861,15874633666,1116844,0,0,1440,0,0.000000,16384,1246,116844,4,1.000000,0.000000
14862,15875688917,1055251,0,0,1357,0,0.000000,16384,1227,55251,4,1.000000,0.000000
14863,15876762219,1073302,0,0,1366,0,0.000000,16384,1232,73302,4,1.000000,0.000000
14864,15877833606,1071387,0,0,1381,0,0.000000,16384,1198,71387,4,1.000000,0.000000
14865,15878909085,1075479,0,0,1423,0,0.000000,16384,1292,75479,4,1.000000,0.000000
14866,15879975876,1066791,0,0,1432,0,0.000000,16384,1273,66791,4,1.000000,0.000000
14867,15881043050,1067174,0,0,1494,0,0.000000,16384,1321,67174,4,1.000000,0.000000
14868,15882111440,1068390,0,0,1431,0,0.000000,16384,1300,68390,4,1.000000,0.000000
14869,15883180988,1069548,0,0,1417,0,0.000000,16384,1227,69548,4,1.000000,0.000000
14870,15884260533,1079545,0,0,1561,0,0.000000,16384,1429,79545,4,1.000000,0.000000
14871,15885359540,1099007,0,0,1610,0,0.000000,16384,1390,99007,4,1.000000,0.000000
14872,15886425873,1066333,0,0,1523,0,0.000000,16384,1405,66333,4,1.000000,0.000000
14873,15887488570,1062697,0,0,1505,0,0.000000,16384,1297,62697,4,1.000000,0.000000
14874,15888550369,1061799,0,0,1559,0,0.000000,16384,1434,61799,4,1.000000,0.000000
14875,15889609384,1059015,0,0,1559,0,0.000000,16384,1339,59015,4,1.000000,0.000000
14876,15890640862,1031478,0,0,1442,0,0.000000,16384,1325,31478,4,1.000000,0.000000
14877,15891726034,1085172,0,0,1515,0,0.000000,16384,1323,85172,4,1.000000,0.000000
14878,15892793213,1067179,0,0,1540,0,0.000000,16384,1397,67179,4,1.000000,0.000000
14879,15893856988,1063775,0,0,1567,0,0.000000,16384,1370,63775,4,1.000000,0.000000
14880,15894916683,1059695,0,0,1540,0,0.000000,16384,1401,59695,4,1.000000,0.000000
14881,15896108782,1192099,0,0,1695,0,0.000000,16384,1475,192099,4,1.000000,0.000000
14882,15897225347,1116565,0,0,1470,0,0.000000,16384,1354,116565,4,1.000000,0.000000
14883,15898293077,1067730,0,0,1438,0,0.000000,16384,1246,67730,4,1.000000,0.000000
14884,15899358585,1065508,0,0,1507,0,0.000000,16384,1363,65508,4,1.000000,0.000000
14885,15900421326,1062741,0,0,1550,0,0.000000,16384,1363,62741,4,1.000000,0.000000
14886,15901480355,1059029,0,0,1554,0,0.000000,16384,1405,59029,4,1.000000,0.000000
14887,15902539276,1058921,0,0,1558,0,0.000000,16384,1366,58921,4,1.000000,0.000000
14888,15903598577,1059301,0,0,1552,0,0.000000,16384,1408,59301,4,1.000000,0.000000
14889,15904680561,1081984,0,0,1404,0,0.000000,16384,1237,81984,4,1.000000,0.000000
14890,15905754324,1073763,0,0,1437,0,0.000000,16384,1272,73763,4,1.000000,0.000000
14891,15906846471,1092147,0,0,1557,0,0.000000,16384,1404,92147,4,1.000000,0.000000
14892,15907909023,1062552,0,0,1558,0,0.000000,16384,1375,62552,4,1.000000,0.000000
14893,15908967889,1058866,0,0,1546,0,0.000000,16384,1389,58866,4,1.000000,0.000000
14894,15910025772,1057883,0,0,1536,0,0.000000,16384,1357,57883,4,1.000000,0.000000
14895,15911086174,1060402,0,0,1541,0,0.000000,16384,1385,60402,4,1.000000,0.000000
14896,15912149924,1063750,0,0,1505,0,0.000000,16384,1325,63750,4,1.000000,0.000000
14897,15913221457,1071533,0,0,1419,0,0.000000,16384,1296,71533,4,1.000000,0.000000
14898,15914288514,1067057,0,0,1490,0,0.000000,16384,1285,67057,4,1.000000,0.000000
14899,15915351761,1063247,0,0,1510,0,0.000000,16384,1386,63247,4,1.000000,0.000000
14900,15916414266,1062505,0,0,1500,0,0.000000,16384,1303,62505,4,1.000000,0.000000
14901,15917500898,1086632,0,0,1512,0,0.000000,16384,1373,86632,4,1.000000,0.000000
14902,15918566082,1065184,0,0,1449,0,0.000000,16384,1277,65184,4,1.000000,0.000000
14903,15919627480,1061398,0,0,1487,0,0.000000,16384,1327,61398,4,1.000000,0.000000
14904,15920679975,1052495,0,0,1388,0,0.000000,16384,1253,52495,4,1.000000,0.000000
14905,15921744804,1064829,0,0,1507,0,0.000000,16384,1306,64829,4,1.000000,0.000000
14906,15922817067,1072263,0,0,1504,0,0.000000,16384,1384,72263,4,1.000000,0.000000
14907,15923881662,1064595,0,0,1508,0,0.000000,16384,1300,64595,4,1.000000,0.000000
14908,15924942995,1061333,0,0,1482,0,0.000000,16384,1358,61333,4,1.000000,0.000000
14909,15926003453,1060458,0,0,1471,0,0.000000,16384,1284,60458,4,1.000000,0.000000
14910,15927064007,1060554,0,0,1520,0,0.000000,16384,1371,60554,4,1.000000,0.000000
14911,15928367012,1303005,0,0,1770,0,0.000000,16384,1550,303005,4,1.000000,0.000000
14912,15929439760,1072748,0,0,1445,0,0.000000,16384,1329,72748,4,1.000000,0.000000
14913,15930505051,1065291,0,0,1477,0,0.000000,16384,1282,65291,4,1.000000,0.000000
14914,15931568469,1063418,0,0,1467,0,0.000000,16384,1326,63418,4,1.000000,0.000000
14915,15932631328,1062859,0,0,1503,0,0.000000,16384,1331,62859,4,1.000000,0.000000
14916,15933679809,1048481,0,0,1525,0,0.000000,16384,1361,48481,4,1.000000,0.000000
14917,15934745152,1065343,0,0,1667,0,0.000000,16384,1474,65343,4,1.000000,0.000000
14918,15935805790,1060638,0,0,1557,0,0.000000,16384,1413,60638,4,1.000000,0.000000
14919,15936979107,1173317,0,0,1602,0,0.000000,16384,1395,173317,4,1.000000,0.000000
14920,15938044088,1064981,0,0,1535,0,0.000000,16384,1407,64981,4,1.000000,0.000000
14921,15939126963,1082875,0,0,1584,0,0.000000,16384,1369,82875,4,1.000000,0.000000
14922,15940185460,1058497,0,0,1562,0,0.000000,16384,1436,58497,4,1.000000,0.000000
14923,15941243530,1058070,0,0,1611,0,0.000000,16384,1396,58070,4,1.000000,0.000000
14924,15942305544,1062014,0,0,1650,0,0.000000,16384,1494,62014,4,1.000000,0.000000
14925,15943367239,1061695,0,0,1666,0,0.000000,16384,1482,61695,4,1.000000,0.000000
14926,15944429627,1062388,0,0,1528,0,0.000000,16384,1354,62388,4,1.000000,0.000000
14927,15945490105,1060478,0,0,1632,0,0.000000,16384,1470,60478,4,1.000000,0.000000
14928,15946547680,1057575,0,0,1657,0,0.000000,16384,1441,57575,4,1.000000,0.000000
14929,15947604619,1056939,0,0,1658,0,0.000000,16384,1515,56939,4,1.000000,0.000000
14930,15948662718,1058099,0,0,1657,0,0.000000,16384,1460,58099,4,1.000000,0.000000
14931,15949744055,1081337,0,0,1663,0,0.000000,16384,1476,81337,4,1.000000,0.000000
14932,15950802454,1058399,0,0,1652,0,0.000000,16384,1499,58399,4,1.000000,0.000000
14933,15951863927,1061473,0,0,1537,0,0.000000,16384,1333,61473,4,1.000000,0.000000
14934,15952925588,1061661,0,0,1526,0,0.000000,16384,1394,61661,4,1.000000,0.000000
14935,15953985301,1059713,0,0,1661,0,0.000000,16384,1441,59713,4,1.000000,0.000000
14936,15955042985,1057684,0,0,1662,0,0.000000,16384,1513,57684,4,1.000000,0.000000
14937,15956101503,1058518,0,0,1661,0,0.000000,16384,1469,58518,4,1.000000,0.000000
14938,15957162270,1060767,0,0,1614,0,0.000000,16384,1431,60767,4,1.000000,0.000000
14939,15958226398,1064128,0,0,1557,0,0.000000,16384,1405,64128,4,1.000000,0.000000
14940,15959287045,1060647,0,0,1616,0,0.000000,16384,1415,60647,4,1.000000,0.000000
14941,15960360539,1073494,0,0,1690,0,0.000000,16384,1539,73494,4,1.000000,0.000000
14942,15961417539,1057000,0,0,1663,0,0.000000,16384,1459,57000,4,1.000000,0.000000
14943,15962475829,1058290,0,0,1508,0,0.000000,16384,1358,58290,4,1.000000,0.000000
14944,15963533395,1057566,0,0,1625,0,0.000000,16384,1439,57566,4,1.000000,0.000000
14945,15964598493,1065098,0,0,1593,0,0.000000,16384,1417,65098,4,1.000000,0.000000
14946,15965696146,1097653,0,0,1697,0,0.000000,16384,1533,97653,4,1.000000,0.000000
14947,15966763427,1067281,0,0,1500,0,0.000000,16384,1305,67281,4,1.000000,0.000000
14948,15967826140,1062713,0,0,1567,0,0.000000,16384,1426,62713,4,1.000000,0.000000
14949,15968884468,1058328,0,0,1555,0,0.000000,16384,1352,58328,4,1.000000,0.000000
14950,15969947019,1062551,0,0,1645,0,0.000000,16384,1504,62551,4,1.000000,0.000000
14951,15971026998,1079979,0,0,1656,0,0.000000,16384,1444,79979,4,1.000000,0.000000
14952,15972090218,1063220,0,0,1626,0,0.000000,16384,1462,63220,4,1.000000,0.000000
14953,15973150965,1060747,0,0,1562,0,0.000000,16384,1390,60747,4,1.000000,0.000000
14954,15974208915,1057950,0,0,1559,0,0.000000,16384,1388,57950,4,1.000000,0.000000
14955,15975266164,1057249,0,0,1571,0,0.000000,16384,1402,57249,4,1.000000,0.000000
14956,15976358083,1091919,0,0,1785,0,0.000000,16384,1565,91919,4,1.000000,0.000000
14957,15977421887,1063804,0,0,1664,0,0.000000,16384,1517,63804,4,1.000000,0.000000
14958,15978488620,1066733,0,0,1448,0,0.000000,16384,1259,66733,4,1.000000,0.000000
14959,15979553177,1064557,0,0,1551,0,0.000000,16384,1420,64557,4,1.000000,0.000000
14960,15980613955,1060778,0,0,1557,0,0.000000,16384,1351,60778,4,1.000000,0.000000
14961,15981673005,1059050,0,0,1650,0,0.000000,16384,1496,59050,4,1.000000,0.000000
14962,15982732520,1059515,0,0,1552,0,0.000000,16384,1371,59515,4,1.000000,0.000000
14963,15983791762,1059242,0,0,1618,0,0.000000,16384,1446,59242,4,1.000000,0.000000
14964,15984848909,1057147,0,0,1667,0,0.000000,16384,1499,57147,4,1.000000,0.000000
14965,15985992213,1143304,0,0,1726,0,0.000000,16384,1506,143304,4,1.000000,0.000000
14966,15987057850,1065637,0,0,1559,0,0.000000,16384,1424,65637,4,1.000000,0.000000
14967,15988123399,1065549,0,0,1583,0,0.000000,16384,1382,65549,4,1.000000,0.000000
14968,15989186542,1063143,0,0,1591,0,0.000000,16384,1438,63143,4,1.000000,0.000000
14969,15990250420,1063878,0,0,1563,0,0.000000,16384,1380,63878,4,1.000000,0.000000
14970,15991311651,1061231,0,0,1553,0,0.000000,16384,1394,61231,4,1.000000,0.000000
14971,15992391457,1079806,0,0,1649,0,0.000000,16384,1468,79806,4,1.000000,0.000000
14972,15993449876,1058419,0,0,1659,0,0.000000,16384,1458,58419,4,1.000000,0.000000
14973,15994509325,1059449,0,0,1667,0,0.000000,16384,1522,59449,4,1.000000,0.000000
14974,15995566257,1056932,0,0,1655,0,0.000000,16384,1445,56932,4,1.000000,0.000000
14975,15996630837,1064580,0,0,1503,0,0.000000,16384,1362,64580,4,1.000000,0.000000
14976,15997678673,1047836,0,0,1519,0,0.000000,16384,1324,47836,4,1.000000,0.000000
14977,15998738654,1059981,0,0,1559,0,0.000000,16384,1419,59981,4,1.000000,0.000000
14978,15999797105,1058451,0,0,1553,0,0.000000,16384,1331,58451,4,1.000000,0.000000
14979,16000854302,1057197,0,0,1632,0,0.000000,16384,1437,57197,4,1.000000,0.000000
14980,16001911799,1057497,0,0,1474,0,0.000000,16384,1328,57497,4,1.000000,0.000000
14981,16002986453,1074654,0,0,1639,0,0.000000,16384,1449,74654,4,1.000000,0.000000
14982,16004051696,1065243,0,0,1595,0,0.000000,16384,1419,65243,4,1.000000,0.000000
14983,16005115958,1064262,0,0,1505,0,0.000000,16384,1345,64262,4,1.000000,0.000000
14984,16006177143,1061185,0,0,1563,0,0.000000,16384,1390,61185,4,1.000000,0.000000
14985,16007234652,1057509,0,0,1613,0,0.000000,16384,1446,57509,4,1.000000,0.000000
14986,16008314685,1080033,0,0,1658,0,0.000000,16384,1452,80033,4,1.000000,0.000000
14987,16009372912,1058227,0,0,1667,0,0.000000,16384,1521,58227,4,1.000000,0.000000
14988,16010434312,1061400,0,0,1666,0,0.000000,16384,1462,61400,4,1.000000,0.000000
14989,16011496647,1062335,0,0,1669,0,0.000000,16384,1487,62335,4,1.000000,0.000000
14990,16012556876,1060229,0,0,1590,0,0.000000,16384,1432,60229,4,1.000000,0.000000
14991,16013631972,1075096,0,0,1842,0,0.000000,16384,1622,75096,4,1.000000,0.000000
14992,16014768732,1136760,0,0,1959,0,0.000000,16384,1735,136760,4,1.000000,0.000000
14993,16015826468,1057736,0,0,1829,0,0.000000,16384,1641,57736,4,1.000000,0.000000
14994,16016886366,1059898,0,0,1661,0,0.000000,16384,1509,59898,4,1.000000,0.000000
14995,16017946920,1060554,0,0,1600,0,0.000000,16384,1380,60554,4,1.000000,0.000000
14996,16019007146,1060226,0,0,1670,0,0.000000,16384,1525,60226,4,1.000000,0.000000
14997,16020068008,1060862,0,0,1595,0,0.000000,16384,1404,60862,4,1.000000,0.000000
14998,16021129958,1061950,0,0,1543,0,0.000000,16384,1386,61950,4,1.000000,0.000000
14999,16022189560,1059602,0,0,1609,0,0.000000,16384,1429,59602,4,1.000000,0.000000
15000,16023247557,1057997,0,0,1665,0,0.000000,16384,1472,57997,4,1.000000,0.000000
15001,16024318939,1071382,0,0,1722,0,0.000000,16384,1565,71382,4,1.000000,0.000000
15002,16025376720,1057781,0,0,1826,0,0.000000,16384,1613,57781,4,1.000000,0.000000
15003,16026432631,1055911,0,0,1823,0,0.000000,16384,1602,55911,4,1.000000,0.000000
15004,16027488824,1056193,0,0,1823,0,0.000000,16384,1630,56193,4,1.000000,0.000000
15005,16028553294,1064470,0,0,1545,0,0.000000,16384,1399,64470,4,1.000000,0.000000
15006,16029625424,1072130,0,0,1503,0,0.000000,16384,1320,72130,4,1.000000,0.000000
15007,16030676655,1051231,0,0,1587,0,0.000000,16384,1434,51231,4,1.000000,0.000000
15008,16031709339,1032684,0,0,1652,0,0.000000,16384,1438,32684,4,1.000000,0.000000
15009,16032772307,1062968,0,0,1627,0,0.000000,16384,1488,62968,4,1.000000,0.000000
15010,16033834070,1061763,0,0,1594,0,0.000000,16384,1391,61763,4,1.000000,0.000000
15011,16034928147,1094077,0,0,1664,0,0.000000,16384,1497,94077,4,1.000000,0.000000
15012,16035994468,1066321,0,0,1567,0,0.000000,16384,1394,66321,4,1.000000,0.000000
15013,16037065945,1071477,0,0,1383,0,0.000000,16384,1247,71477,4,1.000000,0.000000
15014,16038132505,1066560,0,0,1520,0,0.000000,16384,1324,66560,4,1.000000,0.000000
15015,16039196392,1063887,0,0,1570,0,0.000000,16384,1429,63887,4,1.000000,0.000000
15016,16040255411,1059019,0,0,1556,0,0.000000,16384,1361,59019,4,1.000000,0.000000
15017,16041313680,1058269,0,0,1623,0,0.000000,16384,1463,58269,4,1.000000,0.000000
15018,16042376566,1062886,0,0,1590,0,0.000000,16384,1413,62886,4,1.000000,0.000000
15019,16043440148,1063582,0,0,1602,0,0.000000,16384,1421,63582,4,1.000000,0.000000
15020,16044542559,1102411,0,0,1553,0,0.000000,16384,1395,102411,4,1.000000,0.000000
15021,16045645632,1103073,0,0,1468,0,0.000000,16384,1303,103073,4,1.000000,0.000000
15022,16046675357,1029725,0,0,1450,0,0.000000,16384,1283,29725,4,1.000000,0.000000
15023,16047737854,1062497,0,0,1565,0,0.000000,16384,1410,62497,4,1.000000,0.000000
15024,16048796734,1058880,0,0,1564,0,0.000000,16384,1383,58880,4,1.000000,0.000000
15025,16049855856,1059122,0,0,1665,0,0.000000,16384,1481,59122,4,1.000000,0.000000
15026,16050913215,1057359,0,0,1664,0,0.000000,16384,1508,57359,4,1.000000,0.000000
15027,16051977977,1064762,0,0,1612,0,0.000000,16384,1392,64762,4,1.000000,0.000000
15028,16053043302,1065325,0,0,1452,0,0.000000,16384,1336,65325,4,1.000000,0.000000
15029,16054107251,1063949,0,0,1532,0,0.000000,16384,1333,63949,4,1.000000,0.000000
15030,16055169209,1061958,0,0,1565,0,0.000000,16384,1428,61958,4,1.000000,0.000000
15031,16056259736,1090527,0,0,1572,0,0.000000,16384,1362,90527,4,1.000000,0.000000
15032,16057327131,1067395,0,0,1470,0,0.000000,16384,1344,67395,4,1.000000,0.000000
15033,16058391609,1064478,0,0,1518,0,0.000000,16384,1328,64478,4,1.000000,0.000000
15034,16059452202,1060593,0,0,1561,0,0.000000,16384,1414,60593,4,1.000000,0.000000
15035,16060510625,1058423,0,0,1558,0,0.000000,16384,1362,58423,4,1.000000,0.000000
15036,16061569121,1058496,0,0,1561,0,0.000000,16384,1422,58496,4,1.000000,0.000000
15037,16062631697,1062576,0,0,1467,0,0.000000,16384,1281,62576,4,1.000000,0.000000
15038,16063672278,1040581,0,0,1525,0,0.000000,16384,1375,40581,4,1.000000,0.000000
15039,16064729871,1057593,0,0,1558,0,0.000000,16384,1372,57593,4,1.000000,0.000000
15040,16065787928,1058057,0,0,1548,0,0.000000,16384,1398,58057,4,1.000000,0.000000
15041,16066870545,1082617,0,0,1584,0,0.000000,16384,1389,82617,4,1.000000,0.000000
15042,16067929966,1059421,0,0,1561,0,0.000000,16384,1420,59421,4,1.000000,0.000000
15043,16068991038,1061072,0,0,1498,0,0.000000,16384,1308,61072,4,1.000000,0.000000
15044,16070357900,1366862,0,0,1886,0,0.000000,16384,1696,366862,4,1.000000,0.000000
15045,16071446668,1088768,0,0,1356,0,0.000000,16384,1180,88768,4,1.000000,0.000000
15046,16072512208,1065540,0,0,1510,0,0.000000,16384,1394,65540,4,1.000000,0.000000
15047,16073576112,1063904,0,0,1515,0,0.000000,16384,1304,63904,4,1.000000,0.000000
15048,16074637036,1060924,0,0,1594,0,0.000000,16384,1463,60924,4,1.000000,0.000000
15049,16075678306,1041270,0,0,1583,0,0.000000,16384,1368,41270,4,1.000000,0.000000
15050,16076738485,1060179,0,0,1624,0,0.000000,16384,1479,60179,4,1.000000,0.000000
15051,16077824093,1085608,0,0,1564,0,0.000000,16384,1374,85608,4,1.000000,0.000000
15052,16078887739,1063646,0,0,1452,0,0.000000,16384,1319,63646,4,1.000000,0.000000
15053,16079951413,1063674,0,0,1606,0,0.000000,16384,1403,63674,4,1.000000,0.000000
15054,16081010900,1059487,0,0,1610,0,0.000000,16384,1451,59487,4,1.000000,0.000000
15055,16082075579,1064679,0,0,1580,0,0.000000,16384,1403,64679,4,1.000000,0.000000
15056,16083139219,1063640,0,0,1499,0,0.000000,16384,1341,63640,4,1.000000,0.000000
15057,16084260528,1121309,0,0,1693,0,0.000000,16384,1511,121309,4,1.000000,0.000000
15058,16085324655,1064127,0,0,1462,0,0.000000,16384,1294,64127,4,1.000000,0.000000
15059,16086389246,1064591,0,0,1530,0,0.000000,16384,1364,64591,4,1.000000,0.000000
15060,16087449576,1060330,0,0,1558,0,0.000000,16384,1386,60330,4,1.000000,0.000000
15061,16088555578,1106002,0,0,1543,0,0.000000,16384,1377,106002,4,1.000000,0.000000
15062,16089623103,1067525,0,0,1432,0,0.000000,16384,1285,67525,4,1.000000,0.000000
15063,16090680545,1057442,0,0,1390,0,0.000000,16384,1205,57442,4,1.000000,0.000000
15064,16091747060,1066515,0,0,1467,0,0.000000,16384,1351,66515,4,1.000000,0.000000
15065,16092811989,1064929,0,0,1518,0,0.000000,16384,1318,64929,4,1.000000,0.000000
15066,16093871231,1059242,0,0,1551,0,0.000000,16384,1414,59242,4,1.000000,0.000000
15067,16094929727,1058496,0,0,1574,0,0.000000,16384,1367,58496,4,1.000000,0.000000
15068,16095988360,1058633,0,0,1646,0,0.000000,16384,1504,58633,4,1.000000,0.000000
15069,16097048162,1059802,0,0,1551,0,0.000000,16384,1345,59802,4,1.000000,0.000000
15070,16098112408,1064246,0,0,1491,0,0.000000,16384,1369,64246,4,1.000000,0.000000
15071,16099202820,1090412,0,0,1585,0,0.000000,16384,1371,90412,4,1.000000,0.000000
15072,16100263511,1060691,0,0,1597,0,0.000000,16384,1456,60691,4,1.000000,0.000000
15073,16101323646,1060135,0,0,1503,0,0.000000,16384,1308,60135,4,1.000000,0.000000
15074,16102383339,1059693,0,0,1558,0,0.000000,16384,1421,59693,4,1.000000,0.000000
15075,16103447421,1064082,0,0,1526,0,0.000000,16384,1326,64082,4,1.000000,0.000000
15076,16104515825,1068404,0,0,1490,0,0.000000,16384,1368,68404,4,1.000000,0.000000
15077,16105580358,1064533,0,0,1563,0,0.000000,16384,1350,64533,4,1.000000,0.000000
15078,16106643497,1063139,0,0,1467,0,0.000000,16384,1351,63139,4,1.000000,0.000000
15079,16107675476,1031979,0,0,1500,0,0.000000,16384,1297,31979,4,1.000000,0.000000
15080,16108735092,1059616,0,0,1554,0,0.000000,16384,1421,59616,4,1.000000,0.000000
15081,16109817097,1082005,0,0,1569,0,0.000000,16384,1359,82005,4,1.000000,0.000000
15082,16110877027,1059930,0,0,1542,0,0.000000,16384,1416,59930,4,1.000000,0.000000
15083,16111940456,1063429,0,0,1522,0,0.000000,16384,1316,63429,4,1.000000,0.000000
15084,16113004475,1064019,0,0,1507,0,0.000000,16384,1377,64019,4,1.000000,0.000000
15085,16114064605,1060130,0,0,1558,0,0.000000,16384,1355,60130,4,1.000000,0.000000
15086,16115123740,1059135,0,0,1547,0,0.000000,16384,1414,59135,4,1.000000,0.000000
15087,16116181855,1058115,0,0,1553,0,0.000000,16384,1347,58115,4,1.000000,0.000000
15088,16117245200,1063345,0,0,1457,0,0.000000,16384,1327,63345,4,1.000000,0.000000
15089,16118762102,1516902,0,0,1931,0,0.000000,16384,1711,516902,4,1.000000,0.000000
15090,16120537733,1775631,0,0,2330,0,0.000000,16384,2099,775631,4,1.000000,0.000000
15091,16121869875,1332142,0,0,1715,0,0.000000,16384,1498,332142,4,1.000000,0.000000
15092,16122943531,1073656,0,0,1493,0,0.000000,16384,1348,73656,4,1.000000,0.000000
15093,16124014645,1071114,0,0,1491,0,0.000000,16384,1300,71114,4,1.000000,0.000000
15094,16125608896,1594251,0,0,2101,0,0.000000,16384,1877,594251,4,1.000000,0.000000
15095,16126681367,1072471,0,0,1545,0,0.000000,16384,1401,72471,4,1.000000,0.000000
15096,16127750913,1069546,0,0,1539,0,0.000000,16384,1347,69546,4,1.000000,0.000000
15097,16128819798,1068885,0,0,1452,0,0.000000,16384,1327,68885,4,1.000000,0.000000
15098,16129884547,1064749,0,0,1560,0,0.000000,16384,1349,64749,4,1.000000,0.000000
15099,16130943205,1058658,0,0,1560,0,0.000000,16384,1427,58658,4,1.000000,0.000000
15100,16132002736,1059531,0,0,1558,0,0.000000,16384,1355,59531,4,1.000000,0.000000
15101,16133092108,1089372,0,0,1483,0,0.000000,16384,1359,89372,4,1.000000,0.000000
15102,16134163524,1071416,0,0,1420,0,0.000000,16384,1230,71416,4,1.000000,0.000000
15103,16135231297,1067773,0,0,1457,0,0.000000,16384,1319,67773,4,1.000000,0.000000
15104,16136298951,1067654,0,0,1424,0,0.000000,16384,1265,67654,4,1.000000,0.000000
15105,16137368548,1069597,0,0,1436,0,0.000000,16384,1263,69597,4,1.000000,0.000000
15106,16138437210,1068662,0,0,1448,0,0.000000,16384,1326,68662,4,1.000000,0.000000
15107,16139502771,1065561,0,0,1506,0,0.000000,16384,1299,65561,4,1.000000,0.000000
15108,16140565648,1062877,0,0,1506,0,0.000000,16384,1383,62877,4,1.000000,0.000000
15109,16141626528,1060880,0,0,1494,0,0.000000,16384,1297,60880,4,1.000000,0.000000
15110,16142682642,1056114,0,0,1472,0,0.000000,16384,1333,56114,4,1.000000,0.000000
15111,16143790703,1108061,0,0,1553,0,0.000000,16384,1368,108061,4,1.000000,0.000000
15112,16144868206,1077503,0,0,1404,0,0.000000,16384,1257,77503,4,1.000000,0.000000
15113,16145934926,1066720,0,0,1500,0,0.000000,16384,1346,66720,4,1.000000,0.000000
15114,16146996486,1061560,0,0,1362,0,0.000000,16384,1184,61560,4,1.000000,0.000000
15115,16148058860,1062374,0,0,1497,0,0.000000,16384,1377,62374,4,1.000000,0.000000
15116,16149125006,1066146,0,0,1428,0,0.000000,16384,1244,66146,4,1.000000,0.000000
15117,16150194579,1069573,0,0,1406,0,0.000000,16384,1258,69573,4,1.000000,0.000000
15118,16151262879,1068300,0,0,1423,0,0.000000,16384,1286,68300,4,1.000000,0.000000
15119,16152335361,1072482,0,0,1397,0,0.000000,16384,1211,72482,4,1.000000,0.000000
15120,16153404819,1069458,0,0,1452,0,0.000000,16384,1323,69458,4,1.000000,0.000000
15121,16154497859,1093040,0,0,1549,0,0.000000,16384,1359,93040,4,1.000000,0.000000
15122,16155559187,1061328,0,0,1515,0,0.000000,16384,1369,61328,4,1.000000,0.000000
15123,16156624278,1065091,0,0,1505,0,0.000000,16384,1328,65091,4,1.000000,0.000000
15124,16157676767,1052489,0,0,1471,0,0.000000,16384,1316,52489,4,1.000000,0.000000
15125,16158741144,1064377,0,0,1465,0,0.000000,16384,1313,64377,4,1.000000,0.000000
15126,16159810409,1069265,0,0,1459,0,0.000000,16384,1275,69265,4,1.000000,0.000000
15127,16160881654,1071245,0,0,1340,0,0.000000,16384,1224,71245,4,1.000000,0.000000
15128,16161949471,1067817,0,0,1469,0,0.000000,16384,1290,67817,4,1.000000,0.000000
15129,16163017777,1068306,0,0,1450,0,0.000000,16384,1296,68306,4,1.000000,0.000000
15130,16164084464,1066687,0,0,1500,0,0.000000,16384,1345,66687,4,1.000000,0.000000
15131,16165179347,1094883,0,0,1398,0,0.000000,16384,1218,94883,4,1.000000,0.000000
15132,16166252090,1072743,0,0,1413,0,0.000000,16384,1297,72743,4,1.000000,0.000000
15133,16167318619,1066529,0,0,1448,0,0.000000,16384,1267,66529,4,1.000000,0.000000
15134,16168381456,1062837,0,0,1264,0,0.000000,16384,1112,62837,4,1.000000,0.000000
15135,16169441836,1060380,0,0,1486,0,0.000000,16384,1369,60380,4,1.000000,0.000000
15136,16170501168,1059332,0,0,1489,0,0.000000,16384,1284,59332,4,1.000000,0.000000
15137,16171755309,1254141,0,0,1667,0,0.000000,16384,1521,254141,4,1.000000,0.000000
15138,16172823590,1068281,0,0,1443,0,0.000000,16384,1248,68281,4,1.000000,0.000000
15139,16173887957,1064367,0,0,1473,0,0.000000,16384,1349,64367,4,1.000000,0.000000
15140,16174951222,1063265,0,0,1498,0,0.000000,16384,1308,63265,4,1.000000,0.000000
15141,16176042685,1091463,0,0,1521,0,0.000000,16384,1375,91463,4,1.000000,0.000000
15142,16177108553,1065868,0,0,1485,0,0.000000,16384,1311,65868,4,1.000000,0.000000
15143,16178176777,1068224,0,0,1429,0,0.000000,16384,1271,68224,4,1.000000,0.000000
15144,16179242678,1065901,0,0,1485,0,0.000000,16384,1341,65901,4,1.000000,0.000000
15145,16180309578,1066900,0,0,1491,0,0.000000,16384,1299,66900,4,1.000000,0.000000
15146,16181376854,1067276,0,0,1417,0,0.000000,16384,1301,67276,4,1.000000,0.000000
15147,16182447507,1070653,0,0,1422,0,0.000000,16384,1239,70653,4,1.000000,0.000000
15148,16183513430,1065923,0,0,1500,0,0.000000,16384,1347,65923,4,1.000000,0.000000
15149,16184583806,1070376,0,0,1444,0,0.000000,16384,1289,70376,4,1.000000,0.000000
15150,16185653792,1069986,0,0,1432,0,0.000000,16384,1255,69986,4,1.000000,0.000000
15151,16186751372,1097580,0,0,1436,0,0.000000,16384,1320,97580,4,1.000000,0.000000
15152,16187817063,1065691,0,0,1350,0,0.000000,16384,1173,65691,4,1.000000,0.000000
15153,16188882584,1065521,0,0,1473,0,0.000000,16384,1318,65521,4,1.000000,0.000000
15154,16189950114,1067530,0,0,1445,0,0.000000,16384,1298,67530,4,1.000000,0.000000
15155,16191017888,1067774,0,0,1419,0,0.000000,16384,1230,67774,4,1.000000,0.000000
15156,16192084327,1066439,0,0,1460,0,0.000000,16384,1343,66439,4,1.000000,0.000000
15157,16193154905,1070578,0,0,1471,0,0.000000,16384,1281,70578,4,1.000000,0.000000
15158,16194220787,1065882,0,0,1475,0,0.000000,16384,1330,65882,4,1.000000,0.000000
15159,16195282934,1062147,0,0,1505,0,0.000000,16384,1335,62147,4,1.000000,0.000000
15160,16196318947,1036013,0,0,1453,0,0.000000,16384,1291,36013,4,1.000000,0.000000
15161,16197431033,1112086,0,0,1457,0,0.000000,16384,1318,112086,4,1.000000,0.000000
15162,16198498042,1067009,0,0,1423,0,0.000000,16384,1232,67009,4,1.000000,0.000000
15163,16199564380,1066338,0,0,1501,0,0.000000,16384,1379,66338,4,1.000000,0.000000
15164,16200626237,1061857,0,0,1474,0,0.000000,16384,1281,61857,4,1.000000,0.000000
15165,16201811169,1184932,0,0,1630,0,0.000000,16384,1487,184932,4,1.000000,0.000000
15166,16203333583,1522414,0,0,1997,0,0.000000,16384,1773,522414,4,1.000000,0.000000
15167,16204410619,1077036,0,0,1274,0,0.000000,16384,1129,77036,4,1.000000,0.000000
15168,16205484395,1073776,0,0,1351,0,0.000000,16384,1175,73776,4,1.000000,0.000000
15169,16206550884,1066489,0,0,1477,0,0.000000,16384,1350,66489,4,1.000000,0.000000
15170,16207619364,1068480,0,0,1495,0,0.000000,16384,1308,68480,4,1.000000,0.000000
15171,16208675221,1055857,0,0,1453,0,0.000000,16384,1304,55857,4,1.000000,0.000000
15172,16209742444,1067223,0,0,1431,0,0.000000,16384,1284,67223,4,1.000000,0.000000
15173,16210807717,1065273,0,0,1442,0,0.000000,16384,1257,65273,4,1.000000,0.000000
15174,16211874635,1066918,0,0,1375,0,0.000000,16384,1259,66918,4,1.000000,0.000000
15175,16212941734,1067099,0,0,1480,0,0.000000,16384,1296,67099,4,1.000000,0.000000
15176,16214003341,1061607,0,0,1461,0,0.000000,16384,1309,61607,4,1.000000,0.000000
15177,16215065181,1061840,0,0,1484,0,0.000000,16384,1328,61840,4,1.000000,0.000000
15178,16216153860,1088679,0,0,1516,0,0.000000,16384,1340,88679,4,1.000000,0.000000
15179,16217220828,1066968,0,0,1463,0,0.000000,16384,1324,66968,4,1.000000,0.000000
15180,16218289351,1068523,0,0,1419,0,0.000000,16384,1229,68523,4,1.000000,0.000000
15181,16219379986,1090635,0,0,1503,0,0.000000,16384,1380,90635,4,1.000000,0.000000
15182,16220446761,1066775,0,0,1461,0,0.000000,16384,1272,66775,4,1.000000,0.000000
15183,16221511483,1064722,0,0,1464,0,0.000000,16384,1317,64722,4,1.000000,0.000000
15184,16222574916,1063433,0,0,1473,0,0.000000,16384,1313,63433,4,1.000000,0.000000
15185,16223638801,1063885,0,0,1465,0,0.000000,16384,1293,63885,4,1.000000,0.000000
15186,16224691702,1052901,0,0,1404,0,0.000000,16384,1283,52901,4,1.000000,0.000000
15187,16225754592,1062890,0,0,1575,0,0.000000,16384,1360,62890,4,1.000000,0.000000
15188,16226816330,1061738,0,0,1573,0,0.000000,16384,1439,61738,4,1.000000,0.000000
15189,16227881213,1064883,0,0,1565,0,0.000000,16384,1363,64883,4,1.000000,0.000000
15190,16228943001,1061788,0,0,1553,0,0.000000,16384,1412,61788,4,1.000000,0.000000
15191,16230033876,1090875,0,0,1567,0,0.000000,16384,1371,90875,4,1.000000,0.000000
15192,16231136081,1102205,0,0,1576,0,0.000000,16384,1425,102205,4,1.000000,0.000000
15193,16232203651,1067570,0,0,1489,0,0.000000,16384,1305,67570,4,1.000000,0.000000
15194,16233267549,1063898,0,0,1471,0,0.000000,16384,1343,63898,4,1.000000,0.000000
15195,16234336472,1068923,0,0,1466,0,0.000000,16384,1267,68923,4,1.000000,0.000000
15196,16235404348,1067876,0,0,1505,0,0.000000,16384,1380,67876,4,1.000000,0.000000
15197,16236473721,1069373,0,0,1474,0,0.000000,16384,1284,69373,4,1.000000,0.000000
15198,16237539189,1065468,0,0,1482,0,0.000000,16384,1336,65468,4,1.000000,0.000000
15199,16238604153,1064964,0,0,1440,0,0.000000,16384,1281,64964,4,1.000000,0.000000
15200,16239670786,1066633,0,0,1470,0,0.000000,16384,1297,66633,4,1.000000,0.000000
15201,16240761162,1090376,0,0,1534,0,0.000000,16384,1388,90376,4,1.000000,0.000000
15202,16241827613,1066451,0,0,1478,0,0.000000,16384,1288,66451,4,1.000000,0.000000
15203,16242895567,1067954,0,0,1482,0,0.000000,16384,1360,67954,4,1.000000,0.000000
15204,16243961320,1065753,0,0,1479,0,0.000000,16384,1278,65753,4,1.000000,0.000000
15205,16245023438,1062118,0,0,1480,0,0.000000,16384,1351,62118,4,1.000000,0.000000
15206,16246085458,1062020,0,0,1483,0,0.000000,16384,1300,62020,4,1.000000,0.000000
15207,16247148433,1062975,0,0,1460,0,0.000000,16384,1256,62975,4,1.000000,0.000000
15208,16248208674,1060241,0,0,1480,0,0.000000,16384,1313,60241,4,1.000000,0.000000
15209,16249267869,1059195,0,0,1521,0,0.000000,16384,1368,59195,4,1.000000,0.000000
15210,16250327836,1059967,0,0,1515,0,0.000000,16384,1333,59967,4,1.000000,0.000000
15211,16251430846,1103010,0,0,1655,0,0.000000,16384,1484,103010,4,1.000000,0.000000
15212,16252492323,1061477,0,0,1567,0,0.000000,16384,1398,61477,4,1.000000,0.000000
15213,16253553881,1061558,0,0,1568,0,0.000000,16384,1391,61558,4,1.000000,0.000000
15214,16254614092,1060211,0,0,1572,0,0.000000,16384,1413,60211,4,1.000000,0.000000
15215,16255675329,1061237,0,0,1595,0,0.000000,16384,1401,61237,4,1.000000,0.000000
15216,16256740307,1064978,0,0,1580,0,0.000000,16384,1437,64978,4,1.000000,0.000000
15217,16257803202,1062895,0,0,1580,0,0.000000,16384,1372,62895,4,1.000000,0.000000
15218,16258865743,1062541,0,0,1569,0,0.000000,16384,1441,62541,4,1.000000,0.000000
15219,16259927082,1061339,0,0,1621,0,0.000000,16384,1401,61339,4,1.000000,0.000000
15220,16260988336,1061254,0,0,1622,0,0.000000,16384,1476,61254,4,1.000000,0.000000
15221,16262071390,1083054,0,0,1658,0,0.000000,16384,1467,83054,4,1.000000,0.000000
15222,16263131764,1060374,0,0,1557,0,0.000000,16384,1386,60374,4,1.000000,0.000000
15223,16264191456,1059692,0,0,1575,0,0.000000,16384,1408,59692,4,1.000000,0.000000
15224,16265250636,1059180,0,0,1592,0,0.000000,16384,1406,59180,4,1.000000,0.000000
15225,16266309424,1058788,0,0,1609,0,0.000000,16384,1459,58788,4,1.000000,0.000000
15226,16267370510,1061086,0,0,1631,0,0.000000,16384,1413,61086,4,1.000000,0.000000
15227,16268432446,1061936,0,0,1565,0,0.000000,16384,1440,61936,4,1.000000,0.000000
15228,16269493295,1060849,0,0,1603,0,0.000000,16384,1390,60849,4,1.000000,0.000000
15229,16270553281,1059986,0,0,1611,0,0.000000,16384,1462,59986,4,1.000000,0.000000
15230,16271613484,1060203,0,0,1512,0,0.000000,16384,1325,60203,4,1.000000,0.000000
15231,16272680499,1067015,0,0,1439,0,0.000000,16384,1317,67015,4,1.000000,0.000000
15232,16273752904,1072405,0,0,1525,0,0.000000,16384,1312,72405,4,1.000000,0.000000
15233,16274818990,1066086,0,0,1543,0,0.000000,16384,1424,66086,4,1.000000,0.000000
15234,16275889190,1070200,0,0,1504,0,0.000000,16384,1296,70200,4,1.000000,0.000000
15235,16276959870,1070680,0,0,1394,0,0.000000,16384,1268,70680,4,1.000000,0.000000
15236,16278029311,1069441,0,0,1457,0,0.000000,16384,1293,69441,4,1.000000,0.000000
15237,16279098040,1068729,0,0,1455,0,0.000000,16384,1287,68729,4,1.000000,0.000000
15238,16280163425,1065385,0,0,1485,0,0.000000,16384,1346,65385,4,1.000000,0.000000
15239,16281225375,1061950,0,0,1227,0,0.000000,16384,1075,61950,4,1.000000,0.000000
15240,16282285981,1060606,0,0,1153,0,0.000000,16384,1016,60606,4,1.000000,0.000000
15241,16283380571,1094590,0,0,1443,0,0.000000,16384,1306,94590,4,1.000000,0.000000
15242,16284446709,1066138,0,0,1406,0,0.000000,16384,1254,66138,4,1.000000,0.000000
15243,16285510684,1063975,0,0,1501,0,0.000000,16384,1322,63975,4,1.000000,0.000000
15244,16286577095,1066411,0,0,1502,0,0.000000,16384,1361,66411,4,1.000000,0.000000
15245,16287771735,1194640,0,0,1546,0,0.000000,16384,1351,194640,4,1.000000,0.000000
15246,16288841197,1069462,0,0,1401,0,0.000000,16384,1285,69462,4,1.000000,0.000000
15247,16289905730,1064533,0,0,1489,0,0.000000,16384,1288,64533,4,1.000000,0.000000
15248,16290967352,1061622,0,0,1506,0,0.000000,16384,1371,61622,4,1.000000,0.000000
15249,16292033871,1066519,0,0,1491,0,0.000000,16384,1307,66519,4,1.000000,0.000000
15250,16293107032,1073161,0,0,1402,0,0.000000,16384,1254,73161,4,1.000000,0.000000
15251,16294203717,1096685,0,0,1529,0,0.000000,16384,1372,96685,4,1.000000,0.000000
15252,16295269500,1065783,0,0,1460,0,0.000000,16384,1281,65783,4,1.000000,0.000000
15253,16296366443,1096943,0,0,1481,0,0.000000,16384,1352,96943,4,1.000000,0.000000
15254,16297433275,1066832,0,0,1453,0,0.000000,16384,1256,66832,4,1.000000,0.000000
15255,16298503058,1069783,0,0,1486,0,0.000000,16384,1360,69783,4,1.000000,0.000000
15256,16299569834,1066776,0,0,1465,0,0.000000,16384,1281,66776,4,1.000000,0.000000
15257,16300632424,1062590,0,0,1432,0,0.000000,16384,1284,62590,4,1.000000,0.000000
15258,16301685857,1053433,0,0,1412,0,0.000000,16384,1273,53433,4,1.000000,0.000000
15259,16302747379,1061522,0,0,1416,0,0.000000,16384,1226,61522,4,1.000000,0.000000
15260,16303815298,1067919,0,0,1466,0,0.000000,16384,1343,67919,4,1.000000,0.000000
15261,16304924633,1109335,0,0,1418,0,0.000000,16384,1245,109335,4,1.000000,0.000000
15262,16305993010,1068377,0,0,1480,0,0.000000,16384,1321,68377,4,1.000000,0.000000
15263,16307057302,1064292,0,0,1436,0,0.000000,16384,1293,64292,4,1.000000,0.000000
15264,16308123126,1065824,0,0,1470,0,0.000000,16384,1277,65824,4,1.000000,0.000000
15265,16309189484,1066358,0,0,1475,0,0.000000,16384,1358,66358,4,1.000000,0.000000
15266,16310255968,1066484,0,0,1494,0,0.000000,16384,1290,66484,4,1.000000,0.000000
15267,16311321526,1065558,0,0,1496,0,0.000000,16384,1365,65558,4,1.000000,0.000000
15268,16312393183,1071657,0,0,1461,0,0.000000,16384,1281,71657,4,1.000000,0.000000
15269,16313464876,1071693,0,0,1434,0,0.000000,16384,1282,71693,4,1.000000,0.000000
15270,16314533209,1068333,0,0,1467,0,0.000000,16384,1320,68333,4,1.000000,0.000000
15271,16315629146,1095937,0,0,1490,0,0.000000,16384,1301,95937,4,1.000000,0.000000
15272,16316676374,1047228,0,0,1463,0,0.000000,16384,1342,47228,4,1.000000,0.000000
15273,16317739559,1063185,0,0,1456,0,0.000000,16384,1259,63185,4,1.000000,0.000000
15274,16318808465,1068906,0,0,1395,0,0.000000,16384,1261,68906,4,1.000000,0.000000
15275,16319878193,1069728,0,0,1484,0,0.000000,16384,1323,69728,4,1.000000,0.000000
15276,16320942554,1064361,0,0,1464,0,0.000000,16384,1293,64361,4,1.000000,0.000000
15277,16322005929,1063375,0,0,1519,0,0.000000,16384,1374,63375,4,1.000000,0.000000
15278,16323076579,1070650,0,0,1468,0,0.000000,16384,1277,70650,4,1.000000,0.000000
15279,16324222451,1145872,0,0,1531,0,0.000000,16384,1403,145872,4,1.000000,0.000000
15280,16325295289,1072838,0,0,1411,0,0.000000,16384,1223,72838,4,1.000000,0.000000
15281,16326392929,1097640,0,0,1493,0,0.000000,16384,1357,97640,4,1.000000,0.000000
15282,16327457307,1064378,0,0,1458,0,0.000000,16384,1284,64378,4,1.000000,0.000000
15283,16328520456,1063149,0,0,1487,0,0.000000,16384,1329,63149,4,1.000000,0.000000
15284,16329587340,1066884,0,0,1454,0,0.000000,16384,1305,66884,4,1.000000,0.000000
15285,16330656526,1069186,0,0,1426,0,0.000000,16384,1239,69186,4,1.000000,0.000000
15286,16331678031,1021505,0,0,1395,0,0.000000,16384,1279,21505,4,1.000000,0.000000
15287,16332752157,1074126,0,0,1389,0,0.000000,16384,1224,74126,4,1.000000,0.000000
15288,16333821352,1069195,0,0,1498,0,0.000000,16384,1331,69195,4,1.000000,0.000000
15289,16334891003,1069651,0,0,1523,0,0.000000,16384,1367,69651,4,1.000000,0.000000
15290,16335960968,1069965,0,0,1527,0,0.000000,16384,1347,69965,4,1.000000,0.000000
15291,16337063340,1102372,0,0,1500,0,0.000000,16384,1354,102372,4,1.000000,0.000000
15292,16338173092,1109752,0,0,1442,0,0.000000,16384,1252,109752,4,1.000000,0.000000
15293,16339242443,1069351,0,0,1378,0,0.000000,16384,1262,69351,4,1.000000,0.000000
15294,16340308994,1066551,0,0,1479,0,0.000000,16384,1301,66551,4,1.000000,0.000000
15295,16341374635,1065641,0,0,1442,0,0.000000,16384,1288,65641,4,1.000000,0.000000
15296,16342439418,1064783,0,0,1429,0,0.000000,16384,1289,64783,4,1.000000,0.000000
15297,16343510688,1071270,0,0,1453,0,0.000000,16384,1257,71270,4,1.000000,0.000000
15298,16344577496,1066808,0,0,1489,0,0.000000,16384,1373,66808,4,1.000000,0.000000
15299,16345644662,1067166,0,0,1521,0,0.000000,16384,1315,67166,4,1.000000,0.000000
15300,16346697815,1053153,0,0,1400,0,0.000000,16384,1270,53153,4,1.000000,0.000000
15301,16347797181,1099366,0,0,1528,0,0.000000,16384,1353,99366,4,1.000000,0.000000
15302,16348860347,1063166,0,0,1454,0,0.000000,16384,1297,63166,4,1.000000,0.000000
15303,16349927296,1066949,0,0,1415,0,0.000000,16384,1279,66949,4,1.000000,0.000000
15304,16350991859,1064563,0,0,1458,0,0.000000,16384,1259,64563,4,1.000000,0.000000
15305,16352059262,1067403,0,0,1465,0,0.000000,16384,1348,67403,4,1.000000,0.000000
15306,16353127991,1068729,0,0,1423,0,0.000000,16384,1245,68729,4,1.000000,0.000000
15307,16354199141,1071150,0,0,1442,0,0.000000,16384,1287,71150,4,1.000000,0.000000
15308,16355269375,1070234,0,0,1386,0,0.000000,16384,1255,70234,4,1.000000,0.000000
15309,16356337088,1067713,0,0,1482,0,0.000000,16384,1278,67713,4,1.000000,0.000000
15310,16357399661,1062573,0,0,1520,0,0.000000,16384,1403,62573,4,1.000000,0.000000
15311,16358508446,1108785,0,0,1571,0,0.000000,16384,1352,108785,4,1.000000,0.000000
15312,16359575021,1066575,0,0,1472,0,0.000000,16384,1356,66575,4,1.000000,0.000000
15313,16360645286,1070265,0,0,1466,0,0.000000,16384,1276,70265,4,1.000000,0.000000
15314,16361677375,1032089,0,0,1412,0,0.000000,16384,1270,32089,4,1.000000,0.000000
15315,16362827848,1150473,0,0,1489,0,0.000000,16384,1331,150473,4,1.000000,0.000000
15316,16363897417,1069569,0,0,1457,0,0.000000,16384,1279,69569,4,1.000000,0.000000
15317,16364961448,1064031,0,0,1482,0,0.000000,16384,1353,64031,4,1.000000,0.000000
15318,16366024440,1062992,0,0,1527,0,0.000000,16384,1320,62992,4,1.000000,0.000000
15319,16367084478,1060038,0,0,1524,0,0.000000,16384,1402,60038,4,1.000000,0.000000
15320,16368148806,1064328,0,0,1522,0,0.000000,16384,1310,64328,4,1.000000,0.000000
15321,16369238896,1090090,0,0,1561,0,0.000000,16384,1437,90090,4,1.000000,0.000000
15322,16370305557,1066661,0,0,1481,0,0.000000,16384,1279,66661,4,1.000000,0.000000
15323,16371371397,1065840,0,0,1473,0,0.000000,16384,1345,65840,4,1.000000,0.000000
15324,16372439356,1067959,0,0,1492,0,0.000000,16384,1307,67959,4,1.000000,0.000000
15325,16373507050,1067694,0,0,1452,0,0.000000,16384,1303,67694,4,1.000000,0.000000
15326,16374571410,1064360,0,0,1495,0,0.000000,16384,1336,64360,4,1.000000,0.000000
15327,16375637575,1066165,0,0,1438,0,0.000000,16384,1263,66165,4,1.000000,0.000000
15328,16376683062,1045487,0,0,1410,0,0.000000,16384,1294,45487,4,1.000000,0.000000
15329,16377749084,1066022,0,0,1480,0,0.000000,16384,1280,66022,4,1.000000,0.000000
15330,16378790732,1041648,0,0,1499,0,0.000000,16384,1363,41648,4,1.000000,0.000000
15331,16379885523,1094791,0,0,1495,0,0.000000,16384,1312,94791,4,1.000000,0.000000
15332,16380954275,1068752,0,0,1462,0,0.000000,16384,1310,68752,4,1.000000,0.000000
15333,16382018785,1064510,0,0,1492,0,0.000000,16384,1335,64510,4,1.000000,0.000000
15334,16383080086,1061301,0,0,1526,0,0.000000,16384,1350,61301,4,1.000000,0.000000
15335,16384139839,1059753,0,0,1525,0,0.000000,16384,1371,59753,4,1.000000,0.000000
15336,16385199335,1059496,0,0,1516,0,0.000000,16384,1334,59496,4,1.000000,0.000000
15337,16386260952,1061617,0,0,1493,0,0.000000,16384,1354,61617,4,1.000000,0.000000
15338,16387324730,1063778,0,0,1486,0,0.000000,16384,1289,63778,4,1.000000,0.000000
15339,16388386543,1061813,0,0,1519,0,0.000000,16384,1396,61813,4,1.000000,0.000000
15340,16389446815,1060272,0,0,1519,0,0.000000,16384,1308,60272,4,1.000000,0.000000
15341,16390535626,1088811,0,0,1556,0,0.000000,16384,1433,88811,4,1.000000,0.000000
15342,16391596608,1060982,0,0,1502,0,0.000000,16384,1295,60982,4,1.000000,0.000000
15343,16392655180,1058572,0,0,1554,0,0.000000,16384,1429,58572,4,1.000000,0.000000
15344,16393684204,1029024,0,0,1433,0,0.000000,16384,1241,29024,4,1.000000,0.000000
15345,16394748130,1063926,0,0,1667,0,0.000000,16384,1522,63926,4,1.000000,0.000000
15346,16395806294,1058164,0,0,1666,0,0.000000,16384,1448,58164,4,1.000000,0.000000
15347,16396863053,1056759,0,0,1665,0,0.000000,16384,1497,56759,4,1.000000,0.000000
15348,16397920550,1057497,0,0,1667,0,0.000000,16384,1494,57497,4,1.000000,0.000000
15349,16398997025,1076475,0,0,1674,0,0.000000,16384,1459,76475,4,1.000000,0.000000
15350,16400056838,1059813,0,0,1573,0,0.000000,16384,1446,59813,4,1.000000,0.000000
15351,16401135296,1078458,0,0,1698,0,0.000000,16384,1485,78458,4,1.000000,0.000000
15352,16402191912,1056616,0,0,1664,0,0.000000,16384,1485,56616,4,1.000000,0.000000
15353,16403248505,1056593,0,0,1666,0,0.000000,16384,1505,56593,4,1.000000,0.000000
15354,16404305820,1057315,0,0,1662,0,0.000000,16384,1442,57315,4,1.000000,0.000000
15355,16405362205,1056385,0,0,1665,0,0.000000,16384,1516,56385,4,1.000000,0.000000
15356,16406419331,1057126,0,0,1736,0,0.000000,16384,1545,57126,4,1.000000,0.000000
15357,16407478482,1059151,0,0,1809,0,0.000000,16384,1589,59151,4,1.000000,0.000000
15358,16408538219,1059737,0,0,1646,0,0.000000,16384,1487,59737,4,1.000000,0.000000
15359,16409594934,1056715,0,0,1815,0,0.000000,16384,1634,56715,4,1.000000,0.000000
15360,16410651344,1056410,0,0,1822,0,0.000000,16384,1602,56410,4,1.000000,0.000000
15361,16411731420,1080076,0,0,1849,0,0.000000,16384,1625,80076,4,1.000000,0.000000
15362,16412787977,1056557,0,0,1819,0,0.000000,16384,1637,56557,4,1.000000,0.000000
15363,16413843950,1055973,0,0,1818,0,0.000000,16384,1642,55973,4,1.000000,0.000000
15364,16414899924,1055974,0,0,1824,0,0.000000,16384,1618,55974,4,1.000000,0.000000
15365,16415955800,1055876,0,0,1812,0,0.000000,16384,1592,55876,4,1.000000,0.000000
15366,16417011695,1055895,0,0,1825,0,0.000000,16384,1627,55895,4,1.000000,0.000000
15367,16418067210,1055515,0,0,1824,0,0.000000,16384,1647,55515,4,1.000000,0.000000
15368,16419131838,1064628,0,0,1748,0,0.000000,16384,1559,64628,4,1.000000,0.000000
15369,16420193488,1061650,0,0,1632,0,0.000000,16384,1425,61650,4,1.000000,0.000000
15370,16421251998,1058510,0,0,1669,0,0.000000,16384,1523,58510,4,1.000000,0.000000
15371,16422323284,1071286,0,0,1685,0,0.000000,16384,1482,71286,4,1.000000,0.000000
15372,16423383345,1060061,0,0,1667,0,0.000000,16384,1480,60061,4,1.000000,0.000000
15373,16424441699,1058354,0,0,1668,0,0.000000,16384,1515,58354,4,1.000000,0.000000
15374,16425531696,1089997,0,0,1838,0,0.000000,16384,1618,89997,4,1.000000,0.000000
15375,16426623162,1091466,0,0,1855,0,0.000000,16384,1631,91466,4,1.000000,0.000000
15376,16427673154,1049992,0,0,1651,0,0.000000,16384,1501,49992,4,1.000000,0.000000
15377,16428732288,1059134,0,0,1714,0,0.000000,16384,1524,59134,4,1.000000,0.000000
15378,16429788944,1056656,0,0,1823,0,0.000000,16384,1603,56656,4,1.000000,0.000000
15379,16430846498,1057554,0,0,1825,0,0.000000,16384,1631,57554,4,1.000000,0.000000
15380,16431903776,1057278,0,0,1810,0,0.000000,16384,1635,57278,4,1.000000,0.000000
15381,16432970293,1066517,0,0,1830,0,0.000000,16384,1634,66517,4,1.000000,0.000000
15382,16434027113,1056820,0,0,1781,0,0.000000,16384,1562,56820,4,1.000000,0.000000
15383,16435086466,1059353,0,0,1823,0,0.000000,16384,1619,59353,4,1.000000,0.000000
15384,16436147294,1060828,0,0,1833,0,0.000000,16384,1654,60828,4,1.000000,0.000000
15385,16437203729,1056435,0,0,1826,0,0.000000,16384,1645,56435,4,1.000000,0.000000
15386,16438260804,1057075,0,0,1810,0,0.000000,16384,1590,57075,4,1.000000,0.000000
15387,16439320451,1059647,0,0,1756,0,0.000000,16384,1546,59647,4,1.000000,0.000000
15388,16440379099,1058648,0,0,1766,0,0.000000,16384,1600,58648,4,1.000000,0.000000
15389,16441435067,1055968,0,0,1811,0,0.000000,16384,1623,55968,4,1.000000,0.000000
15390,16442492127,1057060,0,0,1827,0,0.000000,16384,1607,57060,4,1.000000,0.000000
15391,16443562504,1070377,0,0,1842,0,0.000000,16384,1622,70377,4,1.000000,0.000000
15392,16444629329,1066825,0,0,1526,0,0.000000,16384,1406,66825,4,1.000000,0.000000
15393,16445678435,1049106,0,0,1546,0,0.000000,16384,1333,49106,4,1.000000,0.000000
15394,16446738676,1060241,0,0,1670,0,0.000000,16384,1523,60241,4,1.000000,0.000000
15395,16447796277,1057601,0,0,1647,0,0.000000,16384,1451,57601,4,1.000000,0.000000
15396,16448854532,1058255,0,0,1790,0,0.000000,16384,1579,58255,4,1.000000,0.000000
15397,16449913445,1058913,0,0,1830,0,0.000000,16384,1651,58913,4,1.000000,0.000000
15398,16450969573,1056128,0,0,1825,0,0.000000,16384,1648,56128,4,1.000000,0.000000
15399,16452059965,1090392,0,0,1770,0,0.000000,16384,1553,90392,4,1.000000,0.000000
15400,16453123951,1063986,0,0,1542,0,0.000000,16384,1377,63986,4,1.000000,0.000000
15401,16454203425,1079474,0,0,1698,0,0.000000,16384,1523,79474,4,1.000000,0.000000
15402,16455265117,1061692,0,0,1596,0,0.000000,16384,1393,61692,4,1.000000,0.000000
15403,16456326833,1061716,0,0,1618,0,0.000000,16384,1483,61716,4,1.000000,0.000000
15404,16457385791,1058958,0,0,1626,0,0.000000,16384,1408,58958,4,1.000000,0.000000
15405,16458443767,1057976,0,0,1621,0,0.000000,16384,1469,57976,4,1.000000,0.000000
15406,16459502844,1059077,0,0,1572,0,0.000000,16384,1388,59077,4,1.000000,0.000000
15407,16460564284,1061440,0,0,1499,0,0.000000,16384,1350,61440,4,1.000000,0.000000
15408,16461624468,1060184,0,0,1654,0,0.000000,16384,1463,60184,4,1.000000,0.000000
15409,16462672116,1047648,0,0,1645,0,0.000000,16384,1457,47648,4,1.000000,0.000000
15410,16463729553,1057437,0,0,1667,0,0.000000,16384,1519,57437,4,1.000000,0.000000
15411,16464817714,1088161,0,0,1710,0,0.000000,16384,1490,88161,4,1.000000,0.000000
15412,16465875021,1057307,0,0,1664,0,0.000000,16384,1491,57307,4,1.000000,0.000000
15413,16466931515,1056494,0,0,1666,0,0.000000,16384,1498,56494,4,1.000000,0.000000
15414,16467994488,1062973,0,0,1633,0,0.000000,16384,1422,62973,4,1.000000,0.000000
15415,16469058626,1064138,0,0,1541,0,0.000000,16384,1417,64138,4,1.000000,0.000000
15416,16470121093,1062467,0,0,1647,0,0.000000,16384,1427,62467,4,1.000000,0.000000
15417,16471180366,1059273,0,0,1644,0,0.000000,16384,1490,59273,4,1.000000,0.000000
15418,16472239738,1059372,0,0,1664,0,0.000000,16384,1477,59372,4,1.000000,0.000000
15419,16473300012,1060274,0,0,1655,0,0.000000,16384,1459,60274,4,1.000000,0.000000
15420,16474357396,1057384,0,0,1643,0,0.000000,16384,1503,57384,4,1.000000,0.000000
15421,16475428875,1071479,0,0,1629,0,0.000000,16384,1410,71479,4,1.000000,0.000000
15422,16476486548,1057673,0,0,1643,0,0.000000,16384,1487,57673,4,1.000000,0.000000
15423,16477544021,1057473,0,0,1663,0,0.000000,16384,1479,57473,4,1.000000,0.000000
15424,16478606729,1062708,0,0,1519,0,0.000000,16384,1347,62708,4,1.000000,0.000000
15425,16479670940,1064211,0,0,1543,0,0.000000,16384,1379,64211,4,1.000000,0.000000
15426,16480729676,1058736,0,0,1563,0,0.000000,16384,1387,58736,4,1.000000,0.000000
15427,16481791830,1062154,0,0,1672,0,0.000000,16384,1512,62154,4,1.000000,0.000000
15428,16482851410,1059580,0,0,1640,0,0.000000,16384,1420,59580,4,1.000000,0.000000
15429,16483910370,1058960,0,0,1646,0,0.000000,16384,1502,58960,4,1.000000,0.000000
15430,16484970117,1059747,0,0,1645,0,0.000000,16384,1453,59747,4,1.000000,0.000000
15431,16486049913,1079796,0,0,1746,0,0.000000,16384,1521,79796,4,1.000000,0.000000
15432,16487115029,1065116,0,0,1521,0,0.000000,16384,1325,65116,4,1.000000,0.000000
15433,16488176373,1061344,0,0,1560,0,0.000000,16384,1420,61344,4,1.000000,0.000000
15434,16489233961,1057588,0,0,1601,0,0.000000,16384,1389,57588,4,1.000000,0.000000
15435,16490292023,1058062,0,0,1665,0,0.000000,16384,1519,58062,4,1.000000,0.000000
15436,16491349959,1057936,0,0,1657,0,0.000000,16384,1459,57936,4,1.000000,0.000000
15437,16492406667,1056708,0,0,1664,0,0.000000,16384,1479,56708,4,1.000000,0.000000
15438,16493470836,1064169,0,0,1643,0,0.000000,16384,1488,64169,4,1.000000,0.000000
15439,16494535234,1064398,0,0,1454,0,0.000000,16384,1270,64398,4,1.000000,0.000000
15440,16495597493,1062259,0,0,1664,0,0.000000,16384,1512,62259,4,1.000000,0.000000
15441,16496676282,1078789,0,0,1568,0,0.000000,16384,1355,78789,4,1.000000,0.000000
15442,16497737719,1061437,0,0,1602,0,0.000000,16384,1469,61437,4,1.000000,0.000000
15443,16498804950,1067231,0,0,1664,0,0.000000,16384,1454,67231,4,1.000000,0.000000
15444,16499868731,1063781,0,0,1539,0,0.000000,16384,1389,63781,4,1.000000,0.000000
15445,16500929326,1060595,0,0,1554,0,0.000000,16384,1367,60595,4,1.000000,0.000000
15446,16501993862,1064536,0,0,1600,0,0.000000,16384,1437,64536,4,1.000000,0.000000
15447,16503059865,1066003,0,0,1525,0,0.000000,16384,1353,66003,4,1.000000,0.000000
15448,16504121218,1061353,0,0,1564,0,0.000000,16384,1399,61353,4,1.000000,0.000000
15449,16505179473,1058255,0,0,1559,0,0.000000,16384,1388,58255,4,1.000000,0.000000
15450,16506239206,1059733,0,0,1563,0,0.000000,16384,1390,59733,4,1.000000,0.000000
15451,16507316902,1077696,0,0,1576,0,0.000000,16384,1409,77696,4,1.000000,0.000000
15452,16508374401,1057499,0,0,1556,0,0.000000,16384,1378,57499,4,1.000000,0.000000
15453,16509434044,1059643,0,0,1552,0,0.000000,16384,1394,59643,4,1.000000,0.000000
15454,16510496792,1062748,0,0,1531,0,0.000000,16384,1353,62748,4,1.000000,0.000000
15455,16511559235,1062443,0,0,1621,0,0.000000,16384,1463,62443,4,1.000000,0.000000
15456,16512617849,1058614,0,0,1570,0,0.000000,16384,1370,58614,4,1.000000,0.000000
15457,16513672762,1054913,0,0,1551,0,0.000000,16384,1415,54913,4,1.000000,0.000000
15458,16514730926,1058164,0,0,1663,0,0.000000,16384,1443,58164,4,1.000000,0.000000
15459,16515788024,1057098,0,0,1655,0,0.000000,16384,1506,57098,4,1.000000,0.000000
15460,16516845040,1057016,0,0,1665,0,0.000000,16384,1474,57016,4,1.000000,0.000000
15461,16517933497,1088457,0,0,1671,0,0.000000,16384,1475,88457,4,1.000000,0.000000
15462,16518997275,1063778,0,0,1602,0,0.000000,16384,1462,63778,4,1.000000,0.000000
15463,16520056865,1059590,0,0,1641,0,0.000000,16384,1421,59590,4,1.000000,0.000000
15464,16521114492,1057627,0,0,1666,0,0.000000,16384,1512,57627,4,1.000000,0.000000
15465,16522172075,1057583,0,0,1663,0,0.000000,16384,1477,57583,4,1.000000,0.000000
15466,16523231918,1059843,0,0,1626,0,0.000000,16384,1435,59843,4,1.000000,0.000000
15467,16524333452,1101534,0,0,1703,0,0.000000,16384,1550,101534,4,1.000000,0.000000
15468,16525392990,1059538,0,0,1661,0,0.000000,16384,1449,59538,4,1.000000,0.000000
15469,16526455144,1062154,0,0,1564,0,0.000000,16384,1412,62154,4,1.000000,0.000000
15470,16527515219,1060075,0,0,1660,0,0.000000,16384,1472,60075,4,1.000000,0.000000
15471,16528623997,1108778,0,0,1534,0,0.000000,16384,1364,108778,4,1.000000,0.000000
15472,16529684305,1060308,0,0,1409,0,0.000000,16384,1246,60308,4,1.000000,0.000000
15473,16530751386,1067081,0,0,1492,0,0.000000,16384,1355,67081,4,1.000000,0.000000
15474,16531813873,1062487,0,0,1501,0,0.000000,16384,1303,62487,4,1.000000,0.000000
15475,16532875090,1061217,0,0,1508,0,0.000000,16384,1385,61217,4,1.000000,0.000000
15476,16533935928,1060838,0,0,1534,0,0.000000,16384,1321,60838,4,1.000000,0.000000
15477,16535001259,1065331,0,0,1476,0,0.000000,16384,1360,65331,4,1.000000,0.000000
15478,16536071708,1070449,0,0,1558,0,0.000000,16384,1348,70449,4,1.000000,0.000000
15479,16537133630,1061922,0,0,1561,0,0.000000,16384,1435,61922,4,1.000000,0.000000
15480,16538192936,1059306,0,0,1530,0,0.000000,16384,1319,59306,4,1.000000,0.000000
15481,16539275806,1082870,0,0,1594,0,0.000000,16384,1462,82870,4,1.000000,0.000000
15482,16540336118,1060312,0,0,1530,0,0.000000,16384,1317,60312,4,1.000000,0.000000
15483,16541395696,1059578,0,0,1559,0,0.000000,16384,1435,59578,4,1.000000,0.000000
15484,16542453268,1057572,0,0,1632,0,0.000000,16384,1420,57572,4,1.000000,0.000000
15485,16543514793,1061525,0,0,1660,0,0.000000,16384,1495,61525,4,1.000000,0.000000
15486,16544580316,1065523,0,0,1496,0,0.000000,16384,1324,65523,4,1.000000,0.000000
15487,16545642425,1062109,0,0,1642,0,0.000000,16384,1467,62109,4,1.000000,0.000000
15488,16546673490,1031065,0,0,1554,0,0.000000,16384,1390,31065,4,1.000000,0.000000
15489,16547768991,1095501,0,0,1724,0,0.000000,16384,1513,95501,4,1.000000,0.000000
15490,16548827613,1058622,0,0,1667,0,0.000000,16384,1521,58622,4,1.000000,0.000000
15491,16549904613,1077000,0,0,1589,0,0.000000,16384,1390,77000,4,1.000000,0.000000
15492,16551041974,1137361,0,0,1743,0,0.000000,16384,1556,137361,4,1.000000,0.000000
15493,16552108182,1066208,0,0,1510,0,0.000000,16384,1357,66208,4,1.000000,0.000000
15494,16553170960,1062778,0,0,1560,0,0.000000,16384,1380,62778,4,1.000000,0.000000
15495,16554232470,1061510,0,0,1629,0,0.000000,16384,1473,61510,4,1.000000,0.000000
15496,16555290597,1058127,0,0,1659,0,0.000000,16384,1439,58127,4,1.000000,0.000000
15497,16556347690,1057093,0,0,1665,0,0.000000,16384,1518,57093,4,1.000000,0.000000
15498,16557405556,1057866,0,0,1648,0,0.000000,16384,1459,57866,4,1.000000,0.000000
15499,16558466661,1061105,0,0,1581,0,0.000000,16384,1405,61105,4,1.000000,0.000000
15500,16559527139,1060478,0,0,1633,0,0.000000,16384,1469,60478,4,1.000000,0.000000
15501,16560624993,1097854,0,0,1476,0,0.000000,16384,1299,97854,4,1.000000,0.000000
15502,16561795339,1170346,0,0,1715,0,0.000000,16384,1555,170346,4,1.000000,0.000000
15503,16562857153,1061814,0,0,1536,0,0.000000,16384,1327,61814,4,1.000000,0.000000
15504,16563915660,1058507,0,0,1581,0,0.000000,16384,1453,58507,4,1.000000,0.000000
15505,16564975027,1059367,0,0,1587,0,0.000000,16384,1369,59367,4,1.000000,0.000000
15506,16566035055,1060028,0,0,1662,0,0.000000,16384,1510,60028,4,1.000000,0.000000
15507,16567096661,1061606,0,0,1537,0,0.000000,16384,1353,61606,4,1.000000,0.000000
15508,16568161590,1064929,0,0,1563,0,0.000000,16384,1408,64929,4,1.000000,0.000000
15509,16569225199,1063609,0,0,1517,0,0.000000,16384,1336,63609,4,1.000000,0.000000
15510,16570286056,1060857,0,0,1561,0,0.000000,16384,1407,60857,4,1.000000,0.000000
15511,16571364643,1078587,0,0,1587,0,0.000000,16384,1405,78587,4,1.000000,0.000000
15512,16572422419,1057776,0,0,1633,0,0.000000,16384,1452,57776,4,1.000000,0.000000
15513,16573481644,1059225,0,0,1666,0,0.000000,16384,1507,59225,4,1.000000,0.000000
15514,16574538689,1057045,0,0,1662,0,0.000000,16384,1442,57045,4,1.000000,0.000000
15515,16575596291,1057602,0,0,1618,0,0.000000,16384,1476,57602,4,1.000000,0.000000
15516,16576657572,1061281,0,0,1527,0,0.000000,16384,1333,61281,4,1.000000,0.000000
15517,16577706316,1048744,0,0,1602,0,0.000000,16384,1451,48744,4,1.000000,0.000000
15518,16578771910,1065594,0,0,1652,0,0.000000,16384,1463,65594,4,1.000000,0.000000
15519,16579835397,1063487,0,0,1524,0,0.000000,16384,1358,63487,4,1.000000,0.000000
15520,16580896628,1061231,0,0,1551,0,0.000000,16384,1381,61231,4,1.000000,0.000000
15521,16581973890,1077262,0,0,1581,0,0.000000,16384,1406,77262,4,1.000000,0.000000
15522,16583032165,1058275,0,0,1557,0,0.000000,16384,1395,58275,4,1.000000,0.000000
15523,16584095436,1063271,0,0,1507,0,0.000000,16384,1336,63271,4,1.000000,0.000000
15524,16585159898,1064462,0,0,1523,0,0.000000,16384,1359,64462,4,1.000000,0.000000
15525,16586224476,1064578,0,0,1619,0,0.000000,16384,1436,64578,4,1.000000,0.000000
15526,16587283337,1058861,0,0,1661,0,0.000000,16384,1508,58861,4,1.000000,0.000000
15527,16588343496,1060159,0,0,1588,0,0.000000,16384,1372,60159,4,1.000000,0.000000
15528,16589404277,1060781,0,0,1645,0,0.000000,16384,1503,60781,4,1.000000,0.000000
15529,16590464141,1059864,0,0,1662,0,0.000000,16384,1464,59864,4,1.000000,0.000000
15530,16591522874,1058733,0,0,1643,0,0.000000,16384,1461,58733,4,1.000000,0.000000
15531,16592599929,1077055,0,0,1695,0,0.000000,16384,1537,77055,4,1.000000,0.000000
15532,16593697741,1097812,0,0,1693,0,0.000000,16384,1473,97812,4,1.000000,0.000000
15533,16594765615,1067874,0,0,1401,0,0.000000,16384,1285,67874,4,1.000000,0.000000
15534,16595832489,1066874,0,0,1489,0,0.000000,16384,1289,66874,4,1.000000,0.000000
15535,16596897191,1064702,0,0,1514,0,0.000000,16384,1378,64702,4,1.000000,0.000000
15536,16597957822,1060631,0,0,1522,0,0.000000,16384,1332,60631,4,1.000000,0.000000
15537,16599019139,1061317,0,0,1513,0,0.000000,16384,1367,61317,4,1.000000,0.000000
15538,16600085719,1066580,0,0,1465,0,0.000000,16384,1296,66580,4,1.000000,0.000000
15539,16601151349,1065630,0,0,1430,0,0.000000,16384,1267,65630,4,1.000000,0.000000
15540,16602214644,1063295,0,0,1514,0,0.000000,16384,1369,63295,4,1.000000,0.000000
15541,16603305066,1090422,0,0,1526,0,0.000000,16384,1334,90422,4,1.000000,0.000000
15542,16604367380,1062314,0,0,1528,0,0.000000,16384,1390,62314,4,1.000000,0.000000
15543,16605426455,1059075,0,0,1557,0,0.000000,16384,1360,59075,4,1.000000,0.000000
15544,16606484640,1058185,0,0,1558,0,0.000000,16384,1413,58185,4,1.000000,0.000000
15545,16607543517,1058877,0,0,1646,0,0.000000,16384,1455,58877,4,1.000000,0.000000
15546,16608606714,1063197,0,0,1514,0,0.000000,16384,1353,63197,4,1.000000,0.000000
15547,16609672847,1066133,0,0,1659,0,0.000000,16384,1480,66133,4,1.000000,0.000000
15548,16610731538,1058691,0,0,1668,0,0.000000,16384,1463,58691,4,1.000000,0.000000
15549,16611789410,1057872,0,0,1666,0,0.000000,16384,1520,57872,4,1.000000,0.000000
15550,16612846769,1057359,0,0,1667,0,0.000000,16384,1462,57359,4,1.000000,0.000000
15551,16613947022,1100253,0,0,1729,0,0.000000,16384,1535,100253,4,1.000000,0.000000
15552,16615005249,1058227,0,0,1646,0,0.000000,16384,1500,58227,4,1.000000,0.000000
15553,16616065672,1060423,0,0,1652,0,0.000000,16384,1432,60423,4,1.000000,0.000000
15554,16617124097,1058425,0,0,1657,0,0.000000,16384,1500,58425,4,1.000000,0.000000
15555,16618188586,1064489,0,0,1517,0,0.000000,16384,1338,64489,4,1.000000,0.000000
15556,16619251637,1063051,0,0,1527,0,0.000000,16384,1378,63051,4,1.000000,0.000000
15557,16620311492,1059855,0,0,1534,0,0.000000,16384,1347,59855,4,1.000000,0.000000
15558,16621370869,1059377,0,0,1627,0,0.000000,16384,1463,59377,4,1.000000,0.000000
15559,16622431274,1060405,0,0,1628,0,0.000000,16384,1452,60405,4,1.000000,0.000000
15560,16623491706,1060432,0,0,1584,0,0.000000,16384,1398,60432,4,1.000000,0.000000
15561,16624569557,1077851,0,0,1695,0,0.000000,16384,1545,77851,4,1.000000,0.000000
15562,16625628062,1058505,0,0,1665,0,0.000000,16384,1445,58505,4,1.000000,0.000000
15563,16626676959,1048897,0,0,1462,0,0.000000,16384,1336,48897,4,1.000000,0.000000
15564,16627738862,1061903,0,0,1556,0,0.000000,16384,1346,61903,4,1.000000,0.000000
15565,16628798459,1059597,0,0,1567,0,0.000000,16384,1433,59597,4,1.000000,0.000000
15566,16629860179,1061720,0,0,1575,0,0.000000,16384,1373,61720,4,1.000000,0.000000
15567,16630921686,1061507,0,0,1544,0,0.000000,16384,1403,61507,4,1.000000,0.000000
15568,16631981209,1059523,0,0,1555,0,0.000000,16384,1360,59523,4,1.000000,0.000000
15569,16633039193,1057984,0,0,1558,0,0.000000,16384,1411,57984,4,1.000000,0.000000
15570,16634100778,1061585,0,0,1517,0,0.000000,16384,1328,61585,4,1.000000,0.000000
15571,16635185106,1084328,0,0,1554,0,0.000000,16384,1410,84328,4,1.000000,0.000000
15572,16636245348,1060242,0,0,1556,0,0.000000,16384,1364,60242,4,1.000000,0.000000
15573,16637303224,1057876,0,0,1558,0,0.000000,16384,1408,57876,4,1.000000,0.000000
15574,16638360591,1057367,0,0,1544,0,0.000000,16384,1358,57367,4,1.000000,0.000000
15575,16639418505,1057914,0,0,1557,0,0.000000,16384,1404,57914,4,1.000000,0.000000
15576,16640479033,1060528,0,0,1521,0,0.000000,16384,1337,60528,4,1.000000,0.000000
15577,16641539243,1060210,0,0,1563,0,0.000000,16384,1410,60210,4,1.000000,0.000000
15578,16642604023,1064780,0,0,1445,0,0.000000,16384,1262,64780,4,1.000000,0.000000
15579,16643680620,1076597,0,0,1503,0,0.000000,16384,1377,76597,4,1.000000,0.000000
15580,16644747161,1066541,0,0,1490,0,0.000000,16384,1286,66541,4,1.000000,0.000000
15581,16645833756,1086595,0,0,1550,0,0.000000,16384,1429,86595,4,1.000000,0.000000
15582,16646893823,1060067,0,0,1523,0,0.000000,16384,1311,60067,4,1.000000,0.000000
15583,16647955122,1061299,0,0,1500,0,0.000000,16384,1375,61299,4,1.000000,0.000000
15584,16649013789,1058667,0,0,1526,0,0.000000,16384,1325,58667,4,1.000000,0.000000
15585,16650159004,1145215,0,0,1581,0,0.000000,16384,1447,145215,4,1.000000,0.000000
15586,16651225270,1066266,0,0,1501,0,0.000000,16384,1301,66266,4,1.000000,0.000000
15587,16652286951,1061681,0,0,1611,0,0.000000,16384,1475,61681,4,1.000000,0.000000
15588,16653348763,1061812,0,0,1505,0,0.000000,16384,1298,61812,4,1.000000,0.000000
15589,16654408858,1060095,0,0,1561,0,0.000000,16384,1432,60095,4,1.000000,0.000000
15590,16655468441,1059583,0,0,1555,0,0.000000,16384,1342,59583,4,1.000000,0.000000
15591,16656552212,1083771,0,0,1665,0,0.000000,16384,1519,83771,4,1.000000,0.000000
15592,16657612261,1060049,0,0,1652,0,0.000000,16384,1454,60049,4,1.000000,0.000000
15593,16658675723,1063462,0,0,1505,0,0.000000,16384,1352,63462,4,1.000000,0.000000
15594,16659735997,1060274,0,0,1658,0,0.000000,16384,1472,60274,4,1.000000,0.000000
15595,16660795816,1059819,0,0,1597,0,0.000000,16384,1412,59819,4,1.000000,0.000000
15596,16661854798,1058982,0,0,1569,0,0.000000,16384,1418,58982,4,1.000000,0.000000
15597,16662912424,1057626,0,0,1664,0,0.000000,16384,1450,57626,4,1.000000,0.000000
15598,16663970108,1057684,0,0,1667,0,0.000000,16384,1521,57684,4,1.000000,0.000000
15599,16665027524,1057416,0,0,1658,0,0.000000,16384,1461,57416,4,1.000000,0.000000
15600,16666119048,1091524,0,0,1611,0,0.000000,16384,1435,91524,4,1.000000,0.000000
15601,16667217081,1098033,0,0,1568,0,0.000000,16384,1405,98033,4,1.000000,0.000000
15602,16668279862,1062781,0,0,1564,0,0.000000,16384,1382,62781,4,1.000000,0.000000
15603,16669338106,1058244,0,0,1556,0,0.000000,16384,1402,58244,4,1.000000,0.000000
15604,16670396163,1058057,0,0,1548,0,0.000000,16384,1362,58057,4,1.000000,0.000000
15605,16671453935,1057772,0,0,1541,0,0.000000,16384,1391,57772,4,1.000000,0.000000
15606,16672512115,1058180,0,0,1557,0,0.000000,16384,1367,58180,4,1.000000,0.000000
15607,16673573585,1061470,0,0,1528,0,0.000000,16384,1382,61470,4,1.000000,0.000000
15608,16674640712,1067127,0,0,1508,0,0.000000,16384,1328,67127,4,1.000000,0.000000
15609,16675681178,1040466,0,0,1524,0,0.000000,16384,1368,40466,4,1.000000,0.000000
15610,16676740419,1059241,0,0,1561,0,0.000000,16384,1380,59241,4,1.000000,0.000000
15611,16677816325,1075906,0,0,1584,0,0.000000,16384,1428,75906,4,1.000000,0.000000
15612,16678875588,1059263,0,0,1558,0,0.000000,16384,1368,59263,4,1.000000,0.000000
15613,16679933087,1057499,0,0,1551,0,0.000000,16384,1406,57499,4,1.000000,0.000000
15614,16680992206,1059119,0,0,1534,0,0.000000,16384,1342,59119,4,1.000000,0.000000
15615,16682050739,1058533,0,0,1557,0,0.000000,16384,1413,58533,4,1.000000,0.000000
15616,16683108744,1058005,0,0,1545,0,0.000000,16384,1350,58005,4,1.000000,0.000000
15617,16684166713,1057969,0,0,1541,0,0.000000,16384,1400,57969,4,1.000000,0.000000
15618,16685225001,1058288,0,0,1589,0,0.000000,16384,1385,58288,4,1.000000,0.000000
15619,16686282153,1057152,0,0,1623,0,0.000000,16384,1485,57152,4,1.000000,0.000000
15620,16687339091,1056938,0,0,1592,0,0.000000,16384,1378,56938,4,1.000000,0.000000
15621,16688408478,1069387,0,0,1566,0,0.000000,16384,1429,69387,4,1.000000,0.000000
15622,16689468123,1059645,0,0,1557,0,0.000000,16384,1358,59645,4,1.000000,0.000000
15623,16690525307,1057184,0,0,1559,0,0.000000,16384,1416,57184,4,1.000000,0.000000
15624,16691582049,1056742,0,0,1556,0,0.000000,16384,1362,56742,4,1.000000,0.000000
15625,16692638405,1056356,0,0,1734,0,0.000000,16384,1550,56356,4,1.000000,0.000000
15626,16693670689,1032284,0,0,1779,0,0.000000,16384,1611,32284,4,1.000000,0.000000
15627,16694727342,1056653,0,0,1666,0,0.000000,16384,1459,56653,4,1.000000,0.000000
15628,16695788424,1061082,0,0,1556,0,0.000000,16384,1400,61082,4,1.000000,0.000000
15629,16696852599,1064175,0,0,1452,0,0.000000,16384,1272,64175,4,1.000000,0.000000
15630,16697915044,1062445,0,0,1537,0,0.000000,16384,1400,62445,4,1.000000,0.000000
15631,16698990837,1075793,0,0,1582,0,0.000000,16384,1383,75793,4,1.000000,0.000000
15632,16700048849,1058012,0,0,1629,0,0.000000,16384,1466,58012,4,1.000000,0.000000
15633,16701108651,1059802,0,0,1556,0,0.000000,16384,1383,59802,4,1.000000,0.000000
15634,16702166906,1058255,0,0,1604,0,0.000000,16384,1426,58255,4,1.000000,0.000000
15635,16703223674,1056768,0,0,1658,0,0.000000,16384,1496,56768,4,1.000000,0.000000
15636,16704281875,1058201,0,0,1650,0,0.000000,16384,1430,58201,4,1.000000,0.000000
15637,16705339810,1057935,0,0,1682,0,0.000000,16384,1534,57935,4,1.000000,0.000000
15638,16706418051,1078241,0,0,1849,0,0.000000,16384,1657,78241,4,1.000000,0.000000
15639,16707508220,1090169,0,0,1833,0,0.000000,16384,1613,90169,4,1.000000,0.000000
15640,16708600868,1092648,0,0,1850,0,0.000000,16384,1626,92648,4,1.000000,0.000000
15641,16709704269,1103401,0,0,1867,0,0.000000,16384,1678,103401,4,1.000000,0.000000
15642,16710767643,1063374,0,0,1811,0,0.000000,16384,1636,63374,4,1.000000,0.000000
15643,16711830447,1062804,0,0,1805,0,0.000000,16384,1604,62804,4,1.000000,0.000000
15644,16712893957,1063510,0,0,1796,0,0.000000,16384,1577,63510,4,1.000000,0.000000
15645,16713957146,1063189,0,0,1788,0,0.000000,16384,1599,63189,4,1.000000,0.000000
15646,16715017151,1060005,0,0,1671,0,0.000000,16384,1520,60005,4,1.000000,0.000000
15647,16716077818,1060667,0,0,1866,0,0.000000,16384,1642,60667,4,1.000000,0.000000
15648,16717136876,1059058,0,0,1829,0,0.000000,16384,1608,59058,4,1.000000,0.000000
15649,16718210577,1073701,0,0,1844,0,0.000000,16384,1653,73701,4,1.000000,0.000000
15650,16719270321,1059744,0,0,1753,0,0.000000,16384,1589,59744,4,1.000000,0.000000
15651,16720347994,1077673,0,0,1851,0,0.000000,16384,1352,77673,4,1.000000,0.000000
15652,16721406966,1058972,0,0,1808,0,0.000000,16384,1286,58972,4,1.000000,0.000000
15653,16722463969,1057003,0,0,1850,0,0.000000,16384,1316,57003,4,1.000000,0.000000
15654,16723521662,1057693,0,0,1831,0,0.000000,16384,1303,57693,4,1.000000,0.000000
15655,16724609362,1087700,0,0,1993,0,0.000000,16384,1417,87700,4,1.000000,0.000000
15656,16725698549,1089187,0,0,2005,0,0.000000,16384,1427,89187,4,1.000000,0.000000
15657,16726761543,1062994,0,0,1932,0,0.000000,16384,1374,62994,4,1.000000,0.000000
15658,16727824142,1062599,0,0,1909,0,0.000000,16384,1357,62599,4,1.000000,0.000000
15659,16728886368,1062226,0,0,1920,0,0.000000,16384,1714,62226,4,1.000000,0.000000
15660,16729946351,1059983,0,0,1829,0,0.000000,16384,1610,59983,4,1.000000,0.000000
15661,16731012747,1066396,0,0,1824,0,0.000000,16384,1600,66396,4,1.000000,0.000000
15662,16732069189,1056442,0,0,1804,0,0.000000,16384,1632,56442,4,1.000000,0.000000
15663,16733125092,1055903,0,0,1824,0,0.000000,16384,1647,55903,4,1.000000,0.000000
15664,16734181141,1056049,0,0,1814,0,0.000000,16384,1599,56049,4,1.000000,0.000000
15665,16735238028,1056887,0,0,1733,0,0.000000,16384,1519,56887,4,1.000000,0.000000
15666,16736295111,1057083,0,0,1743,0,0.000000,16384,1582,57083,4,1.000000,0.000000
15667,16737353334,1058223,0,0,1751,0,0.000000,16384,1566,58223,4,1.000000,0.000000
15668,16738414321,1060987,0,0,1731,0,0.000000,16384,1511,60987,4,1.000000,0.000000
15669,16739473123,1058802,0,0,1827,0,0.000000,16384,1638,58802,4,1.000000,0.000000
15670,16740531801,1058678,0,0,1777,0,0.000000,16384,1609,58678,4,1.000000,0.000000
15671,16741600522,1068721,0,0,1816,0,0.000000,16384,1609,68721,4,1.000000,0.000000
15672,16742657683,1057161,0,0,1813,0,0.000000,16384,1593,57161,4,1.000000,0.000000
15673,16743670427,1012744,0,0,1744,0,0.000000,16384,1564,12744,4,1.000000,0.000000
15674,16744726945,1056518,0,0,1772,0,0.000000,16384,1605,56518,4,1.000000,0.000000
15675,16745783587,1056642,0,0,1686,0,0.000000,16384,1473,56642,4,1.000000,0.000000
15676,16746839884,1056297,0,0,1826,0,0.000000,16384,1617,56297,4,1.000000,0.000000
15677,16747896930,1057046,0,0,1826,0,0.000000,16384,1648,57046,4,1.000000,0.000000
15678,16748953523,1056593,0,0,1826,0,0.000000,16384,1649,56593,4,1.000000,0.000000
15679,16750009442,1055919,0,0,1800,0,0.000000,16384,1580,55919,4,1.000000,0.000000
15680,16751065441,1055999,0,0,1824,0,0.000000,16384,1600,55999,4,1.000000,0.000000
15681,16752131352,1065911,0,0,1734,0,0.000000,16384,1574,65911,4,1.000000,0.000000
15682,16753187465,1056113,0,0,1825,0,0.000000,16384,1645,56113,4,1.000000,0.000000
15683,16754243148,1055683,0,0,1824,0,0.000000,16384,1601,55683,4,1.000000,0.000000
15684,16755299233,1056085,0,0,1822,0,0.000000,16384,1601,56085,4,1.000000,0.000000
15685,16756356039,1056806,0,0,1785,0,0.000000,16384,1613,56806,4,1.000000,0.000000
15686,16757412096,1056057,0,0,1825,0,0.000000,16384,1647,56057,4,1.000000,0.000000
15687,16758468265,1056169,0,0,1794,0,0.000000,16384,1579,56169,4,1.000000,0.000000
15688,16759528132,1059867,0,0,1695,0,0.000000,16384,1493,59867,4,1.000000,0.000000
15689,16760590254,1062122,0,0,1683,0,0.000000,16384,1534,62122,4,1.000000,0.000000
15690,16761649659,1059405,0,0,1654,0,0.000000,16384,1450,59405,4,1.000000,0.000000
15691,16762673492,1023833,0,0,1590,0,0.000000,16384,1426,23833,4,1.000000,0.000000
15692,16763736111,1062619,0,0,1815,0,0.000000,16384,1639,62619,4,1.000000,0.000000
15693,16764793074,1056963,0,0,1825,0,0.000000,16384,1601,56963,4,1.000000,0.000000
15694,16765849930,1056856,0,0,1815,0,0.000000,16384,1595,56856,4,1.000000,0.000000
15695,16766907573,1057643,0,0,1824,0,0.000000,16384,1643,57643,4,1.000000,0.000000
15696,16767964249,1056676,0,0,1825,0,0.000000,16384,1647,56676,4,1.000000,0.000000
15697,16769020085,1055836,0,0,1821,0,0.000000,16384,1616,55836,4,1.000000,0.000000
15698,16770075982,1055897,0,0,1792,0,0.000000,16384,1572,55897,4,1.000000,0.000000
15699,16771132513,1056531,0,0,1815,0,0.000000,16384,1623,56531,4,1.000000,0.000000
15700,16772188531,1056018,0,0,1824,0,0.000000,16384,1646,56018,4,1.000000,0.000000
15701,16773263455,1074924,0,0,1842,0,0.000000,16384,1648,74924,4,1.000000,0.000000
15702,16774321233,1057778,0,0,1788,0,0.000000,16384,1568,57778,4,1.000000,0.000000
15703,16775377813,1056580,0,0,1815,0,0.000000,16384,1608,56580,4,1.000000,0.000000
15704,16776435724,1057911,0,0,1781,0,0.000000,16384,1612,57911,4,1.000000,0.000000
15705,16777493479,1057755,0,0,1827,0,0.000000,16384,1639,57755,4,1.000000,0.000000
15706,16778549764,1056285,0,0,1823,0,0.000000,16384,1603,56285,4,1.000000,0.000000
15707,16779606795,1057031,0,0,1825,0,0.000000,16384,1606,57031,4,1.000000,0.000000
15708,16780670649,1063854,0,0,1712,0,0.000000,16384,1557,63854,4,1.000000,0.000000
15709,16781730573,1059924,0,0,1815,0,0.000000,16384,1625,59924,4,1.000000,0.000000
15710,16782791184,1060611,0,0,1766,0,0.000000,16384,1546,60611,4,1.000000,0.000000
15711,16783857504,1066320,0,0,1830,0,0.000000,16384,1626,66320,4,1.000000,0.000000
15712,16784915539,1058035,0,0,1791,0,0.000000,16384,1620,58035,4,1.000000,0.000000
15713,16785972203,1056664,0,0,1780,0,0.000000,16384,1590,56664,4,1.000000,0.000000
15714,16787028159,1055956,0,0,1823,0,0.000000,16384,1604,55956,4,1.000000,0.000000
15715,16788086074,1057915,0,0,1676,0,0.000000,16384,1497,57915,4,1.000000,0.000000
15716,16789143073,1056999,0,0,1806,0,0.000000,16384,1632,56999,4,1.000000,0.000000
15717,16790199261,1056188,0,0,1741,0,0.000000,16384,1534,56188,4,1.000000,0.000000
15718,16791255577,1056316,0,0,1791,0,0.000000,16384,1572,56316,4,1.000000,0.000000
15719,16792311483,1055906,0,0,1825,0,0.000000,16384,1647,55906,4,1.000000,0.000000
15720,16793367094,1055611,0,0,1826,0,0.000000,16384,1648,55611,4,1.000000,0.000000
15721,16794429810,1062716,0,0,1813,0,0.000000,16384,1600,62716,4,1.000000,0.000000
15722,16795485919,1056109,0,0,1822,0,0.000000,16384,1602,56109,4,1.000000,0.000000
15723,16796545807,1059888,0,0,1598,0,0.000000,16384,1453,59888,4,1.000000,0.000000
15724,16797606257,1060450,0,0,1666,0,0.000000,16384,1473,60450,4,1.000000,0.000000
15725,16798664268,1058011,0,0,1666,0,0.000000,16384,1473,58011,4,1.000000,0.000000
15726,16799726372,1062104,0,0,1670,0,0.000000,16384,1525,62104,4,1.000000,0.000000
15727,16800786739,1060367,0,0,1758,0,0.000000,16384,1538,60367,4,1.000000,0.000000
15728,16801845053,1058314,0,0,1824,0,0.000000,16384,1607,58314,4,1.000000,0.000000
15729,16802901134,1056081,0,0,1825,0,0.000000,16384,1647,56081,4,1.000000,0.000000
15730,16803957403,1056269,0,0,1826,0,0.000000,16384,1648,56269,4,1.000000,0.000000
15731,16805024401,1066998,0,0,1841,0,0.000000,16384,1626,66998,4,1.000000,0.000000
15732,16806080380,1055979,0,0,1813,0,0.000000,16384,1593,55979,4,1.000000,0.000000
15733,16807138671,1058291,0,0,1644,0,0.000000,16384,1487,58291,4,1.000000,0.000000
15734,16808195709,1057038,0,0,1788,0,0.000000,16384,1605,57038,4,1.000000,0.000000
15735,16809254224,1058515,0,0,1715,0,0.000000,16384,1495,58515,4,1.000000,0.000000
15736,16810311361,1057137,0,0,1776,0,0.000000,16384,1592,57137,4,1.000000,0.000000
15737,16811367840,1056479,0,0,1817,0,0.000000,16384,1640,56479,4,1.000000,0.000000
15738,16812424391,1056551,0,0,1824,0,0.000000,16384,1621,56551,4,1.000000,0.000000
15739,16813481310,1056919,0,0,1817,0,0.000000,16384,1597,56919,4,1.000000,0.000000
15740,16814537104,1055794,0,0,1824,0,0.000000,16384,1622,55794,4,1.000000,0.000000
15741,16815600340,1063236,0,0,1836,0,0.000000,16384,1656,63236,4,1.000000,0.000000
15742,16816656184,1055844,0,0,1825,0,0.000000,16384,1643,55844,4,1.000000,0.000000
15743,16817670104,1013920,0,0,1747,0,0.000000,16384,1527,13920,4,1.000000,0.000000
15744,16818725885,1055781,0,0,1824,0,0.000000,16384,1615,55781,4,1.000000,0.000000
15745,16819781624,1055739,0,0,1815,0,0.000000,16384,1639,55739,4,1.000000,0.000000
15746,16820840482,1058858,0,0,1763,0,0.000000,16384,1584,58858,4,1.000000,0.000000
15747,16821897958,1057476,0,0,1810,0,0.000000,16384,1590,57476,4,1.000000,0.000000
15748,16822956560,1058602,0,0,1780,0,0.000000,16384,1577,58602,4,1.000000,0.000000
15749,16824019837,1063277,0,0,1654,0,0.000000,16384,1510,63277,4,1.000000,0.000000
15750,16825077223,1057386,0,0,1661,0,0.000000,16384,1448,57386,4,1.000000,0.000000
15751,16826157022,1079799,0,0,1684,0,0.000000,16384,1509,79799,4,1.000000,0.000000
15752,16827213987,1056965,0,0,1740,0,0.000000,16384,1575,56965,4,1.000000,0.000000
15753,16828270340,1056353,0,0,1825,0,0.000000,16384,1605,56353,4,1.000000,0.000000
15754,16829327541,1057201,0,0,1827,0,0.000000,16384,1603,57201,4,1.000000,0.000000
15755,16830383628,1056087,0,0,1828,0,0.000000,16384,1647,56087,4,1.000000,0.000000
15756,16831439401,1055773,0,0,1827,0,0.000000,16384,1650,55773,4,1.000000,0.000000
15757,16832495419,1056018,0,0,1809,0,0.000000,16384,1603,56018,4,1.000000,0.000000
15758,16833552590,1057171,0,0,1711,0,0.000000,16384,1493,57171,4,1.000000,0.000000
15759,16834608766,1056176,0,0,1824,0,0.000000,16384,1647,56176,4,1.000000,0.000000
15760,16835668941,1060175,0,0,1799,0,0.000000,16384,1627,60175,4,1.000000,0.000000
15761,16836734156,1065215,0,0,1815,0,0.000000,16384,1598,65215,4,1.000000,0.000000
15762,16837791544,1057388,0,0,1811,0,0.000000,16384,1590,57388,4,1.000000,0.000000
15763,16838848384,1056840,0,0,1828,0,0.000000,16384,1643,56840,4,1.000000,0.000000
15764,16839904532,1056148,0,0,1827,0,0.000000,16384,1649,56148,4,1.000000,0.000000
15765,16840962445,1057913,0,0,1755,0,0.000000,16384,1555,57913,4,1.000000,0.000000
15766,16842019874,1057429,0,0,1812,0,0.000000,16384,1591,57429,4,1.000000,0.000000
15767,16843076052,1056178,0,0,1824,0,0.000000,16384,1634,56178,4,1.000000,0.000000
15768,16844133665,1057613,0,0,1753,0,0.000000,16384,1590,57613,4,1.000000,0.000000
15769,16845190183,1056518,0,0,1736,0,0.000000,16384,1529,56518,4,1.000000,0.000000
15770,16846246357,1056174,0,0,1801,0,0.000000,16384,1581,56174,4,1.000000,0.000000
15771,16847309455,1063098,0,0,1824,0,0.000000,16384,1646,63098,4,1.000000,0.000000
15772,16848366905,1057450,0,0,1822,0,0.000000,16384,1646,57450,4,1.000000,0.000000
15773,16849423303,1056398,0,0,1824,0,0.000000,16384,1611,56398,4,1.000000,0.000000
15774,16850480157,1056854,0,0,1666,0,0.000000,16384,1461,56854,4,1.000000,0.000000
15775,16851536182,1056025,0,0,1825,0,0.000000,16384,1648,56025,4,1.000000,0.000000
15776,16852592976,1056794,0,0,1818,0,0.000000,16384,1640,56794,4,1.000000,0.000000
15777,16853648894,1055918,0,0,1822,0,0.000000,16384,1599,55918,4,1.000000,0.000000
15778,16854670219,1021325,0,0,1760,0,0.000000,16384,1549,21325,4,1.000000,0.000000
15779,16855725998,1055779,0,0,1825,0,0.000000,16384,1646,55779,4,1.000000,0.000000
15780,16856781881,1055883,0,0,1824,0,0.000000,16384,1647,55883,4,1.000000,0.000000
15781,16857842347,1060466,0,0,1831,0,0.000000,16384,1613,60466,4,1.000000,0.000000
15782,16858898303,1055956,0,0,1824,0,0.000000,16384,1604,55956,4,1.000000,0.000000
15783,16859953992,1055689,0,0,1809,0,0.000000,16384,1622,55689,4,1.000000,0.000000
15784,16861011863,1057871,0,0,1759,0,0.000000,16384,1595,57871,4,1.000000,0.000000
15785,16862071429,1059566,0,0,1654,0,0.000000,16384,1445,59566,4,1.000000,0.000000
15786,16863129914,1058485,0,0,1656,0,0.000000,16384,1484,58485,4,1.000000,0.000000
15787,16864187498,1057584,0,0,1666,0,0.000000,16384,1497,57584,4,1.000000,0.000000
15788,16865244497,1056999,0,0,1744,0,0.000000,16384,1525,56999,4,1.000000,0.000000
15789,16866292226,1047729,0,0,1799,0,0.000000,16384,1613,47729,4,1.000000,0.000000
15790,16867352952,1060726,0,0,1670,0,0.000000,16384,1515,60726,4,1.000000,0.000000
15791,16868451522,1098570,0,0,1835,0,0.000000,16384,1616,98570,4,1.000000,0.000000
15792,16869541675,1090153,0,0,1822,0,0.000000,16384,1598,90153,4,1.000000,0.000000
15793,16870633479,1091804,0,0,1856,0,0.000000,16384,1672,91804,4,1.000000,0.000000
15794,16871708825,1075346,0,0,1830,0,0.000000,16384,1652,75346,4,1.000000,0.000000
15795,16872772146,1063321,0,0,1815,0,0.000000,16384,1613,63321,4,1.000000,0.000000
15796,16873834542,1062396,0,0,1737,0,0.000000,16384,1517,62396,4,1.000000,0.000000
15797,16874896674,1062132,0,0,1820,0,0.000000,16384,1635,62132,4,1.000000,0.000000
15798,16875958918,1062244,0,0,1911,0,0.000000,16384,1715,62244,4,1.000000,0.000000
15799,16877018066,1059148,0,0,1831,0,0.000000,16384,1648,59148,4,1.000000,0.000000
15800,16878074712,1056646,0,0,1824,0,0.000000,16384,1604,56646,4,1.000000,0.000000
15801,16879147440,1072728,0,0,1849,0,0.000000,16384,1625,72728,4,1.000000,0.000000
15802,16880203622,1056182,0,0,1826,0,0.000000,16384,1643,56182,4,1.000000,0.000000
15803,16881262827,1059205,0,0,1744,0,0.000000,16384,1583,59205,4,1.000000,0.000000
15804,16882320655,1057828,0,0,1761,0,0.000000,16384,1544,57828,4,1.000000,0.000000
15805,16883406427,1085772,0,0,1941,0,0.000000,16384,1718,85772,4,1.000000,0.000000
15806,16884495979,1089552,0,0,1946,0,0.000000,16384,1723,89552,4,1.000000,0.000000
15807,16885588082,1092103,0,0,1927,0,0.000000,16384,1730,92103,4,1.000000,0.000000
15808,16886679523,1091441,0,0,1979,0,0.000000,16384,1770,91441,4,1.000000,0.000000
15809,16887740456,1060933,0,0,1758,0,0.000000,16384,1594,60933,4,1.000000,0.000000
15810,16888800808,1060352,0,0,1738,0,0.000000,16384,1523,60352,4,1.000000,0.000000
15811,16889869226,1068418,0,0,1834,0,0.000000,16384,1615,68418,4,1.000000,0.000000
15812,16890926731,1057505,0,0,1778,0,0.000000,16384,1610,57505,4,1.000000,0.000000
15813,16891983847,1057116,0,0,1700,0,0.000000,16384,1523,57116,4,1.000000,0.000000
15814,16893044422,1060575,0,0,1880,0,0.000000,16384,1660,60575,4,1.000000,0.000000
15815,16894107506,1063084,0,0,1829,0,0.000000,16384,1612,63084,4,1.000000,0.000000
15816,16895167413,1059907,0,0,1800,0,0.000000,16384,1627,59907,4,1.000000,0.000000
15817,16896225189,1057776,0,0,1827,0,0.000000,16384,1650,57776,4,1.000000,0.000000
15818,16897285206,1060017,0,0,1630,0,0.000000,16384,1413,60017,4,1.000000,0.000000
15819,16898345034,1059828,0,0,1810,0,0.000000,16384,1619,59828,4,1.000000,0.000000
15820,16899406825,1061791,0,0,1676,0,0.000000,16384,1527,61791,4,1.000000,0.000000
15821,16900483559,1076734,0,0,1553,0,0.000000,16384,1337,76734,4,1.000000,0.000000
15822,16901548266,1064707,0,0,1543,0,0.000000,16384,1423,64707,4,1.000000,0.000000
15823,16902608462,1060196,0,0,1649,0,0.000000,16384,1429,60196,4,1.000000,0.000000
15824,16903668760,1060298,0,0,1660,0,0.000000,16384,1498,60298,4,1.000000,0.000000
15825,16904726348,1057588,0,0,1664,0,0.000000,16384,1486,57588,4,1.000000,0.000000
15826,16905783804,1057456,0,0,1657,0,0.000000,16384,1451,57456,4,1.000000,0.000000
15827,16906839988,1056184,0,0,1701,0,0.000000,16384,1548,56184,4,1.000000,0.000000
15828,16907896010,1056022,0,0,1823,0,0.000000,16384,1622,56022,4,1.000000,0.000000
15829,16908951976,1055966,0,0,1822,0,0.000000,16384,1602,55966,4,1.000000,0.000000
15830,16910007556,1055580,0,0,1823,0,0.000000,16384,1619,55580,4,1.000000,0.000000
15831,16911074560,1067004,0,0,1815,0,0.000000,16384,1639,67004,4,1.000000,0.000000
15832,16912130722,1056162,0,0,1823,0,0.000000,16384,1639,56162,4,1.000000,0.000000
15833,16913186576,1055854,0,0,1821,0,0.000000,16384,1601,55854,4,1.000000,0.000000
15834,16914242476,1055900,0,0,1787,0,0.000000,16384,1573,55900,4,1.000000,0.000000
15835,16915298035,1055559,0,0,1823,0,0.000000,16384,1645,55559,4,1.000000,0.000000
15836,16916354139,1056104,0,0,1826,0,0.000000,16384,1648,56104,4,1.000000,0.000000
15837,16917410000,1055861,0,0,1822,0,0.000000,16384,1604,55861,4,1.000000,0.000000
15838,16918465890,1055890,0,0,1823,0,0.000000,16384,1603,55890,4,1.000000,0.000000
15839,16919521908,1056018,0,0,1815,0,0.000000,16384,1629,56018,4,1.000000,0.000000
15840,16920577785,1055877,0,0,1824,0,0.000000,16384,1647,55877,4,1.000000,0.000000
15841,16921640336,1062551,0,0,1745,0,0.000000,16384,1544,62551,4,1.000000,0.000000
15842,16922673148,1032812,0,0,1768,0,0.000000,16384,1548,32812,4,1.000000,0.000000
15843,16923730574,1057426,0,0,1785,0,0.000000,16384,1614,57426,4,1.000000,0.000000
15844,16924793488,1062914,0,0,1488,0,0.000000,16384,1323,62914,4,1.000000,0.000000
15845,16925856459,1062971,0,0,1559,0,0.000000,16384,1395,62971,4,1.000000,0.000000
15846,16926913034,1056575,0,0,1602,0,0.000000,16384,1426,56575,4,1.000000,0.000000
15847,16927968854,1055820,0,0,1814,0,0.000000,16384,1594,55820,4,1.000000,0.000000
15848,16929025326,1056472,0,0,1826,0,0.000000,16384,1641,56472,4,1.000000,0.000000
15849,16930081258,1055932,0,0,1814,0,0.000000,16384,1639,55932,4,1.000000,0.000000
15850,16931137029,1055771,0,0,1824,0,0.000000,16384,1620,55771,4,1.000000,0.000000
15851,16932216807,1079778,0,0,1863,0,0.000000,16384,1643,79778,4,1.000000,0.000000
15852,16933273007,1056200,0,0,1824,0,0.000000,16384,1613,56200,4,1.000000,0.000000
15853,16934328722,1055715,0,0,1821,0,0.000000,16384,1645,55715,4,1.000000,0.000000
15854,16935385338,1056616,0,0,1717,0,0.000000,16384,1540,56616,4,1.000000,0.000000
15855,16936447823,1062485,0,0,1546,0,0.000000,16384,1351,62485,4,1.000000,0.000000
15856,16937510655,1062832,0,0,1620,0,0.000000,16384,1382,62832,4,1.000000,0.000000
15857,16938571236,1060581,0,0,1640,0,0.000000,16384,1499,60581,4,1.000000,0.000000
15858,16939629105,1057869,0,0,1657,0,0.000000,16384,1451,57869,4,1.000000,0.000000
15859,16940672126,1043021,0,0,1778,0,0.000000,16384,1578,43021,4,1.000000,0.000000
15860,16941731207,1059081,0,0,1637,0,0.000000,16384,1496,59081,4,1.000000,0.000000
15861,16942804124,1072917,0,0,1680,0,0.000000,16384,1461,72917,4,1.000000,0.000000
15862,16943862170,1058046,0,0,1647,0,0.000000,16384,1482,58046,4,1.000000,0.000000
15863,16944919250,1057080,0,0,1602,0,0.000000,16384,1427,57080,4,1.000000,0.000000
15864,16945975672,1056422,0,0,1794,0,0.000000,16384,1574,56422,4,1.000000,0.000000
15865,16947031885,1056213,0,0,1814,0,0.000000,16384,1635,56213,4,1.000000,0.000000
15866,16948088207,1056322,0,0,1620,0,0.000000,16384,1459,56322,4,1.000000,0.000000
15867,16949144850,1056643,0,0,1826,0,0.000000,16384,1606,56643,4,1.000000,0.000000
15868,16950200494,1055644,0,0,1811,0,0.000000,16384,1609,55644,4,1.000000,0.000000
15869,16951256384,1055890,0,0,1814,0,0.000000,16384,1638,55890,4,1.000000,0.000000
15870,16952321483,1065099,0,0,1659,0,0.000000,16384,1473,65099,4,1.000000,0.000000
15871,16953398033,1076550,0,0,1778,0,0.000000,16384,1557,76550,4,1.000000,0.000000
15872,16954455036,1057003,0,0,1815,0,0.000000,16384,1640,57003,4,1.000000,0.000000
15873,16955511773,1056737,0,0,1806,0,0.000000,16384,1632,56737,4,1.000000,0.000000
15874,16956567984,1056211,0,0,1823,0,0.000000,16384,1608,56211,4,1.000000,0.000000
15875,16957625136,1057152,0,0,1808,0,0.000000,16384,1589,57152,4,1.000000,0.000000
15876,16958670472,1045336,0,0,1802,0,0.000000,16384,1617,45336,4,1.000000,0.000000
15877,16959726412,1055940,0,0,1816,0,0.000000,16384,1640,55940,4,1.000000,0.000000
15878,16960782184,1055772,0,0,1823,0,0.000000,16384,1620,55772,4,1.000000,0.000000
15879,16961838184,1056000,0,0,1711,0,0.000000,16384,1491,56000,4,1.000000,0.000000
15880,16962897024,1058840,0,0,1767,0,0.000000,16384,1598,58840,4,1.000000,0.000000
15881,16963963560,1066536,0,0,1760,0,0.000000,16384,1589,66536,4,1.000000,0.000000
15882,16965017369,1053809,0,0,1645,0,0.000000,16384,1425,53809,4,1.000000,0.000000
15883,16966080837,1063468,0,0,1562,0,0.000000,16384,1428,63468,4,1.000000,0.000000
15884,16967139473,1058636,0,0,1599,0,0.000000,16384,1397,58636,4,1.000000,0.000000
15885,16968196208,1056735,0,0,1665,0,0.000000,16384,1495,56735,4,1.000000,0.000000
15886,16969252822,1056614,0,0,1666,0,0.000000,16384,1496,56614,4,1.000000,0.000000
15887,16970308702,1055880,0,0,1661,0,0.000000,16384,1446,55880,4,1.000000,0.000000
15888,16971367840,1059138,0,0,1667,0,0.000000,16384,1521,59138,4,1.000000,0.000000
15889,16972429698,1061858,0,0,1525,0,0.000000,16384,1329,61858,4,1.000000,0.000000
15890,16973491518,1061820,0,0,1563,0,0.000000,16384,1421,61820,4,1.000000,0.000000
15891,16974564700,1073182,0,0,1681,0,0.000000,16384,1486,73182,4,1.000000,0.000000
15892,16975623201,1058501,0,0,1656,0,0.000000,16384,1465,58501,4,1.000000,0.000000
15893,16976674439,1051238,0,0,1633,0,0.000000,16384,1486,51238,4,1.000000,0.000000
15894,16977732422,1057983,0,0,1634,0,0.000000,16384,1414,57983,4,1.000000,0.000000
15895,16978794296,1061874,0,0,1656,0,0.000000,16384,1507,61874,4,1.000000,0.000000
15896,16979857387,1063091,0,0,1655,0,0.000000,16384,1464,63091,4,1.000000,0.000000
15897,16980918481,1061094,0,0,1554,0,0.000000,16384,1384,61094,4,1.000000,0.000000
15898,16981979108,1060627,0,0,1585,0,0.000000,16384,1419,60627,4,1.000000,0.000000
15899,16983038193,1059085,0,0,1661,0,0.000000,16384,1458,59085,4,1.000000,0.000000
15900,16984095291,1057098,0,0,1660,0,0.000000,16384,1516,57098,4,1.000000,0.000000
15901,16985185371,1090080,0,0,1708,0,0.000000,16384,1499,90080,4,1.000000,0.000000
15902,16986247881,1062510,0,0,1665,0,0.000000,16384,1480,62510,4,1.000000,0.000000
15903,16987309518,1061637,0,0,1667,0,0.000000,16384,1512,61637,4,1.000000,0.000000
15904,16988367778,1058260,0,0,1586,0,0.000000,16384,1371,58260,4,1.000000,0.000000
15905,16989427450,1059672,0,0,1603,0,0.000000,16384,1470,59672,4,1.000000,0.000000
15906,16990485918,1058468,0,0,1664,0,0.000000,16384,1456,58468,4,1.000000,0.000000
15907,16991542469,1056551,0,0,1699,0,0.000000,16384,1515,56551,4,1.000000,0.000000
15908,16992604829,1062360,0,0,1516,0,0.000000,16384,1360,62360,4,1.000000,0.000000
15909,16993671784,1066955,0,0,1633,0,0.000000,16384,1440,66955,4,1.000000,0.000000
15910,16994740077,1068293,0,0,1561,0,0.000000,16384,1418,68293,4,1.000000,0.000000
15911,16995820501,1080424,0,0,1852,0,0.000000,16384,1632,80424,4,1.000000,0.000000
15912,16996880370,1059869,0,0,1816,0,0.000000,16384,1601,59869,4,1.000000,0.000000
15913,16997941039,1060669,0,0,1578,0,0.000000,16384,1451,60669,4,1.000000,0.000000
15914,16999001223,1060184,0,0,1666,0,0.000000,16384,1448,60184,4,1.000000,0.000000
15915,17000058605,1057382,0,0,1718,0,0.000000,16384,1538,57382,4,1.000000,0.000000
15916,17001115858,1057253,0,0,1761,0,0.000000,16384,1597,57253,4,1.000000,0.000000
15917,17002174688,1058830,0,0,1713,0,0.000000,16384,1497,58830,4,1.000000,0.000000
15918,17003235259,1060571,0,0,1785,0,0.000000,16384,1582,60571,4,1.000000,0.000000
15919,17004301674,1066415,0,0,1621,0,0.000000,16384,1484,66415,4,1.000000,0.000000
15920,17005368246,1066572,0,0,1519,0,0.000000,16384,1309,66572,4,1.000000,0.000000
15921,17006448631,1080385,0,0,1590,0,0.000000,16384,1459,80385,4,1.000000,0.000000
15922,17007509190,1060559,0,0,1561,0,0.000000,16384,1346,60559,4,1.000000,0.000000
15923,17008591341,1082151,0,0,1593,0,0.000000,16384,1458,82151,4,1.000000,0.000000
15924,17009649748,1058407,0,0,1559,0,0.000000,16384,1358,58407,4,1.000000,0.000000
15925,17010670753,1021005,0,0,1586,0,0.000000,16384,1439,21005,4,1.000000,0.000000
15926,17011728497,1057744,0,0,1655,0,0.000000,16384,1464,57744,4,1.000000,0.000000
15927,17012790580,1062083,0,0,1517,0,0.000000,16384,1354,62083,4,1.000000,0.000000
15928,17013850332,1059752,0,0,1692,0,0.000000,16384,1516,59752,4,1.000000,0.000000
15929,17014907087,1056755,0,0,1583,0,0.000000,16384,1385,56755,4,1.000000,0.000000
15930,17015964729,1057642,0,0,1664,0,0.000000,16384,1517,57642,4,1.000000,0.000000
15931,17017037268,1072539,0,0,1661,0,0.000000,16384,1451,72539,4,1.000000,0.000000
15932,17018095887,1058619,0,0,1679,0,0.000000,16384,1503,58619,4,1.000000,0.000000
15933,17019152683,1056796,0,0,1817,0,0.000000,16384,1641,56796,4,1.000000,0.000000
15934,17020208599,1055916,0,0,1800,0,0.000000,16384,1588,55916,4,1.000000,0.000000
15935,17021265127,1056528,0,0,1815,0,0.000000,16384,1595,56528,4,1.000000,0.000000
15936,17022321505,1056378,0,0,1654,0,0.000000,16384,1500,56378,4,1.000000,0.000000
15937,17023385139,1063634,0,0,1577,0,0.000000,16384,1395,63634,4,1.000000,0.000000
15938,17024450907,1065768,0,0,1490,0,0.000000,16384,1339,65768,4,1.000000,0.000000
15939,17025512995,1062088,0,0,1559,0,0.000000,16384,1374,62088,4,1.000000,0.000000
15940,17026571636,1058641,0,0,1561,0,0.000000,16384,1402,58641,4,1.000000,0.000000
15941,17027649086,1077450,0,0,1681,0,0.000000,16384,1500,77450,4,1.000000,0.000000
15942,17028675600,1026514,0,0,1609,0,0.000000,16384,1414,26514,4,1.000000,0.000000
15943,17029740383,1064783,0,0,1620,0,0.000000,16384,1479,64783,4,1.000000,0.000000
15944,17030800797,1060414,0,0,1647,0,0.000000,16384,1427,60414,4,1.000000,0.000000
15945,17031859736,1058939,0,0,1638,0,0.000000,16384,1486,58939,4,1.000000,0.000000
15946,17032918833,1059097,0,0,1671,0,0.000000,16384,1483,59097,4,1.000000,0.000000
15947,17033976826,1057993,0,0,1780,0,0.000000,16384,1560,57993,4,1.000000,0.000000
15948,17035037545,1060719,0,0,1631,0,0.000000,16384,1491,60719,4,1.000000,0.000000
15949,17036101091,1063546,0,0,1664,0,0.000000,16384,1468,63546,4,1.000000,0.000000
15950,17037163067,1061976,0,0,1668,0,0.000000,16384,1478,61976,4,1.000000,0.000000
15951,17038246449,1083382,0,0,1692,0,0.000000,16384,1542,83382,4,1.000000,0.000000
15952,17039305069,1058620,0,0,1663,0,0.000000,16384,1443,58620,4,1.000000,0.000000
15953,17040361901,1056832,0,0,1664,0,0.000000,16384,1498,56832,4,1.000000,0.000000
15954,17041418304,1056403,0,0,1773,0,0.000000,16384,1599,56403,4,1.000000,0.000000
15955,17042476562,1058258,0,0,1665,0,0.000000,16384,1445,58258,4,1.000000,0.000000
15956,17043535295,1058733,0,0,1660,0,0.000000,16384,1503,58733,4,1.000000,0.000000
15957,17044595664,1060369,0,0,1634,0,0.000000,16384,1451,60369,4,1.000000,0.000000
15958,17045675650,1079986,0,0,1475,0,0.000000,16384,1317,79986,4,1.000000,0.000000
15959,17046741869,1066219,0,0,1532,0,0.000000,16384,1357,66219,4,1.000000,0.000000
15960,17047801712,1059843,0,0,1680,0,0.000000,16384,1492,59843,4,1.000000,0.000000
15961,17048882105,1080393,0,0,1851,0,0.000000,16384,1669,80393,4,1.000000,0.000000
15962,17049940544,1058439,0,0,1826,0,0.000000,16384,1633,58439,4,1.000000,0.000000
15963,17050998583,1058039,0,0,1825,0,0.000000,16384,1605,58039,4,1.000000,0.000000
15964,17052055092,1056509,0,0,1812,0,0.000000,16384,1600,56509,4,1.000000,0.000000
15965,17053111232,1056140,0,0,1823,0,0.000000,16384,1646,56140,4,1.000000,0.000000
15966,17054167023,1055791,0,0,1815,0,0.000000,16384,1640,55791,4,1.000000,0.000000
15967,17055222659,1055636,0,0,1812,0,0.000000,16384,1589,55636,4,1.000000,0.000000
15968,17056279157,1056498,0,0,1793,0,0.000000,16384,1574,56498,4,1.000000,0.000000
15969,17057335196,1056039,0,0,1733,0,0.000000,16384,1575,56039,4,1.000000,0.000000
15970,17058391332,1056136,0,0,1824,0,0.000000,16384,1640,56136,4,1.000000,0.000000
15971,17059454284,1062952,0,0,1833,0,0.000000,16384,1613,62952,4,1.000000,0.000000
15972,17060510567,1056283,0,0,1823,0,0.000000,16384,1599,56283,4,1.000000,0.000000
15973,17061566610,1056043,0,0,1825,0,0.000000,16384,1647,56043,4,1.000000,0.000000
15974,17062624018,1057408,0,0,1745,0,0.000000,16384,1583,57408,4,1.000000,0.000000
15975,17063671164,1047146,0,0,1789,0,0.000000,16384,1569,47146,4,1.000000,0.000000
15976,17064727734,1056570,0,0,1823,0,0.000000,16384,1601,56570,4,1.000000,0.000000
15977,17065767234,1039500,0,0,1782,0,0.000000,16384,1612,39500,4,1.000000,0.000000
15978,17066828555,1061321,0,0,1648,0,0.000000,16384,1476,61321,4,1.000000,0.000000
15979,17067886766,1058211,0,0,1655,0,0.000000,16384,1448,58211,4,1.000000,0.000000
15980,17068945417,1058651,0,0,1664,0,0.000000,16384,1519,58651,4,1.000000,0.000000
15981,17070014517,1069100,0,0,1665,0,0.000000,16384,1461,69100,4,1.000000,0.000000
15982,17071071397,1056880,0,0,1661,0,0.000000,16384,1480,56880,4,1.000000,0.000000
15983,17072128103,1056706,0,0,1663,0,0.000000,16384,1504,56706,4,1.000000,0.000000
15984,17073184741,1056638,0,0,1663,0,0.000000,16384,1443,56638,4,1.000000,0.000000
15985,17074242770,1058029,0,0,1656,0,0.000000,16384,1507,58029,4,1.000000,0.000000
15986,17075300439,1057669,0,0,1665,0,0.000000,16384,1474,57669,4,1.000000,0.000000
15987,17076356594,1056155,0,0,1778,0,0.000000,16384,1560,56155,4,1.000000,0.000000
15988,17077446453,1089859,0,0,1956,0,0.000000,16384,1753,89859,4,1.000000,0.000000
15989,17078539541,1093088,0,0,1972,0,0.000000,16384,1765,93088,4,1.000000,0.000000
15990,17079630466,1090925,0,0,1976,0,0.000000,16384,1768,90925,4,1.000000,0.000000
15991,17080703020,1072554,0,0,1949,0,0.000000,16384,1746,72554,4,1.000000,0.000000
15992,17081765948,1062928,0,0,1931,0,0.000000,16384,1732,62928,4,1.000000,0.000000
15993,17082827443,1061495,0,0,1724,0,0.000000,16384,1510,61495,4,1.000000,0.000000
15994,17083887181,1059738,0,0,1830,0,0.000000,16384,1614,59738,4,1.000000,0.000000
15995,17084943963,1056782,0,0,1827,0,0.000000,16384,1649,56782,4,1.000000,0.000000
15996,17086001074,1057111,0,0,1800,0,0.000000,16384,1629,57111,4,1.000000,0.000000
15997,17087057871,1056797,0,0,1823,0,0.000000,16384,1599,56797,4,1.000000,0.000000
15998,17088114914,1057043,0,0,1719,0,0.000000,16384,1514,57043,4,1.000000,0.000000
15999,17089172960,1058046,0,0,1763,0,0.000000,16384,1597,58046,4,1.000000,0.000000
16000,17090229511,1056551,0,0,1826,0,0.000000,16384,1638,56551,4,1.000000,0.000000
16001,17091312112,1082601,0,0,1851,0,0.000000,16384,1631,82601,4,1.000000,0.000000
16002,17092368750,1056638,0,0,1824,0,0.000000,16384,1600,56638,4,1.000000,0.000000
16003,17093424647,1055897,0,0,1825,0,0.000000,16384,1647,55897,4,1.000000,0.000000
16004,17094480658,1056011,0,0,1826,0,0.000000,16384,1648,56011,4,1.000000,0.000000
16005,17095537350,1056692,0,0,1781,0,0.000000,16384,1573,56692,4,1.000000,0.000000
16006,17096593360,1056010,0,0,1823,0,0.000000,16384,1602,56010,4,1.000000,0.000000
16007,17097650692,1057332,0,0,1815,0,0.000000,16384,1628,57332,4,1.000000,0.000000
16008,17098678218,1027526,0,0,1476,0,0.000000,16384,1324,27526,4,1.000000,0.000000
16009,17099739382,1061164,0,0,1667,0,0.000000,16384,1472,61164,4,1.000000,0.000000
16010,17100796110,1056728,0,0,1812,0,0.000000,16384,1636,56728,4,1.000000,0.000000
16011,17101863364,1067254,0,0,1842,0,0.000000,16384,1653,67254,4,1.000000,0.000000
16012,17102923737,1060373,0,0,1582,0,0.000000,16384,1367,60373,4,1.000000,0.000000
16013,17103981907,1058170,0,0,1693,0,0.000000,16384,1542,58170,4,1.000000,0.000000
16014,17105037901,1055994,0,0,1824,0,0.000000,16384,1630,55994,4,1.000000,0.000000
16015,17106094127,1056226,0,0,1823,0,0.000000,16384,1603,56226,4,1.000000,0.000000
16016,17107151489,1057362,0,0,1807,0,0.000000,16384,1598,57362,4,1.000000,0.000000
16017,17108207942,1056453,0,0,1825,0,0.000000,16384,1647,56453,4,1.000000,0.000000
16018,17109263798,1055856,0,0,1803,0,0.000000,16384,1626,55856,4,1.000000,0.000000
16019,17110319497,1055699,0,0,1821,0,0.000000,16384,1601,55699,4,1.000000,0.000000
16020,17111375573,1056076,0,0,1822,0,0.000000,16384,1598,56076,4,1.000000,0.000000
16021,17112440189,1064616,0,0,1838,0,0.000000,16384,1658,64616,4,1.000000,0.000000
16022,17113496193,1056004,0,0,1823,0,0.000000,16384,1646,56004,4,1.000000,0.000000
16023,17114551977,1055784,0,0,1823,0,0.000000,16384,1616,55784,4,1.000000,0.000000
16024,17115608752,1056775,0,0,1789,0,0.000000,16384,1569,56775,4,1.000000,0.000000
16025,17116669460,1060708,0,0,1737,0,0.000000,16384,1562,60708,4,1.000000,0.000000
16026,17117730176,1060716,0,0,1704,0,0.000000,16384,1538,60716,4,1.000000,0.000000
16027,17118790420,1060244,0,0,1830,0,0.000000,16384,1611,60244,4,1.000000,0.000000
16028,17119848260,1057840,0,0,1825,0,0.000000,16384,1606,57840,4,1.000000,0.000000
16029,17120906200,1057940,0,0,1768,0,0.000000,16384,1602,57940,4,1.000000,0.000000
16030,17121963247,1057047,0,0,1660,0,0.000000,16384,1481,57047,4,1.000000,0.000000
16031,17123029397,1066150,0,0,1681,0,0.000000,16384,1472,66150,4,1.000000,0.000000
16032,17124087755,1058358,0,0,1814,0,0.000000,16384,1639,58358,4,1.000000,0.000000
16033,17125145145,1057390,0,0,1827,0,0.000000,16384,1650,57390,4,1.000000,0.000000
16034,17126201066,1055921,0,0,1824,0,0.000000,16384,1601,55921,4,1.000000,0.000000
16035,17127257166,1056100,0,0,1824,0,0.000000,16384,1604,56100,4,1.000000,0.000000
16036,17128314378,1057212,0,0,1658,0,0.000000,16384,1506,57212,4,1.000000,0.000000
16037,17129377578,1063200,0,0,1589,0,0.000000,16384,1405,63200,4,1.000000,0.000000
16038,17130441130,1063552,0,0,1753,0,0.000000,16384,1550,63552,4,1.000000,0.000000
16039,17131498637,1057507,0,0,1810,0,0.000000,16384,1635,57507,4,1.000000,0.000000
16040,17132556686,1058049,0,0,1803,0,0.000000,16384,1617,58049,4,1.000000,0.000000
16041,17133622891,1066205,0,0,1820,0,0.000000,16384,1600,66205,4,1.000000,0.000000
16042,17134675239,1052348,0,0,1771,0,0.000000,16384,1566,52348,4,1.000000,0.000000
16043,17135732473,1057234,0,0,1800,0,0.000000,16384,1626,57234,4,1.000000,0.000000
16044,17136789954,1057481,0,0,1766,0,0.000000,16384,1581,57481,4,1.000000,0.000000
16045,17137847376,1057422,0,0,1814,0,0.000000,16384,1594,57422,4,1.000000,0.000000
16046,17138904724,1057348,0,0,1782,0,0.000000,16384,1584,57348,4,1.000000,0.000000
16047,17139962271,1057547,0,0,1793,0,0.000000,16384,1621,57547,4,1.000000,0.000000
16048,17141019124,1056853,0,0,1817,0,0.000000,16384,1623,56853,4,1.000000,0.000000
16049,17142080615,1061491,0,0,1832,0,0.000000,16384,1611,61491,4,1.000000,0.000000
16050,17143139534,1058919,0,0,1674,0,0.000000,16384,1493,58919,4,1.000000,0.000000
16051,17144219180,1079646,0,0,1834,0,0.000000,16384,1654,79646,4,1.000000,0.000000
16052,17145276710,1057530,0,0,1801,0,0.000000,16384,1599,57530,4,1.000000,0.000000
16053,17146335697,1058987,0,0,1769,0,0.000000,16384,1548,58987,4,1.000000,0.000000
16054,17147393746,1058049,0,0,1797,0,0.000000,16384,1615,58049,4,1.000000,0.000000
16055,17148450265,1056519,0,0,1825,0,0.000000,16384,1647,56519,4,1.000000,0.000000
16056,17149506539,1056274,0,0,1825,0,0.000000,16384,1622,56274,4,1.000000,0.000000
16057,17150562861,1056322,0,0,1811,0,0.000000,16384,1591,56322,4,1.000000,0.000000
16058,17151618824,1055963,0,0,1798,0,0.000000,16384,1602,55963,4,1.000000,0.000000
16059,17152670458,1051634,0,0,1790,0,0.000000,16384,1541,51634,4,1.000000,0.000000
16060,17153726483,1056025,0,0,1825,0,0.000000,16384,1626,56025,4,1.000000,0.000000
16061,17154789822,1063339,0,0,1828,0,0.000000,16384,1650,63339,4,1.000000,0.000000
16062,17155845907,1056085,0,0,1825,0,0.000000,16384,1638,56085,4,1.000000,0.000000
16063,17156902284,1056377,0,0,1826,0,0.000000,16384,1606,56377,4,1.000000,0.000000
16064,17157958247,1055963,0,0,1822,0,0.000000,16384,1602,55963,4,1.000000,0.000000
16065,17159014064,1055817,0,0,1826,0,0.000000,16384,1648,55817,4,1.000000,0.000000
16066,17160070022,1055958,0,0,1810,0,0.000000,16384,1635,55958,4,1.000000,0.000000
16067,17161125685,1055663,0,0,1824,0,0.000000,16384,1608,55663,4,1.000000,0.000000
16068,17162181506,1055821,0,0,1825,0,0.000000,16384,1606,55821,4,1.000000,0.000000
16069,17163238101,1056595,0,0,1738,0,0.000000,16384,1564,56595,4,1.000000,0.000000
16070,17164294588,1056487,0,0,1828,0,0.000000,16384,1650,56487,4,1.000000,0.000000
16071,17165355998,1061410,0,0,1819,0,0.000000,16384,1607,61410,4,1.000000,0.000000
16072,17166412345,1056347,0,0,1827,0,0.000000,16384,1606,56347,4,1.000000,0.000000
16073,17167469132,1056787,0,0,1825,0,0.000000,16384,1631,56787,4,1.000000,0.000000
16074,17168525510,1056378,0,0,1824,0,0.000000,16384,1647,56378,4,1.000000,0.000000
16075,17169582240,1056730,0,0,1823,0,0.000000,16384,1631,56730,4,1.000000,0.000000
16076,17170638755,1056515,0,0,1823,0,0.000000,16384,1603,56515,4,1.000000,0.000000
16077,17171670395,1031640,0,0,1767,0,0.000000,16384,1564,31640,4,1.000000,0.000000
16078,17172726226,1055831,0,0,1825,0,0.000000,16384,1647,55831,4,1.000000,0.000000
16079,17173777098,1050872,0,0,1725,0,0.000000,16384,1542,50872,4,1.000000,0.000000
16080,17174838914,1061816,0,0,1658,0,0.000000,16384,1445,61816,4,1.000000,0.000000
16081,17175908490,1069576,0,0,1685,0,0.000000,16384,1536,69576,4,1.000000,0.000000
16082,17176966086,1057596,0,0,1665,0,0.000000,16384,1471,57596,4,1.000000,0.000000
16083,17178027713,1061627,0,0,1772,0,0.000000,16384,1559,61627,4,1.000000,0.000000
16084,17179089240,1061527,0,0,1751,0,0.000000,16384,1588,61527,4,1.000000,0.000000
16085,17180149331,1060091,0,0,1659,0,0.000000,16384,1470,60091,4,1.000000,0.000000
16086,17181206895,1057564,0,0,1666,0,0.000000,16384,1471,57564,4,1.000000,0.000000
16087,17182268593,1061698,0,0,1645,0,0.000000,16384,1505,61698,4,1.000000,0.000000
16088,17183330287,1061694,0,0,1731,0,0.000000,16384,1511,61694,4,1.000000,0.000000
16089,17184388613,1058326,0,0,1827,0,0.000000,16384,1614,58326,4,1.000000,0.000000
16090,17185445031,1056418,0,0,1825,0,0.000000,16384,1648,56418,4,1.000000,0.000000
16091,17186515450,1070419,0,0,1840,0,0.000000,16384,1659,70419,4,1.000000,0.000000
16092,17187575874,1060424,0,0,1829,0,0.000000,16384,1612,60424,4,1.000000,0.000000
16093,17188632823,1056949,0,0,1737,0,0.000000,16384,1521,56949,4,1.000000,0.000000
16094,17189674461,1041638,0,0,1745,0,0.000000,16384,1584,41638,4,1.000000,0.000000
16095,17190732333,1057872,0,0,1823,0,0.000000,16384,1640,57872,4,1.000000,0.000000
16096,17191788582,1056249,0,0,1825,0,0.000000,16384,1605,56249,4,1.000000,0.000000
16097,17192844915,1056333,0,0,1824,0,0.000000,16384,1600,56333,4,1.000000,0.000000
16098,17193901810,1056895,0,0,1822,0,0.000000,16384,1645,56895,4,1.000000,0.000000
16099,17194963072,1061262,0,0,1825,0,0.000000,16384,1647,61262,4,1.000000,0.000000
16100,17196023890,1060818,0,0,1832,0,0.000000,16384,1623,60818,4,1.000000,0.000000
16101,17197100626,1076736,0,0,1856,0,0.000000,16384,1636,76736,4,1.000000,0.000000
16102,17198162112,1061486,0,0,1830,0,0.000000,16384,1624,61486,4,1.000000,0.000000
16103,17199223953,1061841,0,0,1642,0,0.000000,16384,1500,61841,4,1.000000,0.000000
16104,17200283804,1059851,0,0,1818,0,0.000000,16384,1602,59851,4,1.000000,0.000000
16105,17201341389,1057585,0,0,1795,0,0.000000,16384,1575,57585,4,1.000000,0.000000
16106,17202474431,1133042,0,0,1810,0,0.000000,16384,1630,133042,4,1.000000,0.000000
16107,17203534954,1060523,0,0,1650,0,0.000000,16384,1490,60523,4,1.000000,0.000000
16108,17204593776,1058822,0,0,1667,0,0.000000,16384,1447,58822,4,1.000000,0.000000
16109,17205650216,1056440,0,0,1810,0,0.000000,16384,1632,56440,4,1.000000,0.000000
16110,17206670725,1020509,0,0,1763,0,0.000000,16384,1599,20509,4,1.000000,0.000000
16111,17207744902,1074177,0,0,1826,0,0.000000,16384,1604,74177,4,1.000000,0.000000
16112,17208800865,1055963,0,0,1823,0,0.000000,16384,1603,55963,4,1.000000,0.000000
16113,17209856672,1055807,0,0,1826,0,0.000000,16384,1640,55807,4,1.000000,0.000000
16114,17210913465,1056793,0,0,1827,0,0.000000,16384,1648,56793,4,1.000000,0.000000
16115,17211970654,1057189,0,0,1813,0,0.000000,16384,1614,57189,4,1.000000,0.000000
16116,17213028573,1057919,0,0,1820,0,0.000000,16384,1600,57919,4,1.000000,0.000000
16117,17214089519,1060946,0,0,1832,0,0.000000,16384,1627,60946,4,1.000000,0.000000
16118,17215150369,1060850,0,0,1823,0,0.000000,16384,1645,60850,4,1.000000,0.000000
16119,17216207075,1056706,0,0,1815,0,0.000000,16384,1634,56706,4,1.000000,0.000000
16120,17217263157,1056082,0,0,1822,0,0.000000,16384,1602,56082,4,1.000000,0.000000
16121,17218327018,1063861,0,0,1836,0,0.000000,16384,1611,63861,4,1.000000,0.000000
16122,17219383843,1056825,0,0,1826,0,0.000000,16384,1648,56825,4,1.000000,0.000000
16123,17220439910,1056067,0,0,1826,0,0.000000,16384,1648,56067,4,1.000000,0.000000
16124,17221495764,1055854,0,0,1824,0,0.000000,16384,1616,55854,4,1.000000,0.000000
16125,17222588904,1093140,0,0,1841,0,0.000000,16384,1622,93140,4,1.000000,0.000000
16126,17223686510,1097606,0,0,1846,0,0.000000,16384,1639,97606,4,1.000000,0.000000
16127,17224754845,1068335,0,0,1707,0,0.000000,16384,1552,68335,4,1.000000,0.000000
16128,17225820515,1065670,0,0,1769,0,0.000000,16384,1567,65670,4,1.000000,0.000000
16129,17226884975,1064460,0,0,1778,0,0.000000,16384,1558,64460,4,1.000000,0.000000
16130,17227945558,1060583,0,0,1666,0,0.000000,16384,1514,60583,4,1.000000,0.000000
16131,17229015589,1070031,0,0,1677,0,0.000000,16384,1489,70031,4,1.000000,0.000000
16132,17230077095,1061506,0,0,1760,0,0.000000,16384,1540,61506,4,1.000000,0.000000
16133,17231136869,1059774,0,0,1664,0,0.000000,16384,1520,59774,4,1.000000,0.000000
16134,17232194469,1057600,0,0,1661,0,0.000000,16384,1469,57600,4,1.000000,0.000000
16135,17233251357,1056888,0,0,1659,0,0.000000,16384,1467,56888,4,1.000000,0.000000
16136,17234308088,1056731,0,0,1662,0,0.000000,16384,1514,56731,4,1.000000,0.000000
16137,17235394631,1086543,0,0,1869,0,0.000000,16384,1645,86543,4,1.000000,0.000000
16138,17236484649,1090018,0,0,1877,0,0.000000,16384,1657,90018,4,1.000000,0.000000
16139,17237547552,1062903,0,0,1785,0,0.000000,16384,1594,62903,4,1.000000,0.000000
16140,17238607888,1060336,0,0,1708,0,0.000000,16384,1554,60336,4,1.000000,0.000000
16141,17239707184,1099296,0,0,1979,0,0.000000,16384,1760,99296,4,1.000000,0.000000
16142,17240770379,1063195,0,0,1914,0,0.000000,16384,1690,63195,4,1.000000,0.000000
16143,17241832847,1062468,0,0,1913,0,0.000000,16384,1693,62468,4,1.000000,0.000000
16144,17242910971,1078124,0,0,1871,0,0.000000,16384,1653,78124,4,1.000000,0.000000
16145,17243971470,1060499,0,0,1629,0,0.000000,16384,1491,60499,4,1.000000,0.000000
16146,17245034502,1063032,0,0,1592,0,0.000000,16384,1388,63032,4,1.000000,0.000000
16147,17246097892,1063390,0,0,1670,0,0.000000,16384,1502,63390,4,1.000000,0.000000
16148,17247156214,1058322,0,0,1665,0,0.000000,16384,1493,58322,4,1.000000,0.000000
16149,17248213635,1057421,0,0,1664,0,0.000000,16384,1450,57421,4,1.000000,0.000000
16150,17249271215,1057580,0,0,1665,0,0.000000,16384,1520,57580,4,1.000000,0.000000
16151,17250353613,1082398,0,0,1699,0,0.000000,16384,1500,82398,4,1.000000,0.000000
16152,17251443849,1090236,0,0,1822,0,0.000000,16384,1600,90236,4,1.000000,0.000000
16153,17252534797,1090948,0,0,1947,0,0.000000,16384,1743,90948,4,1.000000,0.000000
16154,17253626640,1091843,0,0,1978,0,0.000000,16384,1769,91843,4,1.000000,0.000000
16155,17254702301,1075661,0,0,1955,0,0.000000,16384,1752,75661,4,1.000000,0.000000
16156,17255764556,1062255,0,0,1931,0,0.000000,16384,1732,62255,4,1.000000,0.000000
16157,17256826696,1062140,0,0,1925,0,0.000000,16384,1728,62140,4,1.000000,0.000000
16158,17257888883,1062187,0,0,1919,0,0.000000,16384,1695,62187,4,1.000000,0.000000
16159,17258951354,1062471,0,0,1904,0,0.000000,16384,1683,62471,4,1.000000,0.000000
16160,17260010608,1059254,0,0,1828,0,0.000000,16384,1610,59254,4,1.000000,0.000000
16161,17261074691,1064083,0,0,1840,0,0.000000,16384,1659,64083,4,1.000000,0.000000
16162,17262130951,1056260,0,0,1826,0,0.000000,16384,1648,56260,4,1.000000,0.000000
16163,17263190169,1059218,0,0,1744,0,0.000000,16384,1536,59218,4,1.000000,0.000000
16164,17264247986,1057817,0,0,1825,0,0.000000,16384,1603,57817,4,1.000000,0.000000
16165,17265304295,1056309,0,0,1803,0,0.000000,16384,1626,56309,4,1.000000,0.000000
16166,17266360688,1056393,0,0,1825,0,0.000000,16384,1648,56393,4,1.000000,0.000000
16167,17267417175,1056487,0,0,1824,0,0.000000,16384,1614,56487,4,1.000000,0.000000
16168,17268473216,1056041,0,0,1822,0,0.000000,16384,1602,56041,4,1.000000,0.000000
16169,17269529147,1055931,0,0,1808,0,0.000000,16384,1615,55931,4,1.000000,0.000000
16170,17270584816,1055669,0,0,1826,0,0.000000,16384,1648,55669,4,1.000000,0.000000
16171,17271650493,1065677,0,0,1820,0,0.000000,16384,1627,65677,4,1.000000,0.000000
16172,17272670981,1020488,0,0,1758,0,0.000000,16384,1538,20488,4,1.000000,0.000000
16173,17273726814,1055833,0,0,1824,0,0.000000,16384,1624,55833,4,1.000000,0.000000
16174,17274782933,1056119,0,0,1796,0,0.000000,16384,1624,56119,4,1.000000,0.000000
16175,17275840075,1057142,0,0,1781,0,0.000000,16384,1589,57142,4,1.000000,0.000000
16176,17276897174,1057099,0,0,1800,0,0.000000,16384,1580,57099,4,1.000000,0.000000
16177,17277953197,1056023,0,0,1812,0,0.000000,16384,1614,56023,4,1.000000,0.000000
16178,17279008991,1055794,0,0,1825,0,0.000000,16384,1647,55794,4,1.000000,0.000000
16179,17280064875,1055884,0,0,1824,0,0.000000,16384,1636,55884,4,1.000000,0.000000
16180,17281120518,1055643,0,0,1822,0,0.000000,16384,1602,55643,4,1.000000,0.000000
16181,17282182244,1061726,0,0,1834,0,0.000000,16384,1614,61726,4,1.000000,0.000000
16182,17283239944,1057700,0,0,1771,0,0.000000,16384,1604,57700,4,1.000000,0.000000
16183,17284296897,1056953,0,0,1824,0,0.000000,16384,1647,56953,4,1.000000,0.000000
16184,17285352649,1055752,0,0,1822,0,0.000000,16384,1598,55752,4,1.000000,0.000000
16185,17286412865,1060216,0,0,1826,0,0.000000,16384,1606,60216,4,1.000000,0.000000
16186,17287474105,1061240,0,0,1813,0,0.000000,16384,1632,61240,4,1.000000,0.000000
16187,17288531413,1057308,0,0,1814,0,0.000000,16384,1639,57308,4,1.000000,0.000000
16188,17289590852,1059439,0,0,1691,0,0.000000,16384,1486,59439,4,1.000000,0.000000
16189,17290650153,1059301,0,0,1784,0,0.000000,16384,1574,59301,4,1.000000,0.000000
16190,17291670704,1020551,0,0,1760,0,0.000000,16384,1596,20551,4,1.000000,0.000000
16191,17292736080,1065376,0,0,1841,0,0.000000,16384,1652,65376,4,1.000000,0.000000
16192,17293792479,1056399,0,0,1825,0,0.000000,16384,1605,56399,4,1.000000,0.000000
16193,17294850513,1058034,0,0,1821,0,0.000000,16384,1599,58034,4,1.000000,0.000000
16194,17295914124,1063611,0,0,1795,0,0.000000,16384,1624,63611,4,1.000000,0.000000
16195,17296977158,1063034,0,0,1740,0,0.000000,16384,1569,63034,4,1.000000,0.000000
16196,17298036777,1059619,0,0,1664,0,0.000000,16384,1444,59619,4,1.000000,0.000000
16197,17299113819,1077042,0,0,1655,0,0.000000,16384,1503,77042,4,1.000000,0.000000
16198,17300176461,1062642,0,0,1621,0,0.000000,16384,1437,62642,4,1.000000,0.000000
16199,17301235307,1058846,0,0,1666,0,0.000000,16384,1473,58846,4,1.000000,0.000000
16200,17302300116,1064809,0,0,1585,0,0.000000,16384,1438,64809,4,1.000000,0.000000
16201,17303390499,1090383,0,0,1549,0,0.000000,16384,1350,90383,4,1.000000,0.000000
16202,17304451803,1061304,0,0,1562,0,0.000000,16384,1425,61304,4,1.000000,0.000000
16203,17305509575,1057772,0,0,1639,0,0.000000,16384,1418,57772,4,1.000000,0.000000
16204,17306568152,1058577,0,0,1577,0,0.000000,16384,1447,58577,4,1.000000,0.000000
16205,17307626173,1058021,0,0,1626,0,0.000000,16384,1421,58021,4,1.000000,0.000000
16206,17308672351,1046178,0,0,1615,0,0.000000,16384,1453,46178,4,1.000000,0.000000
16207,17309733028,1060677,0,0,1647,0,0.000000,16384,1469,60677,4,1.000000,0.000000
16208,17310802220,1069192,0,0,1664,0,0.000000,16384,1461,69192,4,1.000000,0.000000
16209,17311863142,1060922,0,0,1653,0,0.000000,16384,1509,60922,4,1.000000,0.000000
16210,17312925032,1061890,0,0,1630,0,0.000000,16384,1421,61890,4,1.000000,0.000000
16211,17313999889,1074857,0,0,1689,0,0.000000,16384,1515,74857,4,1.000000,0.000000
16212,17315058130,1058241,0,0,1667,0,0.000000,16384,1501,58241,4,1.000000,0.000000
16213,17316116030,1057900,0,0,1660,0,0.000000,16384,1440,57900,4,1.000000,0.000000
16214,17317173719,1057689,0,0,1665,0,0.000000,16384,1521,57689,4,1.000000,0.000000
16215,17318341482,1167763,0,0,1724,0,0.000000,16384,1528,167763,4,1.000000,0.000000
16216,17319405260,1063778,0,0,1548,0,0.000000,16384,1370,63778,4,1.000000,0.000000
16217,17320464298,1059038,0,0,1560,0,0.000000,16384,1402,59038,4,1.000000,0.000000
16218,17321524407,1060109,0,0,1601,0,0.000000,16384,1408,60109,4,1.000000,0.000000
16219,17322587157,1062750,0,0,1595,0,0.000000,16384,1452,62750,4,1.000000,0.000000
16220,17323725370,1138213,0,0,1659,0,0.000000,16384,1439,138213,4,1.000000,0.000000
16221,17324806891,1081521,0,0,1425,0,0.000000,16384,1309,81521,4,1.000000,0.000000
16222,17325871910,1065019,0,0,1512,0,0.000000,16384,1314,65019,4,1.000000,0.000000
16223,17326932855,1060945,0,0,1540,0,0.000000,16384,1402,60945,4,1.000000,0.000000
16224,17327991722,1058867,0,0,1587,0,0.000000,16384,1381,58867,4,1.000000,0.000000
16225,17329052522,1060800,0,0,1635,0,0.000000,16384,1495,60800,4,1.000000,0.000000
16226,17330110554,1058032,0,0,1639,0,0.000000,16384,1429,58032,4,1.000000,0.000000
16227,17331169631,1059077,0,0,1667,0,0.000000,16384,1496,59077,4,1.000000,0.000000
16228,17332227701,1058070,0,0,1665,0,0.000000,16384,1495,58070,4,1.000000,0.000000
16229,17333284014,1056313,0,0,1662,0,0.000000,16384,1448,56313,4,1.000000,0.000000
16230,17334351703,1067689,0,0,1552,0,0.000000,16384,1430,67689,4,1.000000,0.000000
16231,17335441301,1089598,0,0,1559,0,0.000000,16384,1340,89598,4,1.000000,0.000000
16232,17336504610,1063309,0,0,1548,0,0.000000,16384,1424,63309,4,1.000000,0.000000
16233,17337564913,1060303,0,0,1540,0,0.000000,16384,1327,60303,4,1.000000,0.000000
16234,17338623667,1058754,0,0,1619,0,0.000000,16384,1482,58754,4,1.000000,0.000000
16235,17339672226,1048559,0,0,1645,0,0.000000,16384,1447,48559,4,1.000000,0.000000
16236,17340729574,1057348,0,0,1662,0,0.000000,16384,1479,57348,4,1.000000,0.000000
16237,17341787238,1057664,0,0,1644,0,0.000000,16384,1487,57664,4,1.000000,0.000000
16238,17342847925,1060687,0,0,1481,0,0.000000,16384,1294,60687,4,1.000000,0.000000
16239,17343908427,1060502,0,0,1547,0,0.000000,16384,1398,60502,4,1.000000,0.000000
16240,17344966809,1058382,0,0,1578,0,0.000000,16384,1383,58382,4,1.000000,0.000000
16241,17346056960,1090151,0,0,1712,0,0.000000,16384,1557,90151,4,1.000000,0.000000
16242,17347115677,1058717,0,0,1660,0,0.000000,16384,1454,58717,4,1.000000,0.000000
16243,17348173849,1058172,0,0,1665,0,0.000000,16384,1487,58172,4,1.000000,0.000000
16244,17349230906,1057057,0,0,1664,0,0.000000,16384,1502,57057,4,1.000000,0.000000
16245,17350320001,1089095,0,0,1579,0,0.000000,16384,1373,89095,4,1.000000,0.000000
16246,17351382650,1062649,0,0,1529,0,0.000000,16384,1399,62649,4,1.000000,0.000000
16247,17352441338,1058688,0,0,1558,0,0.000000,16384,1351,58688,4,1.000000,0.000000
16248,17353499234,1057896,0,0,1559,0,0.000000,16384,1430,57896,4,1.000000,0.000000
16249,17354558953,1059719,0,0,1550,0,0.000000,16384,1338,59719,4,1.000000,0.000000
16250,17355617942,1058989,0,0,1574,0,0.000000,16384,1448,58989,4,1.000000,0.000000
16251,17356714019,1096077,0,0,1698,0,0.000000,16384,1480,96077,4,1.000000,0.000000
16252,17357774534,1060515,0,0,1641,0,0.000000,16384,1471,60515,4,1.000000,0.000000
16253,17358837271,1062737,0,0,1486,0,0.000000,16384,1320,62737,4,1.000000,0.000000
16254,17359896710,1059439,0,0,1560,0,0.000000,16384,1397,59439,4,1.000000,0.000000
16255,17360953935,1057225,0,0,1557,0,0.000000,16384,1384,57225,4,1.000000,0.000000
16256,17362011117,1057182,0,0,1403,0,0.000000,16384,1265,57182,4,1.000000,0.000000
16257,17363070200,1059083,0,0,1683,0,0.000000,16384,1485,59083,4,1.000000,0.000000
16258,17364152580,1082380,0,0,1564,0,0.000000,16384,1393,82380,4,1.000000,0.000000
16259,17365215775,1063195,0,0,1522,0,0.000000,16384,1356,63195,4,1.000000,0.000000
16260,17366275673,1059898,0,0,1562,0,0.000000,16384,1392,59898,4,1.000000,0.000000
16261,17367350586,1074913,0,0,1583,0,0.000000,16384,1414,74913,4,1.000000,0.000000
16262,17368408026,1057440,0,0,1629,0,0.000000,16384,1405,57440,4,1.000000,0.000000
16263,17369466590,1058564,0,0,1713,0,0.000000,16384,1492,58564,4,1.000000,0.000000
16264,17370523358,1056768,0,0,1811,0,0.000000,16384,1632,56768,4,1.000000,0.000000
16265,17371580170,1056812,0,0,1818,0,0.000000,16384,1641,56812,4,1.000000,0.000000
16266,17372636308,1056138,0,0,1792,0,0.000000,16384,1585,56138,4,1.000000,0.000000
16267,17373673569,1037261,0,0,1774,0,0.000000,16384,1554,37261,4,1.000000,0.000000
16268,17374734740,1061171,0,0,1505,0,0.000000,16384,1387,61171,4,1.000000,0.000000
16269,17375794401,1059661,0,0,1644,0,0.000000,16384,1426,59661,4,1.000000,0.000000
16270,17376852469,1058068,0,0,1650,0,0.000000,16384,1489,58068,4,1.000000,0.000000
16271,17377922142,1069673,0,0,1716,0,0.000000,16384,1537,69673,4,1.000000,0.000000
16272,17378980082,1057940,0,0,1661,0,0.000000,16384,1446,57940,4,1.000000,0.000000
16273,17380037082,1057000,0,0,1800,0,0.000000,16384,1627,57000,4,1.000000,0.000000
16274,17381093422,1056340,0,0,1761,0,0.000000,16384,1589,56340,4,1.000000,0.000000
16275,17382151974,1058552,0,0,1661,0,0.000000,16384,1441,58552,4,1.000000,0.000000
16276,17383209069,1057095,0,0,1735,0,0.000000,16384,1563,57095,4,1.000000,0.000000
16277,17384268011,1058942,0,0,1600,0,0.000000,16384,1432,58942,4,1.000000,0.000000
16278,17385328591,1060580,0,0,1612,0,0.000000,16384,1419,60580,4,1.000000,0.000000
16279,17386434052,1105461,0,0,1566,0,0.000000,16384,1423,105461,4,1.000000,0.000000
16280,17387497898,1063846,0,0,1569,0,0.000000,16384,1366,63846,4,1.000000,0.000000
16281,17388573687,1075789,0,0,1660,0,0.000000,16384,1514,75789,4,1.000000,0.000000
16282,17389633703,1060016,0,0,1548,0,0.000000,16384,1341,60016,4,1.000000,0.000000
16283,17390672945,1039242,0,0,1626,0,0.000000,16384,1480,39242,4,1.000000,0.000000
16284,17391731377,1058432,0,0,1529,0,0.000000,16384,1339,58432,4,1.000000,0.000000
16285,17392794145,1062768,0,0,1496,0,0.000000,16384,1362,62768,4,1.000000,0.000000
16286,17393854035,1059890,0,0,1569,0,0.000000,16384,1366,59890,4,1.000000,0.000000
16287,17394910789,1056754,0,0,1659,0,0.000000,16384,1497,56754,4,1.000000,0.000000
16288,17395970971,1060182,0,0,1655,0,0.000000,16384,1478,60182,4,1.000000,0.000000
16289,17397034077,1063106,0,0,1648,0,0.000000,16384,1445,63106,4,1.000000,0.000000
16290,17398093563,1059486,0,0,1662,0,0.000000,16384,1517,59486,4,1.000000,0.000000
16291,17399182211,1088648,0,0,1705,0,0.000000,16384,1497,88648,4,1.000000,0.000000
16292,17400209104,1026893,0,0,1447,0,0.000000,16384,1305,26893,4,1.000000,0.000000
16293,17401273943,1064839,0,0,1584,0,0.000000,16384,1390,64839,4,1.000000,0.000000
16294,17402334788,1060845,0,0,1603,0,0.000000,16384,1441,60845,4,1.000000,0.000000
16295,17403398556,1063768,0,0,1594,0,0.000000,16384,1416,63768,4,1.000000,0.000000
16296,17404459818,1061262,0,0,1582,0,0.000000,16384,1405,61262,4,1.000000,0.000000
16297,17405518802,1058984,0,0,1558,0,0.000000,16384,1399,58984,4,1.000000,0.000000
16298,17406577007,1058205,0,0,1558,0,0.000000,16384,1375,58205,4,1.000000,0.000000
16299,17407636382,1059375,0,0,1554,0,0.000000,16384,1401,59375,4,1.000000,0.000000
16300,17408673766,1037384,0,0,1622,0,0.000000,16384,1420,37384,4,1.000000,0.000000
16301,17409753824,1080058,0,0,1683,0,0.000000,16384,1534,80058,4,1.000000,0.000000
16302,17411684787,1930963,0,0,2858,0,0.000000,16384,2537,930963,4,1.000000,0.000000
16303,17412749985,1065198,0,0,1541,0,0.000000,16384,1357,65198,4,1.000000,0.000000
16304,17413809893,1059908,0,0,1643,0,0.000000,16384,1491,59908,4,1.000000,0.000000
16305,17414874023,1064130,0,0,1486,0,0.000000,16384,1293,64130,4,1.000000,0.000000
16306,17415936634,1062611,0,0,1567,0,0.000000,16384,1424,62611,4,1.000000,0.000000
16307,17416996444,1059810,0,0,1543,0,0.000000,16384,1344,59810,4,1.000000,0.000000
16308,17418055381,1058937,0,0,1543,0,0.000000,16384,1405,58937,4,1.000000,0.000000
16309,17419113385,1058004,0,0,1598,0,0.000000,16384,1389,58004,4,1.000000,0.000000
16310,17420178004,1064619,0,0,1560,0,0.000000,16384,1434,64619,4,1.000000,0.000000
16311,17421271181,1093177,0,0,1517,0,0.000000,16384,1308,93177,4,1.000000,0.000000
16312,17422334078,1062897,0,0,1519,0,0.000000,16384,1392,62897,4,1.000000,0.000000
16313,17423397105,1063027,0,0,1552,0,0.000000,16384,1346,63027,4,1.000000,0.000000
16314,17424458781,1061676,0,0,1545,0,0.000000,16384,1415,61676,4,1.000000,0.000000
16315,17425519304,1060523,0,0,1559,0,0.000000,16384,1349,60523,4,1.000000,0.000000
16316,17426576896,1057592,0,0,1647,0,0.000000,16384,1505,57592,4,1.000000,0.000000
16317,17427634696,1057800,0,0,1663,0,0.000000,16384,1459,57800,4,1.000000,0.000000
16318,17428677054,1042358,0,0,1313,0,0.000000,16384,1197,42358,4,1.000000,0.000000
16319,17429739431,1062377,0,0,1645,0,0.000000,16384,1425,62377,4,1.000000,0.000000
16320,17430802688,1063257,0,0,1658,0,0.000000,16384,1504,63257,4,1.000000,0.000000
16321,17431854011,1051323,0,0,1644,0,0.000000,16384,1458,51323,4,1.000000,0.000000
16322,17432915185,1061174,0,0,1665,0,0.000000,16384,1470,61174,4,1.000000,0.000000
16323,17433973856,1058671,0,0,1658,0,0.000000,16384,1514,58671,4,1.000000,0.000000
16324,17435030371,1056515,0,0,1659,0,0.000000,16384,1442,56515,4,1.000000,0.000000
16325,17436092061,1061690,0,0,1593,0,0.000000,16384,1440,61690,4,1.000000,0.000000
16326,17437154037,1061976,0,0,1652,0,0.000000,16384,1465,61976,4,1.000000,0.000000
16327,17438213632,1059595,0,0,1827,0,0.000000,16384,1607,59595,4,1.000000,0.000000
16328,17439271238,1057606,0,0,1827,0,0.000000,16384,1640,57606,4,1.000000,0.000000
16329,17440328139,1056901,0,0,1812,0,0.000000,16384,1636,56901,4,1.000000,0.000000
16330,17441386612,1058473,0,0,1813,0,0.000000,16384,1612,58473,4,1.000000,0.000000
16331,17442459469,1072857,0,0,1849,0,0.000000,16384,1629,72857,4,1.000000,0.000000
16332,17443519864,1060395,0,0,1758,0,0.000000,16384,1564,60395,4,1.000000,0.000000
16333,17444582093,1062229,0,0,1574,0,0.000000,16384,1428,62229,4,1.000000,0.000000
16334,17445641566,1059473,0,0,1552,0,0.000000,16384,1354,59473,4,1.000000,0.000000
16335,17446689867,1048301,0,0,1458,0,0.000000,16384,1320,48301,4,1.000000,0.000000
16336,17447761207,1071340,0,0,1469,0,0.000000,16384,1302,71340,4,1.000000,0.000000
16337,17448828148,1066941,0,0,1475,0,0.000000,16384,1310,66941,4,1.000000,0.000000
16338,17449891519,1063371,0,0,1514,0,0.000000,16384,1361,63371,4,1.000000,0.000000
16339,17450953089,1061570,0,0,1532,0,0.000000,16384,1349,61570,4,1.000000,0.000000
16340,17452015401,1062312,0,0,1535,0,0.000000,16384,1387,62312,4,1.000000,0.000000
16341,17453116776,1101375,0,0,1549,0,0.000000,16384,1360,101375,4,1.000000,0.000000
16342,17454177915,1061139,0,0,1563,0,0.000000,16384,1410,61139,4,1.000000,0.000000
16343,17455236089,1058174,0,0,1557,0,0.000000,16384,1375,58174,4,1.000000,0.000000
16344,17456294763,1058674,0,0,1571,0,0.000000,16384,1408,58674,4,1.000000,0.000000
16345,17457352719,1057956,0,0,1658,0,0.000000,16384,1481,57956,4,1.000000,0.000000
16346,17458410174,1057455,0,0,1621,0,0.000000,16384,1423,57455,4,1.000000,0.000000
16347,17459469407,1059233,0,0,1583,0,0.000000,16384,1445,59233,4,1.000000,0.000000
16348,17460529129,1059722,0,0,1559,0,0.000000,16384,1350,59722,4,1.000000,0.000000
16349,17461586719,1057590,0,0,1559,0,0.000000,16384,1432,57590,4,1.000000,0.000000
16350,17462643773,1057054,0,0,1785,0,0.000000,16384,1565,57054,4,1.000000,0.000000
16351,17463678043,1034270,0,0,1525,0,0.000000,16384,1366,34270,4,1.000000,0.000000
16352,17464739104,1061061,0,0,1659,0,0.000000,16384,1478,61061,4,1.000000,0.000000
16353,17465797212,1058108,0,0,1658,0,0.000000,16384,1456,58108,4,1.000000,0.000000
16354,17466854525,1057313,0,0,1660,0,0.000000,16384,1515,57313,4,1.000000,0.000000
16355,17467912668,1058143,0,0,1645,0,0.000000,16384,1436,58143,4,1.000000,0.000000
16356,17468970085,1057417,0,0,1660,0,0.000000,16384,1489,57417,4,1.000000,0.000000
16357,17470026701,1056616,0,0,1664,0,0.000000,16384,1495,56616,4,1.000000,0.000000
16358,17471083198,1056497,0,0,1663,0,0.000000,16384,1448,56497,4,1.000000,0.000000
16359,17472147080,1063882,0,0,1578,0,0.000000,16384,1449,63882,4,1.000000,0.000000
16360,17473211757,1064677,0,0,1567,0,0.000000,16384,1355,64677,4,1.000000,0.000000
16361,17474292344,1080587,0,0,1634,0,0.000000,16384,1486,80587,4,1.000000,0.000000
16362,17475350164,1057820,0,0,1664,0,0.000000,16384,1472,57820,4,1.000000,0.000000
16363,17476407744,1057580,0,0,1663,0,0.000000,16384,1471,57580,4,1.000000,0.000000
16364,17477464912,1057168,0,0,1663,0,0.000000,16384,1519,57168,4,1.000000,0.000000
16365,17478522542,1057630,0,0,1652,0,0.000000,16384,1432,57630,4,1.000000,0.000000
16366,17479579355,1056813,0,0,1663,0,0.000000,16384,1500,56813,4,1.000000,0.000000
16367,17480671771,1092416,0,0,1856,0,0.000000,16384,1672,92416,4,1.000000,0.000000
16368,17481732088,1060317,0,0,1822,0,0.000000,16384,1605,60317,4,1.000000,0.000000
16369,17482909608,1177520,0,0,1926,0,0.000000,16384,1706,177520,4,1.000000,0.000000
16370,17483975475,1065867,0,0,1498,0,0.000000,16384,1353,65867,4,1.000000,0.000000
16371,17485055281,1079806,0,0,1548,0,0.000000,16384,1357,79806,4,1.000000,0.000000
16372,17486115122,1059841,0,0,1616,0,0.000000,16384,1455,59841,4,1.000000,0.000000
16373,17487178718,1063596,0,0,1562,0,0.000000,16384,1387,63596,4,1.000000,0.000000
16374,17488241886,1063168,0,0,1613,0,0.000000,16384,1434,63168,4,1.000000,0.000000
16375,17489300425,1058539,0,0,1615,0,0.000000,16384,1454,58539,4,1.000000,0.000000
16376,17490360409,1059984,0,0,1632,0,0.000000,16384,1425,59984,4,1.000000,0.000000
16377,17491418236,1057827,0,0,1764,0,0.000000,16384,1598,57827,4,1.000000,0.000000
16378,17492475353,1057117,0,0,1813,0,0.000000,16384,1626,57117,4,1.000000,0.000000
16379,17493531688,1056335,0,0,1811,0,0.000000,16384,1591,56335,4,1.000000,0.000000
16380,17494587766,1056078,0,0,1813,0,0.000000,16384,1601,56078,4,1.000000,0.000000
16381,17495661552,1073786,0,0,1820,0,0.000000,16384,1643,73786,4,1.000000,0.000000
16382,17496676624,1015072,0,0,1748,0,0.000000,16384,1573,15072,4,1.000000,0.000000
16383,17497734702,1058078,0,0,1782,0,0.000000,16384,1562,58078,4,1.000000,0.000000
16384,17498794514,1059812,0,0,1782,0,0.000000,16384,1582,59812,4,1.000000,0.000000
16385,17499855480,1060966,0,0,1822,0,0.000000,16384,1644,60966,4,1.000000,0.000000
16386,17500917350,1061870,0,0,1633,0,0.000000,16384,1447,61870,4,1.000000,0.000000
16387,17501978531,1061181,0,0,1654,0,0.000000,16384,1465,61181,4,1.000000,0.000000
16388,17503036847,1058316,0,0,1666,0,0.000000,16384,1519,58316,4,1.000000,0.000000
16389,17504094807,1057960,0,0,1651,0,0.000000,16384,1431,57960,4,1.000000,0.000000
16390,17505152424,1057617,0,0,1813,0,0.000000,16384,1621,57617,4,1.000000,0.000000
16391,17506233535,1081111,0,0,1862,0,0.000000,16384,1677,81111,4,1.000000,0.000000
16392,17507291387,1057852,0,0,1823,0,0.000000,16384,1636,57852,4,1.000000,0.000000
16393,17508352732,1061345,0,0,1611,0,0.000000,16384,1391,61345,4,1.000000,0.000000
16394,17509416331,1063599,0,0,1512,0,0.000000,16384,1396,63599,4,1.000000,0.000000
16395,17510476828,1060497,0,0,1635,0,0.000000,16384,1415,60497,4,1.000000,0.000000
16396,17511535616,1058788,0,0,1618,0,0.000000,16384,1470,58788,4,1.000000,0.000000
16397,17512593499,1057883,0,0,1795,0,0.000000,16384,1603,57883,4,1.000000,0.000000
16398,17513651924,1058425,0,0,1813,0,0.000000,16384,1593,58425,4,1.000000,0.000000
16399,17514670461,1018537,0,0,1744,0,0.000000,16384,1554,18537,4,1.000000,0.000000
16400,17515727248,1056787,0,0,1808,0,0.000000,16384,1634,56787,4,1.000000,0.000000
16401,17516797913,1070665,0,0,1832,0,0.000000,16384,1632,70665,4,1.000000,0.000000
16402,17517854073,1056160,0,0,1809,0,0.000000,16384,1589,56160,4,1.000000,0.000000
16403,17518914950,1060877,0,0,1720,0,0.000000,16384,1535,60877,4,1.000000,0.000000
16404,17519973658,1058708,0,0,1812,0,0.000000,16384,1637,58708,4,1.000000,0.000000
16405,17521029785,1056127,0,0,1800,0,0.000000,16384,1596,56127,4,1.000000,0.000000
16406,17522087592,1057807,0,0,1741,0,0.000000,16384,1521,57807,4,1.000000,0.000000
16407,17523147165,1059573,0,0,1646,0,0.000000,16384,1501,59573,4,1.000000,0.000000
16408,17524206429,1059264,0,0,1613,0,0.000000,16384,1422,59264,4,1.000000,0.000000
16409,17525264783,1058354,0,0,1788,0,0.000000,16384,1579,58354,4,1.000000,0.000000
16410,17526321683,1056900,0,0,1796,0,0.000000,16384,1624,56900,4,1.000000,0.000000
16411,17527387698,1066015,0,0,1830,0,0.000000,16384,1647,66015,4,1.000000,0.000000
16412,17528444895,1057197,0,0,1814,0,0.000000,16384,1594,57197,4,1.000000,0.000000
16413,17529502509,1057614,0,0,1813,0,0.000000,16384,1593,57614,4,1.000000,0.000000
16414,17530558666,1056157,0,0,1813,0,0.000000,16384,1638,56157,4,1.000000,0.000000
16415,17531614490,1055824,0,0,1808,0,0.000000,16384,1633,55824,4,1.000000,0.000000
16416,17532670646,1056156,0,0,1819,0,0.000000,16384,1601,56156,4,1.000000,0.000000
16417,17533726553,1055907,0,0,1821,0,0.000000,16384,1601,55907,4,1.000000,0.000000
16418,17534782410,1055857,0,0,1814,0,0.000000,16384,1629,55857,4,1.000000,0.000000
16419,17535838529,1056119,0,0,1822,0,0.000000,16384,1645,56119,4,1.000000,0.000000
16420,17536898669,1060140,0,0,1822,0,0.000000,16384,1620,60140,4,1.000000,0.000000
16421,17537966195,1067526,0,0,1811,0,0.000000,16384,1591,67526,4,1.000000,0.000000
16422,17539023364,1057169,0,0,1812,0,0.000000,16384,1613,57169,4,1.000000,0.000000
16423,17540079598,1056234,0,0,1822,0,0.000000,16384,1645,56234,4,1.000000,0.000000
16424,17541135763,1056165,0,0,1821,0,0.000000,16384,1633,56165,4,1.000000,0.000000
16425,17542191870,1056107,0,0,1702,0,0.000000,16384,1482,56107,4,1.000000,0.000000
16426,17543247968,1056098,0,0,1811,0,0.000000,16384,1620,56098,4,1.000000,0.000000
16427,17544305735,1057767,0,0,1770,0,0.000000,16384,1603,57767,4,1.000000,0.000000
16428,17545367047,1061312,0,0,1822,0,0.000000,16384,1616,61312,4,1.000000,0.000000
16429,17546427830,1060783,0,0,1812,0,0.000000,16384,1592,60783,4,1.000000,0.000000
16430,17547485703,1057873,0,0,1823,0,0.000000,16384,1626,57873,4,1.000000,0.000000
16431,17548555166,1069463,0,0,1793,0,0.000000,16384,1622,69463,4,1.000000,0.000000
16432,17549612620,1057454,0,0,1653,0,0.000000,16384,1461,57454,4,1.000000,0.000000
16433,17550671901,1059281,0,0,1657,0,0.000000,16384,1467,59281,4,1.000000,0.000000
16434,17551729310,1057409,0,0,1809,0,0.000000,16384,1635,57409,4,1.000000,0.000000
16435,17552787853,1058543,0,0,1801,0,0.000000,16384,1601,58543,4,1.000000,0.000000
16436,17553843923,1056070,0,0,1810,0,0.000000,16384,1590,56070,4,1.000000,0.000000
16437,17554900076,1056153,0,0,1823,0,0.000000,16384,1624,56153,4,1.000000,0.000000
16438,17555956034,1055958,0,0,1821,0,0.000000,16384,1644,55958,4,1.000000,0.000000
16439,17557011830,1055796,0,0,1822,0,0.000000,16384,1634,55796,4,1.000000,0.000000
16440,17558067589,1055759,0,0,1821,0,0.000000,16384,1601,55759,4,1.000000,0.000000
16441,17559140436,1072847,0,0,1827,0,0.000000,16384,1609,72847,4,1.000000,0.000000
16442,17560196613,1056177,0,0,1821,0,0.000000,16384,1644,56177,4,1.000000,0.000000
16443,17561252494,1055881,0,0,1822,0,0.000000,16384,1645,55881,4,1.000000,0.000000
16444,17562308283,1055789,0,0,1808,0,0.000000,16384,1592,55789,4,1.000000,0.000000
16445,17563364652,1056369,0,0,1735,0,0.000000,16384,1523,56369,4,1.000000,0.000000
16446,17564423678,1059026,0,0,1722,0,0.000000,16384,1565,59026,4,1.000000,0.000000
16447,17565482060,1058382,0,0,1824,0,0.000000,16384,1633,58382,4,1.000000,0.000000
16448,17566538872,1056812,0,0,1820,0,0.000000,16384,1600,56812,4,1.000000,0.000000
16449,17567603027,1064155,0,0,1635,0,0.000000,16384,1458,64155,4,1.000000,0.000000
16450,17568672107,1069080,0,0,1594,0,0.000000,16384,1431,69080,4,1.000000,0.000000
16451,17569750485,1078378,0,0,1689,0,0.000000,16384,1475,78378,4,1.000000,0.000000
16452,17570808742,1058257,0,0,1654,0,0.000000,16384,1512,58257,4,1.000000,0.000000
16453,17571868111,1059369,0,0,1664,0,0.000000,16384,1464,59369,4,1.000000,0.000000
16454,17572925600,1057489,0,0,1663,0,0.000000,16384,1478,57489,4,1.000000,0.000000
16455,17573982186,1056586,0,0,1664,0,0.000000,16384,1509,56586,4,1.000000,0.000000
16456,17575038708,1056522,0,0,1647,0,0.000000,16384,1427,56522,4,1.000000,0.000000
16457,17576095671,1056963,0,0,1676,0,0.000000,16384,1522,56963,4,1.000000,0.000000
16458,17577151639,1055968,0,0,1822,0,0.000000,16384,1636,55968,4,1.000000,0.000000
16459,17578207464,1055825,0,0,1815,0,0.000000,16384,1595,55825,4,1.000000,0.000000
16460,17579264133,1056669,0,0,1816,0,0.000000,16384,1599,56669,4,1.000000,0.000000
16461,17580325335,1061202,0,0,1825,0,0.000000,16384,1647,61202,4,1.000000,0.000000
16462,17581383431,1058096,0,0,1774,0,0.000000,16384,1605,58096,4,1.000000,0.000000
16463,17582440931,1057500,0,0,1825,0,0.000000,16384,1601,57500,4,1.000000,0.000000
16464,17583497071,1056140,0,0,1823,0,0.000000,16384,1603,56140,4,1.000000,0.000000
16465,17584555012,1057941,0,0,1767,0,0.000000,16384,1597,57941,4,1.000000,0.000000
16466,17585613117,1058105,0,0,1826,0,0.000000,16384,1649,58105,4,1.000000,0.000000
16467,17586678082,1064965,0,0,1552,0,0.000000,16384,1339,64965,4,1.000000,0.000000
16468,17587740612,1062530,0,0,1559,0,0.000000,16384,1429,62530,4,1.000000,0.000000
16469,17588798182,1057570,0,0,1565,0,0.000000,16384,1341,57570,4,1.000000,0.000000
16470,17589859169,1060987,0,0,1676,0,0.000000,16384,1473,60987,4,1.000000,0.000000
16471,17591069648,1210479,0,0,1850,0,0.000000,16384,1628,210479,4,1.000000,0.000000
16472,17592133186,1063538,0,0,1567,0,0.000000,16384,1441,63538,4,1.000000,0.000000
16473,17593191834,1058648,0,0,1606,0,0.000000,16384,1394,58648,4,1.000000,0.000000
16474,17594253617,1061783,0,0,1574,0,0.000000,16384,1431,61783,4,1.000000,0.000000
16475,17595324405,1070788,0,0,1536,0,0.000000,16384,1343,70788,4,1.000000,0.000000
16476,17596385399,1060994,0,0,1554,0,0.000000,16384,1410,60994,4,1.000000,0.000000
16477,17597443826,1058427,0,0,1558,0,0.000000,16384,1366,58427,4,1.000000,0.000000
16478,17598501842,1058016,0,0,1560,0,0.000000,16384,1409,58016,4,1.000000,0.000000
16479,17599560033,1058191,0,0,1560,0,0.000000,16384,1375,58191,4,1.000000,0.000000
16480,17600617585,1057552,0,0,1559,0,0.000000,16384,1400,57552,4,1.000000,0.000000
16481,17601679543,1061958,0,0,1547,0,0.000000,16384,1370,61958,4,1.000000,0.000000
16482,17602744634,1065091,0,0,1470,0,0.000000,16384,1325,65091,4,1.000000,0.000000
16483,17603805666,1061032,0,0,1561,0,0.000000,16384,1370,61032,4,1.000000,0.000000
16484,17604865562,1059896,0,0,1539,0,0.000000,16384,1391,59896,4,1.000000,0.000000
16485,17605926426,1060864,0,0,1669,0,0.000000,16384,1477,60864,4,1.000000,0.000000
16486,17606984532,1058106,0,0,1668,0,0.000000,16384,1473,58106,4,1.000000,0.000000
16487,17608042294,1057762,0,0,1653,0,0.000000,16384,1512,57762,4,1.000000,0.000000
16488,17609099208,1056914,0,0,1663,0,0.000000,16384,1443,56914,4,1.000000,0.000000
16489,17610159121,1059913,0,0,1587,0,0.000000,16384,1436,59913,4,1.000000,0.000000
16490,17611223472,1064351,0,0,1490,0,0.000000,16384,1305,64351,4,1.000000,0.000000
16491,17612321293,1097821,0,0,1724,0,0.000000,16384,1547,97821,4,1.000000,0.000000
16492,17613379368,1058075,0,0,1665,0,0.000000,16384,1502,58075,4,1.000000,0.000000
16493,17614436598,1057230,0,0,1664,0,0.000000,16384,1443,57230,4,1.000000,0.000000
16494,17615495558,1058960,0,0,1661,0,0.000000,16384,1515,58960,4,1.000000,0.000000
16495,17616556766,1061208,0,0,1564,0,0.000000,16384,1374,61208,4,1.000000,0.000000
16496,17617632269,1075503,0,0,1563,0,0.000000,16384,1409,75503,4,1.000000,0.000000
16497,17618674078,1041809,0,0,1528,0,0.000000,16384,1347,41809,4,1.000000,0.000000
16498,17619735519,1061441,0,0,1656,0,0.000000,16384,1481,61441,4,1.000000,0.000000
16499,17620799948,1064429,0,0,1453,0,0.000000,16384,1292,64429,4,1.000000,0.000000
16500,17621862126,1062178,0,0,1570,0,0.000000,16384,1406,62178,4,1.000000,0.000000
16501,17622939618,1077492,0,0,1667,0,0.000000,16384,1491,77492,4,1.000000,0.000000
16502,17624000160,1060542,0,0,1540,0,0.000000,16384,1356,60542,4,1.000000,0.000000
16503,17625060981,1060821,0,0,1576,0,0.000000,16384,1423,60821,4,1.000000,0.000000
16504,17626119892,1058911,0,0,1619,0,0.000000,16384,1414,58911,4,1.000000,0.000000
16505,17627176972,1057080,0,0,1608,0,0.000000,16384,1474,57080,4,1.000000,0.000000
16506,17628240715,1063743,0,0,1545,0,0.000000,16384,1329,63743,4,1.000000,0.000000
16507,17629304444,1063729,0,0,1522,0,0.000000,16384,1406,63729,4,1.000000,0.000000
16508,17630364214,1059770,0,0,1546,0,0.000000,16384,1329,59770,4,1.000000,0.000000
16509,17631422774,1058560,0,0,1543,0,0.000000,16384,1424,58560,4,1.000000,0.000000
16510,17632481033,1058259,0,0,1554,0,0.000000,16384,1334,58259,4,1.000000,0.000000
16511,17633556509,1075476,0,0,1583,0,0.000000,16384,1454,75476,4,1.000000,0.000000
16512,17634615791,1059282,0,0,1557,0,0.000000,16384,1350,59282,4,1.000000,0.000000
16513,17635676167,1060376,0,0,1555,0,0.000000,16384,1421,60376,4,1.000000,0.000000
16514,17636737071,1060904,0,0,1458,0,0.000000,16384,1259,60904,4,1.000000,0.000000
16515,17637799947,1062876,0,0,1544,0,0.000000,16384,1425,62876,4,1.000000,0.000000
16516,17638858403,1058456,0,0,1569,0,0.000000,16384,1349,58456,4,1.000000,0.000000
16517,17639916241,1057838,0,0,1666,0,0.000000,16384,1518,57838,4,1.000000,0.000000
16518,17640973173,1056932,0,0,1663,0,0.000000,16384,1471,56932,4,1.000000,0.000000
16519,17642032906,1059733,0,0,1648,0,0.000000,16384,1459,59733,4,1.000000,0.000000
16520,17643091638,1058732,0,0,1630,0,0.000000,16384,1483,58732,4,1.000000,0.000000
16521,17644171069,1079431,0,0,1613,0,0.000000,16384,1393,79431,4,1.000000,0.000000
16522,17645233688,1062619,0,0,1498,0,0.000000,16384,1382,62619,4,1.000000,0.000000
16523,17646294698,1061010,0,0,1619,0,0.000000,16384,1399,61010,4,1.000000,0.000000
16524,17647353237,1058539,0,0,1653,0,0.000000,16384,1502,58539,4,1.000000,0.000000
16525,17648412162,1058925,0,0,1767,0,0.000000,16384,1578,58925,4,1.000000,0.000000
16526,17649469676,1057514,0,0,1744,0,0.000000,16384,1524,57514,4,1.000000,0.000000
16527,17650516628,1046952,0,0,1678,0,0.000000,16384,1517,46952,4,1.000000,0.000000
16528,17651580635,1064007,0,0,1673,0,0.000000,16384,1493,64007,4,1.000000,0.000000
16529,17652647433,1066798,0,0,1469,0,0.000000,16384,1301,66798,4,1.000000,0.000000
16530,17653711204,1063771,0,0,1601,0,0.000000,16384,1434,63771,4,1.000000,0.000000
16531,17654795584,1084380,0,0,1824,0,0.000000,16384,1603,84380,4,1.000000,0.000000
16532,17655859917,1064333,0,0,1799,0,0.000000,16384,1611,64333,4,1.000000,0.000000
16533,17656924546,1064629,0,0,1571,0,0.000000,16384,1420,64629,4,1.000000,0.000000
16534,17657987652,1063106,0,0,1690,0,0.000000,16384,1470,63106,4,1.000000,0.000000
16535,17659051349,1063697,0,0,1769,0,0.000000,16384,1601,63697,4,1.000000,0.000000
16536,17660143063,1091714,0,0,1723,0,0.000000,16384,1551,91714,4,1.000000,0.000000
16537,17661210513,1067450,0,0,1475,0,0.000000,16384,1289,67450,4,1.000000,0.000000
16538,17662273992,1063479,0,0,1521,0,0.000000,16384,1371,63479,4,1.000000,0.000000
16539,17663335147,1061155,0,0,1519,0,0.000000,16384,1342,61155,4,1.000000,0.000000
16540,17664397974,1062827,0,0,1521,0,0.000000,16384,1362,62827,4,1.000000,0.000000
16541,17665501520,1103546,0,0,1528,0,0.000000,16384,1358,103546,4,1.000000,0.000000
16542,17666565544,1064024,0,0,1518,0,0.000000,16384,1355,64024,4,1.000000,0.000000
16543,17667625754,1060210,0,0,1495,0,0.000000,16384,1336,60210,4,1.000000,0.000000
16544,17668690219,1064465,0,0,1413,0,0.000000,16384,1236,64465,4,1.000000,0.000000
16545,17669757764,1067545,0,0,1499,0,0.000000,16384,1374,67545,4,1.000000,0.000000
16546,17670825727,1067963,0,0,1476,0,0.000000,16384,1274,67963,4,1.000000,0.000000
16547,17671891270,1065543,0,0,1500,0,0.000000,16384,1376,65543,4,1.000000,0.000000
16548,17672955512,1064242,0,0,1532,0,0.000000,16384,1331,64242,4,1.000000,0.000000
16549,17674018146,1062634,0,0,1503,0,0.000000,16384,1368,62634,4,1.000000,0.000000
16550,17675082243,1064097,0,0,1505,0,0.000000,16384,1318,64097,4,1.000000,0.000000
16551,17676163870,1081627,0,0,1615,0,0.000000,16384,1465,81627,4,1.000000,0.000000
16552,17677222265,1058395,0,0,1648,0,0.000000,16384,1429,58395,4,1.000000,0.000000
16553,17678279525,1057260,0,0,1662,0,0.000000,16384,1515,57260,4,1.000000,0.000000
16554,17679336787,1057262,0,0,1658,0,0.000000,16384,1467,57262,4,1.000000,0.000000
16555,17680546607,1209820,0,0,1750,0,0.000000,16384,1540,209820,4,1.000000,0.000000
16556,17681613414,1066807,0,0,1504,0,0.000000,16384,1376,66807,4,1.000000,0.000000
16557,17682789548,1176134,0,0,1656,0,0.000000,16384,1436,176134,4,1.000000,0.000000
16558,17683854827,1065279,0,0,1521,0,0.000000,16384,1402,65279,4,1.000000,0.000000
16559,17684879578,1024751,0,0,1409,0,0.000000,16384,1220,24751,4,1.000000,0.000000
16560,17685945571,1065993,0,0,1518,0,0.000000,16384,1373,65993,4,1.000000,0.000000
16561,17687012245,1066674,0,0,1507,0,0.000000,16384,1328,66674,4,1.000000,0.000000
16562,17688080777,1068532,0,0,1465,0,0.000000,16384,1313,68532,4,1.000000,0.000000
16563,17689148963,1068186,0,0,1444,0,0.000000,16384,1295,68186,4,1.000000,0.000000
16564,17690212081,1063118,0,0,1514,0,0.000000,16384,1327,63118,4,1.000000,0.000000
16565,17691277942,1065861,0,0,1502,0,0.000000,16384,1366,65861,4,1.000000,0.000000
16566,17692342721,1064779,0,0,1498,0,0.000000,16384,1298,64779,4,1.000000,0.000000
16567,17693407444,1064723,0,0,1493,0,0.000000,16384,1377,64723,4,1.000000,0.000000
16568,17694468855,1061411,0,0,1506,0,0.000000,16384,1297,61411,4,1.000000,0.000000
16569,17695530192,1061337,0,0,1511,0,0.000000,16384,1384,61337,4,1.000000,0.000000
16570,17696659065,1128873,0,0,1491,0,0.000000,16384,1299,128873,4,1.000000,0.000000
16571,17697762916,1103851,0,0,1473,0,0.000000,16384,1329,103851,4,1.000000,0.000000
16572,17698829512,1066596,0,0,1505,0,0.000000,16384,1334,66596,4,1.000000,0.000000
16573,17699890428,1060916,0,0,1492,0,0.000000,16384,1331,60916,4,1.000000,0.000000
16574,17700951867,1061439,0,0,1507,0,0.000000,16384,1349,61439,4,1.000000,0.000000
16575,17702020364,1068497,0,0,1436,0,0.000000,16384,1258,68497,4,1.000000,0.000000
16576,17703101090,1080726,0,0,1418,0,0.000000,16384,1301,80726,4,1.000000,0.000000
16577,17704165686,1064596,0,0,1523,0,0.000000,16384,1317,64596,4,1.000000,0.000000
16578,17705228582,1062896,0,0,1505,0,0.000000,16384,1376,62896,4,1.000000,0.000000
16579,17706292963,1064381,0,0,1510,0,0.000000,16384,1317,64381,4,1.000000,0.000000
16580,17707355989,1063026,0,0,1499,0,0.000000,16384,1356,63026,4,1.000000,0.000000
16581,17708447556,1091567,0,0,1509,0,0.000000,16384,1331,91567,4,1.000000,0.000000
16582,17709513483,1065927,0,0,1493,0,0.000000,16384,1335,65927,4,1.000000,0.000000
16583,17710580896,1067413,0,0,1345,0,0.000000,16384,1216,67413,4,1.000000,0.000000
16584,17711650026,1069130,0,0,1469,0,0.000000,16384,1268,69130,4,1.000000,0.000000
16585,17712676330,1026304,0,0,1464,0,0.000000,16384,1346,26304,4,1.000000,0.000000
16586,17713737423,1061093,0,0,1494,0,0.000000,16384,1302,61093,4,1.000000,0.000000
16587,17714799076,1061653,0,0,1532,0,0.000000,16384,1388,61653,4,1.000000,0.000000
16588,17715859916,1060840,0,0,1473,0,0.000000,16384,1297,60840,4,1.000000,0.000000
16589,17716919411,1059495,0,0,1504,0,0.000000,16384,1343,59495,4,1.000000,0.000000
16590,17717979283,1059872,0,0,1508,0,0.000000,16384,1347,59872,4,1.000000,0.000000
16591,17719082389,1103106,0,0,1583,0,0.000000,16384,1408,103106,4,1.000000,0.000000
16592,17720148757,1066368,0,0,1464,0,0.000000,16384,1311,66368,4,1.000000,0.000000
16593,17721214885,1066128,0,0,1413,0,0.000000,16384,1235,66128,4,1.000000,0.000000
16594,17722277879,1062994,0,0,1533,0,0.000000,16384,1402,62994,4,1.000000,0.000000
16595,17723343491,1065612,0,0,1501,0,0.000000,16384,1296,65612,4,1.000000,0.000000
16596,17724406563,1063072,0,0,1507,0,0.000000,16384,1391,63072,4,1.000000,0.000000
16597,17725470763,1064200,0,0,1496,0,0.000000,16384,1291,64200,4,1.000000,0.000000
16598,17726564106,1093343,0,0,1484,0,0.000000,16384,1353,93343,4,1.000000,0.000000
16599,17727629541,1065435,0,0,1495,0,0.000000,16384,1311,65435,4,1.000000,0.000000
16600,17728685199,1055658,0,0,1470,0,0.000000,16384,1318,55658,4,1.000000,0.000000
16601,17729778283,1093084,0,0,1532,0,0.000000,16384,1364,93084,4,1.000000,0.000000
16602,17730839609,1061326,0,0,1605,0,0.000000,16384,1437,61326,4,1.000000,0.000000
16603,17731898765,1059156,0,0,1664,0,0.000000,16384,1459,59156,4,1.000000,0.000000
16604,17732956493,1057728,0,0,1663,0,0.000000,16384,1518,57728,4,1.000000,0.000000
16605,17734020725,1064232,0,0,1637,0,0.000000,16384,1431,64232,4,1.000000,0.000000
16606,17735085841,1065116,0,0,1541,0,0.000000,16384,1392,65116,4,1.000000,0.000000
16607,17736150234,1064393,0,0,1551,0,0.000000,16384,1363,64393,4,1.000000,0.000000
16608,17737210541,1060307,0,0,1606,0,0.000000,16384,1444,60307,4,1.000000,0.000000
16609,17738271926,1061385,0,0,1553,0,0.000000,16384,1379,61385,4,1.000000,0.000000
16610,17739334161,1062235,0,0,1624,0,0.000000,16384,1443,62235,4,1.000000,0.000000
16611,17740415005,1080844,0,0,1695,0,0.000000,16384,1537,80844,4,1.000000,0.000000
16612,17741473336,1058331,0,0,1664,0,0.000000,16384,1444,58331,4,1.000000,0.000000
16613,17742536975,1063639,0,0,1549,0,0.000000,16384,1413,63639,4,1.000000,0.000000
16614,17743597925,1060950,0,0,1652,0,0.000000,16384,1452,60950,4,1.000000,0.000000
16615,17744660506,1062581,0,0,1572,0,0.000000,16384,1408,62581,4,1.000000,0.000000
16616,17745675619,1015113,0,0,1532,0,0.000000,16384,1360,15113,4,1.000000,0.000000
16617,17746738910,1063291,0,0,1569,0,0.000000,16384,1402,63291,4,1.000000,0.000000
16618,17747796913,1058003,0,0,1664,0,0.000000,16384,1491,58003,4,1.000000,0.000000
16619,17748854231,1057318,0,0,1662,0,0.000000,16384,1451,57318,4,1.000000,0.000000
16620,17750271336,1417105,0,0,2121,0,0.000000,16384,1888,417105,4,1.000000,0.000000
16621,17751355466,1084130,0,0,1647,0,0.000000,16384,1500,84130,4,1.000000,0.000000
16622,17752416023,1060557,0,0,1655,0,0.000000,16384,1466,60557,4,1.000000,0.000000
16623,17753474131,1058108,0,0,1657,0,0.000000,16384,1465,58108,4,1.000000,0.000000
16624,17754531789,1057658,0,0,1665,0,0.000000,16384,1517,57658,4,1.000000,0.000000
16625,17755589867,1058078,0,0,1654,0,0.000000,16384,1434,58078,4,1.000000,0.000000
16626,17756647025,1057158,0,0,1657,0,0.000000,16384,1498,57158,4,1.000000,0.000000
16627,17757679233,1032208,0,0,1619,0,0.000000,16384,1438,32208,4,1.000000,0.000000
16628,17758742297,1063064,0,0,1508,0,0.000000,16384,1344,63064,4,1.000000,0.000000
16629,17759804669,1062372,0,0,1545,0,0.000000,16384,1377,62372,4,1.000000,0.000000
16630,17760864033,1059364,0,0,1564,0,0.000000,16384,1391,59364,4,1.000000,0.000000
16631,17761940835,1076802,0,0,1694,0,0.000000,16384,1526,76802,4,1.000000,0.000000
16632,17762958668,1017833,0,0,1567,0,0.000000,16384,1364,17833,4,1.000000,0.000000
16633,17764018519,1059851,0,0,1663,0,0.000000,16384,1517,59851,4,1.000000,0.000000
16634,17765080985,1062466,0,0,1594,0,0.000000,16384,1388,62466,4,1.000000,0.000000
16635,17766143275,1062290,0,0,1560,0,0.000000,16384,1416,62290,4,1.000000,0.000000
16636,17767201991,1058716,0,0,1558,0,0.000000,16384,1366,58716,4,1.000000,0.000000
16637,17768263704,1061713,0,0,1560,0,0.000000,16384,1409,61713,4,1.000000,0.000000
16638,17769325899,1062195,0,0,1529,0,0.000000,16384,1344,62195,4,1.000000,0.000000
16639,17770385799,1059900,0,0,1558,0,0.000000,16384,1407,59900,4,1.000000,0.000000
16640,17771444506,1058707,0,0,1553,0,0.000000,16384,1368,58707,4,1.000000,0.000000
16641,17772531592,1087086,0,0,1598,0,0.000000,16384,1433,87086,4,1.000000,0.000000
16642,17773590665,1059073,0,0,1652,0,0.000000,16384,1476,59073,4,1.000000,0.000000
16643,17774652831,1062166,0,0,1659,0,0.000000,16384,1454,62166,4,1.000000,0.000000
16644,17775677674,1024843,0,0,1602,0,0.000000,16384,1470,24843,4,1.000000,0.000000
16645,17776740665,1062991,0,0,1642,0,0.000000,16384,1424,62991,4,1.000000,0.000000
16646,17777798514,1057849,0,0,1666,0,0.000000,16384,1502,57849,4,1.000000,0.000000
16647,17778855886,1057372,0,0,1665,0,0.000000,16384,1489,57372,4,1.000000,0.000000
16648,17779913620,1057734,0,0,1664,0,0.000000,16384,1455,57734,4,1.000000,0.000000
16649,17780970504,1056884,0,0,1668,0,0.000000,16384,1522,56884,4,1.000000,0.000000
16650,17782028354,1057850,0,0,1696,0,0.000000,16384,1495,57850,4,1.000000,0.000000
16651,17783095946,1067592,0,0,1778,0,0.000000,16384,1565,67592,4,1.000000,0.000000
16652,17784152435,1056489,0,0,1680,0,0.000000,16384,1530,56489,4,1.000000,0.000000
16653,17785226921,1074486,0,0,1648,0,0.000000,16384,1451,74486,4,1.000000,0.000000
16654,17786286835,1059914,0,0,1618,0,0.000000,16384,1443,59914,4,1.000000,0.000000
16655,17787350360,1063525,0,0,1653,0,0.000000,16384,1488,63525,4,1.000000,0.000000
16656,17788412609,1062249,0,0,1739,0,0.000000,16384,1519,62249,4,1.000000,0.000000
16657,17789470627,1058018,0,0,1828,0,0.000000,16384,1637,58018,4,1.000000,0.000000
16658,17790534493,1063866,0,0,1788,0,0.000000,16384,1618,63866,4,1.000000,0.000000
16659,17791592759,1058266,0,0,1809,0,0.000000,16384,1606,58266,4,1.000000,0.000000
16660,17792649809,1057050,0,0,1824,0,0.000000,16384,1604,57050,4,1.000000,0.000000
16661,17793671265,1021456,0,0,1757,0,0.000000,16384,1570,21456,4,1.000000,0.000000
16662,17794727569,1056304,0,0,1824,0,0.000000,16384,1646,56304,4,1.000000,0.000000
16663,17795789871,1062302,0,0,1827,0,0.000000,16384,1628,62302,4,1.000000,0.000000
16664,17796851375,1061504,0,0,1656,0,0.000000,16384,1439,61504,4,1.000000,0.000000
16665,17797913760,1062385,0,0,1758,0,0.000000,16384,1594,62385,4,1.000000,0.000000
16666,17798974239,1060479,0,0,1670,0,0.000000,16384,1491,60479,4,1.000000,0.000000
16667,17800031672,1057433,0,0,1662,0,0.000000,16384,1456,57433,4,1.000000,0.000000
16668,17801089638,1057966,0,0,1667,0,0.000000,16384,1520,57966,4,1.000000,0.000000
16669,17802146755,1057117,0,0,1664,0,0.000000,16384,1461,57117,4,1.000000,0.000000
16670,17803207106,1060351,0,0,1614,0,0.000000,16384,1443,60351,4,1.000000,0.000000
16671,17804276860,1069754,0,0,1823,0,0.000000,16384,1645,69754,4,1.000000,0.000000
16672,17805336017,1059157,0,0,1704,0,0.000000,16384,1493,59157,4,1.000000,0.000000
16673,17806394341,1058324,0,0,1825,0,0.000000,16384,1611,58324,4,1.000000,0.000000
16674,17807452780,1058439,0,0,1783,0,0.000000,16384,1614,58439,4,1.000000,0.000000
16675,17808510436,1057656,0,0,1729,0,0.000000,16384,1547,57656,4,1.000000,0.000000
16676,17809568522,1058086,0,0,1728,0,0.000000,16384,1508,58086,4,1.000000,0.000000
16677,17810626626,1058104,0,0,1819,0,0.000000,16384,1634,58104,4,1.000000,0.000000
16678,17811671695,1045069,0,0,1799,0,0.000000,16384,1626,45069,4,1.000000,0.000000
16679,17812728086,1056391,0,0,1813,0,0.000000,16384,1608,56391,4,1.000000,0.000000
16680,17813784454,1056368,0,0,1822,0,0.000000,16384,1602,56368,4,1.000000,0.000000
16681,17814849882,1065428,0,0,1839,0,0.000000,16384,1637,65428,4,1.000000,0.000000
16682,17815905990,1056108,0,0,1824,0,0.000000,16384,1647,56108,4,1.000000,0.000000
16683,17816961937,1055947,0,0,1824,0,0.000000,16384,1639,55947,4,1.000000,0.000000
16684,17818017921,1055984,0,0,1822,0,0.000000,16384,1601,55984,4,1.000000,0.000000
16685,17819074336,1056415,0,0,1823,0,0.000000,16384,1602,56415,4,1.000000,0.000000
16686,17820133704,1059368,0,0,1804,0,0.000000,16384,1631,59368,4,1.000000,0.000000
16687,17821190597,1056893,0,0,1827,0,0.000000,16384,1649,56893,4,1.000000,0.000000
16688,17822246478,1055881,0,0,1821,0,0.000000,16384,1544,55881,4,1.000000,0.000000
16689,17823304470,1057992,0,0,1667,0,0.000000,16384,1508,57992,4,1.000000,0.000000
16690,17824361173,1056703,0,0,1725,0,0.000000,16384,1505,56703,4,1.000000,0.000000
16691,17825435243,1074070,0,0,1708,0,0.000000,16384,1536,74070,4,1.000000,0.000000
16692,17826493576,1058333,0,0,1826,0,0.000000,16384,1648,58333,4,1.000000,0.000000
16693,17827550751,1057175,0,0,1824,0,0.000000,16384,1610,57175,4,1.000000,0.000000
16694,17828607733,1056982,0,0,1792,0,0.000000,16384,1572,56982,4,1.000000,0.000000
16695,17829664337,1056604,0,0,1826,0,0.000000,16384,1638,56604,4,1.000000,0.000000
16696,17830723219,1058882,0,0,1825,0,0.000000,16384,1648,58882,4,1.000000,0.000000
16697,17831779145,1055926,0,0,1824,0,0.000000,16384,1624,55926,4,1.000000,0.000000
16698,17832835087,1055942,0,0,1821,0,0.000000,16384,1602,55942,4,1.000000,0.000000
16699,17833892490,1057403,0,0,1824,0,0.000000,16384,1617,57403,4,1.000000,0.000000
16700,17834949396,1056906,0,0,1826,0,0.000000,16384,1649,56906,4,1.000000,0.000000
16701,17836012023,1062627,0,0,1827,0,0.000000,16384,1647,62627,4,1.000000,0.000000
16702,17837069205,1057182,0,0,1819,0,0.000000,16384,1597,57182,4,1.000000,0.000000
16703,17838126693,1057488,0,0,1700,0,0.000000,16384,1500,57488,4,1.000000,0.000000
16704,17839182997,1056304,0,0,1782,0,0.000000,16384,1613,56304,4,1.000000,0.000000
16705,17840238820,1055823,0,0,1824,0,0.000000,16384,1631,55823,4,1.000000,0.000000
16706,17841294700,1055880,0,0,1821,0,0.000000,16384,1601,55880,4,1.000000,0.000000
16707,17842350813,1056113,0,0,1822,0,0.000000,16384,1610,56113,4,1.000000,0.000000
16708,17843406539,1055726,0,0,1825,0,0.000000,16384,1647,55726,4,1.000000,0.000000
16709,17844462464,1055925,0,0,1779,0,0.000000,16384,1605,55925,4,1.000000,0.000000
16710,17845522109,1059645,0,0,1661,0,0.000000,16384,1441,59645,4,1.000000,0.000000
16711,17846589864,1067755,0,0,1746,0,0.000000,16384,1571,67755,4,1.000000,0.000000
16712,17847686079,1096215,0,0,1854,0,0.000000,16384,1670,96215,4,1.000000,0.000000
16713,17848752716,1066637,0,0,1467,0,0.000000,16384,1266,66637,4,1.000000,0.000000
16714,17849818557,1065841,0,0,1509,0,0.000000,16384,1393,65841,4,1.000000,0.000000
16715,17850881778,1063221,0,0,1510,0,0.000000,16384,1304,63221,4,1.000000,0.000000
16716,17851942460,1060682,0,0,1540,0,0.000000,16384,1410,60682,4,1.000000,0.000000
16717,17853003428,1060968,0,0,1609,0,0.000000,16384,1389,60968,4,1.000000,0.000000
16718,17854069928,1066500,0,0,1620,0,0.000000,16384,1485,66500,4,1.000000,0.000000
16719,17855136781,1066853,0,0,1622,0,0.000000,16384,1421,66853,4,1.000000,0.000000
16720,17856203509,1066728,0,0,1524,0,0.000000,16384,1375,66728,4,1.000000,0.000000
16721,17857296168,1092659,0,0,1498,0,0.000000,16384,1310,92659,4,1.000000,0.000000
16722,17858362037,1065869,0,0,1488,0,0.000000,16384,1360,65869,4,1.000000,0.000000
16723,17859425409,1063372,0,0,1458,0,0.000000,16384,1261,63372,4,1.000000,0.000000
16724,17860488111,1062702,0,0,1580,0,0.000000,16384,1452,62702,4,1.000000,0.000000
16725,17861549142,1061031,0,0,1593,0,0.000000,16384,1375,61031,4,1.000000,0.000000
16726,17862612508,1063366,0,0,1602,0,0.000000,16384,1460,63366,4,1.000000,0.000000
16727,17863716346,1103838,0,0,1657,0,0.000000,16384,1463,103838,4,1.000000,0.000000
16728,17864785538,1069192,0,0,1412,0,0.000000,16384,1274,69192,4,1.000000,0.000000
16729,17865850858,1065320,0,0,1492,0,0.000000,16384,1294,65320,4,1.000000,0.000000
16730,17866913553,1062695,0,0,1508,0,0.000000,16384,1387,62695,4,1.000000,0.000000
16731,17868001024,1087471,0,0,1534,0,0.000000,16384,1319,87471,4,1.000000,0.000000
16732,17869061784,1060760,0,0,1497,0,0.000000,16384,1381,60760,4,1.000000,0.000000
16733,17870127916,1066132,0,0,1488,0,0.000000,16384,1289,66132,4,1.000000,0.000000
16734,17871193072,1065156,0,0,1499,0,0.000000,16384,1362,65156,4,1.000000,0.000000
16735,17872260874,1067802,0,0,1469,0,0.000000,16384,1293,67802,4,1.000000,0.000000
16736,17873326560,1065686,0,0,1498,0,0.000000,16384,1339,65686,4,1.000000,0.000000
16737,17874389685,1063125,0,0,1516,0,0.000000,16384,1353,63125,4,1.000000,0.000000
16738,17875452699,1063014,0,0,1486,0,0.000000,16384,1316,63014,4,1.000000,0.000000
16739,17876516297,1063598,0,0,1481,0,0.000000,16384,1339,63598,4,1.000000,0.000000
16740,17877577605,1061308,0,0,1508,0,0.000000,16384,1314,61308,4,1.000000,0.000000
16741,17878679354,1101749,0,0,1504,0,0.000000,16384,1376,101749,4,1.000000,0.000000
16742,17879741968,1062614,0,0,1515,0,0.000000,16384,1307,62614,4,1.000000,0.000000
16743,17880803712,1061744,0,0,1512,0,0.000000,16384,1396,61744,4,1.000000,0.000000
16744,17881864060,1060348,0,0,1334,0,0.000000,16384,1160,60348,4,1.000000,0.000000
16745,17882928054,1063994,0,0,1513,0,0.000000,16384,1351,63994,4,1.000000,0.000000
16746,17883989327,1061273,0,0,1605,0,0.000000,16384,1425,61273,4,1.000000,0.000000
16747,17885052355,1063028,0,0,1537,0,0.000000,16384,1381,63028,4,1.000000,0.000000
16748,17886116007,1063652,0,0,1512,0,0.000000,16384,1339,63652,4,1.000000,0.000000
16749,17887177125,1061118,0,0,1523,0,0.000000,16384,1360,61118,4,1.000000,0.000000
16750,17888247008,1069883,0,0,1441,0,0.000000,16384,1292,69883,4,1.000000,0.000000
16751,17889351390,1104382,0,0,1453,0,0.000000,16384,1270,104382,4,1.000000,0.000000
16752,17890421051,1069661,0,0,1482,0,0.000000,16384,1358,69661,4,1.000000,0.000000
16753,17891484581,1063530,0,0,1499,0,0.000000,16384,1293,63530,4,1.000000,0.000000
16754,17892546453,1061872,0,0,1498,0,0.000000,16384,1376,61872,4,1.000000,0.000000
16755,17893608744,1062291,0,0,1503,0,0.000000,16384,1306,62291,4,1.000000,0.000000
16756,17894797640,1188896,0,0,1686,0,0.000000,16384,1536,188896,4,1.000000,0.000000
16757,17895858687,1061047,0,0,1500,0,0.000000,16384,1293,61047,4,1.000000,0.000000
16758,17896923199,1064512,0,0,1476,0,0.000000,16384,1358,64512,4,1.000000,0.000000
16759,17897986162,1062963,0,0,1479,0,0.000000,16384,1287,62963,4,1.000000,0.000000
16760,17899048944,1062782,0,0,1496,0,0.000000,16384,1352,62782,4,1.000000,0.000000
16761,17900138245,1089301,0,0,1527,0,0.000000,16384,1347,89301,4,1.000000,0.000000
16762,17901204345,1066100,0,0,1481,0,0.000000,16384,1324,66100,4,1.000000,0.000000
16763,17902268373,1064028,0,0,1525,0,0.000000,16384,1362,64028,4,1.000000,0.000000
16764,17903332792,1064419,0,0,1494,0,0.000000,16384,1325,64419,4,1.000000,0.000000
16765,17904398281,1065489,0,0,1463,0,0.000000,16384,1321,65489,4,1.000000,0.000000
16766,17905462413,1064132,0,0,1476,0,0.000000,16384,1283,64132,4,1.000000,0.000000
16767,17906527324,1064911,0,0,1480,0,0.000000,16384,1364,64911,4,1.000000,0.000000
16768,17907590492,1063168,0,0,1462,0,0.000000,16384,1261,63168,4,1.000000,0.000000
16769,17908651874,1061382,0,0,1513,0,0.000000,16384,1377,61382,4,1.000000,0.000000
16770,17909677764,1025890,0,0,1453,0,0.000000,16384,1278,25890,4,1.000000,0.000000
16771,17910765439,1087675,0,0,1531,0,0.000000,16384,1371,87675,4,1.000000,0.000000
16772,17911825652,1060213,0,0,1521,0,0.000000,16384,1351,60213,4,1.000000,0.000000
16773,17912885820,1060168,0,0,1505,0,0.000000,16384,1343,60168,4,1.000000,0.000000
16774,17913946361,1060541,0,0,1504,0,0.000000,16384,1345,60541,4,1.000000,0.000000
16775,17915006249,1059888,0,0,1539,0,0.000000,16384,1362,59888,4,1.000000,0.000000
16776,17916066318,1060069,0,0,1612,0,0.000000,16384,1440,60069,4,1.000000,0.000000
16777,17917126471,1060153,0,0,1607,0,0.000000,16384,1439,60153,4,1.000000,0.000000
16778,17918186367,1059896,0,0,1625,0,0.000000,16384,1427,59896,4,1.000000,0.000000
16779,17919245304,1058937,0,0,1624,0,0.000000,16384,1485,58937,4,1.000000,0.000000
16780,17920304983,1059679,0,0,1622,0,0.000000,16384,1402,59679,4,1.000000,0.000000
16781,17921376855,1071872,0,0,1648,0,0.000000,16384,1496,71872,4,1.000000,0.000000
16782,17922437779,1060924,0,0,1609,0,0.000000,16384,1426,60924,4,1.000000,0.000000
16783,17923499494,1061715,0,0,1596,0,0.000000,16384,1419,61715,4,1.000000,0.000000
16784,17924563033,1063539,0,0,1593,0,0.000000,16384,1430,63539,4,1.000000,0.000000
16785,17925658211,1095178,0,0,1640,0,0.000000,16384,1437,95178,4,1.000000,0.000000
16786,17926681068,1022857,0,0,1420,0,0.000000,16384,1287,22857,4,1.000000,0.000000
16787,17927745937,1064869,0,0,1513,0,0.000000,16384,1340,64869,4,1.000000,0.000000
16788,17928807036,1061099,0,0,1518,0,0.000000,16384,1354,61099,4,1.000000,0.000000
16789,17929865845,1058809,0,0,1527,0,0.000000,16384,1363,58809,4,1.000000,0.000000
16790,17930924686,1058841,0,0,1516,0,0.000000,16384,1349,58841,4,1.000000,0.000000
16791,17932026968,1102282,0,0,1580,0,0.000000,16384,1409,102282,4,1.000000,0.000000
16792,17933093637,1066669,0,0,1579,0,0.000000,16384,1410,66669,4,1.000000,0.000000
16793,17934155973,1062336,0,0,1645,0,0.000000,16384,1450,62336,4,1.000000,0.000000
16794,17935214264,1058291,0,0,1660,0,0.000000,16384,1516,58291,4,1.000000,0.000000
16795,17936271995,1057731,0,0,1658,0,0.000000,16384,1441,57731,4,1.000000,0.000000
16796,17937328645,1056650,0,0,1682,0,0.000000,16384,1511,56650,4,1.000000,0.000000
16797,17938417125,1088480,0,0,1849,0,0.000000,16384,1666,88480,4,1.000000,0.000000
16798,17939506738,1089613,0,0,1946,0,0.000000,16384,1736,89613,4,1.000000,0.000000
16799,17940567321,1060583,0,0,1815,0,0.000000,16384,1595,60583,4,1.000000,0.000000
16800,17941656274,1088953,0,0,1975,0,0.000000,16384,1751,88953,4,1.000000,0.000000
16801,17942711534,1055260,0,0,1909,0,0.000000,16384,1690,55260,4,1.000000,0.000000
16802,17943774142,1062608,0,0,1920,0,0.000000,16384,1722,62608,4,1.000000,0.000000
16803,17944837319,1063177,0,0,1880,0,0.000000,16384,1692,63177,4,1.000000,0.000000
16804,17945931095,1093776,0,0,1826,0,0.000000,16384,1643,93776,4,1.000000,0.000000
16805,17946992558,1061463,0,0,1758,0,0.000000,16384,1537,61463,4,1.000000,0.000000
16806,17948054567,1062009,0,0,1878,0,0.000000,16384,1657,62009,4,1.000000,0.000000
16807,17949117787,1063220,0,0,1888,0,0.000000,16384,1698,63220,4,1.000000,0.000000
16808,17950177711,1059924,0,0,1823,0,0.000000,16384,1646,59924,4,1.000000,0.000000
16809,17951234805,1057094,0,0,1788,0,0.000000,16384,1589,57094,4,1.000000,0.000000
16810,17952291385,1056580,0,0,1804,0,0.000000,16384,1584,56580,4,1.000000,0.000000
16811,17953359681,1068296,0,0,1837,0,0.000000,16384,1638,68296,4,1.000000,0.000000
16812,17954447766,1088085,0,0,1922,0,0.000000,16384,1725,88085,4,1.000000,0.000000
16813,17955535748,1087982,0,0,1962,0,0.000000,16384,1757,87982,4,1.000000,0.000000
16814,17956623701,1087953,0,0,1967,0,0.000000,16384,1760,87953,4,1.000000,0.000000
16815,17957674572,1050871,0,0,1802,0,0.000000,16384,1598,50871,4,1.000000,0.000000
16816,17958710480,1035908,0,0,1881,0,0.000000,16384,1661,35908,4,1.000000,0.000000
16817,17959773191,1062711,0,0,1921,0,0.000000,16384,1697,62711,4,1.000000,0.000000
16818,17960835401,1062210,0,0,1923,0,0.000000,16384,1721,62210,4,1.000000,0.000000
16819,17961894771,1059370,0,0,1831,0,0.000000,16384,1652,59370,4,1.000000,0.000000
16820,17962951450,1056679,0,0,1828,0,0.000000,16384,1644,56679,4,1.000000,0.000000
16821,17964015848,1064398,0,0,1787,0,0.000000,16384,1568,64398,4,1.000000,0.000000
16822,17965076232,1060384,0,0,1893,0,0.000000,16384,1669,60384,4,1.000000,0.000000
16823,17966137076,1060844,0,0,1751,0,0.000000,16384,1582,60844,4,1.000000,0.000000
16824,17967195716,1058640,0,0,1658,0,0.000000,16384,1487,58640,4,1.000000,0.000000
16825,17968253214,1057498,0,0,1662,0,0.000000,16384,1449,57498,4,1.000000,0.000000
16826,17969340292,1087078,0,0,1857,0,0.000000,16384,1673,87078,4,1.000000,0.000000
16827,17970430304,1090012,0,0,1955,0,0.000000,16384,1751,90012,4,1.000000,0.000000
16828,17971517979,1087675,0,0,1960,0,0.000000,16384,1756,87675,4,1.000000,0.000000
16829,17972605778,1087799,0,0,1961,0,0.000000,16384,1757,87799,4,1.000000,0.000000
16830,17973698615,1092837,0,0,1983,0,0.000000,16384,1760,92837,4,1.000000,0.000000
16831,17974770386,1071771,0,0,1935,0,0.000000,16384,1711,71771,4,1.000000,0.000000
16832,17975832736,1062350,0,0,1901,0,0.000000,16384,1680,62350,4,1.000000,0.000000
16833,17976895049,1062313,0,0,1915,0,0.000000,16384,1692,62313,4,1.000000,0.000000
16834,17977957522,1062473,0,0,1910,0,0.000000,16384,1713,62473,4,1.000000,0.000000
16835,17979016928,1059406,0,0,1797,0,0.000000,16384,1624,59406,4,1.000000,0.000000
16836,17980074003,1057075,0,0,1816,0,0.000000,16384,1621,57075,4,1.000000,0.000000
16837,17981130130,1056127,0,0,1822,0,0.000000,16384,1603,56127,4,1.000000,0.000000
16838,17982188608,1058478,0,0,1774,0,0.000000,16384,1575,58478,4,1.000000,0.000000
16839,17983245845,1057237,0,0,1812,0,0.000000,16384,1636,57237,4,1.000000,0.000000
16840,17984301954,1056109,0,0,1821,0,0.000000,16384,1632,56109,4,1.000000,0.000000
16841,17985379804,1077850,0,0,1857,0,0.000000,16384,1637,77850,4,1.000000,0.000000
16842,17986445455,1065651,0,0,1637,0,0.000000,16384,1451,65651,4,1.000000,0.000000
16843,17987481811,1036356,0,0,1407,0,0.000000,16384,1257,36356,4,1.000000,0.000000
16844,17988552173,1070362,0,0,1515,0,0.000000,16384,1362,70362,4,1.000000,0.000000
16845,17989619409,1067236,0,0,1574,0,0.000000,16384,1391,67236,4,1.000000,0.000000
16846,17990679093,1059684,0,0,1505,0,0.000000,16384,1353,59684,4,1.000000,0.000000
16847,17991799783,1120690,0,0,1655,0,0.000000,16384,1467,120690,4,1.000000,0.000000
16848,17992864395,1064612,0,0,1536,0,0.000000,16384,1366,64612,4,1.000000,0.000000
16849,17993923370,1058975,0,0,1610,0,0.000000,16384,1444,58975,4,1.000000,0.000000
16850,17994982271,1058901,0,0,1620,0,0.000000,16384,1421,58901,4,1.000000,0.000000
16851,17996067026,1084755,0,0,1657,0,0.000000,16384,1513,84755,4,1.000000,0.000000
16852,17997134715,1067689,0,0,1590,0,0.000000,16384,1377,67689,4,1.000000,0.000000
16853,17998196642,1061927,0,0,1642,0,0.000000,16384,1489,61927,4,1.000000,0.000000
16854,17999254909,1058267,0,0,1661,0,0.000000,16384,1474,58267,4,1.000000,0.000000
16855,18000311719,1056810,0,0,1755,0,0.000000,16384,1540,56810,4,1.000000,0.000000
16856,18001400500,1088781,0,0,1871,0,0.000000,16384,1683,88781,4,1.000000,0.000000
16857,18002495838,1095338,0,0,1898,0,0.000000,16384,1707,95338,4,1.000000,0.000000
16858,18003586691,1090853,0,0,1972,0,0.000000,16384,1764,90853,4,1.000000,0.000000
16859,18004651443,1064752,0,0,1678,0,0.000000,16384,1475,64752,4,1.000000,0.000000
16860,18005675007,1023564,0,0,1591,0,0.000000,16384,1421,23564,4,1.000000,0.000000
16861,18006763358,1088351,0,0,1574,0,0.000000,16384,1405,88351,4,1.000000,0.000000
16862,18007824535,1061177,0,0,1569,0,0.000000,16384,1391,61177,4,1.000000,0.000000
16863,18008905053,1080518,0,0,1700,0,0.000000,16384,1542,80518,4,1.000000,0.000000
16864,18009961781,1056728,0,0,1698,0,0.000000,16384,1478,56728,4,1.000000,0.000000
16865,18011017841,1056060,0,0,1824,0,0.000000,16384,1625,56060,4,1.000000,0.000000
16866,18012074866,1057025,0,0,1824,0,0.000000,16384,1647,57025,4,1.000000,0.000000
16867,18013131242,1056376,0,0,1824,0,0.000000,16384,1636,56376,4,1.000000,0.000000
16868,18014186878,1055636,0,0,1812,0,0.000000,16384,1591,55636,4,1.000000,0.000000
16869,18015242924,1056046,0,0,1821,0,0.000000,16384,1606,56046,4,1.000000,0.000000
16870,18016298855,1055931,0,0,1823,0,0.000000,16384,1646,55931,4,1.000000,0.000000
16871,18017364681,1065826,0,0,1829,0,0.000000,16384,1650,65826,4,1.000000,0.000000
16872,18018422573,1057892,0,0,1821,0,0.000000,16384,1605,57892,4,1.000000,0.000000
16873,18019479244,1056671,0,0,1823,0,0.000000,16384,1603,56671,4,1.000000,0.000000
16874,18020535452,1056208,0,0,1823,0,0.000000,16384,1634,56208,4,1.000000,0.000000
16875,18021591366,1055914,0,0,1823,0,0.000000,16384,1645,55914,4,1.000000,0.000000
16876,18022647413,1056047,0,0,1813,0,0.000000,16384,1615,56047,4,1.000000,0.000000
16877,18023670310,1022897,0,0,1761,0,0.000000,16384,1542,22897,4,1.000000,0.000000
16878,18024726718,1056408,0,0,1817,0,0.000000,16384,1624,56408,4,1.000000,0.000000
16879,18025784059,1057341,0,0,1805,0,0.000000,16384,1631,57341,4,1.000000,0.000000
16880,18026842597,1058538,0,0,1744,0,0.000000,16384,1547,58538,4,1.000000,0.000000
16881,18027908373,1065776,0,0,1838,0,0.000000,16384,1618,65776,4,1.000000,0.000000
16882,18028964992,1056619,0,0,1825,0,0.000000,16384,1629,56619,4,1.000000,0.000000
16883,18030021762,1056770,0,0,1780,0,0.000000,16384,1610,56770,4,1.000000,0.000000
16884,18031090092,1068330,0,0,1835,0,0.000000,16384,1637,68330,4,1.000000,0.000000
16885,18032151487,1061395,0,0,1667,0,0.000000,16384,1447,61395,4,1.000000,0.000000
16886,18033209630,1058143,0,0,1666,0,0.000000,16384,1520,58143,4,1.000000,0.000000
16887,18034267312,1057682,0,0,1664,0,0.000000,16384,1471,57682,4,1.000000,0.000000
16888,18035325934,1058622,0,0,1653,0,0.000000,16384,1462,58622,4,1.000000,0.000000
16889,18036413566,1087632,0,0,1811,0,0.000000,16384,1637,87632,4,1.000000,0.000000
16890,18037505618,1092052,0,0,1838,0,0.000000,16384,1642,92052,4,1.000000,0.000000
16891,18038590703,1085085,0,0,1699,0,0.000000,16384,1479,85085,4,1.000000,0.000000
16892,18039682812,1092109,0,0,1957,0,0.000000,16384,1742,92109,4,1.000000,0.000000
16893,18040704891,1022079,0,0,1852,0,0.000000,16384,1669,22079,4,1.000000,0.000000
16894,18041767163,1062272,0,0,1929,0,0.000000,16384,1730,62272,4,1.000000,0.000000
16895,18042829315,1062152,0,0,1924,0,0.000000,16384,1727,62152,4,1.000000,0.000000
16896,18043891679,1062364,0,0,1913,0,0.000000,16384,1616,62364,4,1.000000,0.000000
16897,18044965043,1073364,0,0,1725,0,0.000000,16384,1567,73364,4,1.000000,0.000000
16898,18046043165,1078122,0,0,1450,0,0.000000,16384,1254,78122,4,1.000000,0.000000
16899,18047110094,1066929,0,0,1558,0,0.000000,16384,1431,66929,4,1.000000,0.000000
16900,18048171622,1061528,0,0,1661,0,0.000000,16384,1441,61528,4,1.000000,0.000000
16901,18049256621,1084999,0,0,1789,0,0.000000,16384,1601,84999,4,1.000000,0.000000
16902,18050314054,1057433,0,0,1816,0,0.000000,16384,1640,57433,4,1.000000,0.000000
16903,18051371620,1057566,0,0,1717,0,0.000000,16384,1517,57566,4,1.000000,0.000000
16904,18052427573,1055953,0,0,1754,0,0.000000,16384,1542,55953,4,1.000000,0.000000
16905,18053484034,1056461,0,0,1826,0,0.000000,16384,1648,56461,4,1.000000,0.000000
16906,18054540087,1056053,0,0,1826,0,0.000000,16384,1648,56053,4,1.000000,0.000000
16907,18055595769,1055682,0,0,1812,0,0.000000,16384,1596,55682,4,1.000000,0.000000
16908,18056651534,1055765,0,0,1822,0,0.000000,16384,1602,55765,4,1.000000,0.000000
16909,18057670635,1019101,0,0,1717,0,0.000000,16384,1550,19101,4,1.000000,0.000000
16910,18058726608,1055973,0,0,1826,0,0.000000,16384,1648,55973,4,1.000000,0.000000
16911,18059787946,1061338,0,0,1832,0,0.000000,16384,1613,61338,4,1.000000,0.000000
16912,18060844074,1056128,0,0,1823,0,0.000000,16384,1603,56128,4,1.000000,0.000000
16913,18061899912,1055838,0,0,1825,0,0.000000,16384,1636,55838,4,1.000000,0.000000
16914,18062955700,1055788,0,0,1815,0,0.000000,16384,1640,55788,4,1.000000,0.000000
16915,18064011360,1055660,0,0,1821,0,0.000000,16384,1621,55660,4,1.000000,0.000000
16916,18065067641,1056281,0,0,1815,0,0.000000,16384,1594,56281,4,1.000000,0.000000
16917,18066123485,1055844,0,0,1824,0,0.000000,16384,1621,55844,4,1.000000,0.000000
16918,18067182181,1058696,0,0,1749,0,0.000000,16384,1586,58696,4,1.000000,0.000000
16919,18068240132,1057951,0,0,1789,0,0.000000,16384,1592,57951,4,1.000000,0.000000
16920,18069297394,1057262,0,0,1823,0,0.000000,16384,1603,57262,4,1.000000,0.000000
16921,18070363102,1065708,0,0,1823,0,0.000000,16384,1621,65708,4,1.000000,0.000000
16922,18071420737,1057635,0,0,1798,0,0.000000,16384,1625,57635,4,1.000000,0.000000
16923,18072477179,1056442,0,0,1824,0,0.000000,16384,1635,56442,4,1.000000,0.000000
16924,18073533626,1056447,0,0,1794,0,0.000000,16384,1573,56447,4,1.000000,0.000000
16925,18074589881,1056255,0,0,1823,0,0.000000,16384,1613,56255,4,1.000000,0.000000
16926,18075646851,1056970,0,0,1731,0,0.000000,16384,1572,56970,4,1.000000,0.000000
16927,18076670536,1023685,0,0,1751,0,0.000000,16384,1557,23685,4,1.000000,0.000000
16928,18077726317,1055781,0,0,1823,0,0.000000,16384,1603,55781,4,1.000000,0.000000
16929,18078782279,1055962,0,0,1815,0,0.000000,16384,1620,55962,4,1.000000,0.000000
16930,18079839217,1056938,0,0,1777,0,0.000000,16384,1608,56938,4,1.000000,0.000000
16931,18080906213,1066996,0,0,1523,0,0.000000,16384,1327,66996,4,1.000000,0.000000
16932,18081966759,1060546,0,0,1670,0,0.000000,16384,1509,60546,4,1.000000,0.000000
16933,18083024334,1057575,0,0,1639,0,0.000000,16384,1460,57575,4,1.000000,0.000000
16934,18084080996,1056662,0,0,1649,0,0.000000,16384,1451,56662,4,1.000000,0.000000
16935,18085138886,1057890,0,0,1631,0,0.000000,16384,1493,57890,4,1.000000,0.000000
16936,18086196000,1057114,0,0,1737,0,0.000000,16384,1517,57114,4,1.000000,0.000000
16937,18087255363,1059363,0,0,1758,0,0.000000,16384,1559,59363,4,1.000000,0.000000
16938,18088314321,1058958,0,0,1659,0,0.000000,16384,1514,58958,4,1.000000,0.000000
16939,18089371638,1057317,0,0,1661,0,0.000000,16384,1444,57317,4,1.000000,0.000000
16940,18090428664,1057026,0,0,1663,0,0.000000,16384,1496,57026,4,1.000000,0.000000
16941,18091517246,1088582,0,0,1671,0,0.000000,16384,1499,88582,4,1.000000,0.000000
16942,18092575467,1058221,0,0,1796,0,0.000000,16384,1576,58221,4,1.000000,0.000000
16943,18093631891,1056424,0,0,1817,0,0.000000,16384,1620,56424,4,1.000000,0.000000
16944,18094671530,1039639,0,0,1761,0,0.000000,16384,1596,39639,4,1.000000,0.000000
16945,18095728968,1057438,0,0,1761,0,0.000000,16384,1559,57438,4,1.000000,0.000000
16946,18096786404,1057436,0,0,1702,0,0.000000,16384,1492,57436,4,1.000000,0.000000
16947,18097842370,1055966,0,0,1825,0,0.000000,16384,1647,55966,4,1.000000,0.000000
16948,18098898628,1056258,0,0,1826,0,0.000000,16384,1649,56258,4,1.000000,0.000000
16949,18099954372,1055744,0,0,1821,0,0.000000,16384,1602,55744,4,1.000000,0.000000
16950,18101010240,1055868,0,0,1824,0,0.000000,16384,1603,55868,4,1.000000,0.000000
16951,18102075145,1064905,0,0,1812,0,0.000000,16384,1628,64905,4,1.000000,0.000000
16952,18103131139,1055994,0,0,1814,0,0.000000,16384,1639,55994,4,1.000000,0.000000
16953,18104186458,1055319,0,0,1813,0,0.000000,16384,1609,55319,4,1.000000,0.000000
16954,18105251707,1065249,0,0,1678,0,0.000000,16384,1464,65249,4,1.000000,0.000000
16955,18106314928,1063221,0,0,1622,0,0.000000,16384,1485,63221,4,1.000000,0.000000
16956,18107374873,1059945,0,0,1566,0,0.000000,16384,1361,59945,4,1.000000,0.000000
16957,18108434057,1059184,0,0,1633,0,0.000000,16384,1479,59184,4,1.000000,0.000000
16958,18109491877,1057820,0,0,1640,0,0.000000,16384,1454,57820,4,1.000000,0.000000
16959,18110548772,1056895,0,0,1665,0,0.000000,16384,1471,56895,4,1.000000,0.000000
16960,18111606207,1057435,0,0,1667,0,0.000000,16384,1521,57435,4,1.000000,0.000000
16961,18112676461,1070254,0,0,1675,0,0.000000,16384,1459,70254,4,1.000000,0.000000
16962,18113735250,1058789,0,0,1670,0,0.000000,16384,1497,58789,4,1.000000,0.000000
16963,18114792028,1056778,0,0,1664,0,0.000000,16384,1497,56778,4,1.000000,0.000000
16964,18115848462,1056434,0,0,1662,0,0.000000,16384,1444,56434,4,1.000000,0.000000
16965,18116905969,1057507,0,0,1744,0,0.000000,16384,1583,57507,4,1.000000,0.000000
16966,18117962955,1056986,0,0,1820,0,0.000000,16384,1639,56986,4,1.000000,0.000000
16967,18119020507,1057552,0,0,1776,0,0.000000,16384,1556,57552,4,1.000000,0.000000
16968,18120076410,1055903,0,0,1812,0,0.000000,16384,1600,55903,4,1.000000,0.000000
16969,18121132613,1056203,0,0,1823,0,0.000000,16384,1645,56203,4,1.000000,0.000000
16970,18122188516,1055903,0,0,1807,0,0.000000,16384,1633,55903,4,1.000000,0.000000
16971,18123250309,1061793,0,0,1833,0,0.000000,16384,1609,61793,4,1.000000,0.000000
16972,18124306096,1055787,0,0,1823,0,0.000000,16384,1603,55787,4,1.000000,0.000000
16973,18125362732,1056636,0,0,1811,0,0.000000,16384,1630,56636,4,1.000000,0.000000
16974,18126419138,1056406,0,0,1828,0,0.000000,16384,1649,56406,4,1.000000,0.000000
16975,18127476130,1056992,0,0,1753,0,0.000000,16384,1549,56992,4,1.000000,0.000000
16976,18128532950,1056820,0,0,1815,0,0.000000,16384,1595,56820,4,1.000000,0.000000
16977,18129593235,1060285,0,0,1749,0,0.000000,16384,1578,60285,4,1.000000,0.000000
16978,18130651464,1058229,0,0,1826,0,0.000000,16384,1648,58229,4,1.000000,0.000000
16979,18131698511,1047047,0,0,1802,0,0.000000,16384,1587,47047,4,1.000000,0.000000
16980,18132753539,1055028,0,0,1821,0,0.000000,16384,1601,55028,4,1.000000,0.000000
16981,18133833939,1080400,0,0,1851,0,0.000000,16384,1659,80400,4,1.000000,0.000000
16982,18134890461,1056522,0,0,1825,0,0.000000,16384,1647,56522,4,1.000000,0.000000
16983,18135946696,1056235,0,0,1790,0,0.000000,16384,1595,56235,4,1.000000,0.000000
16984,18137002335,1055639,0,0,1821,0,0.000000,16384,1602,55639,4,1.000000,0.000000
16985,18138059473,1057138,0,0,1825,0,0.000000,16384,1620,57138,4,1.000000,0.000000
16986,18139116170,1056697,0,0,1739,0,0.000000,16384,1579,56697,4,1.000000,0.000000
16987,18140172274,1056104,0,0,1820,0,0.000000,16384,1621,56104,4,1.000000,0.000000
16988,18141228133,1055859,0,0,1824,0,0.000000,16384,1604,55859,4,1.000000,0.000000
16989,18142284038,1055905,0,0,1825,0,0.000000,16384,1618,55905,4,1.000000,0.000000
16990,18143340100,1056062,0,0,1810,0,0.000000,16384,1635,56062,4,1.000000,0.000000
16991,18144402198,1062098,0,0,1826,0,0.000000,16384,1644,62098,4,1.000000,0.000000
16992,18145458336,1056138,0,0,1824,0,0.000000,16384,1604,56138,4,1.000000,0.000000
16993,18146520606,1062270,0,0,1805,0,0.000000,16384,1583,62270,4,1.000000,0.000000
16994,18147582173,1061567,0,0,1657,0,0.000000,16384,1514,61567,4,1.000000,0.000000
16995,18148641585,1059412,0,0,1608,0,0.000000,16384,1413,59412,4,1.000000,0.000000
16996,18149671956,1030371,0,0,1620,0,0.000000,16384,1450,30371,4,1.000000,0.000000
16997,18150729239,1057283,0,0,1822,0,0.000000,16384,1645,57283,4,1.000000,0.000000
16998,18151787268,1058029,0,0,1818,0,0.000000,16384,1601,58029,4,1.000000,0.000000
16999,18152843194,1055926,0,0,1813,0,0.000000,16384,1593,55926,4,1.000000,0.000000
17000,18153899433,1056239,0,0,1809,0,0.000000,16384,1626,56239,4,1.000000,0.000000
17001,18154964249,1064816,0,0,1838,0,0.000000,16384,1657,64816,4,1.000000,0.000000
17002,18156020312,1056063,0,0,1825,0,0.000000,16384,1625,56063,4,1.000000,0.000000
17003,18157075962,1055650,0,0,1825,0,0.000000,16384,1605,55650,4,1.000000,0.000000
17004,18158131703,1055741,0,0,1828,0,0.000000,16384,1620,55741,4,1.000000,0.000000
17005,18159187536,1055833,0,0,1826,0,0.000000,16384,1649,55833,4,1.000000,0.000000
17006,18160243357,1055821,0,0,1815,0,0.000000,16384,1636,55821,4,1.000000,0.000000
17007,18161298871,1055514,0,0,1810,0,0.000000,16384,1590,55514,4,1.000000,0.000000
17008,18162382811,1083940,0,0,1865,0,0.000000,16384,1641,83940,4,1.000000,0.000000
17009,18163445212,1062401,0,0,1547,0,0.000000,16384,1418,62401,4,1.000000,0.000000
17010,18164504896,1059684,0,0,1772,0,0.000000,16384,1561,59684,4,1.000000,0.000000
17011,18165569530,1064634,0,0,1838,0,0.000000,16384,1618,64634,4,1.000000,0.000000
17012,18166626991,1057461,0,0,1827,0,0.000000,16384,1638,57461,4,1.000000,0.000000
17013,18167675024,1048033,0,0,1647,0,0.000000,16384,1496,48033,4,1.000000,0.000000
17014,18168735433,1060409,0,0,1555,0,0.000000,16384,1347,60409,4,1.000000,0.000000
17015,18169795364,1059931,0,0,1741,0,0.000000,16384,1580,59931,4,1.000000,0.000000
17016,18170854538,1059174,0,0,1829,0,0.000000,16384,1637,59174,4,1.000000,0.000000
17017,18171875389,1020851,0,0,1761,0,0.000000,16384,1542,20851,4,1.000000,0.000000
17018,18172932347,1056958,0,0,1815,0,0.000000,16384,1612,56958,4,1.000000,0.000000
17019,18173992356,1060009,0,0,1642,0,0.000000,16384,1503,60009,4,1.000000,0.000000
17020,18175051728,1059372,0,0,1552,0,0.000000,16384,1334,59372,4,1.000000,0.000000
17021,18176119081,1067353,0,0,1645,0,0.000000,16384,1503,67353,4,1.000000,0.000000
17022,18177176559,1057478,0,0,1735,0,0.000000,16384,1537,57478,4,1.000000,0.000000
17023,18178233498,1056939,0,0,1824,0,0.000000,16384,1603,56939,4,1.000000,0.000000
17024,18179289400,1055902,0,0,1823,0,0.000000,16384,1633,55902,4,1.000000,0.000000
17025,18180345105,1055705,0,0,1825,0,0.000000,16384,1647,55705,4,1.000000,0.000000
17026,18181404292,1059187,0,0,1750,0,0.000000,16384,1555,59187,4,1.000000,0.000000
17027,18182462719,1058427,0,0,1598,0,0.000000,16384,1405,58427,4,1.000000,0.000000
17028,18183519278,1056559,0,0,1788,0,0.000000,16384,1617,56559,4,1.000000,0.000000
17029,18184574968,1055690,0,0,1814,0,0.000000,16384,1618,55690,4,1.000000,0.000000
17030,18185630699,1055731,0,0,1822,0,0.000000,16384,1602,55731,4,1.000000,0.000000
17031,18186670928,1040229,0,0,1789,0,0.000000,16384,1588,40229,4,1.000000,0.000000
17032,18187731497,1060569,0,0,1619,0,0.000000,16384,1479,60569,4,1.000000,0.000000
17033,18188791150,1059653,0,0,1560,0,0.000000,16384,1345,59653,4,1.000000,0.000000
17034,18189849472,1058322,0,0,1669,0,0.000000,16384,1522,58322,4,1.000000,0.000000
17035,18190905565,1056093,0,0,1691,0,0.000000,16384,1494,56093,4,1.000000,0.000000
17036,18191963100,1057535,0,0,1777,0,0.000000,16384,1562,57535,4,1.000000,0.000000
17037,18193019921,1056821,0,0,1825,0,0.000000,16384,1647,56821,4,1.000000,0.000000
17038,18194075765,1055844,0,0,1825,0,0.000000,16384,1647,55844,4,1.000000,0.000000
17039,18195131556,1055791,0,0,1824,0,0.000000,16384,1611,55791,4,1.000000,0.000000
17040,18196187454,1055898,0,0,1822,0,0.000000,16384,1602,55898,4,1.000000,0.000000
17041,18197252221,1064767,0,0,1721,0,0.000000,16384,1549,64767,4,1.000000,0.000000
17042,18198308210,1055989,0,0,1781,0,0.000000,16384,1613,55989,4,1.000000,0.000000
17043,18199364296,1056086,0,0,1822,0,0.000000,16384,1598,56086,4,1.000000,0.000000
17044,18200420159,1055863,0,0,1821,0,0.000000,16384,1601,55863,4,1.000000,0.000000
17045,18201477495,1057336,0,0,1662,0,0.000000,16384,1512,57336,4,1.000000,0.000000
17046,18202533773,1056278,0,0,1774,0,0.000000,16384,1584,56278,4,1.000000,0.000000
17047,18203590280,1056507,0,0,1824,0,0.000000,16384,1604,56507,4,1.000000,0.000000
17048,18204647475,1057195,0,0,1715,0,0.000000,16384,1530,57195,4,1.000000,0.000000
17049,18205691810,1044335,0,0,1578,0,0.000000,16384,1423,44335,4,1.000000,0.000000
17050,18206756666,1064856,0,0,1545,0,0.000000,16384,1356,64856,4,1.000000,0.000000
17051,18207830694,1074028,0,0,1574,0,0.000000,16384,1427,74028,4,1.000000,0.000000
17052,18208891071,1060377,0,0,1661,0,0.000000,16384,1441,60377,4,1.000000,0.000000
17053,18209949274,1058203,0,0,1660,0,0.000000,16384,1517,58203,4,1.000000,0.000000
17054,18211006591,1057317,0,0,1663,0,0.000000,16384,1470,57317,4,1.000000,0.000000
17055,18212063317,1056726,0,0,1662,0,0.000000,16384,1470,56726,4,1.000000,0.000000
17056,18213121834,1058517,0,0,1662,0,0.000000,16384,1514,58517,4,1.000000,0.000000
17057,18214179425,1057591,0,0,1662,0,0.000000,16384,1442,57591,4,1.000000,0.000000
17058,18215235943,1056518,0,0,1664,0,0.000000,16384,1503,56518,4,1.000000,0.000000
17059,18216292753,1056810,0,0,1664,0,0.000000,16384,1485,56810,4,1.000000,0.000000
17060,18217349140,1056387,0,0,1661,0,0.000000,16384,1456,56387,4,1.000000,0.000000
17061,18218446176,1097036,0,0,1835,0,0.000000,16384,1655,97036,4,1.000000,0.000000
17062,18219535160,1088984,0,0,1905,0,0.000000,16384,1710,88984,4,1.000000,0.000000
17063,18220623555,1088395,0,0,1968,0,0.000000,16384,1764,88395,4,1.000000,0.000000
17064,18221671888,1048333,0,0,1807,0,0.000000,16384,1585,48333,4,1.000000,0.000000
17065,18222700137,1028249,0,0,1874,0,0.000000,16384,1652,28249,4,1.000000,0.000000
17066,18223762505,1062368,0,0,1928,0,0.000000,16384,1717,62368,4,1.000000,0.000000
17067,18224824725,1062220,0,0,1925,0,0.000000,16384,1727,62220,4,1.000000,0.000000
17068,18225884460,1059735,0,0,1813,0,0.000000,16384,1638,59735,4,1.000000,0.000000
17069,18226941697,1057237,0,0,1825,0,0.000000,16384,1621,57237,4,1.000000,0.000000
17070,18227999902,1058205,0,0,1746,0,0.000000,16384,1526,58205,4,1.000000,0.000000
17071,18229066552,1066650,0,0,1841,0,0.000000,16384,1650,66650,4,1.000000,0.000000
17072,18230123224,1056672,0,0,1825,0,0.000000,16384,1647,56672,4,1.000000,0.000000
17073,18231179941,1056717,0,0,1826,0,0.000000,16384,1631,56717,4,1.000000,0.000000
17074,18232235937,1055996,0,0,1809,0,0.000000,16384,1589,55996,4,1.000000,0.000000
17075,18233294412,1058475,0,0,1797,0,0.000000,16384,1594,58475,4,1.000000,0.000000
17076,18234351784,1057372,0,0,1814,0,0.000000,16384,1638,57372,4,1.000000,0.000000
17077,18235409682,1057898,0,0,1827,0,0.000000,16384,1642,57898,4,1.000000,0.000000
17078,18236465832,1056150,0,0,1822,0,0.000000,16384,1602,56150,4,1.000000,0.000000
17079,18237521840,1056008,0,0,1824,0,0.000000,16384,1601,56008,4,1.000000,0.000000
17080,18238624534,1102694,0,0,1852,0,0.000000,16384,1671,102694,4,1.000000,0.000000
17081,18239675302,1050768,0,0,1607,0,0.000000,16384,1447,50768,4,1.000000,0.000000
17082,18240709968,1034666,0,0,1767,0,0.000000,16384,1547,34666,4,1.000000,0.000000
17083,18241774410,1064442,0,0,1816,0,0.000000,16384,1626,64442,4,1.000000,0.000000
17084,18242838100,1063690,0,0,1805,0,0.000000,16384,1631,63690,4,1.000000,0.000000
17085,18243901594,1063494,0,0,1793,0,0.000000,16384,1593,63494,4,1.000000,0.000000
17086,18244965232,1063638,0,0,1784,0,0.000000,16384,1564,63638,4,1.000000,0.000000
17087,18246025549,1060317,0,0,1669,0,0.000000,16384,1508,60317,4,1.000000,0.000000
17088,18247084498,1058949,0,0,1713,0,0.000000,16384,1533,58949,4,1.000000,0.000000
17089,18248142724,1058226,0,0,1760,0,0.000000,16384,1541,58226,4,1.000000,0.000000
17090,18249200813,1058089,0,0,1828,0,0.000000,16384,1634,58089,4,1.000000,0.000000
17091,18250267770,1066957,0,0,1842,0,0.000000,16384,1661,66957,4,1.000000,0.000000
17092,18251325379,1057609,0,0,1819,0,0.000000,16384,1630,57609,4,1.000000,0.000000
17093,18252382173,1056794,0,0,1801,0,0.000000,16384,1581,56794,4,1.000000,0.000000
17094,18253438703,1056530,0,0,1823,0,0.000000,16384,1612,56530,4,1.000000,0.000000
17095,18254494833,1056130,0,0,1820,0,0.000000,16384,1586,56130,4,1.000000,0.000000
17096,18255551202,1056369,0,0,1824,0,0.000000,16384,1603,56369,4,1.000000,0.000000
17097,18256607079,1055877,0,0,1825,0,0.000000,16384,1647,55877,4,1.000000,0.000000
17098,18257662704,1055625,0,0,1824,0,0.000000,16384,1647,55625,4,1.000000,0.000000
17099,18258670280,1007576,0,0,1735,0,0.000000,16384,1527,7576,4,1.000000,0.000000
17100,18259705249,1034969,0,0,1877,0,0.000000,16384,1653,34969,4,1.000000,0.000000
17101,18260776261,1071012,0,0,1634,0,0.000000,16384,1485,71012,4,1.000000,0.000000
17102,18261838186,1061925,0,0,1834,0,0.000000,16384,1643,61925,4,1.000000,0.000000
17103,18262895825,1057639,0,0,1826,0,0.000000,16384,1606,57639,4,1.000000,0.000000
17104,18263954210,1058385,0,0,1811,0,0.000000,16384,1596,58385,4,1.000000,0.000000
17105,18265012631,1058421,0,0,1818,0,0.000000,16384,1642,58421,4,1.000000,0.000000
17106,18266069475,1056844,0,0,1812,0,0.000000,16384,1638,56844,4,1.000000,0.000000
17107,18267125485,1056010,0,0,1821,0,0.000000,16384,1597,56010,4,1.000000,0.000000
17108,18268186228,1060743,0,0,1579,0,0.000000,16384,1402,60743,4,1.000000,0.000000
17109,18269248451,1062223,0,0,1594,0,0.000000,16384,1436,62223,4,1.000000,0.000000
17110,18270307464,1059013,0,0,1639,0,0.000000,16384,1431,59013,4,1.000000,0.000000
17111,18271380039,1072575,0,0,1674,0,0.000000,16384,1527,72575,4,1.000000,0.000000
17112,18272437598,1057559,0,0,1775,0,0.000000,16384,1570,57559,4,1.000000,0.000000
17113,18273494581,1056983,0,0,1815,0,0.000000,16384,1595,56983,4,1.000000,0.000000
17114,18274555381,1060800,0,0,1560,0,0.000000,16384,1423,60800,4,1.000000,0.000000
17115,18275615918,1060537,0,0,1741,0,0.000000,16384,1538,60537,4,1.000000,0.000000
17116,18276674208,1058290,0,0,1625,0,0.000000,16384,1435,58290,4,1.000000,0.000000
17117,18277732924,1058716,0,0,1798,0,0.000000,16384,1626,58716,4,1.000000,0.000000
17118,18278789733,1056809,0,0,1738,0,0.000000,16384,1540,56809,4,1.000000,0.000000
17119,18279845920,1056187,0,0,1814,0,0.000000,16384,1594,56187,4,1.000000,0.000000
17120,18280902891,1056971,0,0,1819,0,0.000000,16384,1631,56971,4,1.000000,0.000000
17121,18281971523,1068632,0,0,1772,0,0.000000,16384,1605,68632,4,1.000000,0.000000
17122,18283033747,1062224,0,0,1503,0,0.000000,16384,1298,62224,4,1.000000,0.000000
17123,18284093640,1059893,0,0,1549,0,0.000000,16384,1424,59893,4,1.000000,0.000000
17124,18285151615,1057975,0,0,1553,0,0.000000,16384,1342,57975,4,1.000000,0.000000
17125,18286209013,1057398,0,0,1610,0,0.000000,16384,1469,57398,4,1.000000,0.000000
17126,18287266049,1057036,0,0,1750,0,0.000000,16384,1551,57036,4,1.000000,0.000000
17127,18288325491,1059442,0,0,1580,0,0.000000,16384,1394,59442,4,1.000000,0.000000
17128,18289384472,1058981,0,0,1646,0,0.000000,16384,1496,58981,4,1.000000,0.000000
17129,18290444878,1060406,0,0,1530,0,0.000000,16384,1325,60406,4,1.000000,0.000000
17130,18291504800,1059922,0,0,1553,0,0.000000,16384,1422,59922,4,1.000000,0.000000
17131,18292593067,1088267,0,0,1580,0,0.000000,16384,1365,88267,4,1.000000,0.000000
17132,18293652858,1059791,0,0,1563,0,0.000000,16384,1440,59791,4,1.000000,0.000000
17133,18294674886,1022028,0,0,1586,0,0.000000,16384,1368,22028,4,1.000000,0.000000
17134,18295732323,1057437,0,0,1481,0,0.000000,16384,1365,57437,4,1.000000,0.000000
17135,18296792095,1059772,0,0,1590,0,0.000000,16384,1370,59772,4,1.000000,0.000000
17136,18297852788,1060693,0,0,1705,0,0.000000,16384,1547,60693,4,1.000000,0.000000
17137,18298916457,1063669,0,0,1501,0,0.000000,16384,1323,63669,4,1.000000,0.000000
17138,18299976315,1059858,0,0,1559,0,0.000000,16384,1405,59858,4,1.000000,0.000000
17139,18301033403,1057088,0,0,1590,0,0.000000,16384,1408,57088,4,1.000000,0.000000
17140,18302090181,1056778,0,0,1721,0,0.000000,16384,1522,56778,4,1.000000,0.000000
17141,18303161671,1071490,0,0,1838,0,0.000000,16384,1658,71490,4,1.000000,0.000000
17142,18304217685,1056014,0,0,1814,0,0.000000,16384,1629,56014,4,1.000000,0.000000
17143,18305273851,1056166,0,0,1749,0,0.000000,16384,1529,56166,4,1.000000,0.000000
17144,18306372192,1098341,0,0,1619,0,0.000000,16384,1455,98341,4,1.000000,0.000000
17145,18307437970,1065778,0,0,1533,0,0.000000,16384,1361,65778,4,1.000000,0.000000
17146,18308500670,1062700,0,0,1544,0,0.000000,16384,1382,62700,4,1.000000,0.000000
17147,18309561643,1060973,0,0,1549,0,0.000000,16384,1375,60973,4,1.000000,0.000000
17148,18310621106,1059463,0,0,1560,0,0.000000,16384,1393,59463,4,1.000000,0.000000
17149,18311671733,1050627,0,0,1609,0,0.000000,16384,1436,50627,4,1.000000,0.000000
17150,18312729519,1057786,0,0,1655,0,0.000000,16384,1456,57786,4,1.000000,0.000000
17151,18313804784,1075265,0,0,1760,0,0.000000,16384,1594,75265,4,1.000000,0.000000
17152,18314865278,1060494,0,0,1595,0,0.000000,16384,1404,60494,4,1.000000,0.000000
17153,18315923554,1058276,0,0,1818,0,0.000000,16384,1608,58276,4,1.000000,0.000000
17154,18316979770,1056216,0,0,1817,0,0.000000,16384,1640,56216,4,1.000000,0.000000
17155,18318036146,1056376,0,0,1781,0,0.000000,16384,1604,56376,4,1.000000,0.000000
17156,18319092485,1056339,0,0,1813,0,0.000000,16384,1593,56339,4,1.000000,0.000000
17157,18320148500,1056015,0,0,1800,0,0.000000,16384,1587,56015,4,1.000000,0.000000
17158,18321203926,1055426,0,0,1824,0,0.000000,16384,1646,55426,4,1.000000,0.000000
17159,18322272214,1068288,0,0,1481,0,0.000000,16384,1312,68288,4,1.000000,0.000000
17160,18323332299,1060085,0,0,1684,0,0.000000,16384,1501,60085,4,1.000000,0.000000
17161,18324403196,1070897,0,0,1749,0,0.000000,16384,1587,70897,4,1.000000,0.000000
17162,18325460866,1057670,0,0,1635,0,0.000000,16384,1420,57670,4,1.000000,0.000000
17163,18326517582,1056716,0,0,1769,0,0.000000,16384,1584,56716,4,1.000000,0.000000
17164,18327574969,1057387,0,0,1677,0,0.000000,16384,1522,57387,4,1.000000,0.000000
17165,18328632729,1057760,0,0,1767,0,0.000000,16384,1547,57760,4,1.000000,0.000000
17166,18329671825,1039096,0,0,1757,0,0.000000,16384,1559,39096,4,1.000000,0.000000
17167,18330730848,1059023,0,0,1667,0,0.000000,16384,1522,59023,4,1.000000,0.000000
17168,18331795277,1064429,0,0,1656,0,0.000000,16384,1439,64429,4,1.000000,0.000000
17169,18332853217,1057940,0,0,1789,0,0.000000,16384,1597,57940,4,1.000000,0.000000
17170,18333910184,1056967,0,0,1783,0,0.000000,16384,1614,56967,4,1.000000,0.000000
17171,18334977927,1067743,0,0,1769,0,0.000000,16384,1565,67743,4,1.000000,0.000000
17172,18336039904,1061977,0,0,1706,0,0.000000,16384,1495,61977,4,1.000000,0.000000
17173,18337101845,1061941,0,0,1570,0,0.000000,16384,1445,61941,4,1.000000,0.000000
17174,18338160675,1058830,0,0,1681,0,0.000000,16384,1462,58830,4,1.000000,0.000000
17175,18339218226,1057551,0,0,1770,0,0.000000,16384,1578,57551,4,1.000000,0.000000
17176,18340275832,1057606,0,0,1727,0,0.000000,16384,1569,57606,4,1.000000,0.000000
17177,18341333006,1057174,0,0,1752,0,0.000000,16384,1542,57174,4,1.000000,0.000000
17178,18342393893,1060887,0,0,1588,0,0.000000,16384,1411,60887,4,1.000000,0.000000
17179,18343452723,1058830,0,0,1729,0,0.000000,16384,1566,58830,4,1.000000,0.000000
17180,18344509560,1056837,0,0,1806,0,0.000000,16384,1586,56837,4,1.000000,0.000000
17181,18345592405,1082845,0,0,1837,0,0.000000,16384,1612,82845,4,1.000000,0.000000
17182,18346650604,1058199,0,0,1726,0,0.000000,16384,1569,58199,4,1.000000,0.000000
17183,18347674607,1024003,0,0,1540,0,0.000000,16384,1362,24003,4,1.000000,0.000000
17184,18348736841,1062234,0,0,1626,0,0.000000,16384,1452,62234,4,1.000000,0.000000
17185,18349796121,1059280,0,0,1580,0,0.000000,16384,1414,59280,4,1.000000,0.000000
17186,18350858138,1062017,0,0,1512,0,0.000000,16384,1340,62017,4,1.000000,0.000000
17187,18351917955,1059817,0,0,1559,0,0.000000,16384,1395,59817,4,1.000000,0.000000
17188,18352976213,1058258,0,0,1623,0,0.000000,16384,1432,58258,4,1.000000,0.000000
17189,18354037627,1061414,0,0,1766,0,0.000000,16384,1600,61414,4,1.000000,0.000000
17190,18355099561,1061934,0,0,1751,0,0.000000,16384,1548,61934,4,1.000000,0.000000
17191,18356173458,1073897,0,0,1721,0,0.000000,16384,1510,73897,4,1.000000,0.000000
17192,18357230413,1056955,0,0,1806,0,0.000000,16384,1632,56955,4,1.000000,0.000000
17193,18358295846,1065433,0,0,1636,0,0.000000,16384,1461,65433,4,1.000000,0.000000
17194,18359355980,1060134,0,0,1714,0,0.000000,16384,1500,60134,4,1.000000,0.000000
17195,18360413260,1057280,0,0,1809,0,0.000000,16384,1634,57280,4,1.000000,0.000000
17196,18361470826,1057566,0,0,1817,0,0.000000,16384,1641,57566,4,1.000000,0.000000
17197,18362528629,1057803,0,0,1685,0,0.000000,16384,1470,57803,4,1.000000,0.000000
17198,18363586689,1058060,0,0,1761,0,0.000000,16384,1568,58060,4,1.000000,0.000000
17199,18364644388,1057699,0,0,1723,0,0.000000,16384,1565,57699,4,1.000000,0.000000
17200,18365672209,1027821,0,0,1747,0,0.000000,16384,1538,27821,4,1.000000,0.000000
17201,18366743999,1071790,0,0,1529,0,0.000000,16384,1364,71790,4,1.000000,0.000000
17202,18367803452,1059453,0,0,1792,0,0.000000,16384,1617,59453,4,1.000000,0.000000
17203,18368862824,1059372,0,0,1649,0,0.000000,16384,1429,59372,4,1.000000,0.000000
17204,18369920537,1057713,0,0,1656,0,0.000000,16384,1500,57713,4,1.000000,0.000000
17205,18370977925,1057388,0,0,1774,0,0.000000,16384,1590,57388,4,1.000000,0.000000
17206,18372034528,1056603,0,0,1817,0,0.000000,16384,1596,56603,4,1.000000,0.000000
17207,18373091301,1056773,0,0,1827,0,0.000000,16384,1616,56773,4,1.000000,0.000000
17208,18374152178,1060877,0,0,1707,0,0.000000,16384,1553,60877,4,1.000000,0.000000
17209,18375212315,1060137,0,0,1640,0,0.000000,16384,1446,60137,4,1.000000,0.000000
17210,18376271706,1059391,0,0,1736,0,0.000000,16384,1535,59391,4,1.000000,0.000000
17211,18377341332,1069626,0,0,1830,0,0.000000,16384,1652,69626,4,1.000000,0.000000
17212,18378398746,1057414,0,0,1594,0,0.000000,16384,1413,57414,4,1.000000,0.000000
17213,18379457103,1058357,0,0,1660,0,0.000000,16384,1471,58357,4,1.000000,0.000000
17214,18380513201,1056098,0,0,1782,0,0.000000,16384,1612,56098,4,1.000000,0.000000
17215,18381573398,1060197,0,0,1629,0,0.000000,16384,1428,60197,4,1.000000,0.000000
17216,18382636001,1062603,0,0,1485,0,0.000000,16384,1344,62603,4,1.000000,0.000000
17217,18383671829,1035828,0,0,1615,0,0.000000,16384,1420,35828,4,1.000000,0.000000
17218,18384729539,1057710,0,0,1656,0,0.000000,16384,1478,57710,4,1.000000,0.000000
17219,18385786846,1057307,0,0,1663,0,0.000000,16384,1501,57307,4,1.000000,0.000000
17220,18386844056,1057210,0,0,1763,0,0.000000,16384,1542,57210,4,1.000000,0.000000
17221,18387927754,1083698,0,0,1675,0,0.000000,16384,1506,83698,4,1.000000,0.000000
17222,18388987514,1059760,0,0,1571,0,0.000000,16384,1401,59760,4,1.000000,0.000000
17223,18390047317,1059803,0,0,1648,0,0.000000,16384,1455,59803,4,1.000000,0.000000
17224,18391106057,1058740,0,0,1643,0,0.000000,16384,1500,58740,4,1.000000,0.000000
17225,18392165858,1059801,0,0,1636,0,0.000000,16384,1416,59801,4,1.000000,0.000000
17226,18393224589,1058731,0,0,1745,0,0.000000,16384,1571,58731,4,1.000000,0.000000
17227,18394281753,1057164,0,0,1817,0,0.000000,16384,1641,57164,4,1.000000,0.000000
17228,18395338075,1056322,0,0,1795,0,0.000000,16384,1581,56322,4,1.000000,0.000000
17229,18396394195,1056120,0,0,1812,0,0.000000,16384,1592,56120,4,1.000000,0.000000
17230,18397451110,1056915,0,0,1787,0,0.000000,16384,1610,56915,4,1.000000,0.000000
17231,18398531120,1080010,0,0,1853,0,0.000000,16384,1670,80010,4,1.000000,0.000000
17232,18399587961,1056841,0,0,1812,0,0.000000,16384,1608,56841,4,1.000000,0.000000
17233,18400644845,1056884,0,0,1734,0,0.000000,16384,1514,56884,4,1.000000,0.000000
17234,18401671319,1026474,0,0,1727,0,0.000000,16384,1563,26474,4,1.000000,0.000000
17235,18402727623,1056304,0,0,1800,0,0.000000,16384,1624,56304,4,1.000000,0.000000
17236,18403783882,1056259,0,0,1814,0,0.000000,16384,1593,56259,4,1.000000,0.000000
17237,18404839836,1055954,0,0,1821,0,0.000000,16384,1598,55954,4,1.000000,0.000000
17238,18405895593,1055757,0,0,1825,0,0.000000,16384,1649,55757,4,1.000000,0.000000
17239,18406988491,1092898,0,0,1796,0,0.000000,16384,1624,92898,4,1.000000,0.000000
17240,18408054156,1065665,0,0,1531,0,0.000000,16384,1319,65665,4,1.000000,0.000000
17241,18409131739,1077583,0,0,1574,0,0.000000,16384,1446,77583,4,1.000000,0.000000
17242,18410191674,1059935,0,0,1610,0,0.000000,16384,1402,59935,4,1.000000,0.000000
17243,18411249986,1058312,0,0,1668,0,0.000000,16384,1501,58312,4,1.000000,0.000000
17244,18412308042,1058056,0,0,1659,0,0.000000,16384,1486,58056,4,1.000000,0.000000
17245,18413364963,1056921,0,0,1657,0,0.000000,16384,1448,56921,4,1.000000,0.000000
17246,18414421488,1056525,0,0,1666,0,0.000000,16384,1519,56525,4,1.000000,0.000000
17247,18415479037,1057549,0,0,1665,0,0.000000,16384,1465,57549,4,1.000000,0.000000
17248,18416541089,1062052,0,0,1669,0,0.000000,16384,1484,62052,4,1.000000,0.000000
17249,18417602846,1061757,0,0,1672,0,0.000000,16384,1517,61757,4,1.000000,0.000000
17250,18418660005,1057159,0,0,1662,0,0.000000,16384,1442,57159,4,1.000000,0.000000
17251,18419731458,1071453,0,0,1743,0,0.000000,16384,1570,71453,4,1.000000,0.000000
17252,18420788256,1056798,0,0,1811,0,0.000000,16384,1636,56798,4,1.000000,0.000000
17253,18421845458,1057202,0,0,1822,0,0.000000,16384,1606,57202,4,1.000000,0.000000
17254,18422901921,1056463,0,0,1824,0,0.000000,16384,1604,56463,4,1.000000,0.000000
17255,18423958069,1056148,0,0,1827,0,0.000000,16384,1637,56148,4,1.000000,0.000000
17256,18425013982,1055913,0,0,1826,0,0.000000,16384,1648,55913,4,1.000000,0.000000
17257,18426071439,1057457,0,0,1807,0,0.000000,16384,1611,57457,4,1.000000,0.000000
17258,18427127880,1056441,0,0,1815,0,0.000000,16384,1595,56441,4,1.000000,0.000000
17259,18428188067,1060187,0,0,1704,0,0.000000,16384,1523,60187,4,1.000000,0.000000
17260,18429247887,1059820,0,0,1621,0,0.000000,16384,1462,59820,4,1.000000,0.000000
17261,18430313332,1065445,0,0,1838,0,0.000000,16384,1618,65445,4,1.000000,0.000000
17262,18431369891,1056559,0,0,1825,0,0.000000,16384,1615,56559,4,1.000000,0.000000
17263,18432427360,1057469,0,0,1827,0,0.000000,16384,1649,57469,4,1.000000,0.000000
17264,18433483413,1056053,0,0,1827,0,0.000000,16384,1649,56053,4,1.000000,0.000000
17265,18434540936,1057523,0,0,1805,0,0.000000,16384,1582,57523,4,1.000000,0.000000
17266,18435598386,1057450,0,0,1683,0,0.000000,16384,1489,57450,4,1.000000,0.000000
17267,18436654419,1056033,0,0,1804,0,0.000000,16384,1630,56033,4,1.000000,0.000000
17268,18437670510,1016091,0,0,1752,0,0.000000,16384,1561,16091,4,1.000000,0.000000
17269,18438728033,1057523,0,0,1814,0,0.000000,16384,1594,57523,4,1.000000,0.000000
17270,18439784259,1056226,0,0,1793,0,0.000000,16384,1600,56226,4,1.000000,0.000000
17271,18440846680,1062421,0,0,1834,0,0.000000,16384,1654,62421,4,1.000000,0.000000
17272,18441902760,1056080,0,0,1824,0,0.000000,16384,1633,56080,4,1.000000,0.000000
17273,18442958765,1056005,0,0,1812,0,0.000000,16384,1592,56005,4,1.000000,0.000000
17274,18444015813,1057048,0,0,1813,0,0.000000,16384,1603,57048,4,1.000000,0.000000
17275,18445071932,1056119,0,0,1823,0,0.000000,16384,1645,56119,4,1.000000,0.000000
17276,18446127742,1055810,0,0,1816,0,0.000000,16384,1640,55810,4,1.000000,0.000000
17277,18447184419,1056677,0,0,1779,0,0.000000,16384,1559,56677,4,1.000000,0.000000
17278,18448273900,1089481,0,0,1733,0,0.000000,16384,1532,89481,4,1.000000,0.000000
17279,18449336185,1062285,0,0,1669,0,0.000000,16384,1522,62285,4,1.000000,0.000000
17280,18450394193,1058008,0,0,1664,0,0.000000,16384,1452,58008,4,1.000000,0.000000
17281,18451474456,1080263,0,0,1698,0,0.000000,16384,1519,80263,4,1.000000,0.000000
17282,18452534858,1060402,0,0,1649,0,0.000000,16384,1488,60402,4,1.000000,0.000000
17283,18453592623,1057765,0,0,1663,0,0.000000,16384,1443,57765,4,1.000000,0.000000
17284,18454683281,1090658,0,0,1845,0,0.000000,16384,1662,90658,4,1.000000,0.000000
17285,18455703456,1020175,0,0,1744,0,0.000000,16384,1582,20175,4,1.000000,0.000000
17286,18456767064,1063608,0,0,1813,0,0.000000,16384,1594,63608,4,1.000000,0.000000
17287,18457830425,1063361,0,0,1805,0,0.000000,16384,1584,63361,4,1.000000,0.000000
17288,18458893798,1063373,0,0,1790,0,0.000000,16384,1617,63373,4,1.000000,0.000000
17289,18459955820,1062022,0,0,1890,0,0.000000,16384,1699,62022,4,1.000000,0.000000
17290,18461015127,1059307,0,0,1809,0,0.000000,16384,1609,59307,4,1.000000,0.000000
17291,18462079663,1064536,0,0,1837,0,0.000000,16384,1618,64536,4,1.000000,0.000000
17292,18463136107,1056444,0,0,1814,0,0.000000,16384,1608,56444,4,1.000000,0.000000
17293,18464192104,1055997,0,0,1825,0,0.000000,16384,1648,55997,4,1.000000,0.000000
17294,18465247960,1055856,0,0,1824,0,0.000000,16384,1643,55856,4,1.000000,0.000000
17295,18466303749,1055789,0,0,1822,0,0.000000,16384,1602,55789,4,1.000000,0.000000
17296,18467391837,1088088,0,0,1923,0,0.000000,16384,1699,88088,4,1.000000,0.000000
17297,18468453998,1062161,0,0,1816,0,0.000000,16384,1620,62161,4,1.000000,0.000000
17298,18469514310,1060312,0,0,1810,0,0.000000,16384,1635,60312,4,1.000000,0.000000
17299,18470570960,1056650,0,0,1821,0,0.000000,16384,1544,56650,4,1.000000,0.000000
17300,18471629566,1058606,0,0,1817,0,0.000000,16384,1641,58606,4,1.000000,0.000000
17301,18472673938,1044372,0,0,1699,0,0.000000,16384,1514,44372,4,1.000000,0.000000
17302,18473730607,1056669,0,0,1805,0,0.000000,16384,1585,56669,4,1.000000,0.000000
17303,18474786742,1056135,0,0,1814,0,0.000000,16384,1624,56135,4,1.000000,0.000000
17304,18475843679,1056937,0,0,1813,0,0.000000,16384,1637,56937,4,1.000000,0.000000
17305,18476900442,1056763,0,0,1823,0,0.000000,16384,1625,56763,4,1.000000,0.000000
17306,18477956547,1056105,0,0,1821,0,0.000000,16384,1601,56105,4,1.000000,0.000000
17307,18479012510,1055963,0,0,1814,0,0.000000,16384,1609,55963,4,1.000000,0.000000
17308,18480068116,1055606,0,0,1824,0,0.000000,16384,1646,55606,4,1.000000,0.000000
17309,18481123921,1055805,0,0,1824,0,0.000000,16384,1643,55805,4,1.000000,0.000000
17310,18482179571,1055650,0,0,1822,0,0.000000,16384,1602,55650,4,1.000000,0.000000
17311,18483239959,1060388,0,0,1819,0,0.000000,16384,1595,60388,4,1.000000,0.000000
17312,18484295736,1055777,0,0,1823,0,0.000000,16384,1646,55777,4,1.000000,0.000000
17313,18485351692,1055956,0,0,1823,0,0.000000,16384,1645,55956,4,1.000000,0.000000
17314,18486407806,1056114,0,0,1807,0,0.000000,16384,1598,56114,4,1.000000,0.000000
17315,18487463795,1055989,0,0,1811,0,0.000000,16384,1591,55989,4,1.000000,0.000000
17316,18488522469,1058674,0,0,1701,0,0.000000,16384,1534,58674,4,1.000000,0.000000
17317,18489584311,1061842,0,0,1813,0,0.000000,16384,1640,61842,4,1.000000,0.000000
17318,18490644124,1059813,0,0,1828,0,0.000000,16384,1604,59813,4,1.000000,0.000000
17319,18491675193,1031069,0,0,1766,0,0.000000,16384,1550,31069,4,1.000000,0.000000
17320,18492732518,1057325,0,0,1682,0,0.000000,16384,1533,57325,4,1.000000,0.000000
17321,18493798078,1065560,0,0,1838,0,0.000000,16384,1643,65560,4,1.000000,0.000000
17322,18494854385,1056307,0,0,1812,0,0.000000,16384,1591,56307,4,1.000000,0.000000
17323,18495910371,1055986,0,0,1808,0,0.000000,16384,1599,55986,4,1.000000,0.000000
17324,18496966326,1055955,0,0,1824,0,0.000000,16384,1648,55955,4,1.000000,0.000000
17325,18498026335,1060009,0,0,1828,0,0.000000,16384,1650,60009,4,1.000000,0.000000
17326,18499087400,1061065,0,0,1802,0,0.000000,16384,1582,61065,4,1.000000,0.000000
17327,18500147657,1060257,0,0,1678,0,0.000000,16384,1481,60257,4,1.000000,0.000000
17328,18501205128,1057471,0,0,1827,0,0.000000,16384,1650,57471,4,1.000000,0.000000
17329,18502262808,1057680,0,0,1827,0,0.000000,16384,1637,57680,4,1.000000,0.000000
17330,18503319678,1056870,0,0,1815,0,0.000000,16384,1595,56870,4,1.000000,0.000000
17331,18504394259,1074581,0,0,1852,0,0.000000,16384,1630,74581,4,1.000000,0.000000
17332,18505450646,1056387,0,0,1825,0,0.000000,16384,1648,56387,4,1.000000,0.000000
17333,18506506450,1055804,0,0,1824,0,0.000000,16384,1647,55804,4,1.000000,0.000000
17334,18507567229,1060779,0,0,1721,0,0.000000,16384,1513,60779,4,1.000000,0.000000
17335,18508630947,1063718,0,0,1578,0,0.000000,16384,1406,63718,4,1.000000,0.000000
17336,18509671480,1040533,0,0,1769,0,0.000000,16384,1601,40533,4,1.000000,0.000000
17337,18510730199,1058719,0,0,1757,0,0.000000,16384,1537,58719,4,1.000000,0.000000
17338,18511787599,1057400,0,0,1823,0,0.000000,16384,1609,57400,4,1.000000,0.000000
17339,18512844481,1056882,0,0,1795,0,0.000000,16384,1624,56882,4,1.000000,0.000000
17340,18513900744,1056263,0,0,1825,0,0.000000,16384,1645,56263,4,1.000000,0.000000
17341,18514965910,1065166,0,0,1826,0,0.000000,16384,1603,65166,4,1.000000,0.000000
17342,18516021956,1056046,0,0,1769,0,0.000000,16384,1556,56046,4,1.000000,0.000000
17343,18517078177,1056221,0,0,1755,0,0.000000,16384,1591,56221,4,1.000000,0.000000
17344,18518133916,1055739,0,0,1824,0,0.000000,16384,1641,55739,4,1.000000,0.000000
17345,18519189725,1055809,0,0,1814,0,0.000000,16384,1594,55809,4,1.000000,0.000000
17346,18520245610,1055885,0,0,1823,0,0.000000,16384,1601,55885,4,1.000000,0.000000
17347,18521301479,1055869,0,0,1824,0,0.000000,16384,1647,55869,4,1.000000,0.000000
17348,18522357091,1055612,0,0,1824,0,0.000000,16384,1647,55612,4,1.000000,0.000000
17349,18523413134,1056043,0,0,1812,0,0.000000,16384,1600,56043,4,1.000000,0.000000
17350,18524469181,1056047,0,0,1806,0,0.000000,16384,1586,56047,4,1.000000,0.000000
17351,18525529524,1060343,0,0,1772,0,0.000000,16384,1594,60343,4,1.000000,0.000000
17352,18526587036,1057512,0,0,1766,0,0.000000,16384,1600,57512,4,1.000000,0.000000
17353,18527643605,1056569,0,0,1813,0,0.000000,16384,1593,56569,4,1.000000,0.000000
17354,18528672248,1028643,0,0,1720,0,0.000000,16384,1514,28643,4,1.000000,0.000000
17355,18529730029,1057781,0,0,1826,0,0.000000,16384,1648,57781,4,1.000000,0.000000
17356,18530786612,1056583,0,0,1826,0,0.000000,16384,1650,56583,4,1.000000,0.000000
17357,18531842666,1056054,0,0,1821,0,0.000000,16384,1597,56054,4,1.000000,0.000000
17358,18532899686,1057020,0,0,1798,0,0.000000,16384,1577,57020,4,1.000000,0.000000
17359,18533955714,1056028,0,0,1825,0,0.000000,16384,1647,56028,4,1.000000,0.000000
17360,18535011609,1055895,0,0,1825,0,0.000000,16384,1647,55895,4,1.000000,0.000000
17361,18536073781,1062172,0,0,1835,0,0.000000,16384,1628,62172,4,1.000000,0.000000
17362,18537129639,1055858,0,0,1824,0,0.000000,16384,1603,55858,4,1.000000,0.000000
17363,18538185379,1055740,0,0,1822,0,0.000000,16384,1622,55740,4,1.000000,0.000000
17364,18539245260,1059881,0,0,1794,0,0.000000,16384,1623,59881,4,1.000000,0.000000
17365,18540348562,1103302,0,0,1712,0,0.000000,16384,1519,103302,4,1.000000,0.000000
17366,18541413332,1064770,0,0,1624,0,0.000000,16384,1430,64770,4,1.000000,0.000000
17367,18542472897,1059565,0,0,1670,0,0.000000,16384,1523,59565,4,1.000000,0.000000
17368,18543530299,1057402,0,0,1664,0,0.000000,16384,1450,57402,4,1.000000,0.000000
17369,18544619286,1088987,0,0,1850,0,0.000000,16384,1642,88987,4,1.000000,0.000000
17370,18545702773,1083487,0,0,1852,0,0.000000,16384,1669,83487,4,1.000000,0.000000
17371,18546778222,1075449,0,0,1833,0,0.000000,16384,1654,75449,4,1.000000,0.000000
17372,18547841138,1062916,0,0,1730,0,0.000000,16384,1516,62916,4,1.000000,0.000000
17373,18548903420,1062282,0,0,1733,0,0.000000,16384,1534,62282,4,1.000000,0.000000
17374,18549964218,1060798,0,0,1608,0,0.000000,16384,1467,60798,4,1.000000,0.000000
17375,18551024773,1060555,0,0,1635,0,0.000000,16384,1414,60555,4,1.000000,0.000000
17376,18552084707,1059934,0,0,1659,0,0.000000,16384,1510,59934,4,1.000000,0.000000
17377,18553144016,1059309,0,0,1667,0,0.000000,16384,1477,59309,4,1.000000,0.000000
17378,18554207976,1063960,0,0,1595,0,0.000000,16384,1413,63960,4,1.000000,0.000000
17379,18555271559,1063583,0,0,1638,0,0.000000,16384,1484,63583,4,1.000000,0.000000
17380,18556329459,1057900,0,0,1615,0,0.000000,16384,1399,57900,4,1.000000,0.000000
17381,18557414790,1085331,0,0,1702,0,0.000000,16384,1549,85331,4,1.000000,0.000000
17382,18558474575,1059785,0,0,1661,0,0.000000,16384,1470,59785,4,1.000000,0.000000
17383,18559532318,1057743,0,0,1663,0,0.000000,16384,1470,57743,4,1.000000,0.000000
17384,18560588798,1056480,0,0,1666,0,0.000000,16384,1521,56480,4,1.000000,0.000000
17385,18561645314,1056516,0,0,1660,0,0.000000,16384,1442,56516,4,1.000000,0.000000
17386,18562695868,1050554,0,0,1528,0,0.000000,16384,1387,50554,4,1.000000,0.000000
17387,18563759325,1063457,0,0,1663,0,0.000000,16384,1468,63457,4,1.000000,0.000000
17388,18564818083,1058758,0,0,1574,0,0.000000,16384,1403,58758,4,1.000000,0.000000
17389,18565876516,1058433,0,0,1576,0,0.000000,16384,1407,58433,4,1.000000,0.000000
17390,18566933888,1057372,0,0,1660,0,0.000000,16384,1463,57372,4,1.000000,0.000000
17391,18568004015,1070127,0,0,1687,0,0.000000,16384,1537,70127,4,1.000000,0.000000
17392,18569066567,1062552,0,0,1534,0,0.000000,16384,1325,62552,4,1.000000,0.000000
17393,18570132407,1065840,0,0,1594,0,0.000000,16384,1458,65840,4,1.000000,0.000000
17394,18571196668,1064261,0,0,1580,0,0.000000,16384,1379,64261,4,1.000000,0.000000
17395,18572257485,1060817,0,0,1661,0,0.000000,16384,1495,60817,4,1.000000,0.000000
17396,18573314906,1057421,0,0,1666,0,0.000000,16384,1493,57421,4,1.000000,0.000000
17397,18574371463,1056557,0,0,1656,0,0.000000,16384,1445,56557,4,1.000000,0.000000
17398,18575429569,1058106,0,0,1670,0,0.000000,16384,1523,58106,4,1.000000,0.000000
17399,18576489464,1059895,0,0,1637,0,0.000000,16384,1438,59895,4,1.000000,0.000000
17400,18577549719,1060255,0,0,1641,0,0.000000,16384,1466,60255,4,1.000000,0.000000
17401,18578627296,1077577,0,0,1610,0,0.000000,16384,1446,77577,4,1.000000,0.000000
17402,18579676270,1048974,0,0,1646,0,0.000000,16384,1438,48974,4,1.000000,0.000000
17403,18580737420,1061150,0,0,1614,0,0.000000,16384,1480,61150,4,1.000000,0.000000
17404,18581883610,1146190,0,0,1739,0,0.000000,16384,1525,146190,4,1.000000,0.000000
17405,18582949432,1065822,0,0,1530,0,0.000000,16384,1371,65822,4,1.000000,0.000000
17406,18584010182,1060750,0,0,1563,0,0.000000,16384,1386,60750,4,1.000000,0.000000
17407,18585067546,1057364,0,0,1595,0,0.000000,16384,1421,57364,4,1.000000,0.000000
17408,18586124987,1057441,0,0,1666,0,0.000000,16384,1500,57441,4,1.000000,0.000000
17409,18587181836,1056849,0,0,1662,0,0.000000,16384,1442,56849,4,1.000000,0.000000
17410,18588238559,1056723,0,0,1652,0,0.000000,16384,1510,56723,4,1.000000,0.000000
17411,18589345942,1107383,0,0,1685,0,0.000000,16384,1488,107383,4,1.000000,0.000000
17412,18590410178,1064236,0,0,1552,0,0.000000,16384,1381,64236,4,1.000000,0.000000
17413,18591471818,1061640,0,0,1538,0,0.000000,16384,1372,61640,4,1.000000,0.000000
17414,18592535506,1063688,0,0,1521,0,0.000000,16384,1357,63688,4,1.000000,0.000000
17415,18593605958,1070452,0,0,1479,0,0.000000,16384,1311,70452,4,1.000000,0.000000
17416,18594676796,1070838,0,0,1473,0,0.000000,16384,1332,70838,4,1.000000,0.000000
17417,18595738850,1062054,0,0,1562,0,0.000000,16384,1367,62054,4,1.000000,0.000000
17418,18596797595,1058745,0,0,1561,0,0.000000,16384,1412,58745,4,1.000000,0.000000
17419,18597855305,1057710,0,0,1545,0,0.000000,16384,1358,57710,4,1.000000,0.000000
17420,18598913458,1058153,0,0,1558,0,0.000000,16384,1405,58153,4,1.000000,0.000000
17421,18599998131,1084673,0,0,1592,0,0.000000,16384,1409,84673,4,1.000000,0.000000
17422,18601055380,1057249,0,0,1557,0,0.000000,16384,1391,57249,4,1.000000,0.000000
17423,18602118870,1063490,0,0,1357,0,0.000000,16384,1187,63490,4,1.000000,0.000000
17424,18603211679,1092809,0,0,1652,0,0.000000,16384,1501,92809,4,1.000000,0.000000
17425,18604275178,1063499,0,0,1546,0,0.000000,16384,1361,63499,4,1.000000,0.000000
17426,18605334271,1059093,0,0,1562,0,0.000000,16384,1406,59093,4,1.000000,0.000000
17427,18606392284,1058013,0,0,1559,0,0.000000,16384,1379,58013,4,1.000000,0.000000
17428,18607481886,1089602,0,0,1683,0,0.000000,16384,1496,89602,4,1.000000,0.000000
17429,18608547819,1065933,0,0,1535,0,0.000000,16384,1382,65933,4,1.000000,0.000000
17430,18609612595,1064776,0,0,1547,0,0.000000,16384,1364,64776,4,1.000000,0.000000
17431,18610677046,1064451,0,0,1486,0,0.000000,16384,1333,64451,4,1.000000,0.000000
17432,18611738021,1060975,0,0,1563,0,0.000000,16384,1387,60975,4,1.000000,0.000000
17433,18612799176,1061155,0,0,1512,0,0.000000,16384,1352,61155,4,1.000000,0.000000
17434,18613863096,1063920,0,0,1505,0,0.000000,16384,1342,63920,4,1.000000,0.000000
17435,18614926798,1063702,0,0,1565,0,0.000000,16384,1392,63702,4,1.000000,0.000000
17436,18615986206,1059408,0,0,1553,0,0.000000,16384,1384,59408,4,1.000000,0.000000
17437,18617045276,1059070,0,0,1543,0,0.000000,16384,1376,59070,4,1.000000,0.000000
17438,18618107892,1062616,0,0,1503,0,0.000000,16384,1341,62616,4,1.000000,0.000000
17439,18619169150,1061258,0,0,1529,0,0.000000,16384,1359,61258,4,1.000000,0.000000
17440,18620229475,1060325,0,0,1555,0,0.000000,16384,1389,60325,4,1.000000,0.000000
17441,18621310438,1080963,0,0,1591,0,0.000000,16384,1417,80963,4,1.000000,0.000000
17442,18622368103,1057665,0,0,1558,0,0.000000,16384,1383,57665,4,1.000000,0.000000
17443,18623426483,1058380,0,0,1557,0,0.000000,16384,1396,58380,4,1.000000,0.000000
17444,18624486869,1060386,0,0,1545,0,0.000000,16384,1367,60386,4,1.000000,0.000000
17445,18625544909,1058040,0,0,1559,0,0.000000,16384,1401,58040,4,1.000000,0.000000
17446,18626606662,1061753,0,0,1493,0,0.000000,16384,1320,61753,4,1.000000,0.000000
17447,18627668559,1061897,0,0,1555,0,0.000000,16384,1392,61897,4,1.000000,0.000000
17448,18628726562,1058003,0,0,1556,0,0.000000,16384,1379,58003,4,1.000000,0.000000
17449,18629789391,1062829,0,0,1466,0,0.000000,16384,1311,62829,4,1.000000,0.000000
17450,18630856380,1066989,0,0,1406,0,0.000000,16384,1267,66989,4,1.000000,0.000000
17451,18631950049,1093669,0,0,1695,0,0.000000,16384,1497,93669,4,1.000000,0.000000
17452,18633009767,1059718,0,0,1663,0,0.000000,16384,1470,59718,4,1.000000,0.000000
17453,18634071566,1061799,0,0,1611,0,0.000000,16384,1465,61799,4,1.000000,0.000000
17454,18635133996,1062430,0,0,1556,0,0.000000,16384,1350,62430,4,1.000000,0.000000
17455,18636194047,1060051,0,0,1664,0,0.000000,16384,1518,60051,4,1.000000,0.000000
17456,18637251122,1057075,0,0,1660,0,0.000000,16384,1456,57075,4,1.000000,0.000000
17457,18638308318,1057196,0,0,1661,0,0.000000,16384,1482,57196,4,1.000000,0.000000
17458,18639368100,1059782,0,0,1593,0,0.000000,16384,1432,59782,4,1.000000,0.000000
17459,18640425086,1056986,0,0,1627,0,0.000000,16384,1424,56986,4,1.000000,0.000000
17460,18641482398,1057312,0,0,1660,0,0.000000,16384,1516,57312,4,1.000000,0.000000
17461,18642515954,1033556,0,0,1470,0,0.000000,16384,1269,33556,4,1.000000,0.000000
17462,18643580542,1064588,0,0,1641,0,0.000000,16384,1500,64588,4,1.000000,0.000000
17463,18644641258,1060716,0,0,1592,0,0.000000,16384,1389,60716,4,1.000000,0.000000
17464,18645681724,1040466,0,0,1462,0,0.000000,16384,1335,40466,4,1.000000,0.000000
17465,18646748083,1066359,0,0,1463,0,0.000000,16384,1264,66359,4,1.000000,0.000000
17466,18647810111,1062028,0,0,1549,0,0.000000,16384,1423,62028,4,1.000000,0.000000
17467,18648869016,1058905,0,0,1568,0,0.000000,16384,1351,58905,4,1.000000,0.000000
17468,18649929586,1060570,0,0,1547,0,0.000000,16384,1427,60570,4,1.000000,0.000000
17469,18650991621,1062035,0,0,1547,0,0.000000,16384,1327,62035,4,1.000000,0.000000
17470,18652051187,1059566,0,0,1649,0,0.000000,16384,1509,59566,4,1.000000,0.000000
17471,18653132949,1081762,0,0,1695,0,0.000000,16384,1495,81762,4,1.000000,0.000000
17472,18654191251,1058302,0,0,1667,0,0.000000,16384,1475,58302,4,1.000000,0.000000
17473,18655251033,1059782,0,0,1479,0,0.000000,16384,1336,59782,4,1.000000,0.000000
17474,18656310090,1059057,0,0,1619,0,0.000000,16384,1424,59057,4,1.000000,0.000000
17475,18657367530,1057440,0,0,1667,0,0.000000,16384,1520,57440,4,1.000000,0.000000
17476,18658425032,1057502,0,0,1617,0,0.000000,16384,1403,57502,4,1.000000,0.000000
17477,18659482823,1057791,0,0,1663,0,0.000000,16384,1502,57791,4,1.000000,0.000000
17478,18660540496,1057673,0,0,1660,0,0.000000,16384,1481,57673,4,1.000000,0.000000
17479,18661602647,1062151,0,0,1565,0,0.000000,16384,1380,62151,4,1.000000,0.000000
17480,18662674475,1071828,0,0,1572,0,0.000000,16384,1421,71828,4,1.000000,0.000000
17481,18663779247,1104772,0,0,1883,0,0.000000,16384,1663,104772,4,1.000000,0.000000
17482,18664837125,1057878,0,0,1808,0,0.000000,16384,1594,57878,4,1.000000,0.000000
17483,18665894757,1057632,0,0,1817,0,0.000000,16384,1641,57632,4,1.000000,0.000000
17484,18666951434,1056677,0,0,1826,0,0.000000,16384,1649,56677,4,1.000000,0.000000
17485,18668083972,1132538,0,0,1651,0,0.000000,16384,1434,132538,4,1.000000,0.000000
17486,18669150031,1066059,0,0,1516,0,0.000000,16384,1380,66059,4,1.000000,0.000000
17487,18670213518,1063487,0,0,1640,0,0.000000,16384,1440,63487,4,1.000000,0.000000
17488,18671273847,1060329,0,0,1602,0,0.000000,16384,1434,60329,4,1.000000,0.000000
17489,18672332064,1058217,0,0,1621,0,0.000000,16384,1449,58217,4,1.000000,0.000000
17490,18673392008,1059944,0,0,1593,0,0.000000,16384,1403,59944,4,1.000000,0.000000
17491,18674473252,1081244,0,0,1510,0,0.000000,16384,1364,81244,4,1.000000,0.000000
17492,18675534277,1061025,0,0,1643,0,0.000000,16384,1439,61025,4,1.000000,0.000000
17493,18676592782,1058505,0,0,1658,0,0.000000,16384,1514,58505,4,1.000000,0.000000
17494,18677650511,1057729,0,0,1657,0,0.000000,16384,1449,57729,4,1.000000,0.000000
17495,18678673260,1022749,0,0,1602,0,0.000000,16384,1439,22749,4,1.000000,0.000000
17496,18679732405,1059145,0,0,1657,0,0.000000,16384,1480,59145,4,1.000000,0.000000
17497,18680789398,1056993,0,0,1659,0,0.000000,16384,1453,56993,4,1.000000,0.000000
17498,18681847282,1057884,0,0,1764,0,0.000000,16384,1598,57884,4,1.000000,0.000000
17499,18682905115,1057833,0,0,1659,0,0.000000,16384,1471,57833,4,1.000000,0.000000
17500,18683962794,1057679,0,0,1816,0,0.000000,16384,1596,57679,4,1.000000,0.000000
17501,18685032692,1069898,0,0,1728,0,0.000000,16384,1564,69898,4,1.000000,0.000000
17502,18686090658,1057966,0,0,1819,0,0.000000,16384,1643,57966,4,1.000000,0.000000
17503,18687146832,1056174,0,0,1806,0,0.000000,16384,1586,56174,4,1.000000,0.000000
17504,18688203406,1056574,0,0,1808,0,0.000000,16384,1584,56574,4,1.000000,0.000000
17505,18689267255,1063849,0,0,1698,0,0.000000,16384,1547,63849,4,1.000000,0.000000
17506,18690326483,1059228,0,0,1751,0,0.000000,16384,1562,59228,4,1.000000,0.000000
17507,18691383474,1056991,0,0,1815,0,0.000000,16384,1595,56991,4,1.000000,0.000000
17508,18692443115,1059641,0,0,1714,0,0.000000,16384,1535,59641,4,1.000000,0.000000
17509,18693502109,1058994,0,0,1635,0,0.000000,16384,1396,58994,4,1.000000,0.000000
17510,18694559499,1057390,0,0,1733,0,0.000000,16384,1574,57390,4,1.000000,0.000000
17511,18695627317,1067818,0,0,1635,0,0.000000,16384,1431,67818,4,1.000000,0.000000
17512,18696670586,1043269,0,0,1784,0,0.000000,16384,1585,43269,4,1.000000,0.000000
17513,18697732562,1061976,0,0,1801,0,0.000000,16384,1627,61976,4,1.000000,0.000000
17514,18698793236,1060674,0,0,1830,0,0.000000,16384,1639,60674,4,1.000000,0.000000
17515,18699849825,1056589,0,0,1821,0,0.000000,16384,1600,56589,4,1.000000,0.000000
17516,18700906146,1056321,0,0,1812,0,0.000000,16384,1600,56321,4,1.000000,0.000000
17517,18701962508,1056362,0,0,1785,0,0.000000,16384,1615,56362,4,1.000000,0.000000
17518,18703019289,1056781,0,0,1795,0,0.000000,16384,1614,56781,4,1.000000,0.000000
17519,18704075650,1056361,0,0,1813,0,0.000000,16384,1592,56361,4,1.000000,0.000000
17520,18705131889,1056239,0,0,1824,0,0.000000,16384,1607,56239,4,1.000000,0.000000
17521,18706196149,1064260,0,0,1839,0,0.000000,16384,1659,64260,4,1.000000,0.000000
17522,18707253450,1057301,0,0,1810,0,0.000000,16384,1635,57301,4,1.000000,0.000000
17523,18708309704,1056254,0,0,1750,0,0.000000,16384,1539,56254,4,1.000000,0.000000
17524,18709370373,1060669,0,0,1522,0,0.000000,16384,1360,60669,4,1.000000,0.000000
17525,18710436360,1065987,0,0,1671,0,0.000000,16384,1493,65987,4,1.000000,0.000000
17526,18711493886,1057526,0,0,1664,0,0.000000,16384,1455,57526,4,1.000000,0.000000
17527,18712552534,1058648,0,0,1792,0,0.000000,16384,1621,58648,4,1.000000,0.000000
17528,18713609856,1057322,0,0,1813,0,0.000000,16384,1633,57322,4,1.000000,0.000000
17529,18714667829,1057973,0,0,1821,0,0.000000,16384,1601,57973,4,1.000000,0.000000
17530,18715725774,1057945,0,0,1815,0,0.000000,16384,1593,57945,4,1.000000,0.000000
17531,18716810492,1084718,0,0,1869,0,0.000000,16384,1683,84718,4,1.000000,0.000000
17532,18717867577,1057085,0,0,1814,0,0.000000,16384,1638,57085,4,1.000000,0.000000
17533,18718923522,1055945,0,0,1822,0,0.000000,16384,1618,55945,4,1.000000,0.000000
17534,18719980029,1056507,0,0,1814,0,0.000000,16384,1594,56507,4,1.000000,0.000000
17535,18721035947,1055918,0,0,1802,0,0.000000,16384,1606,55918,4,1.000000,0.000000
17536,18722091747,1055800,0,0,1823,0,0.000000,16384,1646,55800,4,1.000000,0.000000
17537,18723147543,1055796,0,0,1823,0,0.000000,16384,1632,55796,4,1.000000,0.000000
17538,18724203126,1055583,0,0,1821,0,0.000000,16384,1601,55583,4,1.000000,0.000000
17539,18725258713,1055587,0,0,1821,0,0.000000,16384,1607,55587,4,1.000000,0.000000
17540,18726315650,1056937,0,0,1800,0,0.000000,16384,1628,56937,4,1.000000,0.000000
17541,18727377306,1061656,0,0,1749,0,0.000000,16384,1571,61656,4,1.000000,0.000000
17542,18728433462,1056156,0,0,1812,0,0.000000,16384,1592,56156,4,1.000000,0.000000
17543,18729492514,1059052,0,0,1764,0,0.000000,16384,1565,59052,4,1.000000,0.000000
17544,18730552177,1059663,0,0,1828,0,0.000000,16384,1649,59663,4,1.000000,0.000000
17545,18731608843,1056666,0,0,1825,0,0.000000,16384,1639,56666,4,1.000000,0.000000
17546,18732667939,1059096,0,0,1825,0,0.000000,16384,1605,59096,4,1.000000,0.000000
17547,18733725417,1057478,0,0,1795,0,0.000000,16384,1580,57478,4,1.000000,0.000000
17548,18734781795,1056378,0,0,1823,0,0.000000,16384,1646,56378,4,1.000000,0.000000
17549,18735838669,1056874,0,0,1815,0,0.000000,16384,1639,56874,4,1.000000,0.000000
17550,18736894983,1056314,0,0,1821,0,0.000000,16384,1601,56314,4,1.000000,0.000000
17551,18737989556,1094573,0,0,1815,0,0.000000,16384,1595,94573,4,1.000000,0.000000
17552,18739052553,1062997,0,0,1561,0,0.000000,16384,1430,62997,4,1.000000,0.000000
17553,18740116888,1064335,0,0,1666,0,0.000000,16384,1461,64335,4,1.000000,0.000000
17554,18741179160,1062272,0,0,1672,0,0.000000,16384,1490,62272,4,1.000000,0.000000
17555,18742237249,1058089,0,0,1665,0,0.000000,16384,1507,58089,4,1.000000,0.000000
17556,18743294394,1057145,0,0,1663,0,0.000000,16384,1443,57145,4,1.000000,0.000000
17557,18744384640,1090246,0,0,1815,0,0.000000,16384,1631,90246,4,1.000000,0.000000
17558,18745473508,1088868,0,0,1952,0,0.000000,16384,1750,88868,4,1.000000,0.000000
17559,18746533768,1060260,0,0,1774,0,0.000000,16384,1595,60260,4,1.000000,0.000000
17560,18747636308,1102540,0,0,1855,0,0.000000,16384,1636,102540,4,1.000000,0.000000
17561,18748711803,1075495,0,0,1917,0,0.000000,16384,1693,75495,4,1.000000,0.000000
17562,18749773409,1061606,0,0,1720,0,0.000000,16384,1544,61606,4,1.000000,0.000000
17563,18750832830,1059421,0,0,1807,0,0.000000,16384,1633,59421,4,1.000000,0.000000
17564,18751890509,1057679,0,0,1649,0,0.000000,16384,1439,57679,4,1.000000,0.000000
17565,18752948037,1057528,0,0,1813,0,0.000000,16384,1611,57528,4,1.000000,0.000000
17566,18754004859,1056822,0,0,1826,0,0.000000,16384,1648,56822,4,1.000000,0.000000
17567,18755060656,1055797,0,0,1824,0,0.000000,16384,1640,55797,4,1.000000,0.000000
17568,18756116397,1055741,0,0,1823,0,0.000000,16384,1603,55741,4,1.000000,0.000000
17569,18757172467,1056070,0,0,1823,0,0.000000,16384,1600,56070,4,1.000000,0.000000
17570,18758228267,1055800,0,0,1824,0,0.000000,16384,1648,55800,4,1.000000,0.000000
17571,18759297067,1068800,0,0,1717,0,0.000000,16384,1552,68800,4,1.000000,0.000000
17572,18760360471,1063404,0,0,1552,0,0.000000,16384,1344,63404,4,1.000000,0.000000
17573,18761420577,1060106,0,0,1767,0,0.000000,16384,1600,60106,4,1.000000,0.000000
17574,18762478384,1057807,0,0,1817,0,0.000000,16384,1632,57807,4,1.000000,0.000000
17575,18763537856,1059472,0,0,1679,0,0.000000,16384,1459,59472,4,1.000000,0.000000
17576,18764595916,1058060,0,0,1800,0,0.000000,16384,1614,58060,4,1.000000,0.000000
17577,18765652225,1056309,0,0,1811,0,0.000000,16384,1636,56309,4,1.000000,0.000000
17578,18766670705,1018480,0,0,1753,0,0.000000,16384,1550,18480,4,1.000000,0.000000
17579,18767726829,1056124,0,0,1823,0,0.000000,16384,1603,56124,4,1.000000,0.000000
17580,18768783524,1056695,0,0,1824,0,0.000000,16384,1635,56695,4,1.000000,0.000000
17581,18769861431,1077907,0,0,1799,0,0.000000,16384,1627,77907,4,1.000000,0.000000
17582,18770918542,1057111,0,0,1827,0,0.000000,16384,1624,57111,4,1.000000,0.000000
17583,18771976550,1058008,0,0,1756,0,0.000000,16384,1536,58008,4,1.000000,0.000000
17584,18773033193,1056643,0,0,1705,0,0.000000,16384,1538,56643,4,1.000000,0.000000
17585,18774090267,1057074,0,0,1776,0,0.000000,16384,1603,57074,4,1.000000,0.000000
17586,18775146988,1056721,0,0,1823,0,0.000000,16384,1603,56721,4,1.000000,0.000000
17587,18776205951,1058963,0,0,1799,0,0.000000,16384,1580,58963,4,1.000000,0.000000
17588,18777264906,1058955,0,0,1787,0,0.000000,16384,1617,58955,4,1.000000,0.000000
17589,18778331736,1066830,0,0,1839,0,0.000000,16384,1659,66830,4,1.000000,0.000000
17590,18779402869,1071133,0,0,1524,0,0.000000,16384,1312,71133,4,1.000000,0.000000
17591,18780492874,1090005,0,0,1506,0,0.000000,16384,1387,90005,4,1.000000,0.000000
17592,18781589483,1096609,0,0,1828,0,0.000000,16384,1608,96609,4,1.000000,0.000000
17593,18782654487,1065004,0,0,1738,0,0.000000,16384,1531,65004,4,1.000000,0.000000
17594,18783704229,1049742,0,0,1798,0,0.000000,16384,1626,49742,4,1.000000,0.000000
17595,18784769212,1064983,0,0,1818,0,0.000000,16384,1633,64983,4,1.000000,0.000000
17596,18785833327,1064115,0,0,1780,0,0.000000,16384,1560,64115,4,1.000000,0.000000
17597,18786896175,1062848,0,0,1719,0,0.000000,16384,1527,62848,4,1.000000,0.000000
17598,18787959971,1063796,0,0,1757,0,0.000000,16384,1594,63796,4,1.000000,0.000000
17599,18789020989,1061018,0,0,1560,0,0.000000,16384,1355,61018,4,1.000000,0.000000
17600,18790081218,1060229,0,0,1590,0,0.000000,16384,1446,60229,4,1.000000,0.000000
17601,18791163639,1082421,0,0,1693,0,0.000000,16384,1497,82421,4,1.000000,0.000000
17602,18792222153,1058514,0,0,1667,0,0.000000,16384,1472,58514,4,1.000000,0.000000
17603,18793281208,1059055,0,0,1723,0,0.000000,16384,1565,59055,4,1.000000,0.000000
17604,18794338440,1057232,0,0,1817,0,0.000000,16384,1610,57232,4,1.000000,0.000000
17605,18795399907,1061467,0,0,1617,0,0.000000,16384,1418,61467,4,1.000000,0.000000
17606,18796466516,1066609,0,0,1483,0,0.000000,16384,1346,66609,4,1.000000,0.000000
17607,18797525984,1059468,0,0,1744,0,0.000000,16384,1524,59468,4,1.000000,0.000000
17608,18798589591,1063607,0,0,1683,0,0.000000,16384,1526,63607,4,1.000000,0.000000
17609,18799652288,1062697,0,0,1814,0,0.000000,16384,1631,62697,4,1.000000,0.000000
17610,18800672178,1019890,0,0,1744,0,0.000000,16384,1524,19890,4,1.000000,0.000000
17611,18801751833,1079655,0,0,1866,0,0.000000,16384,1652,79655,4,1.000000,0.000000
17612,18802809898,1058065,0,0,1818,0,0.000000,16384,1642,58065,4,1.000000,0.000000
17613,18803865934,1056036,0,0,1826,0,0.000000,16384,1648,56036,4,1.000000,0.000000
17614,18804922172,1056238,0,0,1823,0,0.000000,16384,1602,56238,4,1.000000,0.000000
17615,18805978455,1056283,0,0,1823,0,0.000000,16384,1604,56283,4,1.000000,0.000000
17616,18807034440,1055985,0,0,1815,0,0.000000,16384,1631,55985,4,1.000000,0.000000
17617,18808091770,1057330,0,0,1762,0,0.000000,16384,1597,57330,4,1.000000,0.000000
17618,18809149995,1058225,0,0,1684,0,0.000000,16384,1473,58225,4,1.000000,0.000000
17619,18810212899,1062904,0,0,1517,0,0.000000,16384,1368,62904,4,1.000000,0.000000
17620,18811273960,1061061,0,0,1555,0,0.000000,16384,1368,61061,4,1.000000,0.000000
17621,18812347184,1073224,0,0,1578,0,0.000000,16384,1419,73224,4,1.000000,0.000000
17622,18813405451,1058267,0,0,1629,0,0.000000,16384,1448,58267,4,1.000000,0.000000
17623,18814463014,1057563,0,0,1659,0,0.000000,16384,1463,57563,4,1.000000,0.000000
17624,18815519600,1056586,0,0,1657,0,0.000000,16384,1515,56586,4,1.000000,0.000000
17625,18816577562,1057962,0,0,1663,0,0.000000,16384,1445,57962,4,1.000000,0.000000
17626,18817634010,1056448,0,0,1664,0,0.000000,16384,1496,56448,4,1.000000,0.000000
17627,18818671654,1037644,0,0,1774,0,0.000000,16384,1602,37644,4,1.000000,0.000000
17628,18819727951,1056297,0,0,1803,0,0.000000,16384,1583,56297,4,1.000000,0.000000
17629,18820784184,1056233,0,0,1822,0,0.000000,16384,1602,56233,4,1.000000,0.000000
17630,18821840159,1055975,0,0,1826,0,0.000000,16384,1648,55975,4,1.000000,0.000000
17631,18822914472,1074313,0,0,1818,0,0.000000,16384,1642,74313,4,1.000000,0.000000
17632,18823971574,1057102,0,0,1654,0,0.000000,16384,1444,57102,4,1.000000,0.000000
17633,18825028636,1057062,0,0,1601,0,0.000000,16384,1440,57062,4,1.000000,0.000000
17634,18826084549,1055913,0,0,1660,0,0.000000,16384,1481,55913,4,1.000000,0.000000
17635,18827144040,1059491,0,0,1641,0,0.000000,16384,1440,59491,4,1.000000,0.000000
17636,18828200470,1056430,0,0,1738,0,0.000000,16384,1579,56430,4,1.000000,0.000000
17637,18829256435,1055965,0,0,1825,0,0.000000,16384,1625,55965,4,1.000000,0.000000
17638,18830316546,1060111,0,0,1683,0,0.000000,16384,1462,60111,4,1.000000,0.000000
17639,18831374374,1057828,0,0,1766,0,0.000000,16384,1600,57828,4,1.000000,0.000000
17640,18832430363,1055989,0,0,1817,0,0.000000,16384,1642,55989,4,1.000000,0.000000
17641,18833495276,1064913,0,0,1752,0,0.000000,16384,1534,64913,4,1.000000,0.000000
17642,18834551872,1056596,0,0,1823,0,0.000000,16384,1605,56596,4,1.000000,0.000000
17643,18835607603,1055731,0,0,1825,0,0.000000,16384,1648,55731,4,1.000000,0.000000
17644,18836663296,1055693,0,0,1825,0,0.000000,16384,1647,55693,4,1.000000,0.000000
17645,18837670579,1007283,0,0,1716,0,0.000000,16384,1505,7283,4,1.000000,0.000000
17646,18838726922,1056343,0,0,1805,0,0.000000,16384,1592,56343,4,1.000000,0.000000
17647,18839787168,1060246,0,0,1815,0,0.000000,16384,1639,60246,4,1.000000,0.000000
17648,18840848074,1060906,0,0,1832,0,0.000000,16384,1655,60906,4,1.000000,0.000000
17649,18841904962,1056888,0,0,1823,0,0.000000,16384,1601,56888,4,1.000000,0.000000
17650,18842961193,1056231,0,0,1824,0,0.000000,16384,1603,56231,4,1.000000,0.000000
17651,18844026601,1065408,0,0,1823,0,0.000000,16384,1638,65408,4,1.000000,0.000000
17652,18845083030,1056429,0,0,1827,0,0.000000,16384,1648,56429,4,1.000000,0.000000
17653,18846138983,1055953,0,0,1825,0,0.000000,16384,1626,55953,4,1.000000,0.000000
17654,18847194839,1055856,0,0,1824,0,0.000000,16384,1604,55856,4,1.000000,0.000000
17655,18848255065,1060226,0,0,1753,0,0.000000,16384,1561,60226,4,1.000000,0.000000
17656,18849316179,1061114,0,0,1824,0,0.000000,16384,1646,61114,4,1.000000,0.000000
17657,18850376082,1059903,0,0,1669,0,0.000000,16384,1475,59903,4,1.000000,0.000000
17658,18851434785,1058703,0,0,1773,0,0.000000,16384,1559,58703,4,1.000000,0.000000
17659,18852492331,1057546,0,0,1817,0,0.000000,16384,1641,57546,4,1.000000,0.000000
17660,18853549732,1057401,0,0,1692,0,0.000000,16384,1522,57401,4,1.000000,0.000000
17661,18854617741,1068009,0,0,1795,0,0.000000,16384,1575,68009,4,1.000000,0.000000
17662,18855670692,1052951,0,0,1803,0,0.000000,16384,1603,52951,4,1.000000,0.000000
17663,18856726784,1056092,0,0,1823,0,0.000000,16384,1646,56092,4,1.000000,0.000000
17664,18857782815,1056031,0,0,1823,0,0.000000,16384,1636,56031,4,1.000000,0.000000
17665,18858838856,1056041,0,0,1822,0,0.000000,16384,1602,56041,4,1.000000,0.000000
17666,18859896593,1057737,0,0,1772,0,0.000000,16384,1564,57737,4,1.000000,0.000000
17667,18860953761,1057168,0,0,1783,0,0.000000,16384,1613,57168,4,1.000000,0.000000
17668,18862010281,1056520,0,0,1662,0,0.000000,16384,1476,56520,4,1.000000,0.000000
17669,18863066242,1055961,0,0,1711,0,0.000000,16384,1503,55961,4,1.000000,0.000000
17670,18864122171,1055929,0,0,1808,0,0.000000,16384,1634,55929,4,1.000000,0.000000
17671,18865184743,1062572,0,0,1837,0,0.000000,16384,1659,62572,4,1.000000,0.000000
17672,18866240712,1055969,0,0,1825,0,0.000000,16384,1601,55969,4,1.000000,0.000000
17673,18867296372,1055660,0,0,1822,0,0.000000,16384,1602,55660,4,1.000000,0.000000
17674,18868352298,1055926,0,0,1825,0,0.000000,16384,1640,55926,4,1.000000,0.000000
17675,18869408275,1055977,0,0,1826,0,0.000000,16384,1648,55977,4,1.000000,0.000000
17676,18870467659,1059384,0,0,1675,0,0.000000,16384,1478,59384,4,1.000000,0.000000
17677,18871526049,1058390,0,0,1634,0,0.000000,16384,1450,58390,4,1.000000,0.000000
17678,18872584143,1058094,0,0,1768,0,0.000000,16384,1602,58094,4,1.000000,0.000000
17679,18873640296,1056153,0,0,1815,0,0.000000,16384,1600,56153,4,1.000000,0.000000
17680,18874671001,1030705,0,0,1765,0,0.000000,16384,1546,30705,4,1.000000,0.000000
17681,18875745574,1074573,0,0,1855,0,0.000000,16384,1670,74573,4,1.000000,0.000000
17682,18876802101,1056527,0,0,1771,0,0.000000,16384,1604,56527,4,1.000000,0.000000
17683,18877858132,1056031,0,0,1823,0,0.000000,16384,1611,56031,4,1.000000,0.000000
17684,18878914017,1055885,0,0,1822,0,0.000000,16384,1602,55885,4,1.000000,0.000000
17685,18879969896,1055879,0,0,1815,0,0.000000,16384,1623,55879,4,1.000000,0.000000
17686,18881025584,1055688,0,0,1824,0,0.000000,16384,1646,55688,4,1.000000,0.000000
17687,18882081207,1055623,0,0,1823,0,0.000000,16384,1629,55623,4,1.000000,0.000000
17688,18883136806,1055599,0,0,1822,0,0.000000,16384,1602,55599,4,1.000000,0.000000
17689,18884192532,1055726,0,0,1823,0,0.000000,16384,1612,55726,4,1.000000,0.000000
17690,18885248279,1055747,0,0,1825,0,0.000000,16384,1647,55747,4,1.000000,0.000000
17691,18886308047,1059768,0,0,1833,0,0.000000,16384,1653,59768,4,1.000000,0.000000
17692,18887364157,1056110,0,0,1823,0,0.000000,16384,1604,56110,4,1.000000,0.000000
17693,18888420998,1056841,0,0,1818,0,0.000000,16384,1598,56841,4,1.000000,0.000000
17694,18889477250,1056252,0,0,1668,0,0.000000,16384,1514,56252,4,1.000000,0.000000
17695,18890538287,1061037,0,0,1624,0,0.000000,16384,1440,61037,4,1.000000,0.000000
17696,18891603850,1065563,0,0,1655,0,0.000000,16384,1464,65563,4,1.000000,0.000000
17697,18892671804,1067954,0,0,1641,0,0.000000,16384,1493,67954,4,1.000000,0.000000
17698,18893734719,1062915,0,0,1799,0,0.000000,16384,1580,62915,4,1.000000,0.000000
17699,18894794278,1059559,0,0,1827,0,0.000000,16384,1608,59559,4,1.000000,0.000000
17700,18895851233,1056955,0,0,1826,0,0.000000,16384,1648,56955,4,1.000000,0.000000
17701,18896917819,1066586,0,0,1678,0,0.000000,16384,1510,66586,4,1.000000,0.000000
17702,18897978713,1060894,0,0,1656,0,0.000000,16384,1437,60894,4,1.000000,0.000000
17703,18899039214,1060501,0,0,1719,0,0.000000,16384,1564,60501,4,1.000000,0.000000
17704,18900096319,1057105,0,0,1823,0,0.000000,16384,1638,57105,4,1.000000,0.000000
17705,18901158087,1061768,0,0,1768,0,0.000000,16384,1548,61768,4,1.000000,0.000000
17706,18902219303,1061216,0,0,1633,0,0.000000,16384,1460,61216,4,1.000000,0.000000
17707,18903279737,1060434,0,0,1740,0,0.000000,16384,1573,60434,4,1.000000,0.000000
17708,18904339216,1059479,0,0,1647,0,0.000000,16384,1410,59479,4,1.000000,0.000000
17709,18905396708,1057492,0,0,1661,0,0.000000,16384,1454,57492,4,1.000000,0.000000
17710,18906452804,1056096,0,0,1773,0,0.000000,16384,1574,56096,4,1.000000,0.000000
17711,18907520365,1067561,0,0,1842,0,0.000000,16384,1661,67561,4,1.000000,0.000000
17712,18908578058,1057693,0,0,1807,0,0.000000,16384,1623,57693,4,1.000000,0.000000
17713,18909635515,1057457,0,0,1825,0,0.000000,16384,1605,57457,4,1.000000,0.000000
17714,18910676317,1040802,0,0,1516,0,0.000000,16384,1359,40802,4,1.000000,0.000000
17715,18911738959,1062642,0,0,1650,0,0.000000,16384,1467,62642,4,1.000000,0.000000
17716,18912796602,1057643,0,0,1657,0,0.000000,16384,1459,57643,4,1.000000,0.000000
17717,18913853909,1057307,0,0,1681,0,0.000000,16384,1531,57307,4,1.000000,0.000000
17718,18914910845,1056936,0,0,1785,0,0.000000,16384,1573,56936,4,1.000000,0.000000
17719,18915966616,1055771,0,0,1812,0,0.000000,16384,1592,55771,4,1.000000,0.000000
17720,18917022467,1055851,0,0,1824,0,0.000000,16384,1641,55851,4,1.000000,0.000000
17721,18918088844,1066377,0,0,1841,0,0.000000,16384,1660,66377,4,1.000000,0.000000
17722,18919145548,1056704,0,0,1825,0,0.000000,16384,1625,56704,4,1.000000,0.000000
17723,18920201358,1055810,0,0,1823,0,0.000000,16384,1603,55810,4,1.000000,0.000000
17724,18921257303,1055945,0,0,1814,0,0.000000,16384,1609,55945,4,1.000000,0.000000
17725,18922313241,1055938,0,0,1815,0,0.000000,16384,1640,55938,4,1.000000,0.000000
17726,18923369510,1056269,0,0,1823,0,0.000000,16384,1639,56269,4,1.000000,0.000000
17727,18924425203,1055693,0,0,1821,0,0.000000,16384,1601,55693,4,1.000000,0.000000
17728,18925480962,1055759,0,0,1822,0,0.000000,16384,1600,55759,4,1.000000,0.000000
17729,18926537470,1056508,0,0,1813,0,0.000000,16384,1638,56508,4,1.000000,0.000000
17730,18927593682,1056212,0,0,1795,0,0.000000,16384,1623,56212,4,1.000000,0.000000
17731,18928663830,1070148,0,0,1802,0,0.000000,16384,1583,70148,4,1.000000,0.000000
17732,18929723301,1059471,0,0,1808,0,0.000000,16384,1588,59471,4,1.000000,0.000000
17733,18930782670,1059369,0,0,1708,0,0.000000,16384,1552,59369,4,1.000000,0.000000
17734,18931840521,1057851,0,0,1819,0,0.000000,16384,1635,57851,4,1.000000,0.000000
17735,18932896758,1056237,0,0,1815,0,0.000000,16384,1595,56237,4,1.000000,0.000000
17736,18933953135,1056377,0,0,1825,0,0.000000,16384,1604,56377,4,1.000000,0.000000
17737,18935009220,1056085,0,0,1826,0,0.000000,16384,1649,56085,4,1.000000,0.000000
17738,18936064711,1055491,0,0,1824,0,0.000000,16384,1646,55491,4,1.000000,0.000000
17739,18937120612,1055901,0,0,1816,0,0.000000,16384,1604,55901,4,1.000000,0.000000
17740,18938176520,1055908,0,0,1815,0,0.000000,16384,1595,55908,4,1.000000,0.000000
17741,18939240179,1063659,0,0,1761,0,0.000000,16384,1583,63659,4,1.000000,0.000000
17742,18940300444,1060265,0,0,1826,0,0.000000,16384,1648,60265,4,1.000000,0.000000
17743,18941361141,1060697,0,0,1811,0,0.000000,16384,1603,60697,4,1.000000,0.000000
17744,18942418729,1057588,0,0,1825,0,0.000000,16384,1605,57588,4,1.000000,0.000000
17745,18943474908,1056179,0,0,1825,0,0.000000,16384,1629,56179,4,1.000000,0.000000
17746,18944531013,1056105,0,0,1825,0,0.000000,16384,1647,56105,4,1.000000,0.000000
17747,18945586969,1055956,0,0,1824,0,0.000000,16384,1634,55956,4,1.000000,0.000000
17748,18946642549,1055580,0,0,1823,0,0.000000,16384,1603,55580,4,1.000000,0.000000
17749,18947671272,1028723,0,0,1751,0,0.000000,16384,1549,28723,4,1.000000,0.000000
17750,18948732584,1061312,0,0,1810,0,0.000000,16384,1635,61312,4,1.000000,0.000000
17751,18949807102,1074518,0,0,1843,0,0.000000,16384,1656,74518,4,1.000000,0.000000
17752,18950868497,1061395,0,0,1615,0,0.000000,16384,1395,61395,4,1.000000,0.000000
17753,18951928437,1059940,0,0,1669,0,0.000000,16384,1519,59940,4,1.000000,0.000000
17754,18952986491,1058054,0,0,1654,0,0.000000,16384,1464,58054,4,1.000000,0.000000
17755,18954043394,1056903,0,0,1714,0,0.000000,16384,1511,56903,4,1.000000,0.000000
17756,18955100510,1057116,0,0,1805,0,0.000000,16384,1631,57116,4,1.000000,0.000000
17757,18956156578,1056068,0,0,1825,0,0.000000,16384,1642,56068,4,1.000000,0.000000
17758,18957213760,1057182,0,0,1825,0,0.000000,16384,1605,57182,4,1.000000,0.000000
17759,18958270575,1056815,0,0,1824,0,0.000000,16384,1600,56815,4,1.000000,0.000000
17760,18959326907,1056332,0,0,1827,0,0.000000,16384,1649,56332,4,1.000000,0.000000
17761,18960391708,1064801,0,0,1838,0,0.000000,16384,1658,64801,4,1.000000,0.000000
17762,18961447710,1056002,0,0,1823,0,0.000000,16384,1617,56002,4,1.000000,0.000000
17763,18962503538,1055828,0,0,1822,0,0.000000,16384,1602,55828,4,1.000000,0.000000
17764,18963560277,1056739,0,0,1806,0,0.000000,16384,1610,56739,4,1.000000,0.000000
17765,18964616709,1056432,0,0,1826,0,0.000000,16384,1648,56432,4,1.000000,0.000000
17766,18965670473,1053764,0,0,1820,0,0.000000,16384,1630,53764,4,1.000000,0.000000
17767,18966726400,1055927,0,0,1824,0,0.000000,16384,1604,55927,4,1.000000,0.000000
17768,18967782045,1055645,0,0,1807,0,0.000000,16384,1595,55645,4,1.000000,0.000000
17769,18968838027,1055982,0,0,1827,0,0.000000,16384,1648,55982,4,1.000000,0.000000
17770,18969894115,1056088,0,0,1825,0,0.000000,16384,1648,56088,4,1.000000,0.000000
17771,18970964858,1070743,0,0,1759,0,0.000000,16384,1543,70743,4,1.000000,0.000000
17772,18972023488,1058630,0,0,1781,0,0.000000,16384,1569,58630,4,1.000000,0.000000
17773,18973080383,1056895,0,0,1828,0,0.000000,16384,1650,56895,4,1.000000,0.000000
17774,18974136493,1056110,0,0,1827,0,0.000000,16384,1649,56110,4,1.000000,0.000000
17775,18975192679,1056186,0,0,1824,0,0.000000,16384,1604,56186,4,1.000000,0.000000
17776,18976248313,1055634,0,0,1823,0,0.000000,16384,1603,55634,4,1.000000,0.000000
17777,18977304092,1055779,0,0,1795,0,0.000000,16384,1614,55779,4,1.000000,0.000000
17778,18978359974,1055882,0,0,1826,0,0.000000,16384,1648,55882,4,1.000000,0.000000
17779,18979416266,1056292,0,0,1825,0,0.000000,16384,1619,56292,4,1.000000,0.000000
17780,18980472923,1056657,0,0,1804,0,0.000000,16384,1585,56657,4,1.000000,0.000000
17781,18981535582,1062659,0,0,1834,0,0.000000,16384,1635,62659,4,1.000000,0.000000
17782,18982593545,1057963,0,0,1746,0,0.000000,16384,1584,57963,4,1.000000,0.000000
17783,18983650463,1056918,0,0,1806,0,0.000000,16384,1603,56918,4,1.000000,0.000000
17784,18984671760,1021297,0,0,1722,0,0.000000,16384,1502,21297,4,1.000000,0.000000
17785,18985728225,1056465,0,0,1825,0,0.000000,16384,1645,56465,4,1.000000,0.000000
17786,18986784261,1056036,0,0,1811,0,0.000000,16384,1636,56036,4,1.000000,0.000000
17787,18987840151,1055890,0,0,1825,0,0.000000,16384,1616,55890,4,1.000000,0.000000
17788,18988896458,1056307,0,0,1763,0,0.000000,16384,1543,56307,4,1.000000,0.000000
17789,18989957718,1061260,0,0,1739,0,0.000000,16384,1571,61260,4,1.000000,0.000000
17790,18991019397,1061679,0,0,1747,0,0.000000,16384,1575,61679,4,1.000000,0.000000
17791,18992087612,1068215,0,0,1781,0,0.000000,16384,1560,68215,4,1.000000,0.000000
17792,18993147192,1059580,0,0,1627,0,0.000000,16384,1457,59580,4,1.000000,0.000000
17793,18994205402,1058210,0,0,1764,0,0.000000,16384,1595,58210,4,1.000000,0.000000
17794,18995262082,1056680,0,0,1823,0,0.000000,16384,1603,56680,4,1.000000,0.000000
17795,18996318141,1056059,0,0,1823,0,0.000000,16384,1599,56059,4,1.000000,0.000000
17796,18997374214,1056073,0,0,1826,0,0.000000,16384,1647,56073,4,1.000000,0.000000
17797,18998433486,1059272,0,0,1811,0,0.000000,16384,1636,59272,4,1.000000,0.000000
17798,18999494624,1061138,0,0,1832,0,0.000000,16384,1622,61138,4,1.000000,0.000000
17799,19000551681,1057057,0,0,1823,0,0.000000,16384,1603,57057,4,1.000000,0.000000
17800,19001607789,1056108,0,0,1825,0,0.000000,16384,1627,56108,4,1.000000,0.000000
17801,19002671893,1064104,0,0,1834,0,0.000000,16384,1654,64104,4,1.000000,0.000000
17802,19003728379,1056486,0,0,1826,0,0.000000,16384,1640,56486,4,1.000000,0.000000
17803,19004784676,1056297,0,0,1823,0,0.000000,16384,1602,56297,4,1.000000,0.000000
17804,19005840943,1056267,0,0,1811,0,0.000000,16384,1594,56267,4,1.000000,0.000000
17805,19006897349,1056406,0,0,1809,0,0.000000,16384,1635,56406,4,1.000000,0.000000
17806,19007953437,1056088,0,0,1827,0,0.000000,16384,1648,56088,4,1.000000,0.000000
17807,19009033141,1079704,0,0,1863,0,0.000000,16384,1646,79704,4,1.000000,0.000000
17808,19010089788,1056647,0,0,1825,0,0.000000,16384,1605,56647,4,1.000000,0.000000
17809,19011151277,1061489,0,0,1581,0,0.000000,16384,1433,61489,4,1.000000,0.000000
17810,19012211445,1060168,0,0,1610,0,0.000000,16384,1422,60168,4,1.000000,0.000000
17811,19013279273,1067828,0,0,1568,0,0.000000,16384,1401,67828,4,1.000000,0.000000
17812,19014337415,1058142,0,0,1714,0,0.000000,16384,1541,58142,4,1.000000,0.000000
17813,19015394898,1057483,0,0,1809,0,0.000000,16384,1589,57483,4,1.000000,0.000000
17814,19016450899,1056001,0,0,1815,0,0.000000,16384,1608,56001,4,1.000000,0.000000
17815,19017506888,1055989,0,0,1818,0,0.000000,16384,1642,55989,4,1.000000,0.000000
17816,19018562728,1055840,0,0,1825,0,0.000000,16384,1643,55840,4,1.000000,0.000000
17817,19019618628,1055900,0,0,1800,0,0.000000,16384,1581,55900,4,1.000000,0.000000
17818,19020670625,1051997,0,0,1804,0,0.000000,16384,1587,51997,4,1.000000,0.000000
17819,19021726577,1055952,0,0,1825,0,0.000000,16384,1647,55952,4,1.000000,0.000000
17820,19022782561,1055984,0,0,1812,0,0.000000,16384,1637,55984,4,1.000000,0.000000
17821,19023853581,1071020,0,0,1850,0,0.000000,16384,1632,71020,4,1.000000,0.000000
17822,19024910359,1056778,0,0,1823,0,0.000000,16384,1603,56778,4,1.000000,0.000000
17823,19025966310,1055951,0,0,1824,0,0.000000,16384,1631,55951,4,1.000000,0.000000
17824,19027022283,1055973,0,0,1796,0,0.000000,16384,1624,55973,4,1.000000,0.000000
17825,19028078126,1055843,0,0,1824,0,0.000000,16384,1625,55843,4,1.000000,0.000000
17826,19029133844,1055718,0,0,1822,0,0.000000,16384,1602,55718,4,1.000000,0.000000
17827,19030189649,1055805,0,0,1823,0,0.000000,16384,1616,55805,4,1.000000,0.000000
17828,19031247499,1057850,0,0,1774,0,0.000000,16384,1605,57850,4,1.000000,0.000000
17829,19032304757,1057258,0,0,1804,0,0.000000,16384,1615,57258,4,1.000000,0.000000
17830,19033361343,1056586,0,0,1822,0,0.000000,16384,1603,56586,4,1.000000,0.000000
17831,19034423688,1062345,0,0,1832,0,0.000000,16384,1618,62345,4,1.000000,0.000000
17832,19035480796,1057108,0,0,1828,0,0.000000,16384,1649,57108,4,1.000000,0.000000
17833,19036536825,1056029,0,0,1808,0,0.000000,16384,1635,56029,4,1.000000,0.000000
17834,19037592900,1056075,0,0,1822,0,0.000000,16384,1600,56075,4,1.000000,0.000000
17835,19038649005,1056105,0,0,1823,0,0.000000,16384,1603,56105,4,1.000000,0.000000
17836,19039672654,1023649,0,0,1752,0,0.000000,16384,1581,23649,4,1.000000,0.000000
17837,19040732648,1059994,0,0,1826,0,0.000000,16384,1648,59994,4,1.000000,0.000000
17838,19041793149,1060501,0,0,1830,0,0.000000,16384,1615,60501,4,1.000000,0.000000
17839,19042849742,1056593,0,0,1824,0,0.000000,16384,1604,56593,4,1.000000,0.000000
17840,19043906159,1056417,0,0,1825,0,0.000000,16384,1633,56417,4,1.000000,0.000000
17841,19044972385,1066226,0,0,1657,0,0.000000,16384,1509,66226,4,1.000000,0.000000
17842,19046036254,1063869,0,0,1514,0,0.000000,16384,1308,63869,4,1.000000,0.000000
17843,19047095423,1059169,0,0,1767,0,0.000000,16384,1601,59169,4,1.000000,0.000000
17844,19048191781,1096358,0,0,1849,0,0.000000,16384,1661,96358,4,1.000000,0.000000
17845,19049254993,1063212,0,0,1669,0,0.000000,16384,1449,63212,4,1.000000,0.000000
17846,19050313614,1058621,0,0,1666,0,0.000000,16384,1505,58621,4,1.000000,0.000000
17847,19051373598,1059984,0,0,1618,0,0.000000,16384,1439,59984,4,1.000000,0.000000
17848,19052432781,1059183,0,0,1660,0,0.000000,16384,1464,59183,4,1.000000,0.000000
17849,19053489701,1056920,0,0,1666,0,0.000000,16384,1520,56920,4,1.000000,0.000000
17850,19054577497,1087796,0,0,1842,0,0.000000,16384,1624,87796,4,1.000000,0.000000
17851,19055696244,1118747,0,0,1904,0,0.000000,16384,1684,118747,4,1.000000,0.000000
17852,19056759879,1063635,0,0,1818,0,0.000000,16384,1611,63635,4,1.000000,0.000000
17853,19057823766,1063887,0,0,1788,0,0.000000,16384,1618,63887,4,1.000000,0.000000
17854,19058887719,1063953,0,0,1771,0,0.000000,16384,1584,63953,4,1.000000,0.000000
17855,19059948004,1060285,0,0,1666,0,0.000000,16384,1446,60285,4,1.000000,0.000000
17856,19061005257,1057253,0,0,1666,0,0.000000,16384,1521,57253,4,1.000000,0.000000
17857,19062061339,1056082,0,0,1807,0,0.000000,16384,1612,56082,4,1.000000,0.000000
17858,19063121438,1060099,0,0,1891,0,0.000000,16384,1671,60099,4,1.000000,0.000000
17859,19064180696,1059258,0,0,1815,0,0.000000,16384,1595,59258,4,1.000000,0.000000
17860,19065237543,1056847,0,0,1826,0,0.000000,16384,1648,56847,4,1.000000,0.000000
17861,19066302459,1064916,0,0,1840,0,0.000000,16384,1658,64916,4,1.000000,0.000000
17862,19067358993,1056534,0,0,1824,0,0.000000,16384,1615,56534,4,1.000000,0.000000
17863,19068416253,1057260,0,0,1825,0,0.000000,16384,1606,57260,4,1.000000,0.000000
17864,19069472273,1056020,0,0,1783,0,0.000000,16384,1594,56020,4,1.000000,0.000000
17865,19070528048,1055775,0,0,1826,0,0.000000,16384,1647,55775,4,1.000000,0.000000
17866,19071587699,1059651,0,0,1745,0,0.000000,16384,1549,59651,4,1.000000,0.000000
17867,19072651164,1063465,0,0,1813,0,0.000000,16384,1593,63465,4,1.000000,0.000000
17868,19073673583,1022419,0,0,1710,0,0.000000,16384,1541,22419,4,1.000000,0.000000
17869,19074731623,1058040,0,0,1826,0,0.000000,16384,1648,58040,4,1.000000,0.000000
17870,19075789139,1057516,0,0,1814,0,0.000000,16384,1597,57516,4,1.000000,0.000000
17871,19076871352,1082213,0,0,1849,0,0.000000,16384,1629,82213,4,1.000000,0.000000
17872,19077928195,1056843,0,0,1824,0,0.000000,16384,1632,56843,4,1.000000,0.000000
17873,19078984223,1056028,0,0,1824,0,0.000000,16384,1646,56028,4,1.000000,0.000000
17874,19080040282,1056059,0,0,1811,0,0.000000,16384,1616,56059,4,1.000000,0.000000
17875,19081095915,1055633,0,0,1822,0,0.000000,16384,1603,55633,4,1.000000,0.000000
17876,19082151997,1056082,0,0,1824,0,0.000000,16384,1615,56082,4,1.000000,0.000000
17877,19083207742,1055745,0,0,1825,0,0.000000,16384,1646,55745,4,1.000000,0.000000
17878,19084264847,1057105,0,0,1824,0,0.000000,16384,1648,57105,4,1.000000,0.000000
17879,19085321397,1056550,0,0,1824,0,0.000000,16384,1600,56550,4,1.000000,0.000000
17880,19086377450,1056053,0,0,1822,0,0.000000,16384,1602,56053,4,1.000000,0.000000
17881,19087439130,1061680,0,0,1833,0,0.000000,16384,1649,61680,4,1.000000,0.000000
17882,19088495369,1056239,0,0,1815,0,0.000000,16384,1638,56239,4,1.000000,0.000000
17883,19089551626,1056257,0,0,1795,0,0.000000,16384,1592,56257,4,1.000000,0.000000
17884,19090607563,1055937,0,0,1757,0,0.000000,16384,1537,55937,4,1.000000,0.000000
17885,19091664370,1056807,0,0,1727,0,0.000000,16384,1563,56807,4,1.000000,0.000000
17886,19092772034,1107664,0,0,1845,0,0.000000,16384,1663,107664,4,1.000000,0.000000
17887,19093833075,1061041,0,0,1814,0,0.000000,16384,1596,61041,4,1.000000,0.000000
17888,19094890373,1057298,0,0,1823,0,0.000000,16384,1603,57298,4,1.000000,0.000000
17889,19095951351,1060978,0,0,1773,0,0.000000,16384,1596,60978,4,1.000000,0.000000
17890,19097016933,1065582,0,0,1546,0,0.000000,16384,1383,65582,4,1.000000,0.000000
17891,19099527664,2510731,0,0,3462,0,0.000000,16384,3093,1510731,4,1.000000,0.000000
17892,19100600202,1072538,0,0,1415,0,0.000000,16384,1228,72538,4,1.000000,0.000000
17893,19101681045,1080843,0,0,1448,0,0.000000,16384,1332,80843,4,1.000000,0.000000
17894,19102748630,1067585,0,0,1412,0,0.000000,16384,1234,67585,4,1.000000,0.000000
17895,19103814029,1065399,0,0,1572,0,0.000000,16384,1414,65399,4,1.000000,0.000000
17896,19104881254,1067225,0,0,1652,0,0.000000,16384,1446,67225,4,1.000000,0.000000
17897,19105941813,1060559,0,0,1703,0,0.000000,16384,1550,60559,4,1.000000,0.000000
17898,19107008019,1066206,0,0,1683,0,0.000000,16384,1486,66206,4,1.000000,0.000000
17899,19108071781,1063762,0,0,1587,0,0.000000,16384,1410,63762,4,1.000000,0.000000
17900,19109133398,1061617,0,0,1661,0,0.000000,16384,1498,61617,4,1.000000,0.000000
17901,19110213897,1080499,0,0,1644,0,0.000000,16384,1426,80499,4,1.000000,0.000000
17902,19111279330,1065433,0,0,1550,0,0.000000,16384,1429,65433,4,1.000000,0.000000
17903,19112345295,1065965,0,0,1518,0,0.000000,16384,1307,65965,4,1.000000,0.000000
17904,19113406008,1060713,0,0,1630,0,0.000000,16384,1492,60713,4,1.000000,0.000000
17905,19114465811,1059803,0,0,1644,0,0.000000,16384,1403,59803,4,1.000000,0.000000
17906,19115524002,1058191,0,0,1662,0,0.000000,16384,1474,58191,4,1.000000,0.000000
17907,19116583008,1059006,0,0,1654,0,0.000000,16384,1459,59006,4,1.000000,0.000000
17908,19117640852,1057844,0,0,1662,0,0.000000,16384,1517,57844,4,1.000000,0.000000
17909,19118672164,1031312,0,0,1613,0,0.000000,16384,1397,31312,4,1.000000,0.000000
17910,19119728877,1056713,0,0,1661,0,0.000000,16384,1503,56713,4,1.000000,0.000000
17911,19120804306,1075429,0,0,1676,0,0.000000,16384,1494,75429,4,1.000000,0.000000
17912,19121861545,1057239,0,0,1660,0,0.000000,16384,1456,57239,4,1.000000,0.000000
17913,19122917969,1056424,0,0,1660,0,0.000000,16384,1515,56424,4,1.000000,0.000000
17914,19123976986,1059017,0,0,1658,0,0.000000,16384,1450,59017,4,1.000000,0.000000
17915,19125034665,1057679,0,0,1662,0,0.000000,16384,1487,57679,4,1.000000,0.000000
17916,19126090923,1056258,0,0,1717,0,0.000000,16384,1553,56258,4,1.000000,0.000000
17917,19127147911,1056988,0,0,1803,0,0.000000,16384,1583,56988,4,1.000000,0.000000
17918,19128204299,1056388,0,0,1820,0,0.000000,16384,1604,56388,4,1.000000,0.000000
17919,19129260267,1055968,0,0,1808,0,0.000000,16384,1633,55968,4,1.000000,0.000000
17920,19130316258,1055991,0,0,1811,0,0.000000,16384,1638,55991,4,1.000000,0.000000
17921,19131392779,1076521,0,0,1699,0,0.000000,16384,1479,76521,4,1.000000,0.000000
17922,19132451442,1058663,0,0,1741,0,0.000000,16384,1552,58663,4,1.000000,0.000000
17923,19133508707,1057265,0,0,1656,0,0.000000,16384,1504,57265,4,1.000000,0.000000
17924,19134565360,1056653,0,0,1773,0,0.000000,16384,1554,56653,4,1.000000,0.000000
17925,19135621313,1055953,0,0,1823,0,0.000000,16384,1612,55953,4,1.000000,0.000000
17926,19136675214,1053901,0,0,1796,0,0.000000,16384,1623,53901,4,1.000000,0.000000
17927,19137732345,1057131,0,0,1812,0,0.000000,16384,1632,57131,4,1.000000,0.000000
17928,19138788421,1056076,0,0,1816,0,0.000000,16384,1596,56076,4,1.000000,0.000000
17929,19139844951,1056530,0,0,1809,0,0.000000,16384,1590,56530,4,1.000000,0.000000
17930,19140906787,1061836,0,0,1772,0,0.000000,16384,1605,61836,4,1.000000,0.000000
17931,19141973653,1066866,0,0,1821,0,0.000000,16384,1642,66866,4,1.000000,0.000000
17932,19143029520,1055867,0,0,1821,0,0.000000,16384,1599,55867,4,1.000000,0.000000
17933,19144085100,1055580,0,0,1820,0,0.000000,16384,1599,55580,4,1.000000,0.000000
17934,19145140484,1055384,0,0,1822,0,0.000000,16384,1642,55384,4,1.000000,0.000000
17935,19146198104,1057620,0,0,1811,0,0.000000,16384,1636,57620,4,1.000000,0.000000
17936,19147255026,1056922,0,0,1822,0,0.000000,16384,1613,56922,4,1.000000,0.000000
17937,19148311581,1056555,0,0,1800,0,0.000000,16384,1580,56555,4,1.000000,0.000000
17938,19149368825,1057244,0,0,1800,0,0.000000,16384,1613,57244,4,1.000000,0.000000
17939,19150425619,1056794,0,0,1812,0,0.000000,16384,1637,56794,4,1.000000,0.000000
17940,19151485164,1059545,0,0,1672,0,0.000000,16384,1474,59545,4,1.000000,0.000000
17941,19152552335,1067171,0,0,1674,0,0.000000,16384,1483,67171,4,1.000000,0.000000
17942,19153609823,1057488,0,0,1800,0,0.000000,16384,1628,57488,4,1.000000,0.000000
17943,19154669313,1059490,0,0,1813,0,0.000000,16384,1612,59490,4,1.000000,0.000000
17944,19155725690,1056377,0,0,1820,0,0.000000,16384,1600,56377,4,1.000000,0.000000
17945,19156781710,1056020,0,0,1824,0,0.000000,16384,1620,56020,4,1.000000,0.000000
17946,19157837809,1056099,0,0,1813,0,0.000000,16384,1639,56099,4,1.000000,0.000000
17947,19158893594,1055785,0,0,1822,0,0.000000,16384,1636,55785,4,1.000000,0.000000
17948,19159949198,1055604,0,0,1820,0,0.000000,16384,1600,55604,4,1.000000,0.000000
17949,19161004739,1055541,0,0,1820,0,0.000000,16384,1601,55541,4,1.000000,0.000000
17950,19162062030,1057291,0,0,1812,0,0.000000,16384,1637,57291,4,1.000000,0.000000
17951,19163123787,1061757,0,0,1830,0,0.000000,16384,1651,61757,4,1.000000,0.000000
17952,19164179862,1056075,0,0,1819,0,0.000000,16384,1604,56075,4,1.000000,0.000000
17953,19165235676,1055814,0,0,1818,0,0.000000,16384,1598,55814,4,1.000000,0.000000
17954,19166295999,1060323,0,0,1815,0,0.000000,16384,1628,60323,4,1.000000,0.000000
17955,19167356279,1060280,0,0,1829,0,0.000000,16384,1650,60280,4,1.000000,0.000000
17956,19168413274,1056995,0,0,1821,0,0.000000,16384,1623,56995,4,1.000000,0.000000
17957,19169469294,1056020,0,0,1819,0,0.000000,16384,1599,56020,4,1.000000,0.000000
17958,19170526062,1056768,0,0,1812,0,0.000000,16384,1608,56768,4,1.000000,0.000000
17959,19171584467,1058405,0,0,1663,0,0.000000,16384,1518,58405,4,1.000000,0.000000
17960,19172641261,1056794,0,0,1811,0,0.000000,16384,1596,56794,4,1.000000,0.000000
17961,19173671388,1030127,0,0,1772,0,0.000000,16384,1552,30127,4,1.000000,0.000000
17962,19174803096,1131708,0,0,1589,0,0.000000,16384,1457,131708,4,1.000000,0.000000
17963,19176688865,1885769,0,0,2597,0,0.000000,16384,2280,885769,4,1.000000,0.000000
17964,19177787198,1098333,0,0,1488,0,0.000000,16384,1363,98333,4,1.000000,0.000000
17965,19178914700,1127502,0,0,1519,0,0.000000,16384,1308,127502,4,1.000000,0.000000
17966,19179985197,1070497,0,0,1391,0,0.000000,16384,1276,70497,4,1.000000,0.000000
17967,19181186629,1201432,0,0,1546,0,0.000000,16384,1355,201432,4,1.000000,0.000000
17968,19182239050,1052421,0,0,1353,0,0.000000,16384,1212,52421,4,1.000000,0.000000
17969,19183311362,1072312,0,0,1482,0,0.000000,16384,1337,72312,4,1.000000,0.000000
17970,19184377492,1066130,0,0,1528,0,0.000000,16384,1337,66130,4,1.000000,0.000000
17971,19185481105,1103613,0,0,1485,0,0.000000,16384,1354,103613,4,1.000000,0.000000
17972,19186552063,1070958,0,0,1413,0,0.000000,16384,1224,70958,4,1.000000,0.000000
17973,19187621497,1069434,0,0,1450,0,0.000000,16384,1318,69434,4,1.000000,0.000000
17974,19188677937,1056440,0,0,1555,0,0.000000,16384,1367,56440,4,1.000000,0.000000
17975,19189747531,1069594,0,0,1518,0,0.000000,16384,1370,69594,4,1.000000,0.000000
17976,19190817076,1069545,0,0,1510,0,0.000000,16384,1333,69545,4,1.000000,0.000000
17977,19191882957,1065881,0,0,1525,0,0.000000,16384,1366,65881,4,1.000000,0.000000
17978,19192943570,1060613,0,0,1651,0,0.000000,16384,1455,60613,4,1.000000,0.000000
17979,19194003778,1060208,0,0,1673,0,0.000000,16384,1526,60208,4,1.000000,0.000000
17980,19195063259,1059481,0,0,1811,0,0.000000,16384,1593,59481,4,1.000000,0.000000
17981,19196144759,1081500,0,0,1855,0,0.000000,16384,1636,81500,4,1.000000,0.000000
17982,19197202779,1058020,0,0,1826,0,0.000000,16384,1633,58020,4,1.000000,0.000000
17983,19198265198,1062419,0,0,1570,0,0.000000,16384,1423,62419,4,1.000000,0.000000
17984,19200024691,1759493,0,0,2306,0,0.000000,16384,2052,759493,4,1.000000,0.000000
17985,19201093852,1069161,0,0,1449,0,0.000000,16384,1259,69161,4,1.000000,0.000000
17986,19202158383,1064531,0,0,1530,0,0.000000,16384,1405,64531,4,1.000000,0.000000
17987,19203218968,1060585,0,0,1611,0,0.000000,16384,1400,60585,4,1.000000,0.000000
17988,19204277173,1058205,0,0,1661,0,0.000000,16384,1498,58205,4,1.000000,0.000000
17989,19205334216,1057043,0,0,1751,0,0.000000,16384,1574,57043,4,1.000000,0.000000
17990,19206392515,1058299,0,0,1826,0,0.000000,16384,1606,58299,4,1.000000,0.000000
17991,19207478491,1085976,0,0,1870,0,0.000000,16384,1646,85976,4,1.000000,0.000000
17992,19208535041,1056550,0,0,1776,0,0.000000,16384,1608,56550,4,1.000000,0.000000
17993,19209591001,1055960,0,0,1800,0,0.000000,16384,1627,55960,4,1.000000,0.000000
17994,19210646951,1055950,0,0,1801,0,0.000000,16384,1582,55950,4,1.000000,0.000000
17995,19211679218,1032267,0,0,1693,0,0.000000,16384,1494,32267,4,1.000000,0.000000
17996,19212744668,1065450,0,0,1568,0,0.000000,16384,1427,65450,4,1.000000,0.000000
17997,19213807191,1062523,0,0,1655,0,0.000000,16384,1435,62523,4,1.000000,0.000000
17998,19214865829,1058638,0,0,1573,0,0.000000,16384,1443,58638,4,1.000000,0.000000
17999,19215922989,1057160,0,0,1658,0,0.000000,16384,1452,57160,4,1.000000,0.000000
18000,19216985059,1062070,0,0,1781,0,0.000000,16384,1579,62070,4,1.000000,0.000000
18001,19218063456,1078397,0,0,1791,0,0.000000,16384,1621,78397,4,1.000000,0.000000
18002,19219126735,1063279,0,0,1756,0,0.000000,16384,1564,63279,4,1.000000,0.000000
18003,19220186786,1060051,0,0,1666,0,0.000000,16384,1454,60051,4,1.000000,0.000000
18004,19221243992,1057206,0,0,1666,0,0.000000,16384,1520,57206,4,1.000000,0.000000
18005,19222300280,1056288,0,0,1673,0,0.000000,16384,1475,56288,4,1.000000,0.000000
18006,19223387735,1087455,0,0,1934,0,0.000000,16384,1710,87455,4,1.000000,0.000000
18007,19224476182,1088447,0,0,1955,0,0.000000,16384,1731,88447,4,1.000000,0.000000
18008,19225565144,1088962,0,0,1965,0,0.000000,16384,1761,88962,4,1.000000,0.000000
18009,19226655054,1089910,0,0,1873,0,0.000000,16384,1686,89910,4,1.000000,0.000000
18010,19227688477,1033423,0,0,1644,0,0.000000,16384,1471,33423,4,1.000000,0.000000
18011,19228710282,1021805,0,0,1857,0,0.000000,16384,1637,21805,4,1.000000,0.000000
18012,19229772583,1062301,0,0,1929,0,0.000000,16384,1705,62301,4,1.000000,0.000000
18013,19230835002,1062419,0,0,1924,0,0.000000,16384,1725,62419,4,1.000000,0.000000
18014,19231920900,1085898,0,0,1807,0,0.000000,16384,1633,85898,4,1.000000,0.000000
18015,19232984894,1063994,0,0,1778,0,0.000000,16384,1586,63994,4,1.000000,0.000000
18016,19234049003,1064109,0,0,1772,0,0.000000,16384,1552,64109,4,1.000000,0.000000
18017,19235109474,1060471,0,0,1669,0,0.000000,16384,1505,60471,4,1.000000,0.000000
18018,19236167200,1057726,0,0,1666,0,0.000000,16384,1491,57726,4,1.000000,0.000000
18019,19237223957,1056757,0,0,1663,0,0.000000,16384,1453,56757,4,1.000000,0.000000
18020,19238283021,1059064,0,0,1701,0,0.000000,16384,1548,59064,4,1.000000,0.000000
18021,19239364232,1081211,0,0,1863,0,0.000000,16384,1666,81211,4,1.000000,0.000000
18022,19240428937,1064705,0,0,1791,0,0.000000,16384,1571,64705,4,1.000000,0.000000
18023,19241523046,1094109,0,0,1967,0,0.000000,16384,1743,94109,4,1.000000,0.000000
18024,19242612684,1089638,0,0,1970,0,0.000000,16384,1746,89638,4,1.000000,0.000000
18025,19243700894,1088210,0,0,1973,0,0.000000,16384,1768,88210,4,1.000000,0.000000
18026,19244763926,1063032,0,0,1932,0,0.000000,16384,1732,63032,4,1.000000,0.000000
18027,19245826213,1062287,0,0,1924,0,0.000000,16384,1727,62287,4,1.000000,0.000000
18028,19246888975,1062762,0,0,1918,0,0.000000,16384,1721,62762,4,1.000000,0.000000
18029,19247952454,1063479,0,0,1912,0,0.000000,16384,1698,63479,4,1.000000,0.000000
18030,19249011776,1059322,0,0,1806,0,0.000000,16384,1587,59322,4,1.000000,0.000000
18031,19250082018,1070242,0,0,1841,0,0.000000,16384,1631,70242,4,1.000000,0.000000
18032,19251142108,1060090,0,0,1829,0,0.000000,16384,1650,60090,4,1.000000,0.000000
18033,19252201907,1059799,0,0,1702,0,0.000000,16384,1527,59799,4,1.000000,0.000000
18034,19253260696,1058789,0,0,1661,0,0.000000,16384,1443,58789,4,1.000000,0.000000
18035,19254317685,1056989,0,0,1783,0,0.000000,16384,1615,56989,4,1.000000,0.000000
18036,19255373752,1056067,0,0,1815,0,0.000000,16384,1640,56067,4,1.000000,0.000000
18037,19256430113,1056361,0,0,1821,0,0.000000,16384,1598,56361,4,1.000000,0.000000
18038,19257487251,1057138,0,0,1810,0,0.000000,16384,1590,57138,4,1.000000,0.000000
18039,19258543354,1056103,0,0,1824,0,0.000000,16384,1642,56103,4,1.000000,0.000000
18040,19259599445,1056091,0,0,1823,0,0.000000,16384,1647,56091,4,1.000000,0.000000
18041,19260669134,1069689,0,0,1821,0,0.000000,16384,1615,69689,4,1.000000,0.000000
18042,19261725532,1056398,0,0,1813,0,0.000000,16384,1593,56398,4,1.000000,0.000000
18043,19262781493,1055961,0,0,1824,0,0.000000,16384,1626,55961,4,1.000000,0.000000
18044,19263839197,1057704,0,0,1752,0,0.000000,16384,1589,57704,4,1.000000,0.000000
18045,19264900259,1061062,0,0,1590,0,0.000000,16384,1391,61062,4,1.000000,0.000000
18046,19265960519,1060260,0,0,1789,0,0.000000,16384,1592,60260,4,1.000000,0.000000
18047,19267017695,1057176,0,0,1721,0,0.000000,16384,1565,57176,4,1.000000,0.000000
18048,19268075130,1057435,0,0,1827,0,0.000000,16384,1616,57435,4,1.000000,0.000000
18049,19269132510,1057380,0,0,1753,0,0.000000,16384,1533,57380,4,1.000000,0.000000
18050,19270190191,1057681,0,0,1770,0,0.000000,16384,1599,57681,4,1.000000,0.000000
18051,19271260439,1070248,0,0,1699,0,0.000000,16384,1529,70248,4,1.000000,0.000000
18052,19272323195,1062756,0,0,1552,0,0.000000,16384,1352,62756,4,1.000000,0.000000
18053,19273382927,1059732,0,0,1730,0,0.000000,16384,1572,59732,4,1.000000,0.000000
18054,19274440410,1057483,0,0,1703,0,0.000000,16384,1501,57483,4,1.000000,0.000000
18055,19275497129,1056719,0,0,1775,0,0.000000,16384,1562,56719,4,1.000000,0.000000
18056,19276556607,1059478,0,0,1681,0,0.000000,16384,1532,59478,4,1.000000,0.000000
18057,19277614349,1057742,0,0,1781,0,0.000000,16384,1584,57742,4,1.000000,0.000000
18058,19278672312,1057963,0,0,1800,0,0.000000,16384,1579,57963,4,1.000000,0.000000
18059,19279729338,1057026,0,0,1806,0,0.000000,16384,1614,57026,4,1.000000,0.000000
18060,19280785720,1056382,0,0,1815,0,0.000000,16384,1639,56382,4,1.000000,0.000000
18061,19281851813,1066093,0,0,1812,0,0.000000,16384,1617,66093,4,1.000000,0.000000
18062,19282907957,1056144,0,0,1811,0,0.000000,16384,1591,56144,4,1.000000,0.000000
18063,19283963925,1055968,0,0,1824,0,0.000000,16384,1618,55968,4,1.000000,0.000000
18064,19285019983,1056058,0,0,1815,0,0.000000,16384,1639,56058,4,1.000000,0.000000
18065,19286075961,1055978,0,0,1824,0,0.000000,16384,1642,55978,4,1.000000,0.000000
18066,19287131982,1056021,0,0,1823,0,0.000000,16384,1603,56021,4,1.000000,0.000000
18067,19288188104,1056122,0,0,1822,0,0.000000,16384,1598,56122,4,1.000000,0.000000
18068,19289245064,1056960,0,0,1789,0,0.000000,16384,1619,56960,4,1.000000,0.000000
18069,19290302732,1057668,0,0,1805,0,0.000000,16384,1632,57668,4,1.000000,0.000000
18070,19291364292,1061560,0,0,1714,0,0.000000,16384,1497,61560,4,1.000000,0.000000
18071,19292446008,1081716,0,0,1703,0,0.000000,16384,1517,81716,4,1.000000,0.000000
18072,19293506020,1060012,0,0,1819,0,0.000000,16384,1642,60012,4,1.000000,0.000000
18073,19294566100,1060080,0,0,1755,0,0.000000,16384,1554,60080,4,1.000000,0.000000
18074,19295623646,1057546,0,0,1824,0,0.000000,16384,1604,57546,4,1.000000,0.000000
18075,19296671842,1048196,0,0,1805,0,0.000000,16384,1617,48196,4,1.000000,0.000000
18076,19297728454,1056612,0,0,1820,0,0.000000,16384,1643,56612,4,1.000000,0.000000
18077,19298784741,1056287,0,0,1822,0,0.000000,16384,1623,56287,4,1.000000,0.000000
18078,19299840785,1056044,0,0,1819,0,0.000000,16384,1599,56044,4,1.000000,0.000000
18079,19300900771,1059986,0,0,1814,0,0.000000,16384,1610,59986,4,1.000000,0.000000
18080,19301961431,1060660,0,0,1823,0,0.000000,16384,1646,60660,4,1.000000,0.000000
18081,19303028386,1066955,0,0,1830,0,0.000000,16384,1647,66955,4,1.000000,0.000000
18082,19304084667,1056281,0,0,1823,0,0.000000,16384,1603,56281,4,1.000000,0.000000
18083,19305142459,1057792,0,0,1783,0,0.000000,16384,1567,57792,4,1.000000,0.000000
18084,19306198473,1056014,0,0,1825,0,0.000000,16384,1647,56014,4,1.000000,0.000000
18085,19307254187,1055714,0,0,1824,0,0.000000,16384,1646,55714,4,1.000000,0.000000
18086,19308310430,1056243,0,0,1826,0,0.000000,16384,1610,56243,4,1.000000,0.000000
18087,19309366383,1055953,0,0,1809,0,0.000000,16384,1589,55953,4,1.000000,0.000000
18088,19310422119,1055736,0,0,1827,0,0.000000,16384,1639,55736,4,1.000000,0.000000
18089,19311477895,1055776,0,0,1825,0,0.000000,16384,1647,55776,4,1.000000,0.000000
18090,19312556226,1078331,0,0,1700,0,0.000000,16384,1502,78331,4,1.000000,0.000000
18091,19313628624,1072398,0,0,1634,0,0.000000,16384,1446,72398,4,1.000000,0.000000
18092,19314676175,1047551,0,0,1640,0,0.000000,16384,1492,47551,4,1.000000,0.000000
18093,19315738065,1061890,0,0,1664,0,0.000000,16384,1444,61890,4,1.000000,0.000000
18094,19316795609,1057544,0,0,1804,0,0.000000,16384,1619,57544,4,1.000000,0.000000
18095,19317853175,1057566,0,0,1699,0,0.000000,16384,1544,57566,4,1.000000,0.000000
18096,19318909922,1056747,0,0,1794,0,0.000000,16384,1574,56747,4,1.000000,0.000000
18097,19319965984,1056062,0,0,1822,0,0.000000,16384,1601,56062,4,1.000000,0.000000
18098,19321021668,1055684,0,0,1823,0,0.000000,16384,1646,55684,4,1.000000,0.000000
18099,19322064840,1043172,0,0,1797,0,0.000000,16384,1625,43172,4,1.000000,0.000000
18100,19323155943,1091103,0,0,1795,0,0.000000,16384,1576,91103,4,1.000000,0.000000
18101,19324230266,1074323,0,0,1673,0,0.000000,16384,1479,74323,4,1.000000,0.000000
18102,19325289692,1059426,0,0,1660,0,0.000000,16384,1517,59426,4,1.000000,0.000000
18103,19326346785,1057093,0,0,1662,0,0.000000,16384,1444,57093,4,1.000000,0.000000
18104,19327436233,1089448,0,0,1808,0,0.000000,16384,1611,89448,4,1.000000,0.000000
18105,19328529372,1093139,0,0,1841,0,0.000000,16384,1593,93139,4,1.000000,0.000000
18106,19329622992,1093620,0,0,1858,0,0.000000,16384,1641,93620,4,1.000000,0.000000
18107,19330707750,1084758,0,0,1855,0,0.000000,16384,1672,84758,4,1.000000,0.000000
18108,19331768597,1060847,0,0,1667,0,0.000000,16384,1503,60847,4,1.000000,0.000000
18109,19332828258,1059661,0,0,1716,0,0.000000,16384,1496,59661,4,1.000000,0.000000
18110,19333887076,1058818,0,0,1825,0,0.000000,16384,1635,58818,4,1.000000,0.000000
18111,19334954765,1067689,0,0,1844,0,0.000000,16384,1662,67689,4,1.000000,0.000000
18112,19336012043,1057278,0,0,1826,0,0.000000,16384,1634,57278,4,1.000000,0.000000
18113,19337068319,1056276,0,0,1826,0,0.000000,16384,1606,56276,4,1.000000,0.000000
18114,19338123998,1055679,0,0,1825,0,0.000000,16384,1610,55679,4,1.000000,0.000000
18115,19339179802,1055804,0,0,1827,0,0.000000,16384,1648,55804,4,1.000000,0.000000
18116,19340235924,1056122,0,0,1814,0,0.000000,16384,1639,56122,4,1.000000,0.000000
18117,19341291889,1055965,0,0,1798,0,0.000000,16384,1579,55965,4,1.000000,0.000000
18118,19342380267,1088378,0,0,1945,0,0.000000,16384,1725,88378,4,1.000000,0.000000
18119,19343468165,1087898,0,0,1954,0,0.000000,16384,1729,87898,4,1.000000,0.000000
18120,19344528578,1060413,0,0,1827,0,0.000000,16384,1642,60413,4,1.000000,0.000000
18121,19345604291,1075713,0,0,1858,0,0.000000,16384,1673,75713,4,1.000000,0.000000
18122,19346661012,1056721,0,0,1827,0,0.000000,16384,1634,56721,4,1.000000,0.000000
18123,19347673769,1012757,0,0,1744,0,0.000000,16384,1524,12757,4,1.000000,0.000000
18124,19348732060,1058291,0,0,1822,0,0.000000,16384,1625,58291,4,1.000000,0.000000
18125,19349789126,1057066,0,0,1827,0,0.000000,16384,1648,57066,4,1.000000,0.000000
18126,19350845769,1056643,0,0,1805,0,0.000000,16384,1617,56643,4,1.000000,0.000000
18127,19351901730,1055961,0,0,1823,0,0.000000,16384,1603,55961,4,1.000000,0.000000
18128,19352961531,1059801,0,0,1669,0,0.000000,16384,1486,59801,4,1.000000,0.000000
18129,19354021992,1060461,0,0,1624,0,0.000000,16384,1467,60461,4,1.000000,0.000000
18130,19355086210,1064218,0,0,1574,0,0.000000,16384,1371,64218,4,1.000000,0.000000
18131,19356160707,1074497,0,0,1736,0,0.000000,16384,1577,74497,4,1.000000,0.000000
18132,19357218953,1058246,0,0,1818,0,0.000000,16384,1620,58246,4,1.000000,0.000000
18133,19358276817,1057864,0,0,1826,0,0.000000,16384,1606,57864,4,1.000000,0.000000
18134,19359333171,1056354,0,0,1824,0,0.000000,16384,1617,56354,4,1.000000,0.000000
18135,19360388973,1055802,0,0,1827,0,0.000000,16384,1648,55802,4,1.000000,0.000000
18136,19361445886,1056913,0,0,1816,0,0.000000,16384,1638,56913,4,1.000000,0.000000
18137,19362501849,1055963,0,0,1822,0,0.000000,16384,1601,55963,4,1.000000,0.000000
18138,19363557575,1055726,0,0,1812,0,0.000000,16384,1589,55726,4,1.000000,0.000000
18139,19364613302,1055727,0,0,1823,0,0.000000,16384,1646,55727,4,1.000000,0.000000
18140,19365670830,1057528,0,0,1818,0,0.000000,16384,1642,57528,4,1.000000,0.000000
18141,19366732232,1061402,0,0,1834,0,0.000000,16384,1623,61402,4,1.000000,0.000000
18142,19367788256,1056024,0,0,1823,0,0.000000,16384,1603,56024,4,1.000000,0.000000
18143,19368844127,1055871,0,0,1813,0,0.000000,16384,1618,55871,4,1.000000,0.000000
18144,19369900061,1055934,0,0,1824,0,0.000000,16384,1646,55934,4,1.000000,0.000000
18145,19370956983,1056922,0,0,1815,0,0.000000,16384,1624,56922,4,1.000000,0.000000
18146,19372013112,1056129,0,0,1823,0,0.000000,16384,1602,56129,4,1.000000,0.000000
18147,19373071807,1058695,0,0,1671,0,0.000000,16384,1489,58695,4,1.000000,0.000000
18148,19374129738,1057931,0,0,1787,0,0.000000,16384,1617,57931,4,1.000000,0.000000
18149,19375186092,1056354,0,0,1808,0,0.000000,16384,1597,56354,4,1.000000,0.000000
18150,19376242074,1055982,0,0,1824,0,0.000000,16384,1603,55982,4,1.000000,0.000000
18151,19377307012,1064938,0,0,1741,0,0.000000,16384,1566,64938,4,1.000000,0.000000
18152,19378363137,1056125,0,0,1790,0,0.000000,16384,1619,56125,4,1.000000,0.000000
18153,19379419183,1056046,0,0,1814,0,0.000000,16384,1597,56046,4,1.000000,0.000000
18154,19380474857,1055674,0,0,1823,0,0.000000,16384,1603,55674,4,1.000000,0.000000
18155,19381530570,1055713,0,0,1824,0,0.000000,16384,1637,55713,4,1.000000,0.000000
18156,19382588945,1058375,0,0,1731,0,0.000000,16384,1572,58375,4,1.000000,0.000000
18157,19383647366,1058421,0,0,1709,0,0.000000,16384,1495,58421,4,1.000000,0.000000
18158,19384670741,1023375,0,0,1765,0,0.000000,16384,1565,23375,4,1.000000,0.000000
18159,19385726953,1056212,0,0,1798,0,0.000000,16384,1626,56212,4,1.000000,0.000000
18160,19386783023,1056070,0,0,1817,0,0.000000,16384,1625,56070,4,1.000000,0.000000
18161,19387845892,1062869,0,0,1809,0,0.000000,16384,1588,62869,4,1.000000,0.000000
18162,19388902691,1056799,0,0,1662,0,0.000000,16384,1485,56799,4,1.000000,0.000000
18163,19389958833,1056142,0,0,1813,0,0.000000,16384,1638,56142,4,1.000000,0.000000
18164,19391014654,1055821,0,0,1799,0,0.000000,16384,1587,55821,4,1.000000,0.000000
18165,19392070265,1055611,0,0,1811,0,0.000000,16384,1592,55611,4,1.000000,0.000000
18166,19393129384,1059119,0,0,1744,0,0.000000,16384,1572,59119,4,1.000000,0.000000
18167,19394187089,1057705,0,0,1820,0,0.000000,16384,1643,57705,4,1.000000,0.000000
18168,19395245938,1058849,0,0,1756,0,0.000000,16384,1545,58849,4,1.000000,0.000000
18169,19396303568,1057630,0,0,1825,0,0.000000,16384,1601,57630,4,1.000000,0.000000
18170,19397360166,1056598,0,0,1806,0,0.000000,16384,1632,56598,4,1.000000,0.000000
18171,19398434063,1073897,0,0,1855,0,0.000000,16384,1670,73897,4,1.000000,0.000000
18172,19399490956,1056893,0,0,1824,0,0.000000,16384,1619,56893,4,1.000000,0.000000
18173,19400547242,1056286,0,0,1775,0,0.000000,16384,1555,56286,4,1.000000,0.000000
18174,19401603663,1056421,0,0,1783,0,0.000000,16384,1601,56421,4,1.000000,0.000000
18175,19402659589,1055926,0,0,1797,0,0.000000,16384,1624,55926,4,1.000000,0.000000
18176,19403671175,1011586,0,0,1732,0,0.000000,16384,1527,11586,4,1.000000,0.000000
18177,19404726956,1055781,0,0,1823,0,0.000000,16384,1599,55781,4,1.000000,0.000000
18178,19405782900,1055944,0,0,1827,0,0.000000,16384,1648,55944,4,1.000000,0.000000
18179,19406838790,1055890,0,0,1825,0,0.000000,16384,1647,55890,4,1.000000,0.000000
18180,19407894686,1055896,0,0,1824,0,0.000000,16384,1617,55896,4,1.000000,0.000000
18181,19408955875,1061189,0,0,1821,0,0.000000,16384,1601,61189,4,1.000000,0.000000
18182,19410012195,1056320,0,0,1807,0,0.000000,16384,1612,56320,4,1.000000,0.000000
18183,19411067993,1055798,0,0,1814,0,0.000000,16384,1638,55798,4,1.000000,0.000000
18184,19412123884,1055891,0,0,1823,0,0.000000,16384,1630,55891,4,1.000000,0.000000
18185,19413185303,1061419,0,0,1655,0,0.000000,16384,1435,61419,4,1.000000,0.000000
18186,19414246336,1061033,0,0,1722,0,0.000000,16384,1563,61033,4,1.000000,0.000000
18187,19415305281,1058945,0,0,1830,0,0.000000,16384,1649,58945,4,1.000000,0.000000
18188,19416362181,1056900,0,0,1825,0,0.000000,16384,1603,56900,4,1.000000,0.000000
18189,19417418756,1056575,0,0,1814,0,0.000000,16384,1592,56575,4,1.000000,0.000000
18190,19418474680,1055924,0,0,1826,0,0.000000,16384,1648,55924,4,1.000000,0.000000
18191,19419540275,1065595,0,0,1830,0,0.000000,16384,1651,65595,4,1.000000,0.000000
18192,19420597791,1057516,0,0,1803,0,0.000000,16384,1596,57516,4,1.000000,0.000000
18193,19421654363,1056572,0,0,1822,0,0.000000,16384,1602,56572,4,1.000000,0.000000
18194,19422670576,1016213,0,0,1731,0,0.000000,16384,1555,16213,4,1.000000,0.000000
18195,19423726575,1055999,0,0,1819,0,0.000000,16384,1642,55999,4,1.000000,0.000000
18196,19424782517,1055942,0,0,1807,0,0.000000,16384,1596,55942,4,1.000000,0.000000
18197,19425838212,1055695,0,0,1816,0,0.000000,16384,1596,55695,4,1.000000,0.000000
18198,19426894500,1056288,0,0,1785,0,0.000000,16384,1602,56288,4,1.000000,0.000000
18199,19427950508,1056008,0,0,1728,0,0.000000,16384,1571,56008,4,1.000000,0.000000
18200,19429005835,1055327,0,0,1822,0,0.000000,16384,1598,55327,4,1.000000,0.000000
18201,19430066204,1060369,0,0,1831,0,0.000000,16384,1611,60369,4,1.000000,0.000000
18202,19431122081,1055877,0,0,1825,0,0.000000,16384,1640,55877,4,1.000000,0.000000
18203,19432177682,1055601,0,0,1825,0,0.000000,16384,1648,55601,4,1.000000,0.000000
18204,19433235203,1057521,0,0,1689,0,0.000000,16384,1491,57521,4,1.000000,0.000000
18205,19434292460,1057257,0,0,1787,0,0.000000,16384,1570,57257,4,1.000000,0.000000
18206,19435348896,1056436,0,0,1806,0,0.000000,16384,1632,56436,4,1.000000,0.000000
18207,19436406083,1057187,0,0,1816,0,0.000000,16384,1641,57187,4,1.000000,0.000000
18208,19437463161,1057078,0,0,1814,0,0.000000,16384,1592,57078,4,1.000000,0.000000
18209,19438519158,1055997,0,0,1803,0,0.000000,16384,1582,55997,4,1.000000,0.000000
18210,19439575910,1056752,0,0,1814,0,0.000000,16384,1638,56752,4,1.000000,0.000000
18211,19440644722,1068812,0,0,1561,0,0.000000,16384,1398,68812,4,1.000000,0.000000
18212,19441673357,1028635,0,0,1604,0,0.000000,16384,1415,28635,4,1.000000,0.000000
18213,19442733789,1060432,0,0,1648,0,0.000000,16384,1501,60432,4,1.000000,0.000000
18214,19443792364,1058575,0,0,1669,0,0.000000,16384,1449,58575,4,1.000000,0.000000
18215,19444850271,1057907,0,0,1770,0,0.000000,16384,1587,57907,4,1.000000,0.000000
18216,19445908412,1058141,0,0,1818,0,0.000000,16384,1642,58141,4,1.000000,0.000000
18217,19446964778,1056366,0,0,1780,0,0.000000,16384,1575,56366,4,1.000000,0.000000
18218,19448021484,1056706,0,0,1659,0,0.000000,16384,1457,56706,4,1.000000,0.000000
18219,19449079003,1057519,0,0,1715,0,0.000000,16384,1559,57519,4,1.000000,0.000000
18220,19450135240,1056237,0,0,1824,0,0.000000,16384,1621,56237,4,1.000000,0.000000
18221,19451216258,1081018,0,0,1837,0,0.000000,16384,1617,81018,4,1.000000,0.000000
18222,19452272721,1056463,0,0,1823,0,0.000000,16384,1617,56463,4,1.000000,0.000000
18223,19453332965,1060244,0,0,1683,0,0.000000,16384,1534,60244,4,1.000000,0.000000
18224,19454391485,1058520,0,0,1661,0,0.000000,16384,1457,58520,4,1.000000,0.000000
18225,19455449929,1058444,0,0,1761,0,0.000000,16384,1561,58444,4,1.000000,0.000000
18226,19456507956,1058027,0,0,1813,0,0.000000,16384,1637,58027,4,1.000000,0.000000
18227,19457564887,1056931,0,0,1816,0,0.000000,16384,1628,56931,4,1.000000,0.000000
18228,19458620769,1055882,0,0,1814,0,0.000000,16384,1594,55882,4,1.000000,0.000000
18229,19459670545,1049776,0,0,1810,0,0.000000,16384,1598,49776,4,1.000000,0.000000
18230,19460726783,1056238,0,0,1815,0,0.000000,16384,1640,56238,4,1.000000,0.000000
18231,19461796520,1069737,0,0,1709,0,0.000000,16384,1531,69737,4,1.000000,0.000000
18232,19462852772,1056252,0,0,1821,0,0.000000,16384,1602,56252,4,1.000000,0.000000
18233,19463908716,1055944,0,0,1824,0,0.000000,16384,1618,55944,4,1.000000,0.000000
18234,19464965498,1056782,0,0,1816,0,0.000000,16384,1640,56782,4,1.000000,0.000000
18235,19466021296,1055798,0,0,1824,0,0.000000,16384,1641,55798,4,1.000000,0.000000
18236,19467077004,1055708,0,0,1822,0,0.000000,16384,1603,55708,4,1.000000,0.000000
18237,19468132639,1055635,0,0,1822,0,0.000000,16384,1598,55635,4,1.000000,0.000000
18238,19469188037,1055398,0,0,1815,0,0.000000,16384,1640,55398,4,1.000000,0.000000
18239,19470243711,1055674,0,0,1826,0,0.000000,16384,1648,55674,4,1.000000,0.000000
18240,19471299312,1055601,0,0,1824,0,0.000000,16384,1613,55601,4,1.000000,0.000000
18241,19472358894,1059582,0,0,1829,0,0.000000,16384,1609,59582,4,1.000000,0.000000
18242,19473416812,1057918,0,0,1705,0,0.000000,16384,1532,57918,4,1.000000,0.000000
18243,19474474859,1058047,0,0,1662,0,0.000000,16384,1495,58047,4,1.000000,0.000000
18244,19475531134,1056275,0,0,1783,0,0.000000,16384,1563,56275,4,1.000000,0.000000
18245,19476587469,1056335,0,0,1818,0,0.000000,16384,1620,56335,4,1.000000,0.000000
18246,19477644633,1057164,0,0,1796,0,0.000000,16384,1625,57164,4,1.000000,0.000000
18247,19478671651,1027018,0,0,1768,0,0.000000,16384,1572,27018,4,1.000000,0.000000
18248,19479727911,1056260,0,0,1826,0,0.000000,16384,1607,56260,4,1.000000,0.000000
18249,19480783744,1055833,0,0,1825,0,0.000000,16384,1623,55833,4,1.000000,0.000000
18250,19481839699,1055955,0,0,1824,0,0.000000,16384,1647,55955,4,1.000000,0.000000
18251,19482901600,1061901,0,0,1836,0,0.000000,16384,1651,61901,4,1.000000,0.000000
18252,19483957348,1055748,0,0,1808,0,0.000000,16384,1588,55748,4,1.000000,0.000000
18253,19485012991,1055643,0,0,1824,0,0.000000,16384,1603,55643,4,1.000000,0.000000
18254,19486068806,1055815,0,0,1825,0,0.000000,16384,1648,55815,4,1.000000,0.000000
18255,19487125358,1056552,0,0,1818,0,0.000000,16384,1642,56552,4,1.000000,0.000000
18256,19488181224,1055866,0,0,1818,0,0.000000,16384,1604,55866,4,1.000000,0.000000
18257,19489236921,1055697,0,0,1715,0,0.000000,16384,1503,55697,4,1.000000,0.000000
18258,19490293020,1056099,0,0,1826,0,0.000000,16384,1648,56099,4,1.000000,0.000000
18259,19491349344,1056324,0,0,1805,0,0.000000,16384,1631,56324,4,1.000000,0.000000
18260,19492405565,1056221,0,0,1822,0,0.000000,16384,1602,56221,4,1.000000,0.000000
18261,19493466867,1061302,0,0,1727,0,0.000000,16384,1518,61302,4,1.000000,0.000000
18262,19494525332,1058465,0,0,1696,0,0.000000,16384,1544,58465,4,1.000000,0.000000
18263,19495583834,1058502,0,0,1749,0,0.000000,16384,1550,58502,4,1.000000,0.000000
18264,19496640483,1056649,0,0,1822,0,0.000000,16384,1602,56649,4,1.000000,0.000000
18265,19497672338,1031855,0,0,1769,0,0.000000,16384,1588,31855,4,1.000000,0.000000
18266,19498728931,1056593,0,0,1817,0,0.000000,16384,1641,56593,4,1.000000,0.000000
18267,19499754007,1025076,0,0,1636,0,0.000000,16384,1433,25076,4,1.000000,0.000000
18268,19500810693,1056686,0,0,1584,0,0.000000,16384,1424,56686,4,1.000000,0.000000
18269,19501867026,1056333,0,0,1825,0,0.000000,16384,1645,56333,4,1.000000,0.000000
18270,19502923796,1056770,0,0,1814,0,0.000000,16384,1594,56770,4,1.000000,0.000000
18271,19504001955,1078159,0,0,1857,0,0.000000,16384,1633,78159,4,1.000000,0.000000
18272,19505058376,1056421,0,0,1825,0,0.000000,16384,1640,56421,4,1.000000,0.000000
18273,19506115258,1056882,0,0,1827,0,0.000000,16384,1648,56882,4,1.000000,0.000000
18274,19507171151,1055893,0,0,1827,0,0.000000,16384,1627,55893,4,1.000000,0.000000
18275,19508226879,1055728,0,0,1823,0,0.000000,16384,1603,55728,4,1.000000,0.000000
18276,19509284801,1057922,0,0,1826,0,0.000000,16384,1619,57922,4,1.000000,0.000000
18277,19510341212,1056411,0,0,1810,0,0.000000,16384,1635,56411,4,1.000000,0.000000
18278,19511397502,1056290,0,0,1825,0,0.000000,16384,1643,56290,4,1.000000,0.000000
18279,19512453806,1056304,0,0,1786,0,0.000000,16384,1566,56304,4,1.000000,0.000000
18280,19513513423,1059617,0,0,1624,0,0.000000,16384,1447,59617,4,1.000000,0.000000
18281,19514584430,1071007,0,0,1541,0,0.000000,16384,1378,71007,4,1.000000,0.000000
18282,19515645268,1060838,0,0,1559,0,0.000000,16384,1383,60838,4,1.000000,0.000000
18283,19516673405,1028137,0,0,1510,0,0.000000,16384,1350,28137,4,1.000000,0.000000
18284,19517729960,1056555,0,0,1813,0,0.000000,16384,1593,56555,4,1.000000,0.000000
18285,19518787826,1057866,0,0,1828,0,0.000000,16384,1646,57866,4,1.000000,0.000000
18286,19519843820,1055994,0,0,1825,0,0.000000,16384,1647,55994,4,1.000000,0.000000
18287,19520899729,1055909,0,0,1824,0,0.000000,16384,1620,55909,4,1.000000,0.000000
18288,19521955424,1055695,0,0,1822,0,0.000000,16384,1602,55695,4,1.000000,0.000000
18289,19523011262,1055838,0,0,1824,0,0.000000,16384,1622,55838,4,1.000000,0.000000
18290,19524066883,1055621,0,0,1825,0,0.000000,16384,1647,55621,4,1.000000,0.000000
18291,19525132060,1065177,0,0,1837,0,0.000000,16384,1653,65177,4,1.000000,0.000000
18292,19526187916,1055856,0,0,1823,0,0.000000,16384,1602,55856,4,1.000000,0.000000
18293,19527243707,1055791,0,0,1801,0,0.000000,16384,1582,55791,4,1.000000,0.000000
18294,19528299514,1055807,0,0,1798,0,0.000000,16384,1626,55807,4,1.000000,0.000000
18295,19529355389,1055875,0,0,1827,0,0.000000,16384,1648,55875,4,1.000000,0.000000
18296,19530411799,1056410,0,0,1805,0,0.000000,16384,1587,56410,4,1.000000,0.000000
18297,19531467730,1055931,0,0,1822,0,0.000000,16384,1603,55931,4,1.000000,0.000000
18298,19532523631,1055901,0,0,1826,0,0.000000,16384,1641,55901,4,1.000000,0.000000
18299,19533581254,1057623,0,0,1766,0,0.000000,16384,1600,57623,4,1.000000,0.000000
18300,19534638820,1057566,0,0,1826,0,0.000000,16384,1613,57566,4,1.000000,0.000000
18301,19535671234,1032414,0,0,1779,0,0.000000,16384,1546,32414,4,1.000000,0.000000
18302,19536727533,1056299,0,0,1824,0,0.000000,16384,1612,56299,4,1.000000,0.000000
18303,19537783745,1056212,0,0,1824,0,0.000000,16384,1603,56212,4,1.000000,0.000000
18304,19538839697,1055952,0,0,1825,0,0.000000,16384,1631,55952,4,1.000000,0.000000
18305,19539895681,1055984,0,0,1788,0,0.000000,16384,1618,55984,4,1.000000,0.000000
18306,19540951512,1055831,0,0,1823,0,0.000000,16384,1624,55831,4,1.000000,0.000000
18307,19542007151,1055639,0,0,1799,0,0.000000,16384,1578,55639,4,1.000000,0.000000
18308,19543062946,1055795,0,0,1823,0,0.000000,16384,1622,55795,4,1.000000,0.000000
18309,19544118537,1055591,0,0,1824,0,0.000000,16384,1646,55591,4,1.000000,0.000000
18310,19545174103,1055566,0,0,1825,0,0.000000,16384,1641,55566,4,1.000000,0.000000
18311,19546233540,1059437,0,0,1828,0,0.000000,16384,1608,59437,4,1.000000,0.000000
18312,19547289964,1056424,0,0,1794,0,0.000000,16384,1577,56424,4,1.000000,0.000000
18313,19548347385,1057421,0,0,1649,0,0.000000,16384,1506,57421,4,1.000000,0.000000
18314,19549404729,1057344,0,0,1643,0,0.000000,16384,1443,57344,4,1.000000,0.000000
18315,19550462226,1057497,0,0,1661,0,0.000000,16384,1481,57497,4,1.000000,0.000000
18316,19551518319,1056093,0,0,1793,0,0.000000,16384,1622,56093,4,1.000000,0.000000
18317,19552574125,1055806,0,0,1800,0,0.000000,16384,1587,55806,4,1.000000,0.000000
18318,19553633153,1059028,0,0,1605,0,0.000000,16384,1418,59028,4,1.000000,0.000000
18319,19554672077,1038924,0,0,1631,0,0.000000,16384,1482,38924,4,1.000000,0.000000
18320,19555728860,1056783,0,0,1664,0,0.000000,16384,1444,56783,4,1.000000,0.000000
18321,19556800993,1072133,0,0,1839,0,0.000000,16384,1649,72133,4,1.000000,0.000000
18322,19557858966,1057973,0,0,1814,0,0.000000,16384,1638,57973,4,1.000000,0.000000
18323,19558914801,1055835,0,0,1812,0,0.000000,16384,1613,55835,4,1.000000,0.000000
18324,19559970694,1055893,0,0,1822,0,0.000000,16384,1602,55893,4,1.000000,0.000000
18325,19561026558,1055864,0,0,1824,0,0.000000,16384,1620,55864,4,1.000000,0.000000
18326,19562082286,1055728,0,0,1826,0,0.000000,16384,1648,55728,4,1.000000,0.000000
18327,19563137947,1055661,0,0,1825,0,0.000000,16384,1644,55661,4,1.000000,0.000000
18328,19564194720,1056773,0,0,1826,0,0.000000,16384,1604,56773,4,1.000000,0.000000
18329,19565250983,1056263,0,0,1806,0,0.000000,16384,1583,56263,4,1.000000,0.000000
18330,19566306797,1055814,0,0,1824,0,0.000000,16384,1648,55814,4,1.000000,0.000000
18331,19567367177,1060380,0,0,1834,0,0.000000,16384,1655,60380,4,1.000000,0.000000
18332,19568422983,1055806,0,0,1824,0,0.000000,16384,1616,55806,4,1.000000,0.000000
18333,19569484949,1061966,0,0,1666,0,0.000000,16384,1457,61966,4,1.000000,0.000000
18334,19570544175,1059226,0,0,1777,0,0.000000,16384,1608,59226,4,1.000000,0.000000
18335,19571601516,1057341,0,0,1827,0,0.000000,16384,1645,57341,4,1.000000,0.000000
18336,19572659710,1058194,0,0,1778,0,0.000000,16384,1558,58194,4,1.000000,0.000000
18337,19573674834,1015124,0,0,1559,0,0.000000,16384,1397,15124,4,1.000000,0.000000
18338,19574733691,1058857,0,0,1665,0,0.000000,16384,1486,58857,4,1.000000,0.000000
18339,19575790731,1057040,0,0,1663,0,0.000000,16384,1457,57040,4,1.000000,0.000000
18340,19576847120,1056389,0,0,1686,0,0.000000,16384,1536,56389,4,1.000000,0.000000
18341,19577915751,1068631,0,0,1806,0,0.000000,16384,1603,68631,4,1.000000,0.000000
18342,19578973855,1058104,0,0,1800,0,0.000000,16384,1580,58104,4,1.000000,0.000000
18343,19580030550,1056695,0,0,1827,0,0.000000,16384,1632,56695,4,1.000000,0.000000
18344,19581086219,1055669,0,0,1825,0,0.000000,16384,1647,55669,4,1.000000,0.000000
18345,19582145106,1058887,0,0,1788,0,0.000000,16384,1597,58887,4,1.000000,0.000000
18346,19583203946,1058840,0,0,1822,0,0.000000,16384,1602,58840,4,1.000000,0.000000
18347,19584293915,1089969,0,0,1721,0,0.000000,16384,1534,89969,4,1.000000,0.000000
18348,19585359170,1065255,0,0,1614,0,0.000000,16384,1460,65255,4,1.000000,0.000000
18349,19586418739,1059569,0,0,1665,0,0.000000,16384,1446,59569,4,1.000000,0.000000
18350,19587476103,1057364,0,0,1667,0,0.000000,16384,1518,57364,4,1.000000,0.000000
18351,19588548233,1072130,0,0,1681,0,0.000000,16384,1490,72130,4,1.000000,0.000000
18352,19589608094,1059861,0,0,1639,0,0.000000,16384,1446,59861,4,1.000000,0.000000
18353,19590698292,1090198,0,0,1858,0,0.000000,16384,1675,90198,4,1.000000,0.000000
18354,19591762041,1063749,0,0,1632,0,0.000000,16384,1448,63749,4,1.000000,0.000000
18355,19592824416,1062375,0,0,1804,0,0.000000,16384,1584,62375,4,1.000000,0.000000
18356,19593884157,1059741,0,0,1749,0,0.000000,16384,1584,59741,4,1.000000,0.000000
18357,19594945104,1060947,0,0,1792,0,0.000000,16384,1617,60947,4,1.000000,0.000000
18358,19596005823,1060719,0,0,1648,0,0.000000,16384,1428,60719,4,1.000000,0.000000
18359,19597063428,1057605,0,0,1721,0,0.000000,16384,1552,57605,4,1.000000,0.000000
18360,19598119670,1056242,0,0,1817,0,0.000000,16384,1640,56242,4,1.000000,0.000000
18361,19599186639,1066969,0,0,1831,0,0.000000,16384,1613,66969,4,1.000000,0.000000
18362,19600242887,1056248,0,0,1822,0,0.000000,16384,1602,56248,4,1.000000,0.000000
18363,19601303585,1060698,0,0,1815,0,0.000000,16384,1627,60698,4,1.000000,0.000000
18364,19602370734,1067149,0,0,1634,0,0.000000,16384,1482,67149,4,1.000000,0.000000
18365,19603437346,1066612,0,0,1609,0,0.000000,16384,1394,66612,4,1.000000,0.000000
18366,19604500852,1063506,0,0,1596,0,0.000000,16384,1464,63506,4,1.000000,0.000000
18367,19605562977,1062125,0,0,1562,0,0.000000,16384,1352,62125,4,1.000000,0.000000
18368,19606621360,1058383,0,0,1559,0,0.000000,16384,1426,58383,4,1.000000,0.000000
18369,19607671625,1050265,0,0,1640,0,0.000000,16384,1438,50265,4,1.000000,0.000000
18370,19608729245,1057620,0,0,1644,0,0.000000,16384,1469,57620,4,1.000000,0.000000
18371,19609813260,1084015,0,0,1713,0,0.000000,16384,1548,84015,4,1.000000,0.000000
18372,19610869861,1056601,0,0,1817,0,0.000000,16384,1597,56601,4,1.000000,0.000000
18373,19611925783,1055922,0,0,1800,0,0.000000,16384,1588,55922,4,1.000000,0.000000
18374,19612982032,1056249,0,0,1816,0,0.000000,16384,1640,56249,4,1.000000,0.000000
18375,19614045678,1063646,0,0,1642,0,0.000000,16384,1466,63646,4,1.000000,0.000000
18376,19615110971,1065293,0,0,1486,0,0.000000,16384,1317,65293,4,1.000000,0.000000
18377,19616173632,1062661,0,0,1551,0,0.000000,16384,1384,62661,4,1.000000,0.000000
18378,19617232462,1058830,0,0,1555,0,0.000000,16384,1381,58830,4,1.000000,0.000000
18379,19618290409,1057947,0,0,1683,0,0.000000,16384,1521,57947,4,1.000000,0.000000
18380,19619382159,1091750,0,0,1869,0,0.000000,16384,1648,91750,4,1.000000,0.000000
18381,19620460744,1078585,0,0,1689,0,0.000000,16384,1492,78585,4,1.000000,0.000000
18382,19621518858,1058114,0,0,1656,0,0.000000,16384,1513,58114,4,1.000000,0.000000
18383,19622575844,1056986,0,0,1656,0,0.000000,16384,1437,56986,4,1.000000,0.000000
18384,19623669461,1093617,0,0,1853,0,0.000000,16384,1650,93617,4,1.000000,0.000000
18385,19624736549,1067088,0,0,1649,0,0.000000,16384,1506,67088,4,1.000000,0.000000
18386,19625799874,1063325,0,0,1810,0,0.000000,16384,1592,63325,4,1.000000,0.000000
18387,19626863356,1063482,0,0,1802,0,0.000000,16384,1582,63482,4,1.000000,0.000000
18388,19627925086,1061730,0,0,1636,0,0.000000,16384,1493,61730,4,1.000000,0.000000
18389,19628987401,1062315,0,0,1910,0,0.000000,16384,1713,62315,4,1.000000,0.000000
18390,19630049700,1062299,0,0,1878,0,0.000000,16384,1653,62299,4,1.000000,0.000000
18391,19631121397,1071697,0,0,1896,0,0.000000,16384,1677,71697,4,1.000000,0.000000
18392,19632180717,1059320,0,0,1828,0,0.000000,16384,1622,59320,4,1.000000,0.000000
18393,19633238344,1057627,0,0,1819,0,0.000000,16384,1641,57627,4,1.000000,0.000000
18394,19634296893,1058549,0,0,1675,0,0.000000,16384,1495,58549,4,1.000000,0.000000
18395,19635354624,1057731,0,0,1741,0,0.000000,16384,1521,57731,4,1.000000,0.000000
18396,19636416926,1062302,0,0,1622,0,0.000000,16384,1484,62302,4,1.000000,0.000000
18397,19637477617,1060691,0,0,1748,0,0.000000,16384,1546,60691,4,1.000000,0.000000
18398,19638534627,1057010,0,0,1816,0,0.000000,16384,1596,57010,4,1.000000,0.000000
18399,19639591764,1057137,0,0,1815,0,0.000000,16384,1629,57137,4,1.000000,0.000000
18400,19640649522,1057758,0,0,1814,0,0.000000,16384,1638,57758,4,1.000000,0.000000
18401,19641684876,1035354,0,0,1762,0,0.000000,16384,1560,35354,4,1.000000,0.000000
18402,19642748050,1063174,0,0,1777,0,0.000000,16384,1557,63174,4,1.000000,0.000000
18403,19643806798,1058748,0,0,1768,0,0.000000,16384,1596,58748,4,1.000000,0.000000
18404,19644863556,1056758,0,0,1694,0,0.000000,16384,1525,56758,4,1.000000,0.000000
18405,19645967121,1103565,0,0,1811,0,0.000000,16384,1592,103565,4,1.000000,0.000000
18406,19647034342,1067221,0,0,1523,0,0.000000,16384,1373,67221,4,1.000000,0.000000
18407,19648096844,1062502,0,0,1562,0,0.000000,16384,1376,62502,4,1.000000,0.000000
18408,19649156363,1059519,0,0,1554,0,0.000000,16384,1399,59519,4,1.000000,0.000000
18409,19650214428,1058065,0,0,1610,0,0.000000,16384,1429,58065,4,1.000000,0.000000
18410,19651272084,1057656,0,0,1646,0,0.000000,16384,1456,57656,4,1.000000,0.000000
18411,19652344156,1072072,0,0,1682,0,0.000000,16384,1532,72072,4,1.000000,0.000000
18412,19653432174,1088018,0,0,1810,0,0.000000,16384,1590,88018,4,1.000000,0.000000
18413,19654499551,1067377,0,0,1502,0,0.000000,16384,1342,67377,4,1.000000,0.000000
18414,19655593058,1093507,0,0,1685,0,0.000000,16384,1505,93507,4,1.000000,0.000000
18415,19656659201,1066143,0,0,1579,0,0.000000,16384,1387,66143,4,1.000000,0.000000
18416,19657682219,1023018,0,0,1555,0,0.000000,16384,1411,23018,4,1.000000,0.000000
18417,19658712238,1030019,0,0,1761,0,0.000000,16384,1541,30019,4,1.000000,0.000000
18418,19659776959,1064721,0,0,1808,0,0.000000,16384,1615,64721,4,1.000000,0.000000
18419,19660840689,1063730,0,0,1803,0,0.000000,16384,1629,63730,4,1.000000,0.000000
18420,19661902557,1061868,0,0,1792,0,0.000000,16384,1594,61868,4,1.000000,0.000000
18421,19662990771,1088214,0,0,1810,0,0.000000,16384,1591,88214,4,1.000000,0.000000
18422,19664054267,1063496,0,0,1767,0,0.000000,16384,1579,63496,4,1.000000,0.000000
18423,19665117728,1063461,0,0,1758,0,0.000000,16384,1593,63461,4,1.000000,0.000000
18424,19666340702,1222974,0,0,1814,0,0.000000,16384,1602,222974,4,1.000000,0.000000
18425,19667405526,1064824,0,0,1563,0,0.000000,16384,1381,64824,4,1.000000,0.000000
18426,19668464632,1059106,0,0,1633,0,0.000000,16384,1480,59106,4,1.000000,0.000000
18427,19669523335,1058703,0,0,1636,0,0.000000,16384,1416,58703,4,1.000000,0.000000
18428,19670580968,1057633,0,0,1798,0,0.000000,16384,1625,57633,4,1.000000,0.000000
18429,19671637521,1056553,0,0,1667,0,0.000000,16384,1499,56553,4,1.000000,0.000000
18430,19672712456,1074935,0,0,1928,0,0.000000,16384,1705,74935,4,1.000000,0.000000
18431,19673790257,1077801,0,0,1892,0,0.000000,16384,1672,77801,4,1.000000,0.000000
18432,19674855978,1065721,0,0,1499,0,0.000000,16384,1368,65721,4,1.000000,0.000000
18433,19675920329,1064351,0,0,1533,0,0.000000,16384,1328,64351,4,1.000000,0.000000
18434,19677038940,1118611,0,0,1459,0,0.000000,16384,1343,118611,4,1.000000,0.000000
18435,19678114237,1075297,0,0,1402,0,0.000000,16384,1219,75297,4,1.000000,0.000000
18436,19679541894,1427657,0,0,1853,0,0.000000,16384,1669,427657,4,1.000000,0.000000
18437,19680618619,1076725,0,0,1375,0,0.000000,16384,1193,76725,4,1.000000,0.000000
18438,19681691171,1072552,0,0,1363,0,0.000000,16384,1239,72552,4,1.000000,0.000000
18439,19682765925,1074754,0,0,1380,0,0.000000,16384,1237,74754,4,1.000000,0.000000
18440,19683841289,1075364,0,0,1359,0,0.000000,16384,1181,75364,4,1.000000,0.000000
18441,19684939189,1097900,0,0,1439,0,0.000000,16384,1313,97900,4,1.000000,0.000000
18442,19686011533,1072344,0,0,1376,0,0.000000,16384,1220,72344,4,1.000000,0.000000
18443,19687168864,1157331,0,0,1492,0,0.000000,16384,1316,157331,4,1.000000,0.000000
18444,19688244120,1075256,0,0,1428,0,0.000000,16384,1301,75256,4,1.000000,0.000000
18445,19689315492,1071372,0,0,1468,0,0.000000,16384,1268,71372,4,1.000000,0.000000
18446,19690379026,1063534,0,0,1517,0,0.000000,16384,1392,63534,4,1.000000,0.000000
18447,19691415892,1036866,0,0,1467,0,0.000000,16384,1276,36866,4,1.000000,0.000000
18448,19692480704,1064812,0,0,1595,0,0.000000,16384,1450,64812,4,1.000000,0.000000
18449,19693542984,1062280,0,0,1602,0,0.000000,16384,1388,62280,4,1.000000,0.000000
18450,19694607552,1064568,0,0,1505,0,0.000000,16384,1383,64568,4,1.000000,0.000000
18451,19695682945,1075393,0,0,1498,0,0.000000,16384,1300,75393,4,1.000000,0.000000
18452,19696748853,1065908,0,0,1427,0,0.000000,16384,1289,65908,4,1.000000,0.000000
18453,19697813097,1064244,0,0,1505,0,0.000000,16384,1338,64244,4,1.000000,0.000000
18454,19698875120,1062023,0,0,1526,0,0.000000,16384,1361,62023,4,1.000000,0.000000
18455,19699935963,1060843,0,0,1514,0,0.000000,16384,1351,60843,4,1.000000,0.000000
18456,19701002903,1066940,0,0,1487,0,0.000000,16384,1314,66940,4,1.000000,0.000000
18457,19702068261,1065358,0,0,1497,0,0.000000,16384,1354,65358,4,1.000000,0.000000
18458,19703132003,1063742,0,0,1479,0,0.000000,16384,1286,63742,4,1.000000,0.000000
18459,19704245341,1113338,0,0,1629,0,0.000000,16384,1482,113338,4,1.000000,0.000000
18460,19705311713,1066372,0,0,1454,0,0.000000,16384,1265,66372,4,1.000000,0.000000
18461,19706397824,1086111,0,0,1625,0,0.000000,16384,1479,86111,4,1.000000,0.000000
18462,19707459686,1061862,0,0,1540,0,0.000000,16384,1350,61862,4,1.000000,0.000000
18463,19708521535,1061849,0,0,1515,0,0.000000,16384,1374,61849,4,1.000000,0.000000
18464,19709584960,1063425,0,0,1487,0,0.000000,16384,1292,63425,4,1.000000,0.000000
18465,19710649913,1064953,0,0,1617,0,0.000000,16384,1472,64953,4,1.000000,0.000000
18466,19711679113,1029200,0,0,1449,0,0.000000,16384,1258,29200,4,1.000000,0.000000
18467,19712744227,1065114,0,0,1421,0,0.000000,16384,1305,65114,4,1.000000,0.000000
18468,19713806948,1062721,0,0,1528,0,0.000000,16384,1330,62721,4,1.000000,0.000000
18469,19714929119,1122171,0,0,1569,0,0.000000,16384,1431,122171,4,1.000000,0.000000
18470,19715996033,1066914,0,0,1486,0,0.000000,16384,1294,66914,4,1.000000,0.000000
18471,19717102066,1106033,0,0,1551,0,0.000000,16384,1407,106033,4,1.000000,0.000000
18472,19718166300,1064234,0,0,1500,0,0.000000,16384,1315,64234,4,1.000000,0.000000
18473,19719226362,1060062,0,0,1560,0,0.000000,16384,1409,60062,4,1.000000,0.000000
18474,19720322126,1095764,0,0,1574,0,0.000000,16384,1379,95764,4,1.000000,0.000000
18475,19721388840,1066714,0,0,1478,0,0.000000,16384,1336,66714,4,1.000000,0.000000
18476,19722451810,1062970,0,0,1521,0,0.000000,16384,1344,62970,4,1.000000,0.000000
18477,19723517234,1065424,0,0,1506,0,0.000000,16384,1348,65424,4,1.000000,0.000000
18478,19724579114,1061880,0,0,1530,0,0.000000,16384,1361,61880,4,1.000000,0.000000
18479,19725641139,1062025,0,0,1599,0,0.000000,16384,1432,62025,4,1.000000,0.000000
18480,19726673684,1032545,0,0,1574,0,0.000000,16384,1387,32545,4,1.000000,0.000000
18481,19727762417,1088733,0,0,1547,0,0.000000,16384,1398,88733,4,1.000000,0.000000
18482,19728826700,1064283,0,0,1404,0,0.000000,16384,1243,64283,4,1.000000,0.000000
18483,19729892249,1065549,0,0,1509,0,0.000000,16384,1338,65549,4,1.000000,0.000000
18484,19730953921,1061672,0,0,1517,0,0.000000,16384,1365,61672,4,1.000000,0.000000
18485,19732013826,1059905,0,0,1544,0,0.000000,16384,1360,59905,4,1.000000,0.000000
18486,19733073831,1060005,0,0,1607,0,0.000000,16384,1441,60005,4,1.000000,0.000000
18487,19734133348,1059517,0,0,1563,0,0.000000,16384,1391,59517,4,1.000000,0.000000
18488,19735195812,1062464,0,0,1513,0,0.000000,16384,1351,62464,4,1.000000,0.000000
18489,19736273631,1077819,0,0,1547,0,0.000000,16384,1375,77819,4,1.000000,0.000000
18490,19737339242,1065611,0,0,1450,0,0.000000,16384,1303,65611,4,1.000000,0.000000
18491,19738426005,1086763,0,0,1511,0,0.000000,16384,1322,86763,4,1.000000,0.000000
18492,19739491947,1065942,0,0,1522,0,0.000000,16384,1385,65942,4,1.000000,0.000000
18493,19740555212,1063265,0,0,1517,0,0.000000,16384,1318,63265,4,1.000000,0.000000
18494,19741620623,1065411,0,0,1508,0,0.000000,16384,1383,65411,4,1.000000,0.000000
18495,19742679891,1059268,0,0,1480,0,0.000000,16384,1278,59268,4,1.000000,0.000000
18496,19743743913,1064022,0,0,1490,0,0.000000,16384,1365,64022,4,1.000000,0.000000
18497,19744801069,1057156,0,0,1340,0,0.000000,16384,1180,57156,4,1.000000,0.000000
18498,19745866092,1065023,0,0,1541,0,0.000000,16384,1368,65023,4,1.000000,0.000000
18499,19746926478,1060386,0,0,1588,0,0.000000,16384,1416,60386,4,1.000000,0.000000
18500,19747987101,1060623,0,0,1521,0,0.000000,16384,1358,60623,4,1.000000,0.000000
18501,19749073575,1086474,0,0,1540,0,0.000000,16384,1371,86474,4,1.000000,0.000000
18502,19750134647,1061072,0,0,1547,0,0.000000,16384,1378,61072,4,1.000000,0.000000
18503,19751204290,1069643,0,0,1547,0,0.000000,16384,1378,69643,4,1.000000,0.000000
18504,19752273588,1069298,0,0,1441,0,0.000000,16384,1276,69298,4,1.000000,0.000000
18505,19753342864,1069276,0,0,1486,0,0.000000,16384,1347,69276,4,1.000000,0.000000
18506,19754407932,1065068,0,0,1509,0,0.000000,16384,1311,65068,4,1.000000,0.000000
18507,19755471618,1063686,0,0,1514,0,0.000000,16384,1388,63686,4,1.000000,0.000000
18508,19756533970,1062352,0,0,1499,0,0.000000,16384,1292,62352,4,1.000000,0.000000
18509,19757598151,1064181,0,0,1498,0,0.000000,16384,1380,64181,4,1.000000,0.000000
18510,19758661320,1063169,0,0,1506,0,0.000000,16384,1305,63169,4,1.000000,0.000000
18511,19759772913,1111593,0,0,1566,0,0.000000,16384,1431,111593,4,1.000000,0.000000
18512,19760838115,1065202,0,0,1488,0,0.000000,16384,1293,65202,4,1.000000,0.000000
18513,19761900545,1062430,0,0,1528,0,0.000000,16384,1387,62430,4,1.000000,0.000000
18514,19762965076,1064531,0,0,1470,0,0.000000,16384,1248,64531,4,1.000000,0.000000
18515,19764029863,1064787,0,0,1560,0,0.000000,16384,1380,64787,4,1.000000,0.000000
18516,19765091975,1062112,0,0,1541,0,0.000000,16384,1386,62112,4,1.000000,0.000000
18517,19766156592,1064617,0,0,1525,0,0.000000,16384,1347,64617,4,1.000000,0.000000
18518,19767220909,1064317,0,0,1529,0,0.000000,16384,1371,64317,4,1.000000,0.000000
18519,19768281585,1060676,0,0,1560,0,0.000000,16384,1381,60676,4,1.000000,0.000000
18520,19769341045,1059460,0,0,1560,0,0.000000,16384,1403,59460,4,1.000000,0.000000
18521,19770421106,1080061,0,0,1590,0,0.000000,16384,1398,80061,4,1.000000,0.000000
18522,19771480602,1059496,0,0,1559,0,0.000000,16384,1415,59496,4,1.000000,0.000000
18523,19772538260,1057658,0,0,1557,0,0.000000,16384,1358,57658,4,1.000000,0.000000
18524,19773596955,1058695,0,0,1551,0,0.000000,16384,1414,58695,4,1.000000,0.000000
18525,19774657710,1060755,0,0,1583,0,0.000000,16384,1375,60755,4,1.000000,0.000000
18526,19775672371,1014661,0,0,1590,0,0.000000,16384,1460,14661,4,1.000000,0.000000
18527,19776733670,1061299,0,0,1461,0,0.000000,16384,1261,61299,4,1.000000,0.000000
18528,19777795469,1061799,0,0,1611,0,0.000000,16384,1477,61799,4,1.000000,0.000000
18529,19778854139,1058670,0,0,1650,0,0.000000,16384,1430,58670,4,1.000000,0.000000
18530,19779913420,1059281,0,0,1562,0,0.000000,16384,1420,59281,4,1.000000,0.000000
18531,19780990631,1077211,0,0,1695,0,0.000000,16384,1497,77211,4,1.000000,0.000000
18532,19782049012,1058381,0,0,1659,0,0.000000,16384,1466,58381,4,1.000000,0.000000
18533,19783108273,1059261,0,0,1643,0,0.000000,16384,1500,59261,4,1.000000,0.000000
18534,19784165460,1057187,0,0,1657,0,0.000000,16384,1437,57187,4,1.000000,0.000000
18535,19785221537,1056077,0,0,1662,0,0.000000,16384,1501,56077,4,1.000000,0.000000
18536,19786278031,1056494,0,0,1657,0,0.000000,16384,1478,56494,4,1.000000,0.000000
18537,19787337671,1059640,0,0,1545,0,0.000000,16384,1365,59640,4,1.000000,0.000000
18538,19788397970,1060299,0,0,1553,0,0.000000,16384,1397,60299,4,1.000000,0.000000
18539,19789455996,1058026,0,0,1573,0,0.000000,16384,1384,58026,4,1.000000,0.000000
18540,19790513188,1057192,0,0,1660,0,0.000000,16384,1513,57192,4,1.000000,0.000000
18541,19791582697,1069509,0,0,1676,0,0.000000,16384,1456,69509,4,1.000000,0.000000
18542,19792646458,1063761,0,0,1511,0,0.000000,16384,1376,63761,4,1.000000,0.000000
18543,19793672561,1026103,0,0,1501,0,0.000000,16384,1300,26103,4,1.000000,0.000000
18544,19794731716,1059155,0,0,1546,0,0.000000,16384,1419,59155,4,1.000000,0.000000
18545,19795792516,1060800,0,0,1577,0,0.000000,16384,1368,60800,4,1.000000,0.000000
18546,19796852082,1059566,0,0,1646,0,0.000000,16384,1491,59566,4,1.000000,0.000000
18547,19797916239,1064157,0,0,1600,0,0.000000,16384,1419,64157,4,1.000000,0.000000
18548,19798980110,1063871,0,0,1537,0,0.000000,16384,1372,63871,4,1.000000,0.000000
18549,19800039075,1058965,0,0,1652,0,0.000000,16384,1477,58965,4,1.000000,0.000000
18550,19801096768,1057693,0,0,1616,0,0.000000,16384,1418,57693,4,1.000000,0.000000
18551,19802179157,1082389,0,0,1695,0,0.000000,16384,1543,82389,4,1.000000,0.000000
18552,19803239431,1060274,0,0,1644,0,0.000000,16384,1438,60274,4,1.000000,0.000000
18553,19804299526,1060095,0,0,1636,0,0.000000,16384,1467,60095,4,1.000000,0.000000
18554,19805357513,1057987,0,0,1659,0,0.000000,16384,1488,57987,4,1.000000,0.000000
18555,19806420569,1063056,0,0,1537,0,0.000000,16384,1350,63056,4,1.000000,0.000000
18556,19807481757,1061188,0,0,1557,0,0.000000,16384,1408,61188,4,1.000000,0.000000
18557,19808540561,1058804,0,0,1557,0,0.000000,16384,1363,58804,4,1.000000,0.000000
18558,19809598797,1058236,0,0,1551,0,0.000000,16384,1409,58236,4,1.000000,0.000000
18559,19810657068,1058271,0,0,1648,0,0.000000,16384,1431,58271,4,1.000000,0.000000
18560,19811673921,1016853,0,0,1593,0,0.000000,16384,1461,16853,4,1.000000,0.000000
18561,19812759565,1085644,0,0,1698,0,0.000000,16384,1491,85644,4,1.000000,0.000000
18562,19813816651,1057086,0,0,1665,0,0.000000,16384,1481,57086,4,1.000000,0.000000
18563,19814875718,1059067,0,0,1632,0,0.000000,16384,1476,59067,4,1.000000,0.000000
18564,19816022867,1147149,0,0,1690,0,0.000000,16384,1470,147149,4,1.000000,0.000000
18565,19817087074,1064207,0,0,1567,0,0.000000,16384,1434,64207,4,1.000000,0.000000
18566,19818154019,1066945,0,0,1528,0,0.000000,16384,1325,66945,4,1.000000,0.000000
18567,19819217406,1063387,0,0,1535,0,0.000000,16384,1406,63387,4,1.000000,0.000000
18568,19820276163,1058757,0,0,1617,0,0.000000,16384,1410,58757,4,1.000000,0.000000
18569,19821332744,1056581,0,0,1659,0,0.000000,16384,1491,56581,4,1.000000,0.000000
18570,19822389645,1056901,0,0,1590,0,0.000000,16384,1417,56901,4,1.000000,0.000000
18571,19823468113,1078468,0,0,1577,0,0.000000,16384,1398,78468,4,1.000000,0.000000
18572,19824525112,1056999,0,0,1642,0,0.000000,16384,1486,56999,4,1.000000,0.000000
18573,19825582507,1057395,0,0,1649,0,0.000000,16384,1429,57395,4,1.000000,0.000000
18574,19826640629,1058122,0,0,1661,0,0.000000,16384,1514,58122,4,1.000000,0.000000
18575,19827673727,1033098,0,0,1622,0,0.000000,16384,1433,33098,4,1.000000,0.000000
18576,19828732787,1059060,0,0,1602,0,0.000000,16384,1427,59060,4,1.000000,0.000000
18577,19829794262,1061475,0,0,1607,0,0.000000,16384,1442,61475,4,1.000000,0.000000
18578,19830855804,1061542,0,0,1611,0,0.000000,16384,1414,61542,4,1.000000,0.000000
18579,19831915001,1059197,0,0,1560,0,0.000000,16384,1421,59197,4,1.000000,0.000000
18580,19832973152,1058151,0,0,1555,0,0.000000,16384,1351,58151,4,1.000000,0.000000
18581,19834047518,1074366,0,0,1560,0,0.000000,16384,1428,74366,4,1.000000,0.000000
18582,19835110074,1062556,0,0,1566,0,0.000000,16384,1353,62556,4,1.000000,0.000000
18583,19836169418,1059344,0,0,1663,0,0.000000,16384,1518,59344,4,1.000000,0.000000
18584,19837226943,1057525,0,0,1658,0,0.000000,16384,1460,57525,4,1.000000,0.000000
18585,19838284724,1057781,0,0,1657,0,0.000000,16384,1473,57781,4,1.000000,0.000000
18586,19839342009,1057285,0,0,1662,0,0.000000,16384,1506,57285,4,1.000000,0.000000
18587,19840398590,1056581,0,0,1651,0,0.000000,16384,1431,56581,4,1.000000,0.000000
18588,19841455126,1056536,0,0,1659,0,0.000000,16384,1509,56536,4,1.000000,0.000000
18589,19842515909,1060783,0,0,1501,0,0.000000,16384,1315,60783,4,1.000000,0.000000
18590,19843577640,1061731,0,0,1646,0,0.000000,16384,1483,61731,4,1.000000,0.000000
18591,19844653070,1075430,0,0,1608,0,0.000000,16384,1431,75430,4,1.000000,0.000000
18592,19845673245,1020175,0,0,1595,0,0.000000,16384,1413,20175,4,1.000000,0.000000
18593,19846731495,1058250,0,0,1657,0,0.000000,16384,1503,58250,4,1.000000,0.000000
18594,19847788294,1056799,0,0,1656,0,0.000000,16384,1436,56799,4,1.000000,0.000000
18595,19848844663,1056369,0,0,1659,0,0.000000,16384,1506,56369,4,1.000000,0.000000
18596,19849900993,1056330,0,0,1664,0,0.000000,16384,1477,56330,4,1.000000,0.000000
18597,19850957211,1056218,0,0,1663,0,0.000000,16384,1466,56218,4,1.000000,0.000000
18598,19852012992,1055781,0,0,1639,0,0.000000,16384,1500,55781,4,1.000000,0.000000
18599,19853071112,1058120,0,0,1611,0,0.000000,16384,1391,58120,4,1.000000,0.000000
18600,19854128761,1057649,0,0,1662,0,0.000000,16384,1506,57649,4,1.000000,0.000000
18601,19855197569,1068808,0,0,1643,0,0.000000,16384,1459,68808,4,1.000000,0.000000
18602,19856256740,1059171,0,0,1665,0,0.000000,16384,1468,59171,4,1.000000,0.000000
18603,19857314685,1057945,0,0,1628,0,0.000000,16384,1489,57945,4,1.000000,0.000000
18604,19858371184,1056499,0,0,1661,0,0.000000,16384,1441,56499,4,1.000000,0.000000
18605,19859427795,1056611,0,0,1664,0,0.000000,16384,1501,56611,4,1.000000,0.000000
18606,19860484925,1057130,0,0,1664,0,0.000000,16384,1487,57130,4,1.000000,0.000000
18607,19861541315,1056390,0,0,1662,0,0.000000,16384,1454,56390,4,1.000000,0.000000
18608,19862597522,1056207,0,0,1662,0,0.000000,16384,1517,56207,4,1.000000,0.000000
18609,19863653798,1056276,0,0,1662,0,0.000000,16384,1459,56276,4,1.000000,0.000000
18610,19864670571,1016773,0,0,1724,0,0.000000,16384,1530,16773,4,1.000000,0.000000
18611,19865753132,1082561,0,0,1852,0,0.000000,16384,1669,82561,4,1.000000,0.000000
18612,19866810575,1057443,0,0,1817,0,0.000000,16384,1630,57443,4,1.000000,0.000000
18613,19867872288,1061713,0,0,1749,0,0.000000,16384,1528,61713,4,1.000000,0.000000
18614,19868933665,1061377,0,0,1660,0,0.000000,16384,1491,61377,4,1.000000,0.000000
18615,19869991750,1058085,0,0,1829,0,0.000000,16384,1651,58085,4,1.000000,0.000000
18616,19871048421,1056671,0,0,1816,0,0.000000,16384,1600,56671,4,1.000000,0.000000
18617,19872112048,1063627,0,0,1735,0,0.000000,16384,1521,63627,4,1.000000,0.000000
18618,19873174233,1062185,0,0,1566,0,0.000000,16384,1442,62185,4,1.000000,0.000000
18619,19874233044,1058811,0,0,1666,0,0.000000,16384,1448,58811,4,1.000000,0.000000
18620,19875292508,1059464,0,0,1637,0,0.000000,16384,1474,59464,4,1.000000,0.000000
18621,19876369125,1076617,0,0,1692,0,0.000000,16384,1515,76617,4,1.000000,0.000000
18622,19877427061,1057936,0,0,1653,0,0.000000,16384,1441,57936,4,1.000000,0.000000
18623,19878488173,1061112,0,0,1555,0,0.000000,16384,1431,61112,4,1.000000,0.000000
18624,19879548276,1060103,0,0,1555,0,0.000000,16384,1337,60103,4,1.000000,0.000000
18625,19880606726,1058450,0,0,1621,0,0.000000,16384,1485,58450,4,1.000000,0.000000
18626,19881664237,1057511,0,0,1750,0,0.000000,16384,1544,57511,4,1.000000,0.000000
18627,19882727710,1063473,0,0,1782,0,0.000000,16384,1562,63473,4,1.000000,0.000000
18628,19883785790,1058080,0,0,1753,0,0.000000,16384,1590,58080,4,1.000000,0.000000
18629,19884843521,1057731,0,0,1661,0,0.000000,16384,1484,57731,4,1.000000,0.000000
18630,19885909479,1065958,0,0,1639,0,0.000000,16384,1437,65958,4,1.000000,0.000000
18631,19886995043,1085564,0,0,1532,0,0.000000,16384,1398,85564,4,1.000000,0.000000
18632,19888055707,1060664,0,0,1549,0,0.000000,16384,1348,60664,4,1.000000,0.000000
18633,19889113467,1057760,0,0,1618,0,0.000000,16384,1483,57760,4,1.000000,0.000000
18634,19890171218,1057751,0,0,1594,0,0.000000,16384,1374,57751,4,1.000000,0.000000
18635,19891229698,1058480,0,0,1608,0,0.000000,16384,1467,58480,4,1.000000,0.000000
18636,19892288004,1058306,0,0,1583,0,0.000000,16384,1388,58306,4,1.000000,0.000000
18637,19893346162,1058158,0,0,1664,0,0.000000,16384,1490,58158,4,1.000000,0.000000
18638,19894408265,1062103,0,0,1526,0,0.000000,16384,1361,62103,4,1.000000,0.000000
18639,19895472336,1064071,0,0,1570,0,0.000000,16384,1397,64071,4,1.000000,0.000000
18640,19896534575,1062239,0,0,1545,0,0.000000,16384,1381,62239,4,1.000000,0.000000
18641,19897617613,1083038,0,0,1569,0,0.000000,16384,1391,83038,4,1.000000,0.000000
18642,19898673263,1055650,0,0,1640,0,0.000000,16384,1482,55650,4,1.000000,0.000000
18643,19899731617,1058354,0,0,1648,0,0.000000,16384,1428,58354,4,1.000000,0.000000
18644,19900789088,1057471,0,0,1667,0,0.000000,16384,1522,57471,4,1.000000,0.000000
18645,19901881871,1092783,0,0,1617,0,0.000000,16384,1426,92783,4,1.000000,0.000000
18646,19902949316,1067445,0,0,1439,0,0.000000,16384,1299,67445,4,1.000000,0.000000
18647,19904012052,1062736,0,0,1558,0,0.000000,16384,1362,62736,4,1.000000,0.000000
18648,19905071200,1059148,0,0,1562,0,0.000000,16384,1415,59148,4,1.000000,0.000000
18649,19906129710,1058510,0,0,1557,0,0.000000,16384,1368,58510,4,1.000000,0.000000
18650,19907190214,1060504,0,0,1556,0,0.000000,16384,1403,60504,4,1.000000,0.000000
18651,19908270133,1079919,0,0,1588,0,0.000000,16384,1404,79919,4,1.000000,0.000000
18652,19909333750,1063617,0,0,1553,0,0.000000,16384,1390,63617,4,1.000000,0.000000
18653,19910400463,1066713,0,0,1496,0,0.000000,16384,1324,66713,4,1.000000,0.000000
18654,19911462785,1062322,0,0,1535,0,0.000000,16384,1381,62322,4,1.000000,0.000000
18655,19912523216,1060431,0,0,1555,0,0.000000,16384,1373,60431,4,1.000000,0.000000
18656,19913582266,1059050,0,0,1557,0,0.000000,16384,1398,59050,4,1.000000,0.000000
18657,19914642051,1059785,0,0,1561,0,0.000000,16384,1383,59785,4,1.000000,0.000000
18658,19915677728,1035677,0,0,1494,0,0.000000,16384,1342,35677,4,1.000000,0.000000
18659,19916741948,1064220,0,0,1494,0,0.000000,16384,1311,64220,4,1.000000,0.000000
18660,19917804789,1062841,0,0,1550,0,0.000000,16384,1405,62841,4,1.000000,0.000000
18661,19918910425,1105636,0,0,1547,0,0.000000,16384,1356,105636,4,1.000000,0.000000
18662,19919972213,1061788,0,0,1562,0,0.000000,16384,1412,61788,4,1.000000,0.000000
18663,19921030699,1058486,0,0,1558,0,0.000000,16384,1372,58486,4,1.000000,0.000000
18664,19922088362,1057663,0,0,1557,0,0.000000,16384,1400,57663,4,1.000000,0.000000
18665,19923147302,1058940,0,0,1541,0,0.000000,16384,1362,58940,4,1.000000,0.000000
18666,19924216320,1069018,0,0,1489,0,0.000000,16384,1343,69018,4,1.000000,0.000000
18667,19925320301,1103981,0,0,1604,0,0.000000,16384,1414,103981,4,1.000000,0.000000
18668,19926380357,1060056,0,0,1550,0,0.000000,16384,1390,60056,4,1.000000,0.000000
18669,19927438621,1058264,0,0,1555,0,0.000000,16384,1379,58264,4,1.000000,0.000000
18670,19928496715,1058094,0,0,1558,0,0.000000,16384,1392,58094,4,1.000000,0.000000
18671,19929576336,1079621,0,0,1612,0,0.000000,16384,1438,79621,4,1.000000,0.000000
18672,19930636968,1060632,0,0,1653,0,0.000000,16384,1454,60632,4,1.000000,0.000000
18673,19931672394,1035426,0,0,1625,0,0.000000,16384,1487,35426,4,1.000000,0.000000
18674,19932734247,1061853,0,0,1465,0,0.000000,16384,1267,61853,4,1.000000,0.000000
18675,19933796690,1062443,0,0,1565,0,0.000000,16384,1428,62443,4,1.000000,0.000000
18676,19934854748,1058058,0,0,1554,0,0.000000,16384,1348,58058,4,1.000000,0.000000
18677,19935913993,1059245,0,0,1632,0,0.000000,16384,1492,59245,4,1.000000,0.000000
18678,19936974883,1060890,0,0,1544,0,0.000000,16384,1334,60890,4,1.000000,0.000000
18679,19938033549,1058666,0,0,1624,0,0.000000,16384,1482,58666,4,1.000000,0.000000
18680,19939091522,1057973,0,0,1661,0,0.000000,16384,1467,57973,4,1.000000,0.000000
18681,19940169548,1078026,0,0,1597,0,0.000000,16384,1420,78026,4,1.000000,0.000000
18682,19941232868,1063320,0,0,1521,0,0.000000,16384,1358,63320,4,1.000000,0.000000
18683,19942265211,1032343,0,0,1494,0,0.000000,16384,1335,32343,4,1.000000,0.000000
18684,19943327470,1062259,0,0,1554,0,0.000000,16384,1380,62259,4,1.000000,0.000000
18685,19944387796,1060326,0,0,1558,0,0.000000,16384,1390,60326,4,1.000000,0.000000
18686,19945446986,1059190,0,0,1558,0,0.000000,16384,1387,59190,4,1.000000,0.000000
18687,19946506305,1059319,0,0,1557,0,0.000000,16384,1386,59319,4,1.000000,0.000000
18688,19947563716,1057411,0,0,1552,0,0.000000,16384,1387,57411,4,1.000000,0.000000
18689,19948626729,1063013,0,0,1458,0,0.000000,16384,1302,63013,4,1.000000,0.000000
18690,19949676855,1050126,0,0,1512,0,0.000000,16384,1336,50126,4,1.000000,0.000000
18691,19950762896,1086041,0,0,1573,0,0.000000,16384,1413,86041,4,1.000000,0.000000
18692,19951824219,1061323,0,0,1553,0,0.000000,16384,1377,61323,4,1.000000,0.000000
18693,19952882853,1058634,0,0,1572,0,0.000000,16384,1404,58634,4,1.000000,0.000000
18694,19953941415,1058562,0,0,1622,0,0.000000,16384,1450,58562,4,1.000000,0.000000
18695,19954999616,1058201,0,0,1661,0,0.000000,16384,1457,58201,4,1.000000,0.000000
18696,19956064826,1065210,0,0,1538,0,0.000000,16384,1406,65210,4,1.000000,0.000000
18697,19957129315,1064489,0,0,1546,0,0.000000,16384,1342,64489,4,1.000000,0.000000
18698,19958190450,1061135,0,0,1673,0,0.000000,16384,1525,61135,4,1.000000,0.000000
18699,19959248644,1058194,0,0,1665,0,0.000000,16384,1461,58194,4,1.000000,0.000000
18700,19960306638,1057994,0,0,1667,0,0.000000,16384,1486,57994,4,1.000000,0.000000
18701,19961384003,1077365,0,0,1686,0,0.000000,16384,1527,77365,4,1.000000,0.000000
18702,19962441187,1057184,0,0,1657,0,0.000000,16384,1437,57184,4,1.000000,0.000000
18703,19963507040,1065853,0,0,1650,0,0.000000,16384,1497,65853,4,1.000000,0.000000
18704,19964571803,1064763,0,0,1450,0,0.000000,16384,1267,64763,4,1.000000,0.000000
18705,19965634487,1062684,0,0,1645,0,0.000000,16384,1491,62684,4,1.000000,0.000000
18706,19966673767,1039280,0,0,1622,0,0.000000,16384,1438,39280,4,1.000000,0.000000
18707,19967732504,1058737,0,0,1648,0,0.000000,16384,1459,58737,4,1.000000,0.000000
18708,19968790155,1057651,0,0,1635,0,0.000000,16384,1485,57651,4,1.000000,0.000000
18709,19969847787,1057632,0,0,1653,0,0.000000,16384,1434,57632,4,1.000000,0.000000
18710,19970904857,1057070,0,0,1658,0,0.000000,16384,1506,57070,4,1.000000,0.000000
18711,19971995027,1090170,0,0,1702,0,0.000000,16384,1514,90170,4,1.000000,0.000000
18712,19973054168,1059141,0,0,1640,0,0.000000,16384,1440,59141,4,1.000000,0.000000
18713,19974117089,1062921,0,0,1594,0,0.000000,16384,1458,62921,4,1.000000,0.000000
18714,19975180201,1063112,0,0,1543,0,0.000000,16384,1332,63112,4,1.000000,0.000000
18715,19976243759,1063558,0,0,1542,0,0.000000,16384,1417,63558,4,1.000000,0.000000
18716,19977304621,1060862,0,0,1557,0,0.000000,16384,1343,60862,4,1.000000,0.000000
18717,19978363114,1058493,0,0,1607,0,0.000000,16384,1473,58493,4,1.000000,0.000000
18718,19979422065,1058951,0,0,1664,0,0.000000,16384,1456,58951,4,1.000000,0.000000
18719,19980485154,1063089,0,0,1527,0,0.000000,16384,1378,63089,4,1.000000,0.000000
18720,19981545757,1060603,0,0,1627,0,0.000000,16384,1440,60603,4,1.000000,0.000000
18721,19982622408,1076651,0,0,1687,0,0.000000,16384,1492,76651,4,1.000000,0.000000
18722,19983675809,1053401,0,0,1615,0,0.000000,16384,1469,53401,4,1.000000,0.000000
18723,19984736919,1061110,0,0,1652,0,0.000000,16384,1433,61110,4,1.000000,0.000000
18724,19985798938,1062019,0,0,1587,0,0.000000,16384,1449,62019,4,1.000000,0.000000
18725,19986859937,1060999,0,0,1644,0,0.000000,16384,1446,60999,4,1.000000,0.000000
18726,19987923831,1063894,0,0,1622,0,0.000000,16384,1447,63894,4,1.000000,0.000000
18727,19988988933,1065102,0,0,1485,0,0.000000,16384,1324,65102,4,1.000000,0.000000
18728,19990053539,1064606,0,0,1533,0,0.000000,16384,1371,64606,4,1.000000,0.000000
18729,19991113991,1060452,0,0,1566,0,0.000000,16384,1391,60452,4,1.000000,0.000000
18730,19992173157,1059166,0,0,1611,0,0.000000,16384,1432,59166,4,1.000000,0.000000
18731,19993254571,1081414,0,0,1585,0,0.000000,16384,1425,81414,4,1.000000,0.000000
18732,19994313719,1059148,0,0,1550,0,0.000000,16384,1364,59148,4,1.000000,0.000000
18733,19995375671,1061952,0,0,1542,0,0.000000,16384,1319,61952,4,1.000000,0.000000
18734,19996438767,1063096,0,0,1538,0,0.000000,16384,1387,63096,4,1.000000,0.000000
18735,19997498714,1059947,0,0,1641,0,0.000000,16384,1437,59947,4,1.000000,0.000000
18736,19998561149,1062435,0,0,1658,0,0.000000,16384,1514,62435,4,1.000000,0.000000
18737,19999625169,1064020,0,0,1534,0,0.000000,16384,1326,64020,4,1.000000,0.000000
18738,20000673121,1047952,0,0,1535,0,0.000000,16384,1410,47952,4,1.000000,0.000000
18739,20001731410,1058289,0,0,1547,0,0.000000,16384,1336,58289,4,1.000000,0.000000
18740,20002788902,1057492,0,0,1659,0,0.000000,16384,1509,57492,4,1.000000,0.000000
18741,20003865086,1076184,0,0,1681,0,0.000000,16384,1491,76184,4,1.000000,0.000000
18742,20004922596,1057510,0,0,1665,0,0.000000,16384,1467,57510,4,1.000000,0.000000
18743,20005979618,1057022,0,0,1662,0,0.000000,16384,1517,57022,4,1.000000,0.000000
18744,20007037127,1057509,0,0,1596,0,0.000000,16384,1383,57509,4,1.000000,0.000000
18745,20008096767,1059640,0,0,1668,0,0.000000,16384,1509,59640,4,1.000000,0.000000
18746,20009180987,1084220,0,0,1651,0,0.000000,16384,1470,84220,4,1.000000,0.000000
18747,20010238945,1057958,0,0,1652,0,0.000000,16384,1453,57958,4,1.000000,0.000000
18748,20011296084,1057139,0,0,1665,0,0.000000,16384,1518,57139,4,1.000000,0.000000
18749,20012352834,1056750,0,0,1662,0,0.000000,16384,1452,56750,4,1.000000,0.000000
18750,20013409466,1056632,0,0,1661,0,0.000000,16384,1488,56632,4,1.000000,0.000000
18751,20014474864,1065398,0,0,1677,0,0.000000,16384,1510,65398,4,1.000000,0.000000
18752,20015534205,1059341,0,0,1625,0,0.000000,16384,1413,59341,4,1.000000,0.000000
18753,20016593621,1059416,0,0,1662,0,0.000000,16384,1517,59416,4,1.000000,0.000000
18754,20017655036,1061415,0,0,1528,0,0.000000,16384,1329,61415,4,1.000000,0.000000
18755,20018671143,1016107,0,0,1590,0,0.000000,16384,1446,16107,4,1.000000,0.000000
18756,20019727879,1056736,0,0,1662,0,0.000000,16384,1470,56736,4,1.000000,0.000000
18757,20020786592,1058713,0,0,1588,0,0.000000,16384,1411,58713,4,1.000000,0.000000
18758,20021844011,1057419,0,0,1608,0,0.000000,16384,1445,57419,4,1.000000,0.000000
18759,20022901987,1057976,0,0,1637,0,0.000000,16384,1431,57976,4,1.000000,0.000000
18760,20023960770,1058783,0,0,1692,0,0.000000,16384,1541,58783,4,1.000000,0.000000
18761,20025043317,1082547,0,0,1839,0,0.000000,16384,1636,82547,4,1.000000,0.000000
18762,20026101589,1058272,0,0,1810,0,0.000000,16384,1590,58272,4,1.000000,0.000000
18763,20027158217,1056628,0,0,1815,0,0.000000,16384,1613,56628,4,1.000000,0.000000
18764,20028214093,1055876,0,0,1770,0,0.000000,16384,1604,55876,4,1.000000,0.000000
18765,20029270053,1055960,0,0,1732,0,0.000000,16384,1536,55960,4,1.000000,0.000000
18766,20030328590,1058537,0,0,1636,0,0.000000,16384,1439,58537,4,1.000000,0.000000
18767,20031385758,1057168,0,0,1661,0,0.000000,16384,1516,57168,4,1.000000,0.000000
18768,20032442571,1056813,0,0,1661,0,0.000000,16384,1447,56813,4,1.000000,0.000000
18769,20033499283,1056712,0,0,1650,0,0.000000,16384,1482,56712,4,1.000000,0.000000
18770,20034555899,1056616,0,0,1659,0,0.000000,16384,1487,56616,4,1.000000,0.000000
18771,20035623334,1067435,0,0,1637,0,0.000000,16384,1431,67435,4,1.000000,0.000000
18772,20036675373,1052039,0,0,1649,0,0.000000,16384,1506,52039,4,1.000000,0.000000
18773,20037732963,1057590,0,0,1652,0,0.000000,16384,1445,57590,4,1.000000,0.000000
18774,20038789827,1056864,0,0,1665,0,0.000000,16384,1490,56864,4,1.000000,0.000000
18775,20039848058,1058231,0,0,1642,0,0.000000,16384,1477,58231,4,1.000000,0.000000
18776,20040907266,1059208,0,0,1621,0,0.000000,16384,1414,59208,4,1.000000,0.000000
18777,20041965049,1057783,0,0,1658,0,0.000000,16384,1514,57783,4,1.000000,0.000000
18778,20043022676,1057627,0,0,1643,0,0.000000,16384,1438,57627,4,1.000000,0.000000
18779,20044079631,1056955,0,0,1661,0,0.000000,16384,1486,56955,4,1.000000,0.000000
18780,20045148214,1068583,0,0,1544,0,0.000000,16384,1379,68583,4,1.000000,0.000000
18781,20046232672,1084458,0,0,1556,0,0.000000,16384,1381,84458,4,1.000000,0.000000
18782,20047293456,1060784,0,0,1548,0,0.000000,16384,1387,60784,4,1.000000,0.000000
18783,20048351988,1058532,0,0,1656,0,0.000000,16384,1457,58532,4,1.000000,0.000000
18784,20049411561,1059573,0,0,1732,0,0.000000,16384,1573,59573,4,1.000000,0.000000
18785,20050468722,1057161,0,0,1768,0,0.000000,16384,1566,57161,4,1.000000,0.000000
18786,20051524937,1056215,0,0,1782,0,0.000000,16384,1562,56215,4,1.000000,0.000000
18787,20052581223,1056286,0,0,1795,0,0.000000,16384,1616,56286,4,1.000000,0.000000
18788,20053638767,1057544,0,0,1803,0,0.000000,16384,1630,57544,4,1.000000,0.000000
18789,20054670707,1031940,0,0,1760,0,0.000000,16384,1548,31940,4,1.000000,0.000000
18790,20055735406,1064699,0,0,1629,0,0.000000,16384,1444,64699,4,1.000000,0.000000
18791,20056824857,1089451,0,0,1702,0,0.000000,16384,1550,89451,4,1.000000,0.000000
18792,20057884395,1059538,0,0,1630,0,0.000000,16384,1411,59538,4,1.000000,0.000000
18793,20058961537,1077142,0,0,1582,0,0.000000,16384,1438,77142,4,1.000000,0.000000
18794,20060022576,1061039,0,0,1521,0,0.000000,16384,1328,61039,4,1.000000,0.000000
18795,20061130817,1108241,0,0,1670,0,0.000000,16384,1505,108241,4,1.000000,0.000000
18796,20062189150,1058333,0,0,1660,0,0.000000,16384,1486,58333,4,1.000000,0.000000
18797,20063247720,1058570,0,0,1659,0,0.000000,16384,1451,58570,4,1.000000,0.000000
18798,20064305129,1057409,0,0,1666,0,0.000000,16384,1520,57409,4,1.000000,0.000000
18799,20065362052,1056923,0,0,1811,0,0.000000,16384,1605,56923,4,1.000000,0.000000
18800,20066418116,1056064,0,0,1823,0,0.000000,16384,1602,56064,4,1.000000,0.000000
18801,20067484674,1066558,0,0,1839,0,0.000000,16384,1638,66558,4,1.000000,0.000000
18802,20068540821,1056147,0,0,1824,0,0.000000,16384,1647,56147,4,1.000000,0.000000
18803,20069599678,1058857,0,0,1821,0,0.000000,16384,1636,58857,4,1.000000,0.000000
18804,20070657237,1057559,0,0,1819,0,0.000000,16384,1599,57559,4,1.000000,0.000000
18805,20071671176,1013939,0,0,1738,0,0.000000,16384,1536,13939,4,1.000000,0.000000
18806,20072728967,1057791,0,0,1816,0,0.000000,16384,1640,57791,4,1.000000,0.000000
18807,20073785626,1056659,0,0,1817,0,0.000000,16384,1631,56659,4,1.000000,0.000000
18808,20074841768,1056142,0,0,1819,0,0.000000,16384,1599,56142,4,1.000000,0.000000
18809,20075903885,1062117,0,0,1728,0,0.000000,16384,1529,62117,4,1.000000,0.000000
18810,20076965603,1061718,0,0,1637,0,0.000000,16384,1496,61718,4,1.000000,0.000000
18811,20078049580,1083977,0,0,1829,0,0.000000,16384,1605,83977,4,1.000000,0.000000
18812,20079107555,1057975,0,0,1816,0,0.000000,16384,1595,57975,4,1.000000,0.000000
18813,20080164634,1057079,0,0,1825,0,0.000000,16384,1645,57079,4,1.000000,0.000000
18814,20081222166,1057532,0,0,1808,0,0.000000,16384,1633,57532,4,1.000000,0.000000
18815,20082279013,1056847,0,0,1823,0,0.000000,16384,1615,56847,4,1.000000,0.000000
18816,20083335378,1056365,0,0,1822,0,0.000000,16384,1602,56365,4,1.000000,0.000000
18817,20084391761,1056383,0,0,1814,0,0.000000,16384,1619,56383,4,1.000000,0.000000
18818,20085451275,1059514,0,0,1817,0,0.000000,16384,1640,59514,4,1.000000,0.000000
18819,20086508254,1056979,0,0,1795,0,0.000000,16384,1603,56979,4,1.000000,0.000000
18820,20087564468,1056214,0,0,1812,0,0.000000,16384,1592,56214,4,1.000000,0.000000
18821,20088629391,1064923,0,0,1812,0,0.000000,16384,1609,64923,4,1.000000,0.000000
18822,20089673814,1044423,0,0,1771,0,0.000000,16384,1604,44423,4,1.000000,0.000000
18823,20090730187,1056373,0,0,1825,0,0.000000,16384,1631,56373,4,1.000000,0.000000
18824,20091787243,1057056,0,0,1800,0,0.000000,16384,1580,57056,4,1.000000,0.000000
18825,20092845423,1058180,0,0,1616,0,0.000000,16384,1449,58180,4,1.000000,0.000000
18826,20093902479,1057056,0,0,1812,0,0.000000,16384,1639,57056,4,1.000000,0.000000
18827,20094961734,1059255,0,0,1812,0,0.000000,16384,1588,59255,4,1.000000,0.000000
18828,20096024913,1063179,0,0,1698,0,0.000000,16384,1499,63179,4,1.000000,0.000000
18829,20097084983,1060070,0,0,1796,0,0.000000,16384,1624,60070,4,1.000000,0.000000
18830,20098143271,1058288,0,0,1822,0,0.000000,16384,1633,58288,4,1.000000,0.000000
18831,20099212239,1068968,0,0,1842,0,0.000000,16384,1622,68968,4,1.000000,0.000000
18832,20100269319,1057080,0,0,1822,0,0.000000,16384,1601,57080,4,1.000000,0.000000
18833,20101325456,1056137,0,0,1817,0,0.000000,16384,1641,56137,4,1.000000,0.000000
18834,20102382242,1056786,0,0,1802,0,0.000000,16384,1629,56786,4,1.000000,0.000000
18835,20103438734,1056492,0,0,1705,0,0.000000,16384,1491,56492,4,1.000000,0.000000
18836,20104494820,1056086,0,0,1779,0,0.000000,16384,1577,56086,4,1.000000,0.000000
18837,20105550712,1055892,0,0,1824,0,0.000000,16384,1646,55892,4,1.000000,0.000000
18838,20106606578,1055866,0,0,1822,0,0.000000,16384,1638,55866,4,1.000000,0.000000
18839,20107665373,1058795,0,0,1806,0,0.000000,16384,1586,58795,4,1.000000,0.000000
18840,20108728661,1063288,0,0,1784,0,0.000000,16384,1574,63288,4,1.000000,0.000000
18841,20109803043,1074382,0,0,1832,0,0.000000,16384,1653,74382,4,1.000000,0.000000
18842,20110862597,1059554,0,0,1809,0,0.000000,16384,1634,59554,4,1.000000,0.000000
18843,20111929855,1067258,0,0,1829,0,0.000000,16384,1605,67258,4,1.000000,0.000000
18844,20112986044,1056189,0,0,1811,0,0.000000,16384,1591,56189,4,1.000000,0.000000
18845,20114042139,1056095,0,0,1815,0,0.000000,16384,1637,56095,4,1.000000,0.000000
18846,20115099883,1057744,0,0,1794,0,0.000000,16384,1622,57744,4,1.000000,0.000000
18847,20116163391,1063508,0,0,1716,0,0.000000,16384,1506,63508,4,1.000000,0.000000
18848,20117223133,1059742,0,0,1664,0,0.000000,16384,1479,59742,4,1.000000,0.000000
18849,20118285692,1062559,0,0,1526,0,0.000000,16384,1371,62559,4,1.000000,0.000000
18850,20119346709,1061017,0,0,1708,0,0.000000,16384,1497,61017,4,1.000000,0.000000
18851,20120416337,1069628,0,0,1823,0,0.000000,16384,1645,69628,4,1.000000,0.000000
18852,20121474242,1057905,0,0,1802,0,0.000000,16384,1631,57905,4,1.000000,0.000000
18853,20122532138,1057896,0,0,1760,0,0.000000,16384,1540,57896,4,1.000000,0.000000
18854,20123590152,1058014,0,0,1645,0,0.000000,16384,1462,58014,4,1.000000,0.000000
18855,20124648805,1058653,0,0,1801,0,0.000000,16384,1629,58653,4,1.000000,0.000000
18856,20125671467,1022662,0,0,1750,0,0.000000,16384,1541,22662,4,1.000000,0.000000
18857,20126728461,1056994,0,0,1814,0,0.000000,16384,1594,56994,4,1.000000,0.000000
18858,20127785390,1056929,0,0,1824,0,0.000000,16384,1643,56929,4,1.000000,0.000000
18859,20128841433,1056043,0,0,1826,0,0.000000,16384,1648,56043,4,1.000000,0.000000
18860,20129897624,1056191,0,0,1823,0,0.000000,16384,1618,56191,4,1.000000,0.000000
18861,20130973365,1075741,0,0,1834,0,0.000000,16384,1614,75741,4,1.000000,0.000000
18862,20132029953,1056588,0,0,1824,0,0.000000,16384,1621,56588,4,1.000000,0.000000
18863,20133086032,1056079,0,0,1823,0,0.000000,16384,1646,56079,4,1.000000,0.000000
18864,20134142420,1056388,0,0,1823,0,0.000000,16384,1639,56388,4,1.000000,0.000000
18865,20135199277,1056857,0,0,1751,0,0.000000,16384,1531,56857,4,1.000000,0.000000
18866,20136257388,1058111,0,0,1737,0,0.000000,16384,1547,58111,4,1.000000,0.000000
18867,20137317085,1059697,0,0,1822,0,0.000000,16384,1644,59697,4,1.000000,0.000000
18868,20138374619,1057534,0,0,1825,0,0.000000,16384,1628,57534,4,1.000000,0.000000
18869,20139432251,1057632,0,0,1647,0,0.000000,16384,1430,57632,4,1.000000,0.000000
18870,20140490821,1058570,0,0,1712,0,0.000000,16384,1558,58570,4,1.000000,0.000000
18871,20141556600,1065779,0,0,1833,0,0.000000,16384,1645,65779,4,1.000000,0.000000
18872,20142614559,1057959,0,0,1781,0,0.000000,16384,1561,57959,4,1.000000,0.000000
18873,20143676779,1062220,0,0,1793,0,0.000000,16384,1587,62220,4,1.000000,0.000000
18874,20144734047,1057268,0,0,1664,0,0.000000,16384,1519,57268,4,1.000000,0.000000
18875,20145790781,1056734,0,0,1790,0,0.000000,16384,1577,56734,4,1.000000,0.000000
18876,20146849127,1058346,0,0,1819,0,0.000000,16384,1599,58346,4,1.000000,0.000000
18877,20147905975,1056848,0,0,1823,0,0.000000,16384,1637,56848,4,1.000000,0.000000
18878,20149012334,1106359,0,0,1909,0,0.000000,16384,1714,106359,4,1.000000,0.000000
18879,20150069763,1057429,0,0,1820,0,0.000000,16384,1637,57429,4,1.000000,0.000000
18880,20151126671,1056908,0,0,1810,0,0.000000,16384,1590,56908,4,1.000000,0.000000
18881,20152190010,1063339,0,0,1810,0,0.000000,16384,1594,63339,4,1.000000,0.000000
18882,20153246037,1056027,0,0,1823,0,0.000000,16384,1645,56027,4,1.000000,0.000000
18883,20154302924,1056887,0,0,1813,0,0.000000,16384,1637,56887,4,1.000000,0.000000
18884,20155399000,1096076,0,0,1877,0,0.000000,16384,1659,96076,4,1.000000,0.000000
18885,20156458858,1059858,0,0,1572,0,0.000000,16384,1382,59858,4,1.000000,0.000000
18886,20157518145,1059287,0,0,1806,0,0.000000,16384,1632,59287,4,1.000000,0.000000
18887,20158575484,1057339,0,0,1823,0,0.000000,16384,1627,57339,4,1.000000,0.000000
18888,20159633406,1057922,0,0,1769,0,0.000000,16384,1549,57922,4,1.000000,0.000000
18889,20160672697,1039291,0,0,1789,0,0.000000,16384,1597,39291,4,1.000000,0.000000
18890,20161729212,1056515,0,0,1825,0,0.000000,16384,1647,56515,4,1.000000,0.000000
18891,20162794818,1065606,0,0,1834,0,0.000000,16384,1640,65606,4,1.000000,0.000000
18892,20163852737,1057919,0,0,1809,0,0.000000,16384,1589,57919,4,1.000000,0.000000
18893,20164923560,1070823,0,0,1848,0,0.000000,16384,1632,70823,4,1.000000,0.000000
18894,20165979821,1056261,0,0,1825,0,0.000000,16384,1647,56261,4,1.000000,0.000000
18895,20167036620,1056799,0,0,1770,0,0.000000,16384,1600,56799,4,1.000000,0.000000
18896,20168093649,1057029,0,0,1664,0,0.000000,16384,1444,57029,4,1.000000,0.000000
18897,20169149630,1055981,0,0,1815,0,0.000000,16384,1622,55981,4,1.000000,0.000000
18898,20170209673,1060043,0,0,1745,0,0.000000,16384,1584,60043,4,1.000000,0.000000
18899,20171272480,1062807,0,0,1571,0,0.000000,16384,1364,62807,4,1.000000,0.000000
18900,20172332399,1059919,0,0,1559,0,0.000000,16384,1421,59919,4,1.000000,0.000000
18901,20173401729,1069330,0,0,1642,0,0.000000,16384,1445,69330,4,1.000000,0.000000
18902,20174459515,1057786,0,0,1773,0,0.000000,16384,1568,57786,4,1.000000,0.000000
18903,20175517472,1057957,0,0,1807,0,0.000000,16384,1633,57957,4,1.000000,0.000000
18904,20176579844,1062372,0,0,1587,0,0.000000,16384,1406,62372,4,1.000000,0.000000
18905,20177642748,1062904,0,0,1639,0,0.000000,16384,1455,62904,4,1.000000,0.000000
18906,20178672255,1029507,0,0,1610,0,0.000000,16384,1454,29507,4,1.000000,0.000000
18907,20179730976,1058721,0,0,1651,0,0.000000,16384,1436,58721,4,1.000000,0.000000
18908,20180790470,1059494,0,0,1664,0,0.000000,16384,1518,59494,4,1.000000,0.000000
18909,20181847889,1057419,0,0,1665,0,0.000000,16384,1470,57419,4,1.000000,0.000000
18910,20182920218,1072329,0,0,1570,0,0.000000,16384,1399,72329,4,1.000000,0.000000
18911,20184009283,1089065,0,0,1640,0,0.000000,16384,1471,89065,4,1.000000,0.000000
18912,20185069762,1060479,0,0,1655,0,0.000000,16384,1446,60479,4,1.000000,0.000000
18913,20186130983,1061221,0,0,1637,0,0.000000,16384,1497,61221,4,1.000000,0.000000
18914,20187189949,1058966,0,0,1663,0,0.000000,16384,1456,58966,4,1.000000,0.000000
18915,20188249792,1059843,0,0,1615,0,0.000000,16384,1447,59843,4,1.000000,0.000000
18916,20189287915,1038123,0,0,1584,0,0.000000,16384,1412,38123,4,1.000000,0.000000
18917,20190347848,1059933,0,0,1651,0,0.000000,16384,1457,59933,4,1.000000,0.000000
18918,20191405459,1057611,0,0,1663,0,0.000000,16384,1518,57611,4,1.000000,0.000000
18919,20192464403,1058944,0,0,1664,0,0.000000,16384,1447,58944,4,1.000000,0.000000
18920,20193522018,1057615,0,0,1644,0,0.000000,16384,1479,57615,4,1.000000,0.000000
18921,20194591525,1069507,0,0,1681,0,0.000000,16384,1506,69507,4,1.000000,0.000000
18922,20195648222,1056697,0,0,1662,0,0.000000,16384,1450,56697,4,1.000000,0.000000
18923,20196678019,1029797,0,0,1522,0,0.000000,16384,1398,29797,4,1.000000,0.000000
18924,20197738562,1060543,0,0,1575,0,0.000000,16384,1360,60543,4,1.000000,0.000000
18925,20198795518,1056956,0,0,1663,0,0.000000,16384,1518,56956,4,1.000000,0.000000
18926,20199852814,1057296,0,0,1662,0,0.000000,16384,1466,57296,4,1.000000,0.000000
18927,20200912651,1059837,0,0,1571,0,0.000000,16384,1401,59837,4,1.000000,0.000000
18928,20201972624,1059973,0,0,1544,0,0.000000,16384,1376,59973,4,1.000000,0.000000
18929,20203030710,1058086,0,0,1612,0,0.000000,16384,1429,58086,4,1.000000,0.000000
18930,20204087756,1057046,0,0,1576,0,0.000000,16384,1421,57046,4,1.000000,0.000000
18931,20205159441,1071685,0,0,1681,0,0.000000,16384,1466,71685,4,1.000000,0.000000
18932,20206217346,1057905,0,0,1667,0,0.000000,16384,1520,57905,4,1.000000,0.000000
18933,20207274085,1056739,0,0,1663,0,0.000000,16384,1469,56739,4,1.000000,0.000000
18934,20208330709,1056624,0,0,1660,0,0.000000,16384,1471,56624,4,1.000000,0.000000
18935,20209387849,1057140,0,0,1665,0,0.000000,16384,1514,57140,4,1.000000,0.000000
18936,20210444545,1056696,0,0,1660,0,0.000000,16384,1440,56696,4,1.000000,0.000000
18937,20211501659,1057114,0,0,1662,0,0.000000,16384,1440,57114,4,1.000000,0.000000
18938,20212558220,1056561,0,0,1663,0,0.000000,16384,1482,56561,4,1.000000,0.000000
18939,20213614684,1056464,0,0,1664,0,0.000000,16384,1506,56464,4,1.000000,0.000000
18940,20214685209,1070525,0,0,1534,0,0.000000,16384,1333,70525,4,1.000000,0.000000
18941,20215764684,1079475,0,0,1573,0,0.000000,16384,1438,79475,4,1.000000,0.000000
18942,20216826171,1061487,0,0,1527,0,0.000000,16384,1323,61487,4,1.000000,0.000000
18943,20217886958,1060787,0,0,1542,0,0.000000,16384,1410,60787,4,1.000000,0.000000
18944,20218949508,1062550,0,0,1515,0,0.000000,16384,1316,62550,4,1.000000,0.000000
18945,20220044972,1095464,0,0,1590,0,0.000000,16384,1453,95464,4,1.000000,0.000000
18946,20221106450,1061478,0,0,1547,0,0.000000,16384,1337,61478,4,1.000000,0.000000
18947,20222169932,1063482,0,0,1515,0,0.000000,16384,1389,63482,4,1.000000,0.000000
18948,20223234085,1064153,0,0,1520,0,0.000000,16384,1320,64153,4,1.000000,0.000000
18949,20224293696,1059611,0,0,1561,0,0.000000,16384,1424,59611,4,1.000000,0.000000
18950,20225351883,1058187,0,0,1556,0,0.000000,16384,1351,58187,4,1.000000,0.000000
18951,20226432393,1080510,0,0,1588,0,0.000000,16384,1458,80510,4,1.000000,0.000000
18952,20227491013,1058620,0,0,1554,0,0.000000,16384,1334,58620,4,1.000000,0.000000
18953,20228548352,1057339,0,0,1552,0,0.000000,16384,1431,57339,4,1.000000,0.000000
18954,20229607844,1059492,0,0,1573,0,0.000000,16384,1358,59492,4,1.000000,0.000000
18955,20230673747,1065903,0,0,1488,0,0.000000,16384,1372,65903,4,1.000000,0.000000
18956,20231736177,1062430,0,0,1532,0,0.000000,16384,1319,62430,4,1.000000,0.000000
18957,20232795022,1058845,0,0,1559,0,0.000000,16384,1436,58845,4,1.000000,0.000000
18958,20233852857,1057835,0,0,1555,0,0.000000,16384,1335,57835,4,1.000000,0.000000
18959,20234910873,1058016,0,0,1559,0,0.000000,16384,1435,58016,4,1.000000,0.000000
18960,20235973288,1062415,0,0,1524,0,0.000000,16384,1312,62415,4,1.000000,0.000000
18961,20237068494,1095206,0,0,1557,0,0.000000,16384,1434,95206,4,1.000000,0.000000
18962,20238128503,1060009,0,0,1558,0,0.000000,16384,1345,60009,4,1.000000,0.000000
18963,20239186897,1058394,0,0,1547,0,0.000000,16384,1419,58394,4,1.000000,0.000000
18964,20240247778,1060881,0,0,1531,0,0.000000,16384,1323,60881,4,1.000000,0.000000
18965,20241308409,1060631,0,0,1556,0,0.000000,16384,1428,60631,4,1.000000,0.000000
18966,20242366009,1057600,0,0,1553,0,0.000000,16384,1345,57600,4,1.000000,0.000000
18967,20243427582,1061573,0,0,1534,0,0.000000,16384,1405,61573,4,1.000000,0.000000
18968,20244492542,1064960,0,0,1458,0,0.000000,16384,1260,64960,4,1.000000,0.000000
18969,20245553632,1061090,0,0,1552,0,0.000000,16384,1426,61090,4,1.000000,0.000000
18970,20246612503,1058871,0,0,1556,0,0.000000,16384,1341,58871,4,1.000000,0.000000
18971,20247676650,1064147,0,0,1559,0,0.000000,16384,1435,64147,4,1.000000,0.000000
18972,20248735019,1058369,0,0,1554,0,0.000000,16384,1338,58369,4,1.000000,0.000000
18973,20249792513,1057494,0,0,1559,0,0.000000,16384,1433,57494,4,1.000000,0.000000
18974,20250849533,1057020,0,0,1551,0,0.000000,16384,1341,57020,4,1.000000,0.000000
18975,20251911915,1062382,0,0,1526,0,0.000000,16384,1401,62382,4,1.000000,0.000000
18976,20252976865,1064950,0,0,1501,0,0.000000,16384,1295,64950,4,1.000000,0.000000
18977,20254041691,1064826,0,0,1558,0,0.000000,16384,1435,64826,4,1.000000,0.000000
18978,20255101773,1060082,0,0,1550,0,0.000000,16384,1332,60082,4,1.000000,0.000000
18979,20256162496,1060723,0,0,1548,0,0.000000,16384,1426,60723,4,1.000000,0.000000
18980,20257224118,1061622,0,0,1537,0,0.000000,16384,1323,61622,4,1.000000,0.000000
18981,20258305172,1081054,0,0,1568,0,0.000000,16384,1441,81054,4,1.000000,0.000000
18982,20259365302,1060130,0,0,1559,0,0.000000,16384,1350,60130,4,1.000000,0.000000
18983,20260428757,1063455,0,0,1489,0,0.000000,16384,1371,63455,4,1.000000,0.000000
18984,20261489733,1060976,0,0,1555,0,0.000000,16384,1337,60976,4,1.000000,0.000000
18985,20262547221,1057488,0,0,1561,0,0.000000,16384,1435,57488,4,1.000000,0.000000
18986,20263605589,1058368,0,0,1554,0,0.000000,16384,1344,58368,4,1.000000,0.000000
18987,20264664026,1058437,0,0,1559,0,0.000000,16384,1427,58437,4,1.000000,0.000000
18988,20265724434,1060408,0,0,1555,0,0.000000,16384,1350,60408,4,1.000000,0.000000
18989,20266781590,1057156,0,0,1558,0,0.000000,16384,1422,57156,4,1.000000,0.000000
18990,20267844631,1063041,0,0,1377,0,0.000000,16384,1195,63041,4,1.000000,0.000000
18991,20268926599,1081968,0,0,1527,0,0.000000,16384,1394,81968,4,1.000000,0.000000
18992,20269989345,1062746,0,0,1549,0,0.000000,16384,1347,62746,4,1.000000,0.000000
18993,20271049886,1060541,0,0,1545,0,0.000000,16384,1411,60541,4,1.000000,0.000000
18994,20272108433,1058547,0,0,1597,0,0.000000,16384,1384,58547,4,1.000000,0.000000
18995,20273166297,1057864,0,0,1658,0,0.000000,16384,1513,57864,4,1.000000,0.000000
18996,20274223301,1057004,0,0,1607,0,0.000000,16384,1409,57004,4,1.000000,0.000000
18997,20275279923,1056622,0,0,1613,0,0.000000,16384,1448,56622,4,1.000000,0.000000
18998,20276332806,1052883,0,0,1514,0,0.000000,16384,1343,52883,4,1.000000,0.000000
18999,20277397706,1064900,0,0,1545,0,0.000000,16384,1385,64900,4,1.000000,0.000000
19000,20278458598,1060892,0,0,1561,0,0.000000,16384,1385,60892,4,1.000000,0.000000
19001,20279537197,1078599,0,0,1586,0,0.000000,16384,1414,78599,4,1.000000,0.000000
19002,20280596527,1059330,0,0,1552,0,0.000000,16384,1384,59330,4,1.000000,0.000000
19003,20281655626,1059099,0,0,1556,0,0.000000,16384,1383,59099,4,1.000000,0.000000
19004,20282672394,1016768,0,0,1482,0,0.000000,16384,1323,16768,4,1.000000,0.000000
19005,20283730142,1057748,0,0,1553,0,0.000000,16384,1386,57748,4,1.000000,0.000000
19006,20284788428,1058286,0,0,1601,0,0.000000,16384,1428,58286,4,1.000000,0.000000
19007,20285847787,1059359,0,0,1666,0,0.000000,16384,1465,59359,4,1.000000,0.000000
19008,20286910847,1063060,0,0,1548,0,0.000000,16384,1413,63060,4,1.000000,0.000000
19009,20288048020,1137173,0,0,1582,0,0.000000,16384,1373,137173,4,1.000000,0.000000
19010,20289113882,1065862,0,0,1470,0,0.000000,16384,1343,65862,4,1.000000,0.000000
19011,20290211843,1097961,0,0,1609,0,0.000000,16384,1401,97961,4,1.000000,0.000000
19012,20291270568,1058725,0,0,1619,0,0.000000,16384,1482,58725,4,1.000000,0.000000
19013,20292327500,1056932,0,0,1659,0,0.000000,16384,1448,56932,4,1.000000,0.000000
19014,20293385684,1058184,0,0,1640,0,0.000000,16384,1472,58184,4,1.000000,0.000000
19015,20294442327,1056643,0,0,1664,0,0.000000,16384,1492,56643,4,1.000000,0.000000
19016,20295500722,1058395,0,0,1500,0,0.000000,16384,1320,58395,4,1.000000,0.000000
19017,20296619709,1118987,0,0,1576,0,0.000000,16384,1420,118987,4,1.000000,0.000000
19018,20297678486,1058777,0,0,1540,0,0.000000,16384,1354,58777,4,1.000000,0.000000
19019,20298743999,1065513,0,0,1661,0,0.000000,16384,1511,65513,4,1.000000,0.000000
19020,20299801582,1057583,0,0,1654,0,0.000000,16384,1434,57583,4,1.000000,0.000000
19021,20300877691,1076109,0,0,1694,0,0.000000,16384,1530,76109,4,1.000000,0.000000
19022,20301936664,1058973,0,0,1639,0,0.000000,16384,1463,58973,4,1.000000,0.000000
19023,20302994002,1057338,0,0,1628,0,0.000000,16384,1431,57338,4,1.000000,0.000000
19024,20304055882,1061880,0,0,1616,0,0.000000,16384,1477,61880,4,1.000000,0.000000
19025,20305117645,1061763,0,0,1600,0,0.000000,16384,1379,61763,4,1.000000,0.000000
19026,20306177347,1059702,0,0,1670,0,0.000000,16384,1520,59702,4,1.000000,0.000000
19027,20307235223,1057876,0,0,1659,0,0.000000,16384,1470,57876,4,1.000000,0.000000
19028,20308293009,1057786,0,0,1663,0,0.000000,16384,1470,57786,4,1.000000,0.000000
19029,20309352499,1059490,0,0,1656,0,0.000000,16384,1513,59490,4,1.000000,0.000000
19030,20310410503,1058004,0,0,1661,0,0.000000,16384,1441,58004,4,1.000000,0.000000
19031,20311484286,1073783,0,0,1667,0,0.000000,16384,1501,73783,4,1.000000,0.000000
19032,20312547548,1063262,0,0,1529,0,0.000000,16384,1359,63262,4,1.000000,0.000000
19033,20313608572,1061024,0,0,1560,0,0.000000,16384,1393,61024,4,1.000000,0.000000
19034,20314671170,1062598,0,0,1550,0,0.000000,16384,1381,62598,4,1.000000,0.000000
19035,20315730050,1058880,0,0,1546,0,0.000000,16384,1376,58880,4,1.000000,0.000000
19036,20316793635,1063585,0,0,1548,0,0.000000,16384,1379,63585,4,1.000000,0.000000
19037,20317855325,1061690,0,0,1560,0,0.000000,16384,1389,61690,4,1.000000,0.000000
19038,20318920202,1064877,0,0,1535,0,0.000000,16384,1369,64877,4,1.000000,0.000000
19039,20320030794,1110592,0,0,1572,0,0.000000,16384,1397,110592,4,1.000000,0.000000
19040,20321095904,1065110,0,0,1520,0,0.000000,16384,1359,65110,4,1.000000,0.000000
19041,20322176812,1080908,0,0,1589,0,0.000000,16384,1409,80908,4,1.000000,0.000000
19042,20323235774,1058962,0,0,1547,0,0.000000,16384,1390,58962,4,1.000000,0.000000
19043,20324294538,1058764,0,0,1544,0,0.000000,16384,1364,58764,4,1.000000,0.000000
19044,20325353044,1058506,0,0,1557,0,0.000000,16384,1402,58506,4,1.000000,0.000000
19045,20326411112,1058068,0,0,1557,0,0.000000,16384,1370,58068,4,1.000000,0.000000
19046,20327468320,1057208,0,0,1558,0,0.000000,16384,1409,57208,4,1.000000,0.000000
19047,20328525131,1056811,0,0,1639,0,0.000000,16384,1429,56811,4,1.000000,0.000000
19048,20329581605,1056474,0,0,1666,0,0.000000,16384,1520,56474,4,1.000000,0.000000
19049,20330645646,1064041,0,0,1617,0,0.000000,16384,1417,64041,4,1.000000,0.000000
19050,20331710541,1064895,0,0,1651,0,0.000000,16384,1477,64895,4,1.000000,0.000000
19051,20332786294,1075753,0,0,1566,0,0.000000,16384,1400,75753,4,1.000000,0.000000
19052,20333846230,1059936,0,0,1575,0,0.000000,16384,1395,59936,4,1.000000,0.000000
19053,20334904390,1058160,0,0,1656,0,0.000000,16384,1500,58160,4,1.000000,0.000000
19054,20335961182,1056792,0,0,1661,0,0.000000,16384,1440,56792,4,1.000000,0.000000
19055,20337021035,1059853,0,0,1739,0,0.000000,16384,1573,59853,4,1.000000,0.000000
19056,20338081522,1060487,0,0,1670,0,0.000000,16384,1497,60487,4,1.000000,0.000000
19057,20339139341,1057819,0,0,1664,0,0.000000,16384,1451,57819,4,1.000000,0.000000
19058,20340197080,1057739,0,0,1663,0,0.000000,16384,1517,57739,4,1.000000,0.000000
19059,20341254367,1057287,0,0,1643,0,0.000000,16384,1446,57287,4,1.000000,0.000000
19060,20342310850,1056483,0,0,1617,0,0.000000,16384,1443,56483,4,1.000000,0.000000
19061,20343393646,1082796,0,0,1697,0,0.000000,16384,1531,82796,4,1.000000,0.000000
19062,20344450909,1057263,0,0,1773,0,0.000000,16384,1553,57263,4,1.000000,0.000000
19063,20345509375,1058466,0,0,1749,0,0.000000,16384,1559,58466,4,1.000000,0.000000
19064,20346566288,1056913,0,0,1825,0,0.000000,16384,1647,56913,4,1.000000,0.000000
19065,20347622426,1056138,0,0,1824,0,0.000000,16384,1628,56138,4,1.000000,0.000000
19066,20348670732,1048306,0,0,1796,0,0.000000,16384,1576,48306,4,1.000000,0.000000
19067,20349726814,1056082,0,0,1822,0,0.000000,16384,1618,56082,4,1.000000,0.000000
19068,20350782708,1055894,0,0,1825,0,0.000000,16384,1647,55894,4,1.000000,0.000000
19069,20351839397,1056689,0,0,1802,0,0.000000,16384,1620,56689,4,1.000000,0.000000
19070,20352895459,1056062,0,0,1744,0,0.000000,16384,1523,56062,4,1.000000,0.000000
19071,20353960529,1065070,0,0,1725,0,0.000000,16384,1542,65070,4,1.000000,0.000000
19072,20355017523,1056994,0,0,1757,0,0.000000,16384,1592,56994,4,1.000000,0.000000
19073,20356073682,1056159,0,0,1654,0,0.000000,16384,1443,56159,4,1.000000,0.000000
19074,20357132304,1058622,0,0,1633,0,0.000000,16384,1468,58622,4,1.000000,0.000000
19075,20358191513,1059209,0,0,1738,0,0.000000,16384,1563,59209,4,1.000000,0.000000
19076,20359248520,1057007,0,0,1824,0,0.000000,16384,1604,57007,4,1.000000,0.000000
19077,20360305845,1057325,0,0,1772,0,0.000000,16384,1568,57325,4,1.000000,0.000000
19078,20361362480,1056635,0,0,1826,0,0.000000,16384,1648,56635,4,1.000000,0.000000
19079,20362418905,1056425,0,0,1825,0,0.000000,16384,1643,56425,4,1.000000,0.000000
19080,20363476398,1057493,0,0,1789,0,0.000000,16384,1569,57493,4,1.000000,0.000000
19081,20364541380,1064982,0,0,1827,0,0.000000,16384,1609,64982,4,1.000000,0.000000
19082,20365597287,1055907,0,0,1826,0,0.000000,16384,1648,55907,4,1.000000,0.000000
19083,20366653084,1055797,0,0,1825,0,0.000000,16384,1647,55797,4,1.000000,0.000000
19084,20367670432,1017348,0,0,1753,0,0.000000,16384,1543,17348,4,1.000000,0.000000
19085,20368727104,1056672,0,0,1807,0,0.000000,16384,1585,56672,4,1.000000,0.000000
19086,20369783978,1056874,0,0,1707,0,0.000000,16384,1554,56874,4,1.000000,0.000000
19087,20370841066,1057088,0,0,1824,0,0.000000,16384,1635,57088,4,1.000000,0.000000
19088,20371898532,1057466,0,0,1800,0,0.000000,16384,1580,57466,4,1.000000,0.000000
19089,20372954855,1056323,0,0,1709,0,0.000000,16384,1519,56323,4,1.000000,0.000000
19090,20374010765,1055910,0,0,1824,0,0.000000,16384,1647,55910,4,1.000000,0.000000
19091,20375071744,1060979,0,0,1833,0,0.000000,16384,1636,60979,4,1.000000,0.000000
19092,20376127693,1055949,0,0,1813,0,0.000000,16384,1593,55949,4,1.000000,0.000000
19093,20377185568,1057875,0,0,1710,0,0.000000,16384,1524,57875,4,1.000000,0.000000
19094,20378242377,1056809,0,0,1825,0,0.000000,16384,1647,56809,4,1.000000,0.000000
19095,20379298288,1055911,0,0,1826,0,0.000000,16384,1626,55911,4,1.000000,0.000000
19096,20380354522,1056234,0,0,1810,0,0.000000,16384,1590,56234,4,1.000000,0.000000
19097,20381412144,1057622,0,0,1809,0,0.000000,16384,1608,57622,4,1.000000,0.000000
19098,20382468216,1056072,0,0,1824,0,0.000000,16384,1646,56072,4,1.000000,0.000000
19099,20383526284,1058068,0,0,1716,0,0.000000,16384,1531,58068,4,1.000000,0.000000
19100,20384584678,1058394,0,0,1794,0,0.000000,16384,1573,58394,4,1.000000,0.000000
19101,20385649084,1064406,0,0,1777,0,0.000000,16384,1594,64406,4,1.000000,0.000000
19102,20386670665,1021581,0,0,1761,0,0.000000,16384,1595,21581,4,1.000000,0.000000
19103,20387727547,1056882,0,0,1814,0,0.000000,16384,1600,56882,4,1.000000,0.000000
19104,20388784022,1056475,0,0,1806,0,0.000000,16384,1586,56475,4,1.000000,0.000000
19105,20389840233,1056211,0,0,1823,0,0.000000,16384,1637,56211,4,1.000000,0.000000
19106,20390896196,1055963,0,0,1792,0,0.000000,16384,1621,55963,4,1.000000,0.000000
19107,20391952692,1056496,0,0,1822,0,0.000000,16384,1615,56496,4,1.000000,0.000000
19108,20393009275,1056583,0,0,1809,0,0.000000,16384,1589,56583,4,1.000000,0.000000
19109,20394065431,1056156,0,0,1807,0,0.000000,16384,1614,56156,4,1.000000,0.000000
19110,20395121417,1055986,0,0,1813,0,0.000000,16384,1638,55986,4,1.000000,0.000000
19111,20396190380,1068963,0,0,1845,0,0.000000,16384,1649,68963,4,1.000000,0.000000
19112,20397295971,1105591,0,0,1813,0,0.000000,16384,1593,105591,4,1.000000,0.000000
19113,20398359986,1064015,0,0,1654,0,0.000000,16384,1476,64015,4,1.000000,0.000000
19114,20399454537,1094551,0,0,1836,0,0.000000,16384,1656,94551,4,1.000000,0.000000
19115,20400545514,1090977,0,0,1840,0,0.000000,16384,1634,90977,4,1.000000,0.000000
19116,20401637156,1091642,0,0,1856,0,0.000000,16384,1636,91642,4,1.000000,0.000000
19117,20402676325,1039169,0,0,1627,0,0.000000,16384,1455,39169,4,1.000000,0.000000
19118,20403702064,1025739,0,0,1834,0,0.000000,16384,1655,25739,4,1.000000,0.000000
19119,20404764824,1062760,0,0,1922,0,0.000000,16384,1709,62760,4,1.000000,0.000000
19120,20405826565,1061741,0,0,1921,0,0.000000,16384,1697,61741,4,1.000000,0.000000
19121,20406898661,1072096,0,0,1931,0,0.000000,16384,1711,72096,4,1.000000,0.000000
19122,20407957707,1059046,0,0,1822,0,0.000000,16384,1615,59046,4,1.000000,0.000000
19123,20409014157,1056450,0,0,1826,0,0.000000,16384,1648,56450,4,1.000000,0.000000
19124,20410070253,1056096,0,0,1681,0,0.000000,16384,1502,56096,4,1.000000,0.000000
19125,20411130276,1060023,0,0,1888,0,0.000000,16384,1667,60023,4,1.000000,0.000000
19126,20412189681,1059405,0,0,1829,0,0.000000,16384,1618,59405,4,1.000000,0.000000
19127,20413246184,1056503,0,0,1825,0,0.000000,16384,1647,56503,4,1.000000,0.000000
19128,20414302235,1056051,0,0,1826,0,0.000000,16384,1648,56051,4,1.000000,0.000000
19129,20415388925,1086690,0,0,1944,0,0.000000,16384,1724,86690,4,1.000000,0.000000
19130,20416477846,1088921,0,0,1957,0,0.000000,16384,1733,88921,4,1.000000,0.000000
19131,20417545132,1067286,0,0,1737,0,0.000000,16384,1521,67286,4,1.000000,0.000000
19132,20418604149,1059017,0,0,1801,0,0.000000,16384,1628,59017,4,1.000000,0.000000
19133,20419669630,1065481,0,0,1620,0,0.000000,16384,1449,65481,4,1.000000,0.000000
19134,20420729901,1060271,0,0,1662,0,0.000000,16384,1458,60271,4,1.000000,0.000000
19135,20421787171,1057270,0,0,1666,0,0.000000,16384,1519,57270,4,1.000000,0.000000
19136,20422845339,1058168,0,0,1685,0,0.000000,16384,1480,58168,4,1.000000,0.000000
19137,20423902613,1057274,0,0,1803,0,0.000000,16384,1592,57274,4,1.000000,0.000000
19138,20424958570,1055957,0,0,1825,0,0.000000,16384,1647,55957,4,1.000000,0.000000
19139,20426014640,1056070,0,0,1815,0,0.000000,16384,1640,56070,4,1.000000,0.000000
19140,20427070598,1055958,0,0,1823,0,0.000000,16384,1599,55958,4,1.000000,0.000000
19141,20428137198,1066600,0,0,1829,0,0.000000,16384,1609,66600,4,1.000000,0.000000
19142,20429193750,1056552,0,0,1717,0,0.000000,16384,1555,56552,4,1.000000,0.000000
19143,20430250320,1056570,0,0,1652,0,0.000000,16384,1474,56570,4,1.000000,0.000000
19144,20431307327,1057007,0,0,1709,0,0.000000,16384,1495,57007,4,1.000000,0.000000
19145,20432363733,1056406,0,0,1826,0,0.000000,16384,1648,56406,4,1.000000,0.000000
19146,20433419613,1055880,0,0,1826,0,0.000000,16384,1648,55880,4,1.000000,0.000000
19147,20434475133,1055520,0,0,1822,0,0.000000,16384,1608,55520,4,1.000000,0.000000
19148,20435530682,1055549,0,0,1823,0,0.000000,16384,1583,55549,4,1.000000,0.000000
19149,20436586428,1055746,0,0,1807,0,0.000000,16384,1602,55746,4,1.000000,0.000000
19150,20437646032,1059604,0,0,1717,0,0.000000,16384,1497,59604,4,1.000000,0.000000
19151,20438677123,1031091,0,0,1455,0,0.000000,16384,1339,31091,4,1.000000,0.000000
19152,20439737220,1060097,0,0,1662,0,0.000000,16384,1442,60097,4,1.000000,0.000000
19153,20440795809,1058589,0,0,1668,0,0.000000,16384,1516,58589,4,1.000000,0.000000
19154,20441853014,1057205,0,0,1687,0,0.000000,16384,1499,57205,4,1.000000,0.000000
19155,20442911636,1058622,0,0,1774,0,0.000000,16384,1554,58622,4,1.000000,0.000000
19156,20443972287,1060651,0,0,1804,0,0.000000,16384,1627,60651,4,1.000000,0.000000
19157,20445032955,1060668,0,0,1794,0,0.000000,16384,1623,60668,4,1.000000,0.000000
19158,20446092080,1059125,0,0,1825,0,0.000000,16384,1609,59125,4,1.000000,0.000000
19159,20447148863,1056783,0,0,1825,0,0.000000,16384,1605,56783,4,1.000000,0.000000
19160,20448204573,1055710,0,0,1825,0,0.000000,16384,1633,55710,4,1.000000,0.000000
19161,20449287968,1083395,0,0,1689,0,0.000000,16384,1541,83395,4,1.000000,0.000000
19162,20450347311,1059343,0,0,1806,0,0.000000,16384,1583,59343,4,1.000000,0.000000
19163,20451404342,1057031,0,0,1825,0,0.000000,16384,1604,57031,4,1.000000,0.000000
19164,20452448729,1044387,0,0,1801,0,0.000000,16384,1625,44387,4,1.000000,0.000000
19165,20453509492,1060763,0,0,1831,0,0.000000,16384,1652,60763,4,1.000000,0.000000
19166,20454567530,1058038,0,0,1812,0,0.000000,16384,1603,58038,4,1.000000,0.000000
19167,20455625217,1057687,0,0,1825,0,0.000000,16384,1605,57687,4,1.000000,0.000000
19168,20456670766,1045549,0,0,1804,0,0.000000,16384,1612,45549,4,1.000000,0.000000
19169,20457730099,1059333,0,0,1712,0,0.000000,16384,1557,59333,4,1.000000,0.000000
19170,20458788397,1058298,0,0,1677,0,0.000000,16384,1464,58298,4,1.000000,0.000000
19171,20459857379,1068982,0,0,1806,0,0.000000,16384,1603,68982,4,1.000000,0.000000
19172,20460915134,1057755,0,0,1827,0,0.000000,16384,1649,57755,4,1.000000,0.000000
19173,20461972292,1057158,0,0,1823,0,0.000000,16384,1640,57158,4,1.000000,0.000000
19174,20463028616,1056324,0,0,1802,0,0.000000,16384,1582,56324,4,1.000000,0.000000
19175,20464084762,1056146,0,0,1809,0,0.000000,16384,1593,56146,4,1.000000,0.000000
19176,20465141030,1056268,0,0,1825,0,0.000000,16384,1647,56268,4,1.000000,0.000000
19177,20466202100,1061070,0,0,1681,0,0.000000,16384,1511,61070,4,1.000000,0.000000
19178,20467264382,1062282,0,0,1677,0,0.000000,16384,1457,62282,4,1.000000,0.000000
19179,20468323314,1058932,0,0,1828,0,0.000000,16384,1649,58932,4,1.000000,0.000000
19180,20469380787,1057473,0,0,1788,0,0.000000,16384,1618,57473,4,1.000000,0.000000
19181,20470450264,1069477,0,0,1834,0,0.000000,16384,1619,69477,4,1.000000,0.000000
19182,20471508755,1058491,0,0,1792,0,0.000000,16384,1572,58491,4,1.000000,0.000000
19183,20472570531,1061776,0,0,1591,0,0.000000,16384,1451,61776,4,1.000000,0.000000
19184,20473629408,1058877,0,0,1806,0,0.000000,16384,1606,58877,4,1.000000,0.000000
19185,20474671233,1041825,0,0,1795,0,0.000000,16384,1575,41825,4,1.000000,0.000000
19186,20475728401,1057168,0,0,1804,0,0.000000,16384,1611,57168,4,1.000000,0.000000
19187,20476785479,1057078,0,0,1798,0,0.000000,16384,1625,57078,4,1.000000,0.000000
19188,20477843294,1057815,0,0,1766,0,0.000000,16384,1568,57815,4,1.000000,0.000000
19189,20478905147,1061853,0,0,1829,0,0.000000,16384,1609,61853,4,1.000000,0.000000
19190,20479966001,1060854,0,0,1833,0,0.000000,16384,1634,60854,4,1.000000,0.000000
19191,20481036294,1070293,0,0,1821,0,0.000000,16384,1644,70293,4,1.000000,0.000000
19192,20482093718,1057424,0,0,1713,0,0.000000,16384,1524,57424,4,1.000000,0.000000
19193,20483153676,1059958,0,0,1678,0,0.000000,16384,1469,59958,4,1.000000,0.000000
19194,20484213285,1059609,0,0,1776,0,0.000000,16384,1608,59609,4,1.000000,0.000000
19195,20485270976,1057691,0,0,1659,0,0.000000,16384,1476,57691,4,1.000000,0.000000
19196,20486328083,1057107,0,0,1703,0,0.000000,16384,1495,57107,4,1.000000,0.000000
19197,20487386342,1058259,0,0,1829,0,0.000000,16384,1650,58259,4,1.000000,0.000000
19198,20488442348,1056006,0,0,1804,0,0.000000,16384,1632,56006,4,1.000000,0.000000
19199,20489498357,1056009,0,0,1727,0,0.000000,16384,1507,56009,4,1.000000,0.000000
19200,20490555989,1057632,0,0,1822,0,0.000000,16384,1611,57632,4,1.000000,0.000000
19201,20491621857,1065868,0,0,1840,0,0.000000,16384,1660,65868,4,1.000000,0.000000
19202,20492676986,1055129,0,0,1512,0,0.000000,16384,1343,55129,4,1.000000,0.000000
19203,20493740969,1063983,0,0,1670,0,0.000000,16384,1483,63983,4,1.000000,0.000000
19204,20494805391,1064422,0,0,1832,0,0.000000,16384,1653,64422,4,1.000000,0.000000
19205,20495866455,1061064,0,0,1832,0,0.000000,16384,1634,61064,4,1.000000,0.000000
19206,20496924625,1058170,0,0,1739,0,0.000000,16384,1519,58170,4,1.000000,0.000000
19207,20497985157,1060532,0,0,1583,0,0.000000,16384,1438,60532,4,1.000000,0.000000
19208,20499044703,1059546,0,0,1720,0,0.000000,16384,1525,59546,4,1.000000,0.000000
19209,20500101547,1056844,0,0,1757,0,0.000000,16384,1537,56844,4,1.000000,0.000000
19210,20501158684,1057137,0,0,1696,0,0.000000,16384,1544,57137,4,1.000000,0.000000
19211,20502243376,1084692,0,0,1872,0,0.000000,16384,1684,84692,4,1.000000,0.000000
19212,20503303676,1060300,0,0,1706,0,0.000000,16384,1485,60300,4,1.000000,0.000000
19213,20504431829,1128153,0,0,1683,0,0.000000,16384,1508,128153,4,1.000000,0.000000
19214,20505492584,1060755,0,0,1639,0,0.000000,16384,1475,60755,4,1.000000,0.000000
19215,20506551741,1059157,0,0,1659,0,0.000000,16384,1444,59157,4,1.000000,0.000000
19216,20507610218,1058477,0,0,1666,0,0.000000,16384,1520,58477,4,1.000000,0.000000
19217,20508670222,1060004,0,0,1777,0,0.000000,16384,1578,60004,4,1.000000,0.000000
19218,20509726732,1056510,0,0,1686,0,0.000000,16384,1474,56510,4,1.000000,0.000000
19219,20510817088,1090356,0,0,1845,0,0.000000,16384,1663,90356,4,1.000000,0.000000
19220,20511882025,1064937,0,0,1766,0,0.000000,16384,1600,64937,4,1.000000,0.000000
19221,20512965858,1083833,0,0,1548,0,0.000000,16384,1331,83833,4,1.000000,0.000000
19222,20514029438,1063580,0,0,1562,0,0.000000,16384,1438,63580,4,1.000000,0.000000
19223,20515091018,1061580,0,0,1596,0,0.000000,16384,1381,61580,4,1.000000,0.000000
19224,20516148840,1057822,0,0,1655,0,0.000000,16384,1500,57822,4,1.000000,0.000000
19225,20517205712,1056872,0,0,1665,0,0.000000,16384,1480,56872,4,1.000000,0.000000
19226,20518264873,1059161,0,0,1635,0,0.000000,16384,1441,59161,4,1.000000,0.000000
19227,20519323810,1058937,0,0,1669,0,0.000000,16384,1522,58937,4,1.000000,0.000000
19228,20520419999,1096189,0,0,1488,0,0.000000,16384,1284,96189,4,1.000000,0.000000
19229,20521483590,1063591,0,0,1557,0,0.000000,16384,1430,63591,4,1.000000,0.000000
19230,20522650754,1167164,0,0,1791,0,0.000000,16384,1571,167164,4,1.000000,0.000000
19231,20523705092,1054338,0,0,1640,0,0.000000,16384,1457,54338,4,1.000000,0.000000
19232,20524770308,1065216,0,0,1696,0,0.000000,16384,1539,65216,4,1.000000,0.000000
19233,20525835189,1064881,0,0,1754,0,0.000000,16384,1534,64881,4,1.000000,0.000000
19234,20526899140,1063951,0,0,1795,0,0.000000,16384,1592,63951,4,1.000000,0.000000
19235,20527963441,1064301,0,0,1718,0,0.000000,16384,1561,64301,4,1.000000,0.000000
19236,20529030131,1066690,0,0,1505,0,0.000000,16384,1305,66690,4,1.000000,0.000000
19237,20530094424,1064293,0,0,1569,0,0.000000,16384,1435,64293,4,1.000000,0.000000
19238,20531153963,1059539,0,0,1568,0,0.000000,16384,1366,59539,4,1.000000,0.000000
19239,20532211845,1057882,0,0,1662,0,0.000000,16384,1499,57882,4,1.000000,0.000000
19240,20533268868,1057023,0,0,1619,0,0.000000,16384,1442,57023,4,1.000000,0.000000
19241,20534339933,1071065,0,0,1686,0,0.000000,16384,1482,71065,4,1.000000,0.000000
19242,20535397614,1057681,0,0,1668,0,0.000000,16384,1523,57681,4,1.000000,0.000000
19243,20536461374,1063760,0,0,1506,0,0.000000,16384,1299,63760,4,1.000000,0.000000
19244,20537527626,1066252,0,0,1541,0,0.000000,16384,1419,66252,4,1.000000,0.000000
19245,20538589378,1061752,0,0,1644,0,0.000000,16384,1430,61752,4,1.000000,0.000000
19246,20539646882,1057504,0,0,1659,0,0.000000,16384,1493,57504,4,1.000000,0.000000
19247,20540674389,1027507,0,0,1610,0,0.000000,16384,1436,27507,4,1.000000,0.000000
19248,20541732386,1057997,0,0,1598,0,0.000000,16384,1411,57997,4,1.000000,0.000000
19249,20542789466,1057080,0,0,1652,0,0.000000,16384,1503,57080,4,1.000000,0.000000
19250,20543851239,1061773,0,0,1625,0,0.000000,16384,1405,61773,4,1.000000,0.000000
19251,20544938945,1087706,0,0,1710,0,0.000000,16384,1550,87706,4,1.000000,0.000000
19252,20545998201,1059256,0,0,1661,0,0.000000,16384,1481,59256,4,1.000000,0.000000
19253,20547059704,1061503,0,0,1616,0,0.000000,16384,1421,61503,4,1.000000,0.000000
19254,20548120456,1060752,0,0,1627,0,0.000000,16384,1486,60752,4,1.000000,0.000000
19255,20549177901,1057445,0,0,1617,0,0.000000,16384,1397,57445,4,1.000000,0.000000
19256,20550235489,1057588,0,0,1658,0,0.000000,16384,1507,57588,4,1.000000,0.000000
19257,20551293296,1057807,0,0,1664,0,0.000000,16384,1475,57807,4,1.000000,0.000000
19258,20552349837,1056541,0,0,1662,0,0.000000,16384,1467,56541,4,1.000000,0.000000
19259,20553410843,1061006,0,0,1676,0,0.000000,16384,1528,61006,4,1.000000,0.000000
19260,20554473241,1062398,0,0,1810,0,0.000000,16384,1593,62398,4,1.000000,0.000000
19261,20555542337,1069096,0,0,1755,0,0.000000,16384,1539,69096,4,1.000000,0.000000
19262,20556603649,1061312,0,0,1551,0,0.000000,16384,1430,61312,4,1.000000,0.000000
19263,20557725362,1121713,0,0,1728,0,0.000000,16384,1509,121713,4,1.000000,0.000000
19264,20558783911,1058549,0,0,1665,0,0.000000,16384,1485,58549,4,1.000000,0.000000
19265,20559841229,1057318,0,0,1686,0,0.000000,16384,1526,57318,4,1.000000,0.000000
19266,20560898222,1056993,0,0,1811,0,0.000000,16384,1591,56993,4,1.000000,0.000000
19267,20561955985,1057763,0,0,1782,0,0.000000,16384,1574,57763,4,1.000000,0.000000
19268,20563014083,1058098,0,0,1734,0,0.000000,16384,1574,58098,4,1.000000,0.000000
19269,20564076064,1061981,0,0,1804,0,0.000000,16384,1608,61981,4,1.000000,0.000000
19270,20565133931,1057867,0,0,1654,0,0.000000,16384,1439,57867,4,1.000000,0.000000
19271,20566205105,1071174,0,0,1685,0,0.000000,16384,1536,71174,4,1.000000,0.000000
19272,20567266838,1061733,0,0,1552,0,0.000000,16384,1360,61733,4,1.000000,0.000000
19273,20568326937,1060099,0,0,1752,0,0.000000,16384,1564,60099,4,1.000000,0.000000
19274,20569384387,1057450,0,0,1720,0,0.000000,16384,1563,57450,4,1.000000,0.000000
19275,20570448001,1063614,0,0,1569,0,0.000000,16384,1354,63614,4,1.000000,0.000000
19276,20571508993,1060992,0,0,1764,0,0.000000,16384,1593,60992,4,1.000000,0.000000
19277,20572566914,1057921,0,0,1796,0,0.000000,16384,1625,57921,4,1.000000,0.000000
19278,20573623931,1057017,0,0,1815,0,0.000000,16384,1593,57017,4,1.000000,0.000000
19279,20574676020,1052089,0,0,1642,0,0.000000,16384,1452,52089,4,1.000000,0.000000
19280,20575734553,1058533,0,0,1644,0,0.000000,16384,1498,58533,4,1.000000,0.000000
19281,20576811055,1076502,0,0,1836,0,0.000000,16384,1614,76502,4,1.000000,0.000000
19282,20577869715,1058660,0,0,1754,0,0.000000,16384,1544,58660,4,1.000000,0.000000
19283,20578929184,1059469,0,0,1773,0,0.000000,16384,1605,59469,4,1.000000,0.000000
19284,20579986097,1056913,0,0,1746,0,0.000000,16384,1562,56913,4,1.000000,0.000000
19285,20581042300,1056203,0,0,1823,0,0.000000,16384,1603,56203,4,1.000000,0.000000
19286,20582099117,1056817,0,0,1689,0,0.000000,16384,1510,56817,4,1.000000,0.000000
19287,20583158350,1059233,0,0,1748,0,0.000000,16384,1587,59233,4,1.000000,0.000000
19288,20584214936,1056586,0,0,1807,0,0.000000,16384,1584,56586,4,1.000000,0.000000
19289,20585270279,1055343,0,0,1821,0,0.000000,16384,1600,55343,4,1.000000,0.000000
19290,20586325729,1055450,0,0,1823,0,0.000000,16384,1643,55450,4,1.000000,0.000000
19291,20587390346,1064617,0,0,1838,0,0.000000,16384,1658,64617,4,1.000000,0.000000
19292,20588451746,1061400,0,0,1831,0,0.000000,16384,1627,61400,4,1.000000,0.000000
19293,20589513504,1061758,0,0,1817,0,0.000000,16384,1596,61758,4,1.000000,0.000000
19294,20590571501,1057997,0,0,1800,0,0.000000,16384,1603,57997,4,1.000000,0.000000
19295,20591631969,1060468,0,0,1791,0,0.000000,16384,1620,60468,4,1.000000,0.000000
19296,20592671335,1039366,0,0,1619,0,0.000000,16384,1428,39366,4,1.000000,0.000000
19297,20593732222,1060887,0,0,1807,0,0.000000,16384,1593,60887,4,1.000000,0.000000
19298,20594796665,1064443,0,0,1537,0,0.000000,16384,1410,64443,4,1.000000,0.000000
19299,20595856638,1059973,0,0,1660,0,0.000000,16384,1441,59973,4,1.000000,0.000000
19300,20596914221,1057583,0,0,1643,0,0.000000,16384,1490,57583,4,1.000000,0.000000
19301,20598000272,1086051,0,0,1600,0,0.000000,16384,1417,86051,4,1.000000,0.000000
19302,20599058285,1058013,0,0,1807,0,0.000000,16384,1589,58013,4,1.000000,0.000000
19303,20600115781,1057496,0,0,1760,0,0.000000,16384,1594,57496,4,1.000000,0.000000
19304,20601172349,1056568,0,0,1731,0,0.000000,16384,1551,56568,4,1.000000,0.000000
19305,20602228559,1056210,0,0,1824,0,0.000000,16384,1604,56210,4,1.000000,0.000000
19306,20603285538,1056979,0,0,1761,0,0.000000,16384,1567,56979,4,1.000000,0.000000
19307,20604350498,1064960,0,0,1562,0,0.000000,16384,1416,64960,4,1.000000,0.000000
19308,20605414825,1064327,0,0,1541,0,0.000000,16384,1347,64327,4,1.000000,0.000000
19309,20606475002,1060177,0,0,1554,0,0.000000,16384,1411,60177,4,1.000000,0.000000
19310,20607533605,1058603,0,0,1640,0,0.000000,16384,1425,58603,4,1.000000,0.000000
19311,20608610008,1076403,0,0,1688,0,0.000000,16384,1537,76403,4,1.000000,0.000000
19312,20609672868,1062860,0,0,1665,0,0.000000,16384,1473,62860,4,1.000000,0.000000
19313,20610734714,1061846,0,0,1543,0,0.000000,16384,1375,61846,4,1.000000,0.000000
19314,20611794105,1059391,0,0,1666,0,0.000000,16384,1497,59391,4,1.000000,0.000000
19315,20612851361,1057256,0,0,1664,0,0.000000,16384,1447,57256,4,1.000000,0.000000
19316,20613908943,1057582,0,0,1666,0,0.000000,16384,1521,57582,4,1.000000,0.000000
19317,20614968976,1060033,0,0,1631,0,0.000000,16384,1437,60033,4,1.000000,0.000000
19318,20616028744,1059768,0,0,1548,0,0.000000,16384,1387,59768,4,1.000000,0.000000
19319,20617086213,1057469,0,0,1594,0,0.000000,16384,1415,57469,4,1.000000,0.000000
19320,20618146229,1060016,0,0,1558,0,0.000000,16384,1387,60016,4,1.000000,0.000000
19321,20619223906,1077677,0,0,1636,0,0.000000,16384,1471,77677,4,1.000000,0.000000
19322,20620283187,1059281,0,0,1662,0,0.000000,16384,1448,59281,4,1.000000,0.000000
19323,20621346647,1063460,0,0,1485,0,0.000000,16384,1363,63460,4,1.000000,0.000000
19324,20622412175,1065528,0,0,1498,0,0.000000,16384,1304,65528,4,1.000000,0.000000
19325,20623473696,1061521,0,0,1559,0,0.000000,16384,1417,61521,4,1.000000,0.000000
19326,20624532671,1058975,0,0,1543,0,0.000000,16384,1346,58975,4,1.000000,0.000000
19327,20625590351,1057680,0,0,1559,0,0.000000,16384,1419,57680,4,1.000000,0.000000
19328,20626649235,1058884,0,0,1558,0,0.000000,16384,1355,58884,4,1.000000,0.000000
19329,20627671280,1022045,0,0,1501,0,0.000000,16384,1369,22045,4,1.000000,0.000000
19330,20628728461,1057181,0,0,1555,0,0.000000,16384,1357,57181,4,1.000000,0.000000
19331,20629807229,1078768,0,0,1639,0,0.000000,16384,1500,78768,4,1.000000,0.000000
19332,20630867778,1060549,0,0,1765,0,0.000000,16384,1545,60549,4,1.000000,0.000000
19333,20631927558,1059780,0,0,1661,0,0.000000,16384,1475,59780,4,1.000000,0.000000
19334,20632988037,1060479,0,0,1612,0,0.000000,16384,1459,60479,4,1.000000,0.000000
19335,20634046955,1058918,0,0,1630,0,0.000000,16384,1415,58918,4,1.000000,0.000000
19336,20635104221,1057266,0,0,1595,0,0.000000,16384,1464,57266,4,1.000000,0.000000
19337,20636161370,1057149,0,0,1664,0,0.000000,16384,1454,57149,4,1.000000,0.000000
19338,20637218149,1056779,0,0,1666,0,0.000000,16384,1490,56779,4,1.000000,0.000000
19339,20638276357,1058208,0,0,1632,0,0.000000,16384,1468,58208,4,1.000000,0.000000
19340,20639334046,1057689,0,0,1659,0,0.000000,16384,1446,57689,4,1.000000,0.000000
19341,20640403038,1068992,0,0,1609,0,0.000000,16384,1474,68992,4,1.000000,0.000000
19342,20641461063,1058025,0,0,1657,0,0.000000,16384,1449,58025,4,1.000000,0.000000
19343,20642523711,1062648,0,0,1528,0,0.000000,16384,1380,62648,4,1.000000,0.000000
19344,20643588628,1064917,0,0,1637,0,0.000000,16384,1449,64917,4,1.000000,0.000000
19345,20644652811,1064183,0,0,1582,0,0.000000,16384,1406,64183,4,1.000000,0.000000
19346,20645677157,1024346,0,0,1529,0,0.000000,16384,1364,24346,4,1.000000,0.000000
19347,20646736105,1058948,0,0,1660,0,0.000000,16384,1469,58948,4,1.000000,0.000000
19348,20647793809,1057704,0,0,1668,0,0.000000,16384,1524,57704,4,1.000000,0.000000
19349,20648850591,1056782,0,0,1660,0,0.000000,16384,1440,56782,4,1.000000,0.000000
19350,20649907314,1056723,0,0,1666,0,0.000000,16384,1499,56723,4,1.000000,0.000000
19351,20650990380,1083066,0,0,1703,0,0.000000,16384,1530,83066,4,1.000000,0.000000
19352,20652047501,1057121,0,0,1664,0,0.000000,16384,1444,57121,4,1.000000,0.000000
19353,20653109986,1062485,0,0,1615,0,0.000000,16384,1480,62485,4,1.000000,0.000000
19354,20654172408,1062422,0,0,1671,0,0.000000,16384,1470,62422,4,1.000000,0.000000
19355,20655230582,1058174,0,0,1655,0,0.000000,16384,1430,58174,4,1.000000,0.000000
19356,20656288373,1057791,0,0,1662,0,0.000000,16384,1459,57791,4,1.000000,0.000000
19357,20657347406,1059033,0,0,1660,0,0.000000,16384,1515,59033,4,1.000000,0.000000
19358,20658407484,1060078,0,0,1603,0,0.000000,16384,1395,60078,4,1.000000,0.000000
19359,20659465879,1058395,0,0,1637,0,0.000000,16384,1477,58395,4,1.000000,0.000000
19360,20660522983,1057104,0,0,1640,0,0.000000,16384,1460,57104,4,1.000000,0.000000
19361,20661593539,1070556,0,0,1684,0,0.000000,16384,1481,70556,4,1.000000,0.000000
19362,20662655463,1061924,0,0,1525,0,0.000000,16384,1392,61924,4,1.000000,0.000000
19363,20663672676,1017213,0,0,1592,0,0.000000,16384,1382,17213,4,1.000000,0.000000
19364,20664730068,1057392,0,0,1665,0,0.000000,16384,1520,57392,4,1.000000,0.000000
19365,20665788609,1058541,0,0,1668,0,0.000000,16384,1467,58541,4,1.000000,0.000000
19366,20666845945,1057336,0,0,1666,0,0.000000,16384,1481,57336,4,1.000000,0.000000
19367,20667902872,1056927,0,0,1665,0,0.000000,16384,1510,56927,4,1.000000,0.000000
19368,20668959259,1056387,0,0,1662,0,0.000000,16384,1442,56387,4,1.000000,0.000000
19369,20670017919,1058660,0,0,1646,0,0.000000,16384,1494,58660,4,1.000000,0.000000
19370,20671076232,1058313,0,0,1666,0,0.000000,16384,1478,58313,4,1.000000,0.000000
19371,20672146838,1070606,0,0,1837,0,0.000000,16384,1616,70606,4,1.000000,0.000000
19372,20673207645,1060807,0,0,1585,0,0.000000,16384,1444,60807,4,1.000000,0.000000
19373,20674267563,1059918,0,0,1560,0,0.000000,16384,1366,59918,4,1.000000,0.000000
19374,20675324915,1057352,0,0,1622,0,0.000000,16384,1460,57352,4,1.000000,0.000000
19375,20676383520,1058605,0,0,1666,0,0.000000,16384,1488,58605,4,1.000000,0.000000
19376,20677443217,1059697,0,0,1560,0,0.000000,16384,1374,59697,4,1.000000,0.000000
19377,20678503792,1060575,0,0,1591,0,0.000000,16384,1441,60575,4,1.000000,0.000000
19378,20679562740,1058948,0,0,1558,0,0.000000,16384,1359,58948,4,1.000000,0.000000
19379,20680619916,1057176,0,0,1651,0,0.000000,16384,1508,57176,4,1.000000,0.000000
19380,20681674716,1054800,0,0,1594,0,0.000000,16384,1380,54800,4,1.000000,0.000000
19381,20682745123,1070407,0,0,1482,0,0.000000,16384,1362,70407,4,1.000000,0.000000
19382,20683806470,1061347,0,0,1557,0,0.000000,16384,1340,61347,4,1.000000,0.000000
19383,20684865026,1058556,0,0,1544,0,0.000000,16384,1422,58556,4,1.000000,0.000000
19384,20685923268,1058242,0,0,1578,0,0.000000,16384,1365,58242,4,1.000000,0.000000
19385,20686981015,1057747,0,0,1668,0,0.000000,16384,1512,57747,4,1.000000,0.000000
19386,20688037352,1056337,0,0,1705,0,0.000000,16384,1521,56337,4,1.000000,0.000000
19387,20689094269,1056917,0,0,1804,0,0.000000,16384,1583,56917,4,1.000000,0.000000
19388,20690151300,1057031,0,0,1747,0,0.000000,16384,1569,57031,4,1.000000,0.000000
19389,20691207410,1056110,0,0,1731,0,0.000000,16384,1570,56110,4,1.000000,0.000000
19390,20692264806,1057396,0,0,1778,0,0.000000,16384,1558,57396,4,1.000000,0.000000
19391,20693371602,1106796,0,0,1633,0,0.000000,16384,1454,106796,4,1.000000,0.000000
19392,20694440297,1068695,0,0,1540,0,0.000000,16384,1379,68695,4,1.000000,0.000000
19393,20695504224,1063927,0,0,1564,0,0.000000,16384,1385,63927,4,1.000000,0.000000
19394,20696564728,1060504,0,0,1555,0,0.000000,16384,1398,60504,4,1.000000,0.000000
19395,20697629506,1064778,0,0,1555,0,0.000000,16384,1370,64778,4,1.000000,0.000000
19396,20698675094,1045588,0,0,1511,0,0.000000,16384,1360,45588,4,1.000000,0.000000
19397,20699735286,1060192,0,0,1556,0,0.000000,16384,1375,60192,4,1.000000,0.000000
19398,20700793171,1057885,0,0,1559,0,0.000000,16384,1404,57885,4,1.000000,0.000000
19399,20701850593,1057422,0,0,1565,0,0.000000,16384,1376,57422,4,1.000000,0.000000
19400,20702891631,1041038,0,0,1634,0,0.000000,16384,1487,41038,4,1.000000,0.000000
19401,20703988748,1097117,0,0,1816,0,0.000000,16384,1596,97117,4,1.000000,0.000000
19402,20705051476,1062728,0,0,1764,0,0.000000,16384,1556,62728,4,1.000000,0.000000
19403,20706115168,1063692,0,0,1746,0,0.000000,16384,1584,63692,4,1.000000,0.000000
19404,20707175241,1060073,0,0,1669,0,0.000000,16384,1475,60073,4,1.000000,0.000000
19405,20708232755,1057514,0,0,1666,0,0.000000,16384,1474,57514,4,1.000000,0.000000
19406,20709289745,1056990,0,0,1666,0,0.000000,16384,1522,56990,4,1.000000,0.000000
19407,20710347496,1057751,0,0,1794,0,0.000000,16384,1573,57751,4,1.000000,0.000000
19408,20711433701,1086205,0,0,1946,0,0.000000,16384,1723,86205,4,1.000000,0.000000
19409,20712521681,1087980,0,0,1959,0,0.000000,16384,1735,87980,4,1.000000,0.000000
19410,20713611586,1089905,0,0,1962,0,0.000000,16384,1751,89905,4,1.000000,0.000000
19411,20714672554,1060968,0,0,1828,0,0.000000,16384,1649,60968,4,1.000000,0.000000
19412,20715730733,1058179,0,0,1824,0,0.000000,16384,1648,58179,4,1.000000,0.000000
19413,20716791389,1060656,0,0,1926,0,0.000000,16384,1704,60656,4,1.000000,0.000000
19414,20717853568,1062179,0,0,1709,0,0.000000,16384,1489,62179,4,1.000000,0.000000
19415,20718914859,1061291,0,0,1634,0,0.000000,16384,1489,61291,4,1.000000,0.000000
19416,20719976918,1062059,0,0,1544,0,0.000000,16384,1353,62059,4,1.000000,0.000000
19417,20721073215,1096297,0,0,1641,0,0.000000,16384,1476,96297,4,1.000000,0.000000
19418,20722138537,1065322,0,0,1526,0,0.000000,16384,1355,65322,4,1.000000,0.000000
19419,20723201628,1063091,0,0,1560,0,0.000000,16384,1394,63091,4,1.000000,0.000000
19420,20724261017,1059389,0,0,1559,0,0.000000,16384,1389,59389,4,1.000000,0.000000
19421,20725337533,1076516,0,0,1576,0,0.000000,16384,1400,76516,4,1.000000,0.000000
19422,20726396863,1059330,0,0,1560,0,0.000000,16384,1395,59330,4,1.000000,0.000000
19423,20727453771,1056908,0,0,1568,0,0.000000,16384,1388,56908,4,1.000000,0.000000
19424,20728510795,1057024,0,0,1665,0,0.000000,16384,1510,57024,4,1.000000,0.000000
19425,20729566801,1056006,0,0,1791,0,0.000000,16384,1571,56006,4,1.000000,0.000000
19426,20730622712,1055911,0,0,1824,0,0.000000,16384,1611,55911,4,1.000000,0.000000
19427,20731670948,1048236,0,0,1772,0,0.000000,16384,1605,48236,4,1.000000,0.000000
19428,20732726847,1055899,0,0,1825,0,0.000000,16384,1641,55899,4,1.000000,0.000000
19429,20733782656,1055809,0,0,1814,0,0.000000,16384,1594,55809,4,1.000000,0.000000
19430,20734838645,1055989,0,0,1814,0,0.000000,16384,1595,55989,4,1.000000,0.000000
19431,20738674564,3835919,0,0,6469,0,0.000000,16384,5788,2835919,4,1.000000,0.000000
19432,20739735227,1060663,0,0,1638,0,0.000000,16384,1447,60663,4,1.000000,0.000000
19433,20740794182,1058955,0,0,1828,0,0.000000,16384,1650,58955,4,1.000000,0.000000
19434,20741851078,1056896,0,0,1826,0,0.000000,16384,1635,56896,4,1.000000,0.000000
19435,20742906936,1055858,0,0,1822,0,0.000000,16384,1602,55858,4,1.000000,0.000000
19436,20743967357,1060421,0,0,1825,0,0.000000,16384,1608,60421,4,1.000000,0.000000
19437,20745029058,1061701,0,0,1817,0,0.000000,16384,1642,61701,4,1.000000,0.000000
19438,20746087192,1058134,0,0,1822,0,0.000000,16384,1645,58134,4,1.000000,0.000000
19439,20747143809,1056617,0,0,1823,0,0.000000,16384,1604,56617,4,1.000000,0.000000
19440,20748201353,1057544,0,0,1814,0,0.000000,16384,1594,57544,4,1.000000,0.000000
19441,20749268285,1066932,0,0,1842,0,0.000000,16384,1653,66932,4,1.000000,0.000000
19442,20750324310,1056025,0,0,1826,0,0.000000,16384,1648,56025,4,1.000000,0.000000
19443,20751380192,1055882,0,0,1824,0,0.000000,16384,1627,55882,4,1.000000,0.000000
19444,20752438007,1057815,0,0,1806,0,0.000000,16384,1586,57815,4,1.000000,0.000000
19445,20753499491,1061484,0,0,1830,0,0.000000,16384,1623,61484,4,1.000000,0.000000
19446,20754560295,1060804,0,0,1832,0,0.000000,16384,1653,60804,4,1.000000,0.000000
19447,20755618359,1058064,0,0,1782,0,0.000000,16384,1604,58064,4,1.000000,0.000000
19448,20756670598,1052239,0,0,1813,0,0.000000,16384,1593,52239,4,1.000000,0.000000
19449,20757726730,1056132,0,0,1823,0,0.000000,16384,1605,56132,4,1.000000,0.000000
19450,20758785067,1058337,0,0,1734,0,0.000000,16384,1574,58337,4,1.000000,0.000000
19451,20759866148,1081081,0,0,1662,0,0.000000,16384,1476,81081,4,1.000000,0.000000
19452,20760928457,1062309,0,0,1566,0,0.000000,16384,1388,62309,4,1.000000,0.000000
19453,20761988437,1059980,0,0,1670,0,0.000000,16384,1512,59980,4,1.000000,0.000000
19454,20763046173,1057736,0,0,1662,0,0.000000,16384,1442,57736,4,1.000000,0.000000
19455,20764103865,1057692,0,0,1721,0,0.000000,16384,1556,57692,4,1.000000,0.000000
19456,20765161028,1057163,0,0,1818,0,0.000000,16384,1643,57163,4,1.000000,0.000000
19457,20766217062,1056034,0,0,1821,0,0.000000,16384,1597,56034,4,1.000000,0.000000
19458,20767272860,1055798,0,0,1822,0,0.000000,16384,1602,55798,4,1.000000,0.000000
19459,20768328865,1056005,0,0,1824,0,0.000000,16384,1640,56005,4,1.000000,0.000000
19460,20769384833,1055968,0,0,1823,0,0.000000,16384,1647,55968,4,1.000000,0.000000
19461,20770450302,1065469,0,0,1840,0,0.000000,16384,1636,65469,4,1.000000,0.000000
19462,20771506350,1056048,0,0,1810,0,0.000000,16384,1590,56048,4,1.000000,0.000000
19463,20772562044,1055694,0,0,1810,0,0.000000,16384,1610,55694,4,1.000000,0.000000
19464,20773617794,1055750,0,0,1823,0,0.000000,16384,1645,55750,4,1.000000,0.000000
19465,20774671947,1054153,0,0,1784,0,0.000000,16384,1598,54153,4,1.000000,0.000000
19466,20775728639,1056692,0,0,1825,0,0.000000,16384,1605,56692,4,1.000000,0.000000
19467,20776787467,1058828,0,0,1758,0,0.000000,16384,1559,58828,4,1.000000,0.000000
19468,20777844769,1057302,0,0,1818,0,0.000000,16384,1642,57302,4,1.000000,0.000000
19469,20778902601,1057832,0,0,1771,0,0.000000,16384,1582,57832,4,1.000000,0.000000
19470,20779959447,1056846,0,0,1823,0,0.000000,16384,1603,56846,4,1.000000,0.000000
19471,20781023625,1064178,0,0,1837,0,0.000000,16384,1627,64178,4,1.000000,0.000000
19472,20782079943,1056318,0,0,1793,0,0.000000,16384,1622,56318,4,1.000000,0.000000
19473,20783136820,1056877,0,0,1827,0,0.000000,16384,1643,56877,4,1.000000,0.000000
19474,20784194521,1057701,0,0,1769,0,0.000000,16384,1550,57701,4,1.000000,0.000000
19475,20785251706,1057185,0,0,1812,0,0.000000,16384,1601,57185,4,1.000000,0.000000
19476,20786307873,1056167,0,0,1824,0,0.000000,16384,1647,56167,4,1.000000,0.000000
19477,20787365039,1057166,0,0,1822,0,0.000000,16384,1646,57166,4,1.000000,0.000000
19478,20788422273,1057234,0,0,1824,0,0.000000,16384,1600,57234,4,1.000000,0.000000
19479,20789478530,1056257,0,0,1808,0,0.000000,16384,1588,56257,4,1.000000,0.000000
19480,20790535802,1057272,0,0,1825,0,0.000000,16384,1644,57272,4,1.000000,0.000000
19481,20791599453,1063651,0,0,1836,0,0.000000,16384,1656,63651,4,1.000000,0.000000
19482,20792655297,1055844,0,0,1823,0,0.000000,16384,1620,55844,4,1.000000,0.000000
19483,20793670418,1015121,0,0,1737,0,0.000000,16384,1517,15121,4,1.000000,0.000000
19484,20794726980,1056562,0,0,1802,0,0.000000,16384,1621,56562,4,1.000000,0.000000
19485,20795783089,1056109,0,0,1827,0,0.000000,16384,1649,56109,4,1.000000,0.000000
19486,20796846034,1062945,0,0,1810,0,0.000000,16384,1605,62945,4,1.000000,0.000000
19487,20797906486,1060452,0,0,1799,0,0.000000,16384,1579,60452,4,1.000000,0.000000
19488,20798966853,1060367,0,0,1740,0,0.000000,16384,1563,60367,4,1.000000,0.000000
19489,20800026348,1059495,0,0,1825,0,0.000000,16384,1647,59495,4,1.000000,0.000000
19490,20801084214,1057866,0,0,1814,0,0.000000,16384,1605,57866,4,1.000000,0.000000
19491,20802149661,1065447,0,0,1838,0,0.000000,16384,1618,65447,4,1.000000,0.000000
19492,20803208106,1058445,0,0,1800,0,0.000000,16384,1607,58445,4,1.000000,0.000000
19493,20804263988,1055882,0,0,1744,0,0.000000,16384,1582,55882,4,1.000000,0.000000
19494,20805319682,1055694,0,0,1786,0,0.000000,16384,1576,55694,4,1.000000,0.000000
19495,20806376668,1056986,0,0,1824,0,0.000000,16384,1605,56986,4,1.000000,0.000000
19496,20807437979,1061311,0,0,1832,0,0.000000,16384,1640,61311,4,1.000000,0.000000
19497,20808499657,1061678,0,0,1730,0,0.000000,16384,1572,61678,4,1.000000,0.000000
19498,20809559683,1060026,0,0,1650,0,0.000000,16384,1440,60026,4,1.000000,0.000000
19499,20810615919,1056236,0,0,1793,0,0.000000,16384,1595,56236,4,1.000000,0.000000
19500,20811670762,1054843,0,0,1807,0,0.000000,16384,1633,54843,4,1.000000,0.000000
19501,20812745853,1075091,0,0,1845,0,0.000000,16384,1653,75091,4,1.000000,0.000000
19502,20813803290,1057437,0,0,1821,0,0.000000,16384,1601,57437,4,1.000000,0.000000
19503,20814861448,1058158,0,0,1828,0,0.000000,16384,1609,58158,4,1.000000,0.000000
19504,20815917844,1056396,0,0,1812,0,0.000000,16384,1637,56396,4,1.000000,0.000000
19505,20816973963,1056119,0,0,1826,0,0.000000,16384,1648,56119,4,1.000000,0.000000
19506,20818029678,1055715,0,0,1788,0,0.000000,16384,1572,55715,4,1.000000,0.000000
19507,20819087109,1057431,0,0,1755,0,0.000000,16384,1542,57431,4,1.000000,0.000000
19508,20820144696,1057587,0,0,1814,0,0.000000,16384,1639,57587,4,1.000000,0.000000
19509,20821201554,1056858,0,0,1746,0,0.000000,16384,1574,56858,4,1.000000,0.000000
19510,20822262316,1060762,0,0,1608,0,0.000000,16384,1390,60762,4,1.000000,0.000000
19511,20823334407,1072091,0,0,1731,0,0.000000,16384,1572,72091,4,1.000000,0.000000
19512,20824396081,1061674,0,0,1664,0,0.000000,16384,1481,61674,4,1.000000,0.000000
19513,20825453541,1057460,0,0,1772,0,0.000000,16384,1552,57460,4,1.000000,0.000000
19514,20826512582,1059041,0,0,1765,0,0.000000,16384,1596,59041,4,1.000000,0.000000
19515,20827571923,1059341,0,0,1655,0,0.000000,16384,1484,59341,4,1.000000,0.000000
19516,20828628957,1057034,0,0,1687,0,0.000000,16384,1470,57034,4,1.000000,0.000000
19517,20829674541,1045584,0,0,1803,0,0.000000,16384,1630,45584,4,1.000000,0.000000
19518,20830730786,1056245,0,0,1826,0,0.000000,16384,1648,56245,4,1.000000,0.000000
19519,20831786903,1056117,0,0,1791,0,0.000000,16384,1575,56117,4,1.000000,0.000000
19520,20832842943,1056040,0,0,1822,0,0.000000,16384,1601,56040,4,1.000000,0.000000
19521,20833907620,1064677,0,0,1838,0,0.000000,16384,1653,64677,4,1.000000,0.000000
19522,20834963697,1056077,0,0,1825,0,0.000000,16384,1647,56077,4,1.000000,0.000000
19523,20836019489,1055792,0,0,1822,0,0.000000,16384,1622,55792,4,1.000000,0.000000
19524,20837075287,1055798,0,0,1823,0,0.000000,16384,1603,55798,4,1.000000,0.000000
19525,20838130930,1055643,0,0,1823,0,0.000000,16384,1618,55643,4,1.000000,0.000000
19526,20839195919,1064989,0,0,1733,0,0.000000,16384,1573,64989,4,1.000000,0.000000
19527,20840258271,1062352,0,0,1671,0,0.000000,16384,1476,62352,4,1.000000,0.000000
19528,20841316702,1058431,0,0,1666,0,0.000000,16384,1475,58431,4,1.000000,0.000000
19529,20842373711,1057009,0,0,1667,0,0.000000,16384,1518,57009,4,1.000000,0.000000
19530,20843461528,1087817,0,0,1825,0,0.000000,16384,1603,87817,4,1.000000,0.000000
19531,20844535659,1074131,0,0,1686,0,0.000000,16384,1488,74131,4,1.000000,0.000000
19532,20845626986,1091327,0,0,1854,0,0.000000,16384,1671,91327,4,1.000000,0.000000
19533,20846710860,1083874,0,0,1853,0,0.000000,16384,1672,83874,4,1.000000,0.000000
19534,20847773993,1063133,0,0,1812,0,0.000000,16384,1588,63133,4,1.000000,0.000000
19535,20848837482,1063489,0,0,1804,0,0.000000,16384,1584,63489,4,1.000000,0.000000
19536,20849900238,1062756,0,0,1822,0,0.000000,16384,1644,62756,4,1.000000,0.000000
19537,20850962408,1062170,0,0,1910,0,0.000000,16384,1715,62170,4,1.000000,0.000000
19538,20852021274,1058866,0,0,1827,0,0.000000,16384,1636,58866,4,1.000000,0.000000
19539,20853082000,1060726,0,0,1881,0,0.000000,16384,1659,60726,4,1.000000,0.000000
19540,20854145279,1063279,0,0,1832,0,0.000000,16384,1610,63279,4,1.000000,0.000000
19541,20855212384,1067105,0,0,1828,0,0.000000,16384,1645,67105,4,1.000000,0.000000
19542,20856270295,1057911,0,0,1829,0,0.000000,16384,1651,57911,4,1.000000,0.000000
19543,20857358827,1088532,0,0,1943,0,0.000000,16384,1740,88532,4,1.000000,0.000000
19544,20858447849,1089022,0,0,1951,0,0.000000,16384,1727,89022,4,1.000000,0.000000
19545,20859510294,1062445,0,0,1788,0,0.000000,16384,1568,62445,4,1.000000,0.000000
19546,20860570626,1060332,0,0,1694,0,0.000000,16384,1521,60332,4,1.000000,0.000000
19547,20861628592,1057966,0,0,1803,0,0.000000,16384,1629,57966,4,1.000000,0.000000
19548,20862672227,1043635,0,0,1790,0,0.000000,16384,1573,43635,4,1.000000,0.000000
19549,20863728966,1056739,0,0,1810,0,0.000000,16384,1590,56739,4,1.000000,0.000000
19550,20864785283,1056317,0,0,1826,0,0.000000,16384,1646,56317,4,1.000000,0.000000
19551,20865861069,1075786,0,0,1840,0,0.000000,16384,1658,75786,4,1.000000,0.000000
19552,20866917647,1056578,0,0,1825,0,0.000000,16384,1623,56578,4,1.000000,0.000000
19553,20867973580,1055933,0,0,1823,0,0.000000,16384,1571,55933,4,1.000000,0.000000
19554,20869029943,1056363,0,0,1824,0,0.000000,16384,1631,56363,4,1.000000,0.000000
19555,20870085809,1055866,0,0,1823,0,0.000000,16384,1603,55866,4,1.000000,0.000000
19556,20871141696,1055887,0,0,1824,0,0.000000,16384,1611,55887,4,1.000000,0.000000
19557,20872197153,1055457,0,0,1813,0,0.000000,16384,1638,55457,4,1.000000,0.000000
19558,20873252919,1055766,0,0,1825,0,0.000000,16384,1649,55766,4,1.000000,0.000000
19559,20874308590,1055671,0,0,1823,0,0.000000,16384,1599,55671,4,1.000000,0.000000
19560,20875364685,1056095,0,0,1811,0,0.000000,16384,1591,56095,4,1.000000,0.000000
19561,20876426027,1061342,0,0,1833,0,0.000000,16384,1650,61342,4,1.000000,0.000000
19562,20877482469,1056442,0,0,1826,0,0.000000,16384,1648,56442,4,1.000000,0.000000
19563,20878538768,1056299,0,0,1814,0,0.000000,16384,1611,56299,4,1.000000,0.000000
19564,20879597671,1058903,0,0,1685,0,0.000000,16384,1468,58903,4,1.000000,0.000000
19565,20880655954,1058283,0,0,1826,0,0.000000,16384,1649,58283,4,1.000000,0.000000
19566,20881672489,1016535,0,0,1748,0,0.000000,16384,1582,16535,4,1.000000,0.000000
19567,20882733030,1060541,0,0,1798,0,0.000000,16384,1578,60541,4,1.000000,0.000000
19568,20883790859,1057829,0,0,1810,0,0.000000,16384,1593,57829,4,1.000000,0.000000
19569,20884847594,1056735,0,0,1666,0,0.000000,16384,1520,56735,4,1.000000,0.000000
19570,20885905396,1057802,0,0,1738,0,0.000000,16384,1537,57802,4,1.000000,0.000000
19571,20886972323,1066927,0,0,1728,0,0.000000,16384,1516,66927,4,1.000000,0.000000
19572,20888029155,1056832,0,0,1827,0,0.000000,16384,1649,56832,4,1.000000,0.000000
19573,20889085962,1056807,0,0,1826,0,0.000000,16384,1648,56807,4,1.000000,0.000000
19574,20890142118,1056156,0,0,1824,0,0.000000,16384,1608,56156,4,1.000000,0.000000
19575,20891198463,1056345,0,0,1801,0,0.000000,16384,1581,56345,4,1.000000,0.000000
19576,20892260510,1062047,0,0,1699,0,0.000000,16384,1538,62047,4,1.000000,0.000000
19577,20893323110,1062600,0,0,1832,0,0.000000,16384,1653,62600,4,1.000000,0.000000
19578,20894383725,1060615,0,0,1826,0,0.000000,16384,1601,60615,4,1.000000,0.000000
19579,20895445302,1061577,0,0,1816,0,0.000000,16384,1596,61577,4,1.000000,0.000000
19580,20896503179,1057877,0,0,1828,0,0.000000,16384,1647,57877,4,1.000000,0.000000
19581,20897570419,1067240,0,0,1742,0,0.000000,16384,1581,67240,4,1.000000,0.000000
19582,20898627959,1057540,0,0,1801,0,0.000000,16384,1580,57540,4,1.000000,0.000000
19583,20899674109,1046150,0,0,1605,0,0.000000,16384,1425,46150,4,1.000000,0.000000
19584,20900731997,1057888,0,0,1824,0,0.000000,16384,1647,57888,4,1.000000,0.000000
19585,20901788557,1056560,0,0,1827,0,0.000000,16384,1624,56560,4,1.000000,0.000000
19586,20902845100,1056543,0,0,1825,0,0.000000,16384,1605,56543,4,1.000000,0.000000
19587,20903936513,1091413,0,0,1611,0,0.000000,16384,1449,91413,4,1.000000,0.000000
19588,20904999836,1063323,0,0,1560,0,0.000000,16384,1386,63323,4,1.000000,0.000000
19589,20906058797,1058961,0,0,1558,0,0.000000,16384,1389,58961,4,1.000000,0.000000
19590,20907117189,1058392,0,0,1597,0,0.000000,16384,1426,58392,4,1.000000,0.000000
19591,20908185775,1068586,0,0,1681,0,0.000000,16384,1478,68586,4,1.000000,0.000000
19592,20909244769,1058994,0,0,1651,0,0.000000,16384,1508,58994,4,1.000000,0.000000
19593,20910302309,1057540,0,0,1663,0,0.000000,16384,1453,57540,4,1.000000,0.000000
19594,20911358978,1056669,0,0,1663,0,0.000000,16384,1488,56669,4,1.000000,0.000000
19595,20912448780,1089802,0,0,1819,0,0.000000,16384,1643,89802,4,1.000000,0.000000
19596,20913510087,1061307,0,0,1668,0,0.000000,16384,1459,61307,4,1.000000,0.000000
19597,20914567946,1057859,0,0,1659,0,0.000000,16384,1483,57859,4,1.000000,0.000000
19598,20915625140,1057194,0,0,1803,0,0.000000,16384,1630,57194,4,1.000000,0.000000
19599,20916678853,1053713,0,0,1743,0,0.000000,16384,1532,53713,4,1.000000,0.000000
19600,20917735569,1056716,0,0,1789,0,0.000000,16384,1574,56716,4,1.000000,0.000000
19601,20918809846,1074277,0,0,1853,0,0.000000,16384,1670,74277,4,1.000000,0.000000
19602,20919869114,1059268,0,0,1687,0,0.000000,16384,1521,59268,4,1.000000,0.000000
19603,20920930501,1061387,0,0,1776,0,0.000000,16384,1556,61387,4,1.000000,0.000000
19604,20921988865,1058364,0,0,1811,0,0.000000,16384,1610,58364,4,1.000000,0.000000
19605,20923047826,1058961,0,0,1637,0,0.000000,16384,1497,58961,4,1.000000,0.000000
19606,20924106870,1059044,0,0,1828,0,0.000000,16384,1605,59044,4,1.000000,0.000000
19607,20925164240,1057370,0,0,1826,0,0.000000,16384,1605,57370,4,1.000000,0.000000
19608,20926221354,1057114,0,0,1826,0,0.000000,16384,1642,57114,4,1.000000,0.000000
19609,20927277654,1056300,0,0,1826,0,0.000000,16384,1647,56300,4,1.000000,0.000000
19610,20928338003,1060349,0,0,1821,0,0.000000,16384,1621,60349,4,1.000000,0.000000
19611,20929409786,1071783,0,0,1839,0,0.000000,16384,1619,71783,4,1.000000,0.000000
19612,20930466668,1056882,0,0,1778,0,0.000000,16384,1579,56882,4,1.000000,0.000000
19613,20931523511,1056843,0,0,1825,0,0.000000,16384,1647,56843,4,1.000000,0.000000
19614,20932580805,1057294,0,0,1792,0,0.000000,16384,1605,57294,4,1.000000,0.000000
19615,20933637287,1056482,0,0,1822,0,0.000000,16384,1602,56482,4,1.000000,0.000000
19616,20934670549,1033262,0,0,1779,0,0.000000,16384,1576,33262,4,1.000000,0.000000
19617,20935728882,1058333,0,0,1816,0,0.000000,16384,1640,58333,4,1.000000,0.000000
19618,20936786185,1057303,0,0,1824,0,0.000000,16384,1639,57303,4,1.000000,0.000000
19619,20937842704,1056519,0,0,1813,0,0.000000,16384,1593,56519,4,1.000000,0.000000
19620,20938899591,1056887,0,0,1789,0,0.000000,16384,1576,56887,4,1.000000,0.000000
19621,20939963020,1063429,0,0,1679,0,0.000000,16384,1531,63429,4,1.000000,0.000000
19622,20941021008,1057988,0,0,1761,0,0.000000,16384,1558,57988,4,1.000000,0.000000
19623,20942077821,1056813,0,0,1717,0,0.000000,16384,1505,56813,4,1.000000,0.000000
19624,20943133986,1056165,0,0,1752,0,0.000000,16384,1589,56165,4,1.000000,0.000000
19625,20944190153,1056167,0,0,1789,0,0.000000,16384,1603,56167,4,1.000000,0.000000
19626,20945246085,1055932,0,0,1820,0,0.000000,16384,1601,55932,4,1.000000,0.000000
19627,20946301982,1055897,0,0,1811,0,0.000000,16384,1600,55897,4,1.000000,0.000000
19628,20947358323,1056341,0,0,1826,0,0.000000,16384,1648,56341,4,1.000000,0.000000
19629,20948414396,1056073,0,0,1824,0,0.000000,16384,1647,56073,4,1.000000,0.000000
19630,20949471064,1056668,0,0,1823,0,0.000000,16384,1601,56668,4,1.000000,0.000000
19631,20950533558,1062494,0,0,1832,0,0.000000,16384,1612,62494,4,1.000000,0.000000
19632,20951589596,1056038,0,0,1825,0,0.000000,16384,1638,56038,4,1.000000,0.000000
19633,20952645597,1056001,0,0,1816,0,0.000000,16384,1640,56001,4,1.000000,0.000000
19634,20953670731,1025134,0,0,1749,0,0.000000,16384,1547,25134,4,1.000000,0.000000
19635,20954726691,1055960,0,0,1813,0,0.000000,16384,1594,55960,4,1.000000,0.000000
19636,20955783480,1056789,0,0,1801,0,0.000000,16384,1617,56789,4,1.000000,0.000000
19637,20956839674,1056194,0,0,1809,0,0.000000,16384,1635,56194,4,1.000000,0.000000
19638,20957897449,1057775,0,0,1825,0,0.000000,16384,1619,57775,4,1.000000,0.000000
19639,20958953424,1055975,0,0,1822,0,0.000000,16384,1602,55975,4,1.000000,0.000000
19640,20959963845,1010421,0,0,1691,0,0.000000,16384,1517,10421,4,1.000000,0.000000
19641,20961028243,1064398,0,0,1838,0,0.000000,16384,1658,64398,4,1.000000,0.000000
19642,20962084491,1056248,0,0,1813,0,0.000000,16384,1603,56248,4,1.000000,0.000000
19643,20963142066,1057575,0,0,1751,0,0.000000,16384,1531,57575,4,1.000000,0.000000
19644,20964199314,1057248,0,0,1725,0,0.000000,16384,1565,57248,4,1.000000,0.000000
19645,20965255169,1055855,0,0,1816,0,0.000000,16384,1636,55855,4,1.000000,0.000000
19646,20966311062,1055893,0,0,1816,0,0.000000,16384,1596,55893,4,1.000000,0.000000
19647,20967366989,1055927,0,0,1815,0,0.000000,16384,1592,55927,4,1.000000,0.000000
19648,20968422689,1055700,0,0,1807,0,0.000000,16384,1635,55700,4,1.000000,0.000000
19649,20969478375,1055686,0,0,1736,0,0.000000,16384,1566,55686,4,1.000000,0.000000
19650,20970534156,1055781,0,0,1812,0,0.000000,16384,1593,55781,4,1.000000,0.000000
19651,20971605861,1071705,0,0,1721,0,0.000000,16384,1524,71705,4,1.000000,0.000000
19652,20972664264,1058403,0,0,1827,0,0.000000,16384,1648,58403,4,1.000000,0.000000
19653,20973723348,1059084,0,0,1826,0,0.000000,16384,1638,59084,4,1.000000,0.000000
19654,20974779370,1056022,0,0,1822,0,0.000000,16384,1602,56022,4,1.000000,0.000000
19655,20975835599,1056229,0,0,1813,0,0.000000,16384,1597,56229,4,1.000000,0.000000
19656,20976891955,1056356,0,0,1807,0,0.000000,16384,1633,56356,4,1.000000,0.000000
19657,20977947644,1055689,0,0,1814,0,0.000000,16384,1640,55689,4,1.000000,0.000000
19658,20979004016,1056372,0,0,1772,0,0.000000,16384,1552,56372,4,1.000000,0.000000
19659,20980062155,1058139,0,0,1733,0,0.000000,16384,1531,58139,4,1.000000,0.000000
19660,20981119591,1057436,0,0,1829,0,0.000000,16384,1651,57436,4,1.000000,0.000000
19661,20982184090,1064499,0,0,1818,0,0.000000,16384,1634,64499,4,1.000000,0.000000
19662,20983241138,1057048,0,0,1803,0,0.000000,16384,1583,57048,4,1.000000,0.000000
19663,20984298034,1056896,0,0,1814,0,0.000000,16384,1599,56896,4,1.000000,0.000000
19664,20985355534,1057500,0,0,1762,0,0.000000,16384,1597,57500,4,1.000000,0.000000
19665,20986413840,1058306,0,0,1815,0,0.000000,16384,1631,58306,4,1.000000,0.000000
19666,20987470819,1056979,0,0,1810,0,0.000000,16384,1590,56979,4,1.000000,0.000000
19667,20988526579,1055760,0,0,1822,0,0.000000,16384,1604,55760,4,1.000000,0.000000
19668,20989582469,1055890,0,0,1811,0,0.000000,16384,1636,55890,4,1.000000,0.000000
19669,20990638238,1055769,0,0,1824,0,0.000000,16384,1647,55769,4,1.000000,0.000000
19670,20991670335,1032097,0,0,1778,0,0.000000,16384,1563,32097,4,1.000000,0.000000
19671,20992732615,1062280,0,0,1822,0,0.000000,16384,1598,62280,4,1.000000,0.000000
19672,20993788670,1056055,0,0,1814,0,0.000000,16384,1637,56055,4,1.000000,0.000000
19673,20994845310,1056640,0,0,1777,0,0.000000,16384,1610,56640,4,1.000000,0.000000
19674,20995902626,1057316,0,0,1687,0,0.000000,16384,1472,57316,4,1.000000,0.000000
19675,20996960886,1058260,0,0,1765,0,0.000000,16384,1570,58260,4,1.000000,0.000000
19676,20998018250,1057364,0,0,1810,0,0.000000,16384,1635,57364,4,1.000000,0.000000
19677,20999074122,1055872,0,0,1824,0,0.000000,16384,1630,55872,4,1.000000,0.000000
19678,21000132361,1058239,0,0,1726,0,0.000000,16384,1505,58239,4,1.000000,0.000000
19679,21001189641,1057280,0,0,1812,0,0.000000,16384,1622,57280,4,1.000000,0.000000
19680,21002245625,1055984,0,0,1813,0,0.000000,16384,1638,55984,4,1.000000,0.000000
19681,21003307935,1062310,0,0,1833,0,0.000000,16384,1635,62310,4,1.000000,0.000000
19682,21004364294,1056359,0,0,1799,0,0.000000,16384,1579,56359,4,1.000000,0.000000
19683,21005420515,1056221,0,0,1813,0,0.000000,16384,1610,56221,4,1.000000,0.000000
19684,21006476524,1056009,0,0,1825,0,0.000000,16384,1648,56009,4,1.000000,0.000000
19685,21007532260,1055736,0,0,1823,0,0.000000,16384,1639,55736,4,1.000000,0.000000
19686,21008588893,1056633,0,0,1787,0,0.000000,16384,1566,56633,4,1.000000,0.000000
19687,21009670992,1082099,0,0,1831,0,0.000000,16384,1615,82099,4,1.000000,0.000000
19688,21010727332,1056340,0,0,1769,0,0.000000,16384,1602,56340,4,1.000000,0.000000
19689,21011783752,1056420,0,0,1825,0,0.000000,16384,1645,56420,4,1.000000,0.000000
19690,21012839833,1056081,0,0,1823,0,0.000000,16384,1603,56081,4,1.000000,0.000000
19691,21013902432,1062599,0,0,1798,0,0.000000,16384,1577,62599,4,1.000000,0.000000
19692,21014959063,1056631,0,0,1815,0,0.000000,16384,1639,56631,4,1.000000,0.000000
19693,21016015089,1056026,0,0,1815,0,0.000000,16384,1640,56026,4,1.000000,0.000000
19694,21017071401,1056312,0,0,1825,0,0.000000,16384,1609,56312,4,1.000000,0.000000
19695,21018127254,1055853,0,0,1814,0,0.000000,16384,1593,55853,4,1.000000,0.000000
19696,21019183093,1055839,0,0,1816,0,0.000000,16384,1630,55839,4,1.000000,0.000000
19697,21020240598,1057505,0,0,1780,0,0.000000,16384,1611,57505,4,1.000000,0.000000
19698,21021297170,1056572,0,0,1824,0,0.000000,16384,1616,56572,4,1.000000,0.000000
19699,21022353578,1056408,0,0,1802,0,0.000000,16384,1582,56408,4,1.000000,0.000000
19700,21023414835,1061257,0,0,1650,0,0.000000,16384,1491,61257,4,1.000000,0.000000
19701,21024492879,1078044,0,0,1806,0,0.000000,16384,1625,78044,4,1.000000,0.000000
19702,21025550319,1057440,0,0,1826,0,0.000000,16384,1606,57440,4,1.000000,0.000000
19703,21026607369,1057050,0,0,1816,0,0.000000,16384,1595,57050,4,1.000000,0.000000
19704,21027664197,1056828,0,0,1825,0,0.000000,16384,1648,56828,4,1.000000,0.000000
19705,21028724121,1059924,0,0,1826,0,0.000000,16384,1648,59924,4,1.000000,0.000000
19706,21029780379,1056258,0,0,1826,0,0.000000,16384,1614,56258,4,1.000000,0.000000
19707,21030836162,1055783,0,0,1824,0,0.000000,16384,1603,55783,4,1.000000,0.000000
19708,21031893648,1057486,0,0,1662,0,0.000000,16384,1500,57486,4,1.000000,0.000000
19709,21032950509,1056861,0,0,1694,0,0.000000,16384,1517,56861,4,1.000000,0.000000
19710,21034006758,1056249,0,0,1798,0,0.000000,16384,1578,56249,4,1.000000,0.000000
19711,21035067130,1060372,0,0,1819,0,0.000000,16384,1622,60372,4,1.000000,0.000000
19712,21036123050,1055920,0,0,1823,0,0.000000,16384,1646,55920,4,1.000000,0.000000
19713,21037178819,1055769,0,0,1823,0,0.000000,16384,1633,55769,4,1.000000,0.000000
19714,21038234647,1055828,0,0,1822,0,0.000000,16384,1602,55828,4,1.000000,0.000000
19715,21039290258,1055611,0,0,1821,0,0.000000,16384,1605,55611,4,1.000000,0.000000
19716,21040348678,1058420,0,0,1679,0,0.000000,16384,1531,58420,4,1.000000,0.000000
19717,21041406228,1057550,0,0,1677,0,0.000000,16384,1481,57550,4,1.000000,0.000000
19718,21042462643,1056415,0,0,1813,0,0.000000,16384,1591,56415,4,1.000000,0.000000
19719,21043519470,1056827,0,0,1817,0,0.000000,16384,1641,56827,4,1.000000,0.000000
19720,21044578461,1058991,0,0,1751,0,0.000000,16384,1585,58991,4,1.000000,0.000000
19721,21045698099,1119638,0,0,1669,0,0.000000,16384,1449,119638,4,1.000000,0.000000
19722,21046768106,1070007,0,0,1547,0,0.000000,16384,1408,70007,4,1.000000,0.000000
19723,21047828113,1060007,0,0,1573,0,0.000000,16384,1376,60007,4,1.000000,0.000000
19724,21048890823,1062710,0,0,1791,0,0.000000,16384,1596,62710,4,1.000000,0.000000
19725,21049956201,1065378,0,0,1791,0,0.000000,16384,1619,65378,4,1.000000,0.000000
19726,21051021229,1065028,0,0,1752,0,0.000000,16384,1555,65028,4,1.000000,0.000000
19727,21052083933,1062704,0,0,1658,0,0.000000,16384,1455,62704,4,1.000000,0.000000
19728,21053143991,1060058,0,0,1671,0,0.000000,16384,1524,60058,4,1.000000,0.000000
19729,21054205680,1061689,0,0,1665,0,0.000000,16384,1459,61689,4,1.000000,0.000000
19730,21055266820,1061140,0,0,1672,0,0.000000,16384,1491,61140,4,1.000000,0.000000
19731,21056348328,1081508,0,0,1801,0,0.000000,16384,1628,81508,4,1.000000,0.000000
19732,21057405718,1057390,0,0,1813,0,0.000000,16384,1603,57390,4,1.000000,0.000000
19733,21058461972,1056254,0,0,1814,0,0.000000,16384,1594,56254,4,1.000000,0.000000
19734,21059518062,1056090,0,0,1815,0,0.000000,16384,1625,56090,4,1.000000,0.000000
19735,21060577625,1059563,0,0,1747,0,0.000000,16384,1585,59563,4,1.000000,0.000000
19736,21061637429,1059804,0,0,1829,0,0.000000,16384,1617,59804,4,1.000000,0.000000
19737,21062671756,1034327,0,0,1784,0,0.000000,16384,1564,34327,4,1.000000,0.000000
19738,21063730016,1058260,0,0,1826,0,0.000000,16384,1638,58260,4,1.000000,0.000000
19739,21064790797,1060781,0,0,1928,0,0.000000,16384,1729,60781,4,1.000000,0.000000
19740,21065850114,1059317,0,0,1831,0,0.000000,16384,1654,59317,4,1.000000,0.000000
19741,21066918128,1068014,0,0,1842,0,0.000000,16384,1618,68014,4,1.000000,0.000000
19742,21067974438,1056310,0,0,1822,0,0.000000,16384,1602,56310,4,1.000000,0.000000
19743,21069030586,1056148,0,0,1827,0,0.000000,16384,1639,56148,4,1.000000,0.000000
19744,21070089364,1058778,0,0,1825,0,0.000000,16384,1647,58778,4,1.000000,0.000000
19745,21071146736,1057372,0,0,1827,0,0.000000,16384,1629,57372,4,1.000000,0.000000
19746,21072202795,1056059,0,0,1823,0,0.000000,16384,1603,56059,4,1.000000,0.000000
19747,21073259006,1056211,0,0,1805,0,0.000000,16384,1600,56211,4,1.000000,0.000000
19748,21074314872,1055866,0,0,1824,0,0.000000,16384,1647,55866,4,1.000000,0.000000
19749,21075371075,1056203,0,0,1825,0,0.000000,16384,1643,56203,4,1.000000,0.000000
19750,21076427014,1055939,0,0,1819,0,0.000000,16384,1547,55939,4,1.000000,0.000000
19751,21077501571,1074557,0,0,1857,0,0.000000,16384,1673,74557,4,1.000000,0.000000
19752,21078559114,1057543,0,0,1823,0,0.000000,16384,1610,57543,4,1.000000,0.000000
19753,21079615763,1056649,0,0,1824,0,0.000000,16384,1604,56649,4,1.000000,0.000000
19754,21080672103,1056340,0,0,1767,0,0.000000,16384,1584,56340,4,1.000000,0.000000
19755,21081729761,1057658,0,0,1827,0,0.000000,16384,1650,57658,4,1.000000,0.000000
19756,21082786401,1056640,0,0,1797,0,0.000000,16384,1593,56640,4,1.000000,0.000000
19757,21083842483,1056082,0,0,1822,0,0.000000,16384,1602,56082,4,1.000000,0.000000
19758,21084898775,1056292,0,0,1824,0,0.000000,16384,1627,56292,4,1.000000,0.000000
19759,21085954548,1055773,0,0,1824,0,0.000000,16384,1647,55773,4,1.000000,0.000000
19760,21087010313,1055765,0,0,1744,0,0.000000,16384,1554,55765,4,1.000000,0.000000
19761,21088075614,1065301,0,0,1837,0,0.000000,16384,1617,65301,4,1.000000,0.000000
19762,21089131622,1056008,0,0,1810,0,0.000000,16384,1609,56008,4,1.000000,0.000000
19763,21090187386,1055764,0,0,1826,0,0.000000,16384,1648,55764,4,1.000000,0.000000
19764,21091243055,1055669,0,0,1824,0,0.000000,16384,1639,55669,4,1.000000,0.000000
19765,21092298656,1055601,0,0,1822,0,0.000000,16384,1601,55601,4,1.000000,0.000000
19766,21093354835,1056179,0,0,1823,0,0.000000,16384,1603,56179,4,1.000000,0.000000
19767,21094411012,1056177,0,0,1823,0,0.000000,16384,1646,56177,4,1.000000,0.000000
19768,21095466811,1055799,0,0,1806,0,0.000000,16384,1632,55799,4,1.000000,0.000000
19769,21096522860,1056049,0,0,1825,0,0.000000,16384,1609,56049,4,1.000000,0.000000
19770,21097581617,1058757,0,0,1755,0,0.000000,16384,1535,58757,4,1.000000,0.000000
19771,21098646254,1064637,0,0,1819,0,0.000000,16384,1643,64637,4,1.000000,0.000000
19772,21099704238,1057984,0,0,1661,0,0.000000,16384,1497,57984,4,1.000000,0.000000
19773,21100762662,1058424,0,0,1732,0,0.000000,16384,1512,58424,4,1.000000,0.000000
19774,21101820109,1057447,0,0,1829,0,0.000000,16384,1637,57447,4,1.000000,0.000000
19775,21102876151,1056042,0,0,1825,0,0.000000,16384,1647,56042,4,1.000000,0.000000
19776,21103932756,1056605,0,0,1802,0,0.000000,16384,1608,56605,4,1.000000,0.000000
19777,21104990105,1057349,0,0,1776,0,0.000000,16384,1556,57349,4,1.000000,0.000000
19778,21106045906,1055801,0,0,1769,0,0.000000,16384,1581,55801,4,1.000000,0.000000
19779,21107101694,1055788,0,0,1799,0,0.000000,16384,1627,55788,4,1.000000,0.000000
19780,21108157657,1055963,0,0,1825,0,0.000000,16384,1621,55963,4,1.000000,0.000000
19781,21109220952,1063295,0,0,1835,0,0.000000,16384,1615,63295,4,1.000000,0.000000
19782,21110277245,1056293,0,0,1810,0,0.000000,16384,1608,56293,4,1.000000,0.000000
19783,21111333047,1055802,0,0,1826,0,0.000000,16384,1647,55802,4,1.000000,0.000000
19784,21112390064,1057017,0,0,1809,0,0.000000,16384,1626,57017,4,1.000000,0.000000
19785,21113446071,1056007,0,0,1817,0,0.000000,16384,1597,56007,4,1.000000,0.000000
19786,21114501904,1055833,0,0,1811,0,0.000000,16384,1596,55833,4,1.000000,0.000000
19787,21115559229,1057325,0,0,1797,0,0.000000,16384,1625,57325,4,1.000000,0.000000
19788,21116615746,1056517,0,0,1823,0,0.000000,16384,1646,56517,4,1.000000,0.000000
19789,21117670454,1054708,0,0,1817,0,0.000000,16384,1593,54708,4,1.000000,0.000000
19790,21118726512,1056058,0,0,1824,0,0.000000,16384,1604,56058,4,1.000000,0.000000
19791,21119788565,1062053,0,0,1835,0,0.000000,16384,1651,62053,4,1.000000,0.000000
19792,21120845726,1057161,0,0,1775,0,0.000000,16384,1607,57161,4,1.000000,0.000000
19793,21121903124,1057398,0,0,1827,0,0.000000,16384,1615,57398,4,1.000000,0.000000
19794,21122958944,1055820,0,0,1821,0,0.000000,16384,1601,55820,4,1.000000,0.000000
19795,21124018527,1059583,0,0,1676,0,0.000000,16384,1511,59583,4,1.000000,0.000000
19796,21125077661,1059134,0,0,1829,0,0.000000,16384,1652,59134,4,1.000000,0.000000
19797,21126134957,1057296,0,0,1804,0,0.000000,16384,1582,57296,4,1.000000,0.000000
19798,21127191785,1056828,0,0,1825,0,0.000000,16384,1605,56828,4,1.000000,0.000000
19799,21128248136,1056351,0,0,1824,0,0.000000,16384,1642,56351,4,1.000000,0.000000
19800,21129303980,1055844,0,0,1824,0,0.000000,16384,1646,55844,4,1.000000,0.000000
19801,21130378672,1074692,0,0,1852,0,0.000000,16384,1648,74692,4,1.000000,0.000000
19802,21131435156,1056484,0,0,1823,0,0.000000,16384,1603,56484,4,1.000000,0.000000
19803,21132491141,1055985,0,0,1794,0,0.000000,16384,1593,55985,4,1.000000,0.000000
19804,21133546810,1055669,0,0,1819,0,0.000000,16384,1642,55669,4,1.000000,0.000000
19805,21134602411,1055601,0,0,1818,0,0.000000,16384,1632,55601,4,1.000000,0.000000
19806,21135658109,1055698,0,0,1798,0,0.000000,16384,1578,55698,4,1.000000,0.000000
19807,21136670559,1012450,0,0,1730,0,0.000000,16384,1535,12450,4,1.000000,0.000000
19808,21137726501,1055942,0,0,1825,0,0.000000,16384,1647,55942,4,1.000000,0.000000
19809,21138782328,1055827,0,0,1808,0,0.000000,16384,1617,55827,4,1.000000,0.000000
19810,21139838062,1055734,0,0,1823,0,0.000000,16384,1603,55734,4,1.000000,0.000000
19811,21140900009,1061947,0,0,1706,0,0.000000,16384,1518,61947,4,1.000000,0.000000
19812,21141957389,1057380,0,0,1827,0,0.000000,16384,1649,57380,4,1.000000,0.000000
19813,21143013511,1056122,0,0,1824,0,0.000000,16384,1626,56122,4,1.000000,0.000000
19814,21144069484,1055973,0,0,1825,0,0.000000,16384,1605,55973,4,1.000000,0.000000
19815,21145125731,1056247,0,0,1774,0,0.000000,16384,1575,56247,4,1.000000,0.000000
19816,21146182810,1057079,0,0,1820,0,0.000000,16384,1643,57079,4,1.000000,0.000000
19817,21147239225,1056415,0,0,1825,0,0.000000,16384,1636,56415,4,1.000000,0.000000
19818,21148295138,1055913,0,0,1794,0,0.000000,16384,1575,55913,4,1.000000,0.000000
19819,21149351720,1056582,0,0,1825,0,0.000000,16384,1612,56582,4,1.000000,0.000000
19820,21150407598,1055878,0,0,1826,0,0.000000,16384,1648,55878,4,1.000000,0.000000
19821,21151472446,1064848,0,0,1817,0,0.000000,16384,1642,64848,4,1.000000,0.000000
19822,21152529456,1057010,0,0,1825,0,0.000000,16384,1603,57010,4,1.000000,0.000000
19823,21153585765,1056309,0,0,1824,0,0.000000,16384,1604,56309,4,1.000000,0.000000
19824,21154641491,1055726,0,0,1805,0,0.000000,16384,1623,55726,4,1.000000,0.000000
19825,21155671107,1029616,0,0,1661,0,0.000000,16384,1503,29616,4,1.000000,0.000000
19826,21156727122,1056015,0,0,1822,0,0.000000,16384,1602,56015,4,1.000000,0.000000
19827,21157782989,1055867,0,0,1822,0,0.000000,16384,1607,55867,4,1.000000,0.000000
19828,21158838703,1055714,0,0,1824,0,0.000000,16384,1647,55714,4,1.000000,0.000000
19829,21159894152,1055449,0,0,1824,0,0.000000,16384,1646,55449,4,1.000000,0.000000
19830,21160951806,1057654,0,0,1776,0,0.000000,16384,1562,57654,4,1.000000,0.000000
19831,21162015401,1063595,0,0,1834,0,0.000000,16384,1610,63595,4,1.000000,0.000000
19832,21163071554,1056153,0,0,1824,0,0.000000,16384,1643,56153,4,1.000000,0.000000
19833,21164129569,1058015,0,0,1825,0,0.000000,16384,1648,58015,4,1.000000,0.000000
19834,21165186482,1056913,0,0,1798,0,0.000000,16384,1592,56913,4,1.000000,0.000000
19835,21166241868,1055386,0,0,1820,0,0.000000,16384,1600,55386,4,1.000000,0.000000
19836,21167297090,1055222,0,0,1823,0,0.000000,16384,1628,55222,4,1.000000,0.000000
19837,21168352949,1055859,0,0,1824,0,0.000000,16384,1646,55859,4,1.000000,0.000000
19838,21169409217,1056268,0,0,1823,0,0.000000,16384,1632,56268,4,1.000000,0.000000
19839,21170464779,1055562,0,0,1822,0,0.000000,16384,1602,55562,4,1.000000,0.000000
19840,21171520403,1055624,0,0,1810,0,0.000000,16384,1599,55624,4,1.000000,0.000000
19841,21172580765,1060362,0,0,1830,0,0.000000,16384,1651,60362,4,1.000000,0.000000
19842,21173636538,1055773,0,0,1826,0,0.000000,16384,1648,55773,4,1.000000,0.000000
19843,21174670504,1033966,0,0,1781,0,0.000000,16384,1565,33966,4,1.000000,0.000000
19844,21175727245,1056741,0,0,1824,0,0.000000,16384,1600,56741,4,1.000000,0.000000
19845,21176783325,1056080,0,0,1803,0,0.000000,16384,1629,56080,4,1.000000,0.000000
19846,21177847744,1064419,0,0,1757,0,0.000000,16384,1591,64419,4,1.000000,0.000000
19847,21178911946,1064202,0,0,1790,0,0.000000,16384,1570,64202,4,1.000000,0.000000
19848,21179974633,1062687,0,0,1771,0,0.000000,16384,1561,62687,4,1.000000,0.000000
19849,21181035880,1061247,0,0,1613,0,0.000000,16384,1478,61247,4,1.000000,0.000000
19850,21182095187,1059307,0,0,1624,0,0.000000,16384,1408,59307,4,1.000000,0.000000
19851,21183177499,1082312,0,0,1681,0,0.000000,16384,1517,82312,4,1.000000,0.000000
19852,21184235823,1058324,0,0,1666,0,0.000000,16384,1490,58324,4,1.000000,0.000000
19853,21185293339,1057516,0,0,1662,0,0.000000,16384,1453,57516,4,1.000000,0.000000
19854,21186353981,1060642,0,0,1724,0,0.000000,16384,1567,60642,4,1.000000,0.000000
19855,21187414160,1060179,0,0,1819,0,0.000000,16384,1626,60179,4,1.000000,0.000000
19856,21188471157,1056997,0,0,1825,0,0.000000,16384,1604,56997,4,1.000000,0.000000
19857,21189528127,1056970,0,0,1802,0,0.000000,16384,1594,56970,4,1.000000,0.000000
19858,21190585466,1057339,0,0,1783,0,0.000000,16384,1613,57339,4,1.000000,0.000000
19859,21191642434,1056968,0,0,1823,0,0.000000,16384,1638,56968,4,1.000000,0.000000
19860,21192670553,1028119,0,0,1771,0,0.000000,16384,1550,28119,4,1.000000,0.000000
19861,21193735857,1065304,0,0,1837,0,0.000000,16384,1626,65304,4,1.000000,0.000000
19862,21194792554,1056697,0,0,1779,0,0.000000,16384,1610,56697,4,1.000000,0.000000
19863,21195849890,1057336,0,0,1818,0,0.000000,16384,1634,57336,4,1.000000,0.000000
19864,21196940040,1090150,0,0,1826,0,0.000000,16384,1607,90150,4,1.000000,0.000000
19865,21198001841,1061801,0,0,1665,0,0.000000,16384,1475,61801,4,1.000000,0.000000
19866,21199059656,1057815,0,0,1667,0,0.000000,16384,1517,57815,4,1.000000,0.000000
19867,21200116466,1056810,0,0,1661,0,0.000000,16384,1441,56810,4,1.000000,0.000000
19868,21201176622,1060156,0,0,1590,0,0.000000,16384,1444,60156,4,1.000000,0.000000
19869,21202235261,1058639,0,0,1665,0,0.000000,16384,1473,58639,4,1.000000,0.000000
19870,21203293648,1058387,0,0,1660,0,0.000000,16384,1468,58387,4,1.000000,0.000000
19871,21204361992,1068344,0,0,1664,0,0.000000,16384,1518,68344,4,1.000000,0.000000
19872,21205420049,1058057,0,0,1657,0,0.000000,16384,1437,58057,4,1.000000,0.000000
19873,21206477704,1057655,0,0,1660,0,0.000000,16384,1498,57655,4,1.000000,0.000000
19874,21207534467,1056763,0,0,1665,0,0.000000,16384,1487,56763,4,1.000000,0.000000
19875,21208590881,1056414,0,0,1663,0,0.000000,16384,1455,56414,4,1.000000,0.000000
19876,21209646994,1056113,0,0,1773,0,0.000000,16384,1606,56113,4,1.000000,0.000000
19877,21210673460,1026466,0,0,1755,0,0.000000,16384,1570,26466,4,1.000000,0.000000
19878,21211729547,1056087,0,0,1798,0,0.000000,16384,1578,56087,4,1.000000,0.000000
19879,21212786029,1056482,0,0,1824,0,0.000000,16384,1622,56482,4,1.000000,0.000000
19880,21213842356,1056327,0,0,1826,0,0.000000,16384,1648,56327,4,1.000000,0.000000
19881,21214902718,1060362,0,0,1832,0,0.000000,16384,1648,60362,4,1.000000,0.000000
19882,21215959642,1056924,0,0,1824,0,0.000000,16384,1604,56924,4,1.000000,0.000000
19883,21217015459,1055817,0,0,1806,0,0.000000,16384,1585,55817,4,1.000000,0.000000
19884,21218071209,1055750,0,0,1825,0,0.000000,16384,1648,55750,4,1.000000,0.000000
19885,21219126601,1055392,0,0,1825,0,0.000000,16384,1647,55392,4,1.000000,0.000000
19886,21220182411,1055810,0,0,1823,0,0.000000,16384,1611,55810,4,1.000000,0.000000
19887,21221241821,1059410,0,0,1729,0,0.000000,16384,1511,59410,4,1.000000,0.000000
19888,21222300427,1058606,0,0,1820,0,0.000000,16384,1644,58606,4,1.000000,0.000000
19889,21223356841,1056414,0,0,1827,0,0.000000,16384,1648,56414,4,1.000000,0.000000
19890,21224417694,1060853,0,0,1674,0,0.000000,16384,1467,60853,4,1.000000,0.000000
19891,21225491415,1073721,0,0,1684,0,0.000000,16384,1501,73721,4,1.000000,0.000000
19892,21226549063,1057648,0,0,1795,0,0.000000,16384,1623,57648,4,1.000000,0.000000
19893,21227606474,1057411,0,0,1826,0,0.000000,16384,1617,57411,4,1.000000,0.000000
19894,21228663168,1056694,0,0,1811,0,0.000000,16384,1591,56694,4,1.000000,0.000000
19895,21229670733,1007565,0,0,1714,0,0.000000,16384,1540,7565,4,1.000000,0.000000
19896,21230726865,1056132,0,0,1815,0,0.000000,16384,1639,56132,4,1.000000,0.000000
19897,21231782844,1055979,0,0,1822,0,0.000000,16384,1607,55979,4,1.000000,0.000000
19898,21232838794,1055950,0,0,1794,0,0.000000,16384,1575,55950,4,1.000000,0.000000
19899,21233894679,1055885,0,0,1825,0,0.000000,16384,1639,55885,4,1.000000,0.000000
19900,21234950269,1055590,0,0,1823,0,0.000000,16384,1646,55590,4,1.000000,0.000000
19901,21236020810,1070541,0,0,1845,0,0.000000,16384,1644,70541,4,1.000000,0.000000
19902,21237077287,1056477,0,0,1824,0,0.000000,16384,1604,56477,4,1.000000,0.000000
19903,21238132999,1055712,0,0,1814,0,0.000000,16384,1607,55712,4,1.000000,0.000000
19904,21239189746,1056747,0,0,1730,0,0.000000,16384,1571,56747,4,1.000000,0.000000
19905,21240245956,1056210,0,0,1816,0,0.000000,16384,1618,56210,4,1.000000,0.000000
19906,21241303789,1057833,0,0,1740,0,0.000000,16384,1520,57833,4,1.000000,0.000000
19907,21242362884,1059095,0,0,1706,0,0.000000,16384,1539,59095,4,1.000000,0.000000
19908,21243420004,1057120,0,0,1765,0,0.000000,16384,1592,57120,4,1.000000,0.000000
19909,21244478738,1058734,0,0,1701,0,0.000000,16384,1481,58734,4,1.000000,0.000000
19910,21245535586,1056848,0,0,1730,0,0.000000,16384,1552,56848,4,1.000000,0.000000
19911,21246599760,1064174,0,0,1825,0,0.000000,16384,1647,64174,4,1.000000,0.000000
19912,21247655894,1056134,0,0,1813,0,0.000000,16384,1605,56134,4,1.000000,0.000000
19913,21248670235,1014341,0,0,1747,0,0.000000,16384,1527,14341,4,1.000000,0.000000
19914,21249726521,1056286,0,0,1826,0,0.000000,16384,1645,56286,4,1.000000,0.000000
19915,21250782029,1055508,0,0,1824,0,0.000000,16384,1646,55508,4,1.000000,0.000000
19916,21251837983,1055954,0,0,1824,0,0.000000,16384,1618,55954,4,1.000000,0.000000
19917,21252893707,1055724,0,0,1821,0,0.000000,16384,1602,55724,4,1.000000,0.000000
19918,21253949445,1055738,0,0,1823,0,0.000000,16384,1623,55738,4,1.000000,0.000000
19919,21255005304,1055859,0,0,1794,0,0.000000,16384,1622,55859,4,1.000000,0.000000
19920,21256060940,1055636,0,0,1792,0,0.000000,16384,1600,55636,4,1.000000,0.000000
19921,21257120155,1059215,0,0,1831,0,0.000000,16384,1611,59215,4,1.000000,0.000000
19922,21258175935,1055780,0,0,1824,0,0.000000,16384,1615,55780,4,1.000000,0.000000
19923,21259231766,1055831,0,0,1825,0,0.000000,16384,1647,55831,4,1.000000,0.000000
19924,21260288200,1056434,0,0,1778,0,0.000000,16384,1601,56434,4,1.000000,0.000000
19925,21261347611,1059411,0,0,1669,0,0.000000,16384,1449,59411,4,1.000000,0.000000
19926,21262405926,1058315,0,0,1827,0,0.000000,16384,1637,58315,4,1.000000,0.000000
19927,21263463016,1057090,0,0,1827,0,0.000000,16384,1649,57090,4,1.000000,0.000000
19928,21264520753,1057737,0,0,1809,0,0.000000,16384,1613,57737,4,1.000000,0.000000
19929,21265577275,1056522,0,0,1821,0,0.000000,16384,1601,56522,4,1.000000,0.000000
19930,21266633259,1055984,0,0,1824,0,0.000000,16384,1617,55984,4,1.000000,0.000000
19931,21267670972,1037713,0,0,1788,0,0.000000,16384,1618,37713,4,1.000000,0.000000
19932,21268727162,1056190,0,0,1805,0,0.000000,16384,1618,56190,4,1.000000,0.000000
19933,21269783012,1055850,0,0,1826,0,0.000000,16384,1606,55850,4,1.000000,0.000000
19934,21270838881,1055869,0,0,1824,0,0.000000,16384,1608,55869,4,1.000000,0.000000
19935,21271894740,1055859,0,0,1828,0,0.000000,16384,1650,55859,4,1.000000,0.000000
19936,21272950388,1055648,0,0,1825,0,0.000000,16384,1647,55648,4,1.000000,0.000000
19937,21274006669,1056281,0,0,1827,0,0.000000,16384,1611,56281,4,1.000000,0.000000
19938,21275062371,1055702,0,0,1825,0,0.000000,16384,1605,55702,4,1.000000,0.000000
19939,21276118102,1055731,0,0,1812,0,0.000000,16384,1623,55731,4,1.000000,0.000000
19940,21277175123,1057021,0,0,1803,0,0.000000,16384,1630,57021,4,1.000000,0.000000
19941,21278236534,1061411,0,0,1834,0,0.000000,16384,1631,61411,4,1.000000,0.000000
19942,21279292715,1056181,0,0,1808,0,0.000000,16384,1589,56181,4,1.000000,0.000000
19943,21280349057,1056342,0,0,1823,0,0.000000,16384,1620,56342,4,1.000000,0.000000
19944,21281406740,1057683,0,0,1709,0,0.000000,16384,1554,57683,4,1.000000,0.000000
19945,21282463453,1056713,0,0,1660,0,0.000000,16384,1458,56713,4,1.000000,0.000000
19946,21283520841,1057388,0,0,1826,0,0.000000,16384,1612,57388,4,1.000000,0.000000
19947,21284577756,1056915,0,0,1826,0,0.000000,16384,1592,56915,4,1.000000,0.000000
19948,21285634660,1056904,0,0,1816,0,0.000000,16384,1592,56904,4,1.000000,0.000000
19949,21286670523,1035863,0,0,1786,0,0.000000,16384,1618,35863,4,1.000000,0.000000
19950,21287726562,1056039,0,0,1808,0,0.000000,16384,1635,56039,4,1.000000,0.000000
19951,21288803640,1077078,0,0,1860,0,0.000000,16384,1636,77078,4,1.000000,0.000000
19952,21289859973,1056333,0,0,1810,0,0.000000,16384,1591,56333,4,1.000000,0.000000
19953,21290915954,1055981,0,0,1826,0,0.000000,16384,1636,55981,4,1.000000,0.000000
19954,21291971878,1055924,0,0,1827,0,0.000000,16384,1649,55924,4,1.000000,0.000000
19955,21293028536,1056658,0,0,1734,0,0.000000,16384,1537,56658,4,1.000000,0.000000
19956,21294084803,1056267,0,0,1804,0,0.000000,16384,1585,56267,4,1.000000,0.000000
19957,21295141532,1056729,0,0,1761,0,0.000000,16384,1585,56729,4,1.000000,0.000000
19958,21296199066,1057534,0,0,1736,0,0.000000,16384,1572,57534,4,1.000000,0.000000
19959,21297256206,1057140,0,0,1733,0,0.000000,16384,1513,57140,4,1.000000,0.000000
19960,21298315020,1058814,0,0,1642,0,0.000000,16384,1472,58814,4,1.000000,0.000000
19961,21299380147,1065127,0,0,1677,0,0.000000,16384,1507,65127,4,1.000000,0.000000
19962,21300437349,1057202,0,0,1661,0,0.000000,16384,1444,57202,4,1.000000,0.000000
19963,21301498138,1060789,0,0,1629,0,0.000000,16384,1491,60789,4,1.000000,0.000000
19964,21302555820,1057682,0,0,1792,0,0.000000,16384,1587,57682,4,1.000000,0.000000
19965,21303612016,1056196,0,0,1815,0,0.000000,16384,1594,56196,4,1.000000,0.000000
19966,21304670675,1058659,0,0,1716,0,0.000000,16384,1545,58659,4,1.000000,0.000000
19967,21305727363,1056688,0,0,1800,0,0.000000,16384,1627,56688,4,1.000000,0.000000
19968,21306783708,1056345,0,0,1808,0,0.000000,16384,1589,56345,4,1.000000,0.000000
19969,21307839929,1056221,0,0,1818,0,0.000000,16384,1598,56221,4,1.000000,0.000000
19970,21308896113,1056184,0,0,1814,0,0.000000,16384,1633,56184,4,1.000000,0.000000
19971,21309959511,1063398,0,0,1825,0,0.000000,16384,1648,63398,4,1.000000,0.000000
19972,21311015437,1055926,0,0,1817,0,0.000000,16384,1611,55926,4,1.000000,0.000000
19973,21312071145,1055708,0,0,1823,0,0.000000,16384,1603,55708,4,1.000000,0.000000
19974,21313127631,1056486,0,0,1816,0,0.000000,16384,1618,56486,4,1.000000,0.000000
19975,21314183589,1055958,0,0,1824,0,0.000000,16384,1647,55958,4,1.000000,0.000000
19976,21315239193,1055604,0,0,1824,0,0.000000,16384,1635,55604,4,1.000000,0.000000
19977,21316294763,1055570,0,0,1822,0,0.000000,16384,1602,55570,4,1.000000,0.000000
19978,21317350783,1056020,0,0,1814,0,0.000000,16384,1599,56020,4,1.000000,0.000000
19979,21318406831,1056048,0,0,1811,0,0.000000,16384,1636,56048,4,1.000000,0.000000
19980,21319462693,1055862,0,0,1826,0,0.000000,16384,1648,55862,4,1.000000,0.000000
19981,21320521781,1059088,0,0,1812,0,0.000000,16384,1592,59088,4,1.000000,0.000000
19982,21321581444,1059663,0,0,1646,0,0.000000,16384,1455,59663,4,1.000000,0.000000
19983,21322639921,1058477,0,0,1809,0,0.000000,16384,1634,58477,4,1.000000,0.000000
19984,21323671185,1031264,0,0,1616,0,0.000000,16384,1426,31264,4,1.000000,0.000000
19985,21324733081,1061896,0,0,1663,0,0.000000,16384,1478,61896,4,1.000000,0.000000
19986,21325793799,1060718,0,0,1731,0,0.000000,16384,1573,60718,4,1.000000,0.000000
19987,21326852681,1058882,0,0,1812,0,0.000000,16384,1591,58882,4,1.000000,0.000000
19988,21327909749,1057068,0,0,1814,0,0.000000,16384,1594,57068,4,1.000000,0.000000
19989,21328966633,1056884,0,0,1817,0,0.000000,16384,1636,56884,4,1.000000,0.000000
19990,21330023075,1056442,0,0,1824,0,0.000000,16384,1647,56442,4,1.000000,0.000000
19991,21331096413,1073338,0,0,1832,0,0.000000,16384,1626,73338,4,1.000000,0.000000
19992,21332152704,1056291,0,0,1817,0,0.000000,16384,1597,56291,4,1.000000,0.000000
19993,21333209336,1056632,0,0,1691,0,0.000000,16384,1517,56632,4,1.000000,0.000000
19994,21334265476,1056140,0,0,1794,0,0.000000,16384,1623,56140,4,1.000000,0.000000
19995,21335321513,1056037,0,0,1814,0,0.000000,16384,1595,56037,4,1.000000,0.000000
19996,21336377259,1055746,0,0,1822,0,0.000000,16384,1602,55746,4,1.000000,0.000000
19997,21337433224,1055965,0,0,1815,0,0.000000,16384,1631,55965,4,1.000000,0.000000
19998,21338489081,1055857,0,0,1824,0,0.000000,16384,1647,55857,4,1.000000,0.000000
19999,21339547640,1058559,0,0,1791,0,0.000000,16384,1588,58559,4,1.000000,0.000000
20000,21340606170,1058530,0,0,1799,0,0.000000,16384,1579,58530,4,1.000000,0.000000
20001,21341671509,1065339,0,0,1638,0,0.000000,16384,1483,65339,4,1.000000,0.000000
20002,21342729107,1057598,0,0,1740,0,0.000000,16384,1555,57598,4,1.000000,0.000000
20003,21343789604,1060497,0,0,1701,0,0.000000,16384,1481,60497,4,1.000000,0.000000
20004,21344854296,1064692,0,0,1483,0,0.000000,16384,1367,64692,4,1.000000,0.000000
20005,21345917231,1062935,0,0,1552,0,0.000000,16384,1340,62935,4,1.000000,0.000000
20006,21346974201,1056970,0,0,1615,0,0.000000,16384,1479,56970,4,1.000000,0.000000
20007,21348030810,1056609,0,0,1817,0,0.000000,16384,1605,56609,4,1.000000,0.000000
20008,21349088788,1057978,0,0,1819,0,0.000000,16384,1599,57978,4,1.000000,0.000000
20009,21350148364,1059576,0,0,1736,0,0.000000,16384,1561,59576,4,1.000000,0.000000
20010,21351206816,1058452,0,0,1784,0,0.000000,16384,1615,58452,4,1.000000,0.000000
20011,21352278886,1072070,0,0,1850,0,0.000000,16384,1630,72070,4,1.000000,0.000000
20012,21353335924,1057038,0,0,1726,0,0.000000,16384,1511,57038,4,1.000000,0.000000
20013,21354394056,1058132,0,0,1725,0,0.000000,16384,1568,58132,4,1.000000,0.000000
20014,21355454009,1059953,0,0,1620,0,0.000000,16384,1435,59953,4,1.000000,0.000000
20015,21356512990,1058981,0,0,1756,0,0.000000,16384,1546,58981,4,1.000000,0.000000
20016,21357573584,1060594,0,0,1677,0,0.000000,16384,1529,60594,4,1.000000,0.000000
20017,21358632369,1058785,0,0,1786,0,0.000000,16384,1581,58785,4,1.000000,0.000000
20018,21359671507,1039138,0,0,1699,0,0.000000,16384,1488,39138,4,1.000000,0.000000
20019,21360728555,1057048,0,0,1804,0,0.000000,16384,1630,57048,4,1.000000,0.000000
20020,21361827849,1099294,0,0,1712,0,0.000000,16384,1537,99294,4,1.000000,0.000000
20021,21362905881,1078032,0,0,1808,0,0.000000,16384,1588,78032,4,1.000000,0.000000
20022,21363970078,1064197,0,0,1780,0,0.000000,16384,1583,64197,4,1.000000,0.000000
20023,21365030260,1060182,0,0,1665,0,0.000000,16384,1521,60182,4,1.000000,0.000000
20024,21366090326,1060066,0,0,1644,0,0.000000,16384,1425,60066,4,1.000000,0.000000
20025,21367148552,1058226,0,0,1667,0,0.000000,16384,1503,58226,4,1.000000,0.000000
20026,21368205396,1056844,0,0,1665,0,0.000000,16384,1489,56844,4,1.000000,0.000000
20027,21369262082,1056686,0,0,1664,0,0.000000,16384,1455,56686,4,1.000000,0.000000
20028,21370324011,1061929,0,0,1669,0,0.000000,16384,1522,61929,4,1.000000,0.000000
20029,21371414420,1090409,0,0,1820,0,0.000000,16384,1616,90409,4,1.000000,0.000000
20030,21372475617,1061197,0,0,1668,0,0.000000,16384,1456,61197,4,1.000000,0.000000
20031,21373580681,1105064,0,0,1869,0,0.000000,16384,1682,105064,4,1.000000,0.000000
20032,21374672220,1091539,0,0,1926,0,0.000000,16384,1728,91539,4,1.000000,0.000000
20033,21375704772,1032552,0,0,1862,0,0.000000,16384,1675,32552,4,1.000000,0.000000
20034,21376769508,1064736,0,0,1527,0,0.000000,16384,1317,64736,4,1.000000,0.000000
20035,21377831878,1062370,0,0,1607,0,0.000000,16384,1473,62370,4,1.000000,0.000000
20036,21378889444,1057566,0,0,1573,0,0.000000,16384,1361,57566,4,1.000000,0.000000
20037,21379946550,1057106,0,0,1702,0,0.000000,16384,1540,57106,4,1.000000,0.000000
20038,21381004305,1057755,0,0,1819,0,0.000000,16384,1641,57755,4,1.000000,0.000000
20039,21382063927,1059622,0,0,1651,0,0.000000,16384,1431,59622,4,1.000000,0.000000
20040,21383123207,1059280,0,0,1655,0,0.000000,16384,1496,59280,4,1.000000,0.000000
20041,21384205399,1082192,0,0,1702,0,0.000000,16384,1521,82192,4,1.000000,0.000000
20042,21385263706,1058307,0,0,1751,0,0.000000,16384,1531,58307,4,1.000000,0.000000
20043,21386322654,1058948,0,0,1689,0,0.000000,16384,1529,58948,4,1.000000,0.000000
20044,21387382116,1059462,0,0,1612,0,0.000000,16384,1432,59462,4,1.000000,0.000000
20045,21388440335,1058219,0,0,1745,0,0.000000,16384,1535,58219,4,1.000000,0.000000
20046,21389496763,1056428,0,0,1715,0,0.000000,16384,1558,56428,4,1.000000,0.000000
20047,21390554315,1057552,0,0,1817,0,0.000000,16384,1624,57552,4,1.000000,0.000000
20048,21391611224,1056909,0,0,1816,0,0.000000,16384,1596,56909,4,1.000000,0.000000
20049,21392669103,1057879,0,0,1817,0,0.000000,16384,1609,57879,4,1.000000,0.000000
20050,21393725223,1056120,0,0,1824,0,0.000000,16384,1646,56120,4,1.000000,0.000000
20051,21394790764,1065541,0,0,1827,0,0.000000,16384,1649,65541,4,1.000000,0.000000
20052,21395847833,1057069,0,0,1723,0,0.000000,16384,1503,57069,4,1.000000,0.000000
20053,21396904705,1056872,0,0,1791,0,0.000000,16384,1589,56872,4,1.000000,0.000000
20054,21397964577,1059872,0,0,1609,0,0.000000,16384,1471,59872,4,1.000000,0.000000
20055,21399023196,1058619,0,0,1706,0,0.000000,16384,1486,58619,4,1.000000,0.000000
20056,21400080000,1056804,0,0,1825,0,0.000000,16384,1623,56804,4,1.000000,0.000000
20057,21401136382,1056382,0,0,1826,0,0.000000,16384,1648,56382,4,1.000000,0.000000
20058,21402194730,1058348,0,0,1767,0,0.000000,16384,1583,58348,4,1.000000,0.000000
20059,21403251928,1057198,0,0,1826,0,0.000000,16384,1606,57198,4,1.000000,0.000000
20060,21404308841,1056913,0,0,1793,0,0.000000,16384,1588,56913,4,1.000000,0.000000
20061,21405376156,1067315,0,0,1777,0,0.000000,16384,1609,67315,4,1.000000,0.000000
20062,21406432867,1056711,0,0,1809,0,0.000000,16384,1618,56711,4,1.000000,0.000000
20063,21407489298,1056431,0,0,1809,0,0.000000,16384,1589,56431,4,1.000000,0.000000
20064,21408611823,1122525,0,0,1608,0,0.000000,16384,1441,122525,4,1.000000,0.000000
20065,21409707180,1095357,0,0,1681,0,0.000000,16384,1508,95357,4,1.000000,0.000000
20066,21410772750,1065570,0,0,1765,0,0.000000,16384,1545,65570,4,1.000000,0.000000
20067,21411833262,1060512,0,0,1576,0,0.000000,16384,1432,60512,4,1.000000,0.000000
20068,21412895671,1062409,0,0,1796,0,0.000000,16384,1600,62409,4,1.000000,0.000000
20069,21413959368,1063697,0,0,1789,0,0.000000,16384,1569,63697,4,1.000000,0.000000
20070,21415019456,1060088,0,0,1670,0,0.000000,16384,1504,60088,4,1.000000,0.000000
20071,21416100565,1081109,0,0,1643,0,0.000000,16384,1469,81109,4,1.000000,0.000000
20072,21417165642,1065077,0,0,1584,0,0.000000,16384,1393,65077,4,1.000000,0.000000
20073,21418227331,1061689,0,0,1650,0,0.000000,16384,1505,61689,4,1.000000,0.000000
20074,21419285370,1058039,0,0,1746,0,0.000000,16384,1526,58039,4,1.000000,0.000000
20075,21420343614,1058244,0,0,1819,0,0.000000,16384,1609,58244,4,1.000000,0.000000
20076,21421401223,1057609,0,0,1816,0,0.000000,16384,1640,57609,4,1.000000,0.000000
20077,21422459993,1058770,0,0,1756,0,0.000000,16384,1578,58770,4,1.000000,0.000000
20078,21423517844,1057851,0,0,1816,0,0.000000,16384,1596,57851,4,1.000000,0.000000
20079,21424574614,1056770,0,0,1794,0,0.000000,16384,1587,56770,4,1.000000,0.000000
20080,21425636403,1061789,0,0,1639,0,0.000000,16384,1499,61789,4,1.000000,0.000000
20081,21426679353,1042950,0,0,1440,0,0.000000,16384,1245,42950,4,1.000000,0.000000
20082,21427741137,1061784,0,0,1563,0,0.000000,16384,1429,61784,4,1.000000,0.000000
20083,21428799654,1058517,0,0,1569,0,0.000000,16384,1358,58517,4,1.000000,0.000000
20084,21429858599,1058945,0,0,1655,0,0.000000,16384,1510,58945,4,1.000000,0.000000
20085,21430918400,1059801,0,0,1651,0,0.000000,16384,1450,59801,4,1.000000,0.000000
20086,21431977019,1058619,0,0,1667,0,0.000000,16384,1486,58619,4,1.000000,0.000000
20087,21433036050,1059031,0,0,1654,0,0.000000,16384,1496,59031,4,1.000000,0.000000
20088,21434094994,1058944,0,0,1667,0,0.000000,16384,1447,58944,4,1.000000,0.000000
20089,21435151104,1056110,0,0,1732,0,0.000000,16384,1567,56110,4,1.000000,0.000000
20090,21436206887,1055783,0,0,1815,0,0.000000,16384,1640,55783,4,1.000000,0.000000
20091,21437290988,1084101,0,0,1608,0,0.000000,16384,1387,84101,4,1.000000,0.000000
20092,21438350701,1059713,0,0,1755,0,0.000000,16384,1584,59713,4,1.000000,0.000000
20093,21439407516,1056815,0,0,1820,0,0.000000,16384,1643,56815,4,1.000000,0.000000
20094,21440463887,1056371,0,0,1817,0,0.000000,16384,1602,56371,4,1.000000,0.000000
20095,21441522667,1058780,0,0,1815,0,0.000000,16384,1595,58780,4,1.000000,0.000000
20096,21442581089,1058422,0,0,1732,0,0.000000,16384,1562,58422,4,1.000000,0.000000
20097,21443638414,1057325,0,0,1819,0,0.000000,16384,1643,57325,4,1.000000,0.000000
20098,21444671080,1032666,0,0,1769,0,0.000000,16384,1555,32666,4,1.000000,0.000000
20099,21445732564,1061484,0,0,1786,0,0.000000,16384,1569,61484,4,1.000000,0.000000
20100,21446795662,1063098,0,0,1533,0,0.000000,16384,1410,63098,4,1.000000,0.000000
20101,21447874753,1079091,0,0,1725,0,0.000000,16384,1505,79091,4,1.000000,0.000000
20102,21448931989,1057236,0,0,1817,0,0.000000,16384,1613,57236,4,1.000000,0.000000
20103,21449990142,1058153,0,0,1793,0,0.000000,16384,1622,58153,4,1.000000,0.000000
20104,21451046811,1056669,0,0,1827,0,0.000000,16384,1638,56669,4,1.000000,0.000000
20105,21452102898,1056087,0,0,1815,0,0.000000,16384,1595,56087,4,1.000000,0.000000
20106,21453158903,1056005,0,0,1826,0,0.000000,16384,1609,56005,4,1.000000,0.000000
20107,21454214786,1055883,0,0,1825,0,0.000000,16384,1648,55883,4,1.000000,0.000000
20108,21455275460,1060674,0,0,1731,0,0.000000,16384,1561,60674,4,1.000000,0.000000
20109,21456337415,1061955,0,0,1659,0,0.000000,16384,1439,61955,4,1.000000,0.000000
20110,21457430656,1093241,0,0,1681,0,0.000000,16384,1524,93241,4,1.000000,0.000000
20111,21458508049,1077393,0,0,1581,0,0.000000,16384,1402,77393,4,1.000000,0.000000
20112,21459567968,1059919,0,0,1561,0,0.000000,16384,1393,59919,4,1.000000,0.000000
20113,21460660210,1092242,0,0,1703,0,0.000000,16384,1531,92242,4,1.000000,0.000000
20114,21461798378,1138168,0,0,1882,0,0.000000,16384,1662,138168,4,1.000000,0.000000
20115,21462862570,1064192,0,0,1663,0,0.000000,16384,1473,64192,4,1.000000,0.000000
20116,21463926831,1064261,0,0,1662,0,0.000000,16384,1512,64261,4,1.000000,0.000000
20117,21464991618,1064787,0,0,1776,0,0.000000,16384,1556,64787,4,1.000000,0.000000
20118,21466052491,1060873,0,0,1622,0,0.000000,16384,1448,60873,4,1.000000,0.000000
20119,21467109477,1056986,0,0,1657,0,0.000000,16384,1491,56986,4,1.000000,0.000000
20120,21468165982,1056505,0,0,1630,0,0.000000,16384,1420,56505,4,1.000000,0.000000
20121,21469232874,1066892,0,0,1805,0,0.000000,16384,1631,66892,4,1.000000,0.000000
20122,21470288955,1056081,0,0,1826,0,0.000000,16384,1650,56081,4,1.000000,0.000000
20123,21471374970,1086015,0,0,1941,0,0.000000,16384,1717,86015,4,1.000000,0.000000
20124,21472464031,1089061,0,0,1955,0,0.000000,16384,1731,89061,4,1.000000,0.000000
20125,21473553434,1089403,0,0,1966,0,0.000000,16384,1746,89403,4,1.000000,0.000000
20126,21474643014,1089580,0,0,1976,0,0.000000,16384,1752,89580,4,1.000000,0.000000
20127,21475673904,1030890,0,0,1856,0,0.000000,16384,1649,30890,4,1.000000,0.000000
20128,21476733597,1059693,0,0,1815,0,0.000000,16384,1640,59693,4,1.000000,0.000000
20129,21477798098,1064501,0,0,1899,0,0.000000,16384,1706,64501,4,1.000000,0.000000
20130,21478864876,1066778,0,0,1541,0,0.000000,16384,1332,66778,4,1.000000,0.000000
20131,21479943554,1078678,0,0,1589,0,0.000000,16384,1453,78678,4,1.000000,0.000000
20132,21481001293,1057739,0,0,1631,0,0.000000,16384,1431,57739,4,1.000000,0.000000
20133,21482062849,1061556,0,0,1722,0,0.000000,16384,1532,61556,4,1.000000,0.000000
20134,21483123397,1060548,0,0,1650,0,0.000000,16384,1500,60548,4,1.000000,0.000000
20135,21484181389,1057992,0,0,1769,0,0.000000,16384,1549,57992,4,1.000000,0.000000
20136,21485238931,1057542,0,0,1662,0,0.000000,16384,1484,57542,4,1.000000,0.000000
20137,21486296284,1057353,0,0,1756,0,0.000000,16384,1594,57353,4,1.000000,0.000000
20138,21487354659,1058375,0,0,1815,0,0.000000,16384,1591,58375,4,1.000000,0.000000
20139,21488412262,1057603,0,0,1713,0,0.000000,16384,1510,57603,4,1.000000,0.000000
20140,21489474688,1062426,0,0,1495,0,0.000000,16384,1361,62426,4,1.000000,0.000000
20141,21490563063,1088375,0,0,1794,0,0.000000,16384,1574,88375,4,1.000000,0.000000
20142,21491620589,1057526,0,0,1806,0,0.000000,16384,1609,57526,4,1.000000,0.000000
20143,21492671625,1051036,0,0,1801,0,0.000000,16384,1628,51036,4,1.000000,0.000000
20144,21493728728,1057103,0,0,1811,0,0.000000,16384,1618,57103,4,1.000000,0.000000
20145,21494785696,1056968,0,0,1806,0,0.000000,16384,1586,56968,4,1.000000,0.000000
20146,21495842214,1056518,0,0,1774,0,0.000000,16384,1577,56518,4,1.000000,0.000000
20147,21496898492,1056278,0,0,1792,0,0.000000,16384,1621,56278,4,1.000000,0.000000
20148,21497956848,1058356,0,0,1723,0,0.000000,16384,1466,58356,4,1.000000,0.000000
20149,21499014290,1057442,0,0,1830,0,0.000000,16384,1651,57442,4,1.000000,0.000000
20150,21500071405,1057115,0,0,1795,0,0.000000,16384,1590,57115,4,1.000000,0.000000
20151,21501136786,1065381,0,0,1839,0,0.000000,16384,1619,65381,4,1.000000,0.000000
20152,21502193452,1056666,0,0,1665,0,0.000000,16384,1498,56666,4,1.000000,0.000000
20153,21503255928,1062476,0,0,1611,0,0.000000,16384,1438,62476,4,1.000000,0.000000
20154,21504314138,1058210,0,0,1667,0,0.000000,16384,1465,58210,4,1.000000,0.000000
20155,21505376216,1062078,0,0,1669,0,0.000000,16384,1523,62078,4,1.000000,0.000000
20156,21506437403,1061187,0,0,1668,0,0.000000,16384,1460,61187,4,1.000000,0.000000
20157,21507495790,1058387,0,0,1667,0,0.000000,16384,1489,58387,4,1.000000,0.000000
20158,21508552787,1056997,0,0,1666,0,0.000000,16384,1503,56997,4,1.000000,0.000000
20159,21509609498,1056711,0,0,1662,0,0.000000,16384,1443,56711,4,1.000000,0.000000
20160,21510672143,1062645,0,0,1669,0,0.000000,16384,1519,62645,4,1.000000,0.000000
20161,21511746942,1074799,0,0,1685,0,0.000000,16384,1495,74799,4,1.000000,0.000000
20162,21512803535,1056593,0,0,1751,0,0.000000,16384,1534,56593,4,1.000000,0.000000
20163,21513859308,1055773,0,0,1827,0,0.000000,16384,1650,55773,4,1.000000,0.000000
20164,21514915354,1056046,0,0,1827,0,0.000000,16384,1648,56046,4,1.000000,0.000000
20165,21515972108,1056754,0,0,1807,0,0.000000,16384,1596,56754,4,1.000000,0.000000
20166,21517027913,1055805,0,0,1824,0,0.000000,16384,1604,55805,4,1.000000,0.000000
20167,21518083679,1055766,0,0,1827,0,0.000000,16384,1635,55766,4,1.000000,0.000000
20168,21519139386,1055707,0,0,1814,0,0.000000,16384,1638,55707,4,1.000000,0.000000
20169,21520194990,1055604,0,0,1824,0,0.000000,16384,1628,55604,4,1.000000,0.000000
20170,21521250880,1055890,0,0,1823,0,0.000000,16384,1603,55890,4,1.000000,0.000000
20171,21522311699,1060819,0,0,1765,0,0.000000,16384,1567,60819,4,1.000000,0.000000
20172,21523368206,1056507,0,0,1824,0,0.000000,16384,1646,56507,4,1.000000,0.000000
20173,21524424576,1056370,0,0,1824,0,0.000000,16384,1636,56370,4,1.000000,0.000000
20174,21525480601,1056025,0,0,1822,0,0.000000,16384,1602,56025,4,1.000000,0.000000
20175,21526540551,1059950,0,0,1663,0,0.000000,16384,1477,59950,4,1.000000,0.000000
20176,21527600077,1059526,0,0,1817,0,0.000000,16384,1641,59526,4,1.000000,0.000000
20177,21528657909,1057832,0,0,1805,0,0.000000,16384,1603,57832,4,1.000000,0.000000
20178,21529672115,1014206,0,0,1744,0,0.000000,16384,1524,14206,4,1.000000,0.000000
20179,21530728859,1056744,0,0,1827,0,0.000000,16384,1642,56744,4,1.000000,0.000000
20180,21531784801,1055942,0,0,1825,0,0.000000,16384,1647,55942,4,1.000000,0.000000
20181,21532853037,1068236,0,0,1829,0,0.000000,16384,1628,68236,4,1.000000,0.000000
20182,21533909846,1056809,0,0,1822,0,0.000000,16384,1602,56809,4,1.000000,0.000000
20183,21534966384,1056538,0,0,1781,0,0.000000,16384,1583,56538,4,1.000000,0.000000
20184,21536023275,1056891,0,0,1656,0,0.000000,16384,1514,56891,4,1.000000,0.000000
20185,21537079542,1056267,0,0,1718,0,0.000000,16384,1498,56267,4,1.000000,0.000000
20186,21538135484,1055942,0,0,1823,0,0.000000,16384,1614,55942,4,1.000000,0.000000
20187,21539191193,1055709,0,0,1823,0,0.000000,16384,1646,55709,4,1.000000,0.000000
20188,21540247054,1055861,0,0,1824,0,0.000000,16384,1646,55861,4,1.000000,0.000000
20189,21541304003,1056949,0,0,1823,0,0.000000,16384,1599,56949,4,1.000000,0.000000
20190,21542361638,1057635,0,0,1690,0,0.000000,16384,1493,57635,4,1.000000,0.000000
20191,21543436487,1074849,0,0,1843,0,0.000000,16384,1661,74849,4,1.000000,0.000000
20192,21544493940,1057453,0,0,1827,0,0.000000,16384,1646,57453,4,1.000000,0.000000
20193,21545555241,1061301,0,0,1806,0,0.000000,16384,1586,61301,4,1.000000,0.000000
20194,21546616780,1061539,0,0,1831,0,0.000000,16384,1607,61539,4,1.000000,0.000000
20195,21547671557,1054777,0,0,1809,0,0.000000,16384,1635,54777,4,1.000000,0.000000
20196,21548729440,1057883,0,0,1678,0,0.000000,16384,1512,57883,4,1.000000,0.000000
20197,21549786076,1056636,0,0,1826,0,0.000000,16384,1605,56636,4,1.000000,0.000000
20198,21550842780,1056704,0,0,1815,0,0.000000,16384,1606,56704,4,1.000000,0.000000
20199,21551898531,1055751,0,0,1825,0,0.000000,16384,1647,55751,4,1.000000,0.000000
20200,21552954575,1056044,0,0,1826,0,0.000000,16384,1650,56044,4,1.000000,0.000000
20201,21554018650,1064075,0,0,1814,0,0.000000,16384,1590,64075,4,1.000000,0.000000
20202,21555078977,1060327,0,0,1767,0,0.000000,16384,1554,60327,4,1.000000,0.000000
20203,21556139355,1060378,0,0,1795,0,0.000000,16384,1623,60378,4,1.000000,0.000000
20204,21557196291,1056936,0,0,1810,0,0.000000,16384,1635,56936,4,1.000000,0.000000
20205,21558252567,1056276,0,0,1824,0,0.000000,16384,1600,56276,4,1.000000,0.000000
20206,21559308647,1056080,0,0,1802,0,0.000000,16384,1582,56080,4,1.000000,0.000000
20207,21560365426,1056779,0,0,1722,0,0.000000,16384,1565,56779,4,1.000000,0.000000
20208,21561422737,1057311,0,0,1755,0,0.000000,16384,1572,57311,4,1.000000,0.000000
20209,21562487253,1064516,0,0,1666,0,0.000000,16384,1445,64516,4,1.000000,0.000000
20210,21563546452,1059199,0,0,1796,0,0.000000,16384,1624,59199,4,1.000000,0.000000
20211,21564612858,1066406,0,0,1839,0,0.000000,16384,1659,66406,4,1.000000,0.000000
20212,21565671021,1058163,0,0,1822,0,0.000000,16384,1611,58163,4,1.000000,0.000000
20213,21566728471,1057450,0,0,1799,0,0.000000,16384,1579,57450,4,1.000000,0.000000
20214,21567785132,1056661,0,0,1788,0,0.000000,16384,1604,56661,4,1.000000,0.000000
20215,21568841564,1056432,0,0,1826,0,0.000000,16384,1649,56432,4,1.000000,0.000000
20216,21569898087,1056523,0,0,1766,0,0.000000,16384,1563,56523,4,1.000000,0.000000
20217,21570958461,1060374,0,0,1542,0,0.000000,16384,1364,60374,4,1.000000,0.000000
20218,21572018580,1060119,0,0,1711,0,0.000000,16384,1553,60119,4,1.000000,0.000000
20219,21573075015,1056435,0,0,1815,0,0.000000,16384,1595,56435,4,1.000000,0.000000
20220,21574131470,1056455,0,0,1814,0,0.000000,16384,1590,56455,4,1.000000,0.000000
20221,21575199321,1067851,0,0,1834,0,0.000000,16384,1656,67851,4,1.000000,0.000000
20222,21576256107,1056786,0,0,1785,0,0.000000,16384,1616,56786,4,1.000000,0.000000
20223,21577312835,1056728,0,0,1758,0,0.000000,16384,1544,56728,4,1.000000,0.000000
20224,21578369022,1056187,0,0,1823,0,0.000000,16384,1600,56187,4,1.000000,0.000000
20225,21579426755,1057733,0,0,1827,0,0.000000,16384,1650,57733,4,1.000000,0.000000
20226,21580482976,1056221,0,0,1799,0,0.000000,16384,1626,56221,4,1.000000,0.000000
20227,21581538736,1055760,0,0,1823,0,0.000000,16384,1609,55760,4,1.000000,0.000000
20228,21582596163,1057427,0,0,1714,0,0.000000,16384,1502,57427,4,1.000000,0.000000
20229,21583655757,1059594,0,0,1636,0,0.000000,16384,1496,59594,4,1.000000,0.000000
20230,21584671938,1016181,0,0,1591,0,0.000000,16384,1387,16181,4,1.000000,0.000000
20231,21585737369,1065431,0,0,1675,0,0.000000,16384,1506,65431,4,1.000000,0.000000
20232,21586796385,1059016,0,0,1653,0,0.000000,16384,1482,59016,4,1.000000,0.000000
20233,21587853554,1057169,0,0,1662,0,0.000000,16384,1451,57169,4,1.000000,0.000000
20234,21588911203,1057649,0,0,1693,0,0.000000,16384,1542,57649,4,1.000000,0.000000
20235,21589969281,1058078,0,0,1824,0,0.000000,16384,1626,58078,4,1.000000,0.000000
20236,21591025783,1056502,0,0,1813,0,0.000000,16384,1593,56502,4,1.000000,0.000000
20237,21592081713,1055930,0,0,1812,0,0.000000,16384,1608,55930,4,1.000000,0.000000
20238,21593138391,1056678,0,0,1739,0,0.000000,16384,1578,56678,4,1.000000,0.000000
20239,21594195386,1056995,0,0,1769,0,0.000000,16384,1570,56995,4,1.000000,0.000000
20240,21595251458,1056072,0,0,1821,0,0.000000,16384,1601,56072,4,1.000000,0.000000
20241,21596327580,1076122,0,0,1815,0,0.000000,16384,1621,76122,4,1.000000,0.000000
20242,21597388946,1061366,0,0,1832,0,0.000000,16384,1653,61366,4,1.000000,0.000000
20243,21598446979,1058033,0,0,1763,0,0.000000,16384,1572,58033,4,1.000000,0.000000
20244,21599503445,1056466,0,0,1812,0,0.000000,16384,1592,56466,4,1.000000,0.000000
20245,21600559452,1056007,0,0,1813,0,0.000000,16384,1615,56007,4,1.000000,0.000000
20246,21601616340,1056888,0,0,1681,0,0.000000,16384,1532,56888,4,1.000000,0.000000
20247,21602673217,1056877,0,0,1611,0,0.000000,16384,1398,56877,4,1.000000,0.000000
20248,21603730743,1057526,0,0,1812,0,0.000000,16384,1621,57526,4,1.000000,0.000000
20249,21604790489,1059746,0,0,1825,0,0.000000,16384,1647,59746,4,1.000000,0.000000
20250,21605850970,1060481,0,0,1829,0,0.000000,16384,1634,60481,4,1.000000,0.000000
20251,21606917750,1066780,0,0,1804,0,0.000000,16384,1584,66780,4,1.000000,0.000000
20252,21607974284,1056534,0,0,1810,0,0.000000,16384,1604,56534,4,1.000000,0.000000
20253,21609029891,1055607,0,0,1818,0,0.000000,16384,1642,55607,4,1.000000,0.000000
20254,21610087074,1057183,0,0,1819,0,0.000000,16384,1637,57183,4,1.000000,0.000000
20255,21611143311,1056237,0,0,1809,0,0.000000,16384,1589,56237,4,1.000000,0.000000
20256,21612208259,1064948,0,0,1727,0,0.000000,16384,1526,64948,4,1.000000,0.000000
20257,21613270570,1062311,0,0,1627,0,0.000000,16384,1488,62311,4,1.000000,0.000000
20258,21614329601,1059031,0,0,1818,0,0.000000,16384,1596,59031,4,1.000000,0.000000
20259,21615386168,1056567,0,0,1811,0,0.000000,16384,1589,56567,4,1.000000,0.000000
20260,21616445526,1059358,0,0,1743,0,0.000000,16384,1581,59358,4,1.000000,0.000000
20261,21617517849,1072323,0,0,1813,0,0.000000,16384,1635,72323,4,1.000000,0.000000
20262,21618577203,1059354,0,0,1791,0,0.000000,16384,1571,59354,4,1.000000,0.000000
20263,21619634429,1057226,0,0,1747,0,0.000000,16384,1543,57226,4,1.000000,0.000000
20264,21620670936,1036507,0,0,1775,0,0.000000,16384,1607,36507,4,1.000000,0.000000
20265,21621729260,1058324,0,0,1805,0,0.000000,16384,1612,58324,4,1.000000,0.000000
20266,21622791166,1061906,0,0,1586,0,0.000000,16384,1382,61906,4,1.000000,0.000000
20267,21623855114,1063948,0,0,1634,0,0.000000,16384,1494,63948,4,1.000000,0.000000
20268,21624914555,1059441,0,0,1595,0,0.000000,16384,1384,59441,4,1.000000,0.000000
20269,21625971933,1057378,0,0,1776,0,0.000000,16384,1594,57378,4,1.000000,0.000000
20270,21627033094,1061161,0,0,1576,0,0.000000,16384,1418,61161,4,1.000000,0.000000
20271,21628106981,1073887,0,0,1713,0,0.000000,16384,1493,73887,4,1.000000,0.000000
20272,21629164405,1057424,0,0,1818,0,0.000000,16384,1643,57424,4,1.000000,0.000000
20273,21630226206,1061801,0,0,1675,0,0.000000,16384,1510,61801,4,1.000000,0.000000
20274,21631291021,1064815,0,0,1508,0,0.000000,16384,1317,64815,4,1.000000,0.000000
20275,21632351679,1060658,0,0,1638,0,0.000000,16384,1493,60658,4,1.000000,0.000000
20276,21633410307,1058628,0,0,1735,0,0.000000,16384,1515,58628,4,1.000000,0.000000
20277,21634467829,1057522,0,0,1774,0,0.000000,16384,1577,57522,4,1.000000,0.000000
20278,21635524829,1057000,0,0,1816,0,0.000000,16384,1640,57000,4,1.000000,0.000000
20279,21636581531,1056702,0,0,1806,0,0.000000,16384,1615,56702,4,1.000000,0.000000
20280,21637637536,1056005,0,0,1813,0,0.000000,16384,1592,56005,4,1.000000,0.000000
20281,21638678366,1040830,0,0,1481,0,0.000000,16384,1341,40830,4,1.000000,0.000000
20282,21639738980,1060614,0,0,1662,0,0.000000,16384,1467,60614,4,1.000000,0.000000
20283,21640797161,1058181,0,0,1667,0,0.000000,16384,1477,58181,4,1.000000,0.000000
20284,21641855525,1058364,0,0,1482,0,0.000000,16384,1331,58364,4,1.000000,0.000000
20285,21642916312,1060787,0,0,1623,0,0.000000,16384,1434,60787,4,1.000000,0.000000
20286,21643975673,1059361,0,0,1671,0,0.000000,16384,1525,59361,4,1.000000,0.000000
20287,21645034756,1059083,0,0,1584,0,0.000000,16384,1364,59083,4,1.000000,0.000000
20288,21646097995,1063239,0,0,1570,0,0.000000,16384,1438,63239,4,1.000000,0.000000
20289,21647160510,1062515,0,0,1563,0,0.000000,16384,1359,62515,4,1.000000,0.000000
20290,21648220087,1059577,0,0,1663,0,0.000000,16384,1503,59577,4,1.000000,0.000000
20291,21649310311,1090224,0,0,1689,0,0.000000,16384,1508,90224,4,1.000000,0.000000
20292,21650368763,1058452,0,0,1659,0,0.000000,16384,1452,58452,4,1.000000,0.000000
20293,21651426544,1057781,0,0,1663,0,0.000000,16384,1518,57781,4,1.000000,0.000000
20294,21652483045,1056501,0,0,1661,0,0.000000,16384,1458,56501,4,1.000000,0.000000
20295,21653539379,1056334,0,0,1664,0,0.000000,16384,1482,56334,4,1.000000,0.000000
20296,21654600709,1061330,0,0,1526,0,0.000000,16384,1368,61330,4,1.000000,0.000000
20297,21655673448,1072739,0,0,1653,0,0.000000,16384,1456,72739,4,1.000000,0.000000
20298,21656734640,1061192,0,0,1630,0,0.000000,16384,1491,61192,4,1.000000,0.000000
20299,21657793488,1058848,0,0,1743,0,0.000000,16384,1522,58848,4,1.000000,0.000000
20300,21658853410,1059922,0,0,1715,0,0.000000,16384,1526,59922,4,1.000000,0.000000
20301,21659925542,1072132,0,0,1841,0,0.000000,16384,1660,72132,4,1.000000,0.000000
20302,21660982926,1057384,0,0,1818,0,0.000000,16384,1625,57384,4,1.000000,0.000000
20303,21662045329,1062403,0,0,1698,0,0.000000,16384,1478,62403,4,1.000000,0.000000
20304,21663107842,1062513,0,0,1555,0,0.000000,16384,1422,62513,4,1.000000,0.000000
20305,21664167128,1059286,0,0,1660,0,0.000000,16384,1456,59286,4,1.000000,0.000000
20306,21665224380,1057252,0,0,1644,0,0.000000,16384,1468,57252,4,1.000000,0.000000
20307,21666282077,1057697,0,0,1660,0,0.000000,16384,1497,57697,4,1.000000,0.000000
20308,21667339631,1057554,0,0,1657,0,0.000000,16384,1437,57554,4,1.000000,0.000000
20309,21668396719,1057088,0,0,1604,0,0.000000,16384,1470,57088,4,1.000000,0.000000
20310,21669456777,1060058,0,0,1574,0,0.000000,16384,1372,60058,4,1.000000,0.000000
20311,21670536081,1079304,0,0,1546,0,0.000000,16384,1404,79304,4,1.000000,0.000000
20312,21671598884,1062803,0,0,1615,0,0.000000,16384,1421,62803,4,1.000000,0.000000
20313,21672657702,1058818,0,0,1661,0,0.000000,16384,1481,58818,4,1.000000,0.000000
20314,21673672375,1014673,0,0,1588,0,0.000000,16384,1428,14673,4,1.000000,0.000000
20315,21674729740,1057365,0,0,1669,0,0.000000,16384,1459,57365,4,1.000000,0.000000
20316,21675786486,1056746,0,0,1816,0,0.000000,16384,1639,56746,4,1.000000,0.000000
20317,21676843634,1057148,0,0,1818,0,0.000000,16384,1645,57148,4,1.000000,0.000000
20318,21677906107,1062473,0,0,1710,0,0.000000,16384,1490,62473,4,1.000000,0.000000
20319,21678968415,1062308,0,0,1559,0,0.000000,16384,1404,62308,4,1.000000,0.000000
20320,21680028166,1059751,0,0,1709,0,0.000000,16384,1524,59751,4,1.000000,0.000000
20321,21681100369,1072203,0,0,1841,0,0.000000,16384,1621,72203,4,1.000000,0.000000
20322,21682158073,1057704,0,0,1548,0,0.000000,16384,1401,57704,4,1.000000,0.000000
20323,21683216652,1058579,0,0,1639,0,0.000000,16384,1450,58579,4,1.000000,0.000000
20324,21684276979,1060327,0,0,1770,0,0.000000,16384,1558,60327,4,1.000000,0.000000
20325,21685334570,1057591,0,0,1757,0,0.000000,16384,1592,57591,4,1.000000,0.000000
20326,21686395965,1061395,0,0,1591,0,0.000000,16384,1408,61395,4,1.000000,0.000000
20327,21687456052,1060087,0,0,1648,0,0.000000,16384,1465,60087,4,1.000000,0.000000
20328,21688512787,1056735,0,0,1659,0,0.000000,16384,1502,56735,4,1.000000,0.000000
20329,21689553461,1040674,0,0,1625,0,0.000000,16384,1405,40674,4,1.000000,0.000000
20330,21690644588,1091127,0,0,1701,0,0.000000,16384,1549,91127,4,1.000000,0.000000
20331,21691675776,1031188,0,0,1507,0,0.000000,16384,1322,31188,4,1.000000,0.000000
20332,21692738877,1063101,0,0,1508,0,0.000000,16384,1371,63101,4,1.000000,0.000000
20333,21693801123,1062246,0,0,1643,0,0.000000,16384,1445,62246,4,1.000000,0.000000
20334,21694859243,1058120,0,0,1655,0,0.000000,16384,1474,58120,4,1.000000,0.000000
20335,21695921873,1062630,0,0,1634,0,0.000000,16384,1475,62630,4,1.000000,0.000000
20336,21696986437,1064564,0,0,1614,0,0.000000,16384,1404,64564,4,1.000000,0.000000
20337,21698050206,1063769,0,0,1577,0,0.000000,16384,1451,63769,4,1.000000,0.000000
20338,21699113187,1062981,0,0,1663,0,0.000000,16384,1443,62981,4,1.000000,0.000000
20339,21700177352,1064165,0,0,1570,0,0.000000,16384,1422,64165,4,1.000000,0.000000
20340,21701240212,1062860,0,0,1582,0,0.000000,16384,1394,62860,4,1.000000,0.000000
20341,21702333791,1093579,0,0,1712,0,0.000000,16384,1521,93579,4,1.000000,0.000000
20342,21703393726,1059935,0,0,1633,0,0.000000,16384,1484,59935,4,1.000000,0.000000
20343,21704452829,1059103,0,0,1659,0,0.000000,16384,1439,59103,4,1.000000,0.000000
20344,21705510282,1057453,0,0,1618,0,0.000000,16384,1474,57453,4,1.000000,0.000000
20345,21706567234,1056952,0,0,1662,0,0.000000,16384,1470,56952,4,1.000000,0.000000
20346,21707625309,1058075,0,0,1660,0,0.000000,16384,1469,58075,4,1.000000,0.000000
20347,21708672260,1046951,0,0,1642,0,0.000000,16384,1493,46951,4,1.000000,0.000000
20348,21709732891,1060631,0,0,1571,0,0.000000,16384,1357,60631,4,1.000000,0.000000
20349,21710794384,1061493,0,0,1515,0,0.000000,16384,1392,61493,4,1.000000,0.000000
20350,21711853787,1059403,0,0,1554,0,0.000000,16384,1345,59403,4,1.000000,0.000000
20351,21712925369,1071582,0,0,1599,0,0.000000,16384,1466,71582,4,1.000000,0.000000
20352,21713983403,1058034,0,0,1662,0,0.000000,16384,1418,58034,4,1.000000,0.000000
20353,21715040451,1057048,0,0,1678,0,0.000000,16384,1483,57048,4,1.000000,0.000000
20354,21716104345,1063894,0,0,1705,0,0.000000,16384,1504,63894,4,1.000000,0.000000
20355,21717164742,1060397,0,0,1654,0,0.000000,16384,1510,60397,4,1.000000,0.000000
20356,21718222832,1058090,0,0,1819,0,0.000000,16384,1605,58090,4,1.000000,0.000000
20357,21719279912,1057080,0,0,1817,0,0.000000,16384,1597,57080,4,1.000000,0.000000
20358,21720341590,1061678,0,0,1682,0,0.000000,16384,1521,61678,4,1.000000,0.000000
20359,21721404029,1062439,0,0,1624,0,0.000000,16384,1445,62439,4,1.000000,0.000000
20360,21722494596,1090567,0,0,1703,0,0.000000,16384,1497,90567,4,1.000000,0.000000
20361,21723568535,1073939,0,0,1516,0,0.000000,16384,1386,73939,4,1.000000,0.000000
20362,21724631579,1063044,0,0,1568,0,0.000000,16384,1361,63044,4,1.000000,0.000000
20363,21725673250,1041671,0,0,1529,0,0.000000,16384,1400,41671,4,1.000000,0.000000
20364,21726735795,1062545,0,0,1611,0,0.000000,16384,1393,62545,4,1.000000,0.000000
20365,21727799736,1063941,0,0,1521,0,0.000000,16384,1403,63941,4,1.000000,0.000000
20366,21728860134,1060398,0,0,1559,0,0.000000,16384,1342,60398,4,1.000000,0.000000
20367,21729917894,1057760,0,0,1560,0,0.000000,16384,1436,57760,4,1.000000,0.000000
20368,21730975976,1058082,0,0,1555,0,0.000000,16384,1339,58082,4,1.000000,0.000000
20369,21732034377,1058401,0,0,1559,0,0.000000,16384,1433,58401,4,1.000000,0.000000
20370,21733092111,1057734,0,0,1554,0,0.000000,16384,1345,57734,4,1.000000,0.000000
20371,21734166586,1074475,0,0,1687,0,0.000000,16384,1528,74475,4,1.000000,0.000000
20372,21735223995,1057409,0,0,1650,0,0.000000,16384,1469,57409,4,1.000000,0.000000
20373,21736287821,1063826,0,0,1528,0,0.000000,16384,1355,63826,4,1.000000,0.000000
20374,21737351478,1063657,0,0,1519,0,0.000000,16384,1356,63657,4,1.000000,0.000000
20375,21738412735,1061257,0,0,1538,0,0.000000,16384,1370,61257,4,1.000000,0.000000
20376,21739477212,1064477,0,0,1508,0,0.000000,16384,1344,64477,4,1.000000,0.000000
20377,21740550211,1072999,0,0,1448,0,0.000000,16384,1302,72999,4,1.000000,0.000000
20378,21741612203,1061992,0,0,1555,0,0.000000,16384,1365,61992,4,1.000000,0.000000
20379,21742672700,1060497,0,0,1559,0,0.000000,16384,1407,60497,4,1.000000,0.000000
20380,21743735962,1063262,0,0,1537,0,0.000000,16384,1353,63262,4,1.000000,0.000000
20381,21744822724,1086762,0,0,1596,0,0.000000,16384,1434,86762,4,1.000000,0.000000
20382,21745880964,1058240,0,0,1553,0,0.000000,16384,1379,58240,4,1.000000,0.000000
20383,21746943739,1062775,0,0,1527,0,0.000000,16384,1366,62775,4,1.000000,0.000000
20384,21748006970,1063231,0,0,1540,0,0.000000,16384,1365,63231,4,1.000000,0.000000
20385,21749072237,1065267,0,0,1510,0,0.000000,16384,1355,65267,4,1.000000,0.000000
20386,21750135364,1063127,0,0,1547,0,0.000000,16384,1366,63127,4,1.000000,0.000000
20387,21751195108,1059744,0,0,1544,0,0.000000,16384,1388,59744,4,1.000000,0.000000
20388,21752254911,1059803,0,0,1555,0,0.000000,16384,1375,59803,4,1.000000,0.000000
20389,21753313223,1058312,0,0,1559,0,0.000000,16384,1397,58312,4,1.000000,0.000000
20390,21754371769,1058546,0,0,1560,0,0.000000,16384,1386,58546,4,1.000000,0.000000
20391,21755470112,1098343,0,0,1561,0,0.000000,16384,1392,98343,4,1.000000,0.000000
20392,21756549401,1079289,0,0,1400,0,0.000000,16384,1233,79289,4,1.000000,0.000000
20393,21757618918,1069517,0,0,1505,0,0.000000,16384,1371,69517,4,1.000000,0.000000
20394,21758672516,1053598,0,0,1544,0,0.000000,16384,1342,53598,4,1.000000,0.000000
20395,21759733808,1061292,0,0,1559,0,0.000000,16384,1422,61292,4,1.000000,0.000000
20396,21760796099,1062291,0,0,1535,0,0.000000,16384,1336,62291,4,1.000000,0.000000
20397,21761857971,1061872,0,0,1561,0,0.000000,16384,1421,61872,4,1.000000,0.000000
20398,21762922308,1064337,0,0,1540,0,0.000000,16384,1344,64337,4,1.000000,0.000000
20399,21763990224,1067916,0,0,1529,0,0.000000,16384,1391,67916,4,1.000000,0.000000
20400,21765054890,1064666,0,0,1489,0,0.000000,16384,1291,64666,4,1.000000,0.000000
20401,21766141074,1086184,0,0,1598,0,0.000000,16384,1461,86184,4,1.000000,0.000000
20402,21767198843,1057769,0,0,1558,0,0.000000,16384,1359,57769,4,1.000000,0.000000
20403,21768256501,1057658,0,0,1559,0,0.000000,16384,1415,57658,4,1.000000,0.000000
20404,21769313933,1057432,0,0,1556,0,0.000000,16384,1364,57432,4,1.000000,0.000000
20405,21770376314,1062381,0,0,1497,0,0.000000,16384,1359,62381,4,1.000000,0.000000
20406,21771436957,1060643,0,0,1555,0,0.000000,16384,1357,60643,4,1.000000,0.000000
20407,21772494892,1057935,0,0,1557,0,0.000000,16384,1414,57935,4,1.000000,0.000000
20408,21773553063,1058171,0,0,1556,0,0.000000,16384,1363,58171,4,1.000000,0.000000
20409,21774614849,1061786,0,0,1556,0,0.000000,16384,1407,61786,4,1.000000,0.000000
20410,21775673568,1058719,0,0,1540,0,0.000000,16384,1353,58719,4,1.000000,0.000000
20411,21776750756,1077188,0,0,1565,0,0.000000,16384,1412,77188,4,1.000000,0.000000
20412,21777814441,1063685,0,0,1517,0,0.000000,16384,1334,63685,4,1.000000,0.000000
20413,21778877234,1062793,0,0,1495,0,0.000000,16384,1356,62793,4,1.000000,0.000000
20414,21779936701,1059467,0,0,1558,0,0.000000,16384,1361,59467,4,1.000000,0.000000
20415,21780994942,1058241,0,0,1558,0,0.000000,16384,1412,58241,4,1.000000,0.000000
20416,21782052619,1057677,0,0,1552,0,0.000000,16384,1362,57677,4,1.000000,0.000000
20417,21783112553,1059934,0,0,1542,0,0.000000,16384,1395,59934,4,1.000000,0.000000
20418,21784173661,1061108,0,0,1553,0,0.000000,16384,1364,61108,4,1.000000,0.000000
20419,21785231401,1057740,0,0,1556,0,0.000000,16384,1404,57740,4,1.000000,0.000000
20420,21786294334,1062933,0,0,1489,0,0.000000,16384,1305,62933,4,1.000000,0.000000
20421,21787376746,1082412,0,0,1581,0,0.000000,16384,1432,82412,4,1.000000,0.000000
20422,21788437037,1060291,0,0,1557,0,0.000000,16384,1370,60291,4,1.000000,0.000000
20423,21789496999,1059962,0,0,1543,0,0.000000,16384,1390,59962,4,1.000000,0.000000
20424,21790557280,1060281,0,0,1560,0,0.000000,16384,1377,60281,4,1.000000,0.000000
20425,21791616858,1059578,0,0,1538,0,0.000000,16384,1383,59578,4,1.000000,0.000000
20426,21792675954,1059096,0,0,1552,0,0.000000,16384,1371,59096,4,1.000000,0.000000
20427,21793734926,1058972,0,0,1552,0,0.000000,16384,1392,58972,4,1.000000,0.000000
20428,21794796934,1062008,0,0,1487,0,0.000000,16384,1311,62008,4,1.000000,0.000000
20429,21795856298,1059364,0,0,1560,0,0.000000,16384,1408,59364,4,1.000000,0.000000
20430,21796914030,1057732,0,0,1549,0,0.000000,16384,1365,57732,4,1.000000,0.000000
20431,21797993352,1079322,0,0,1572,0,0.000000,16384,1413,79322,4,1.000000,0.000000
20432,21799053513,1060161,0,0,1559,0,0.000000,16384,1381,60161,4,1.000000,0.000000
20433,21800111742,1058229,0,0,1556,0,0.000000,16384,1391,58229,4,1.000000,0.000000
20434,21801168608,1056866,0,0,1549,0,0.000000,16384,1379,56866,4,1.000000,0.000000
20435,21802231488,1062880,0,0,1510,0,0.000000,16384,1349,62880,4,1.000000,0.000000
20436,21803295661,1064173,0,0,1501,0,0.000000,16384,1326,64173,4,1.000000,0.000000
20437,21804356622,1060961,0,0,1543,0,0.000000,16384,1390,60961,4,1.000000,0.000000
20438,21805414676,1058054,0,0,1551,0,0.000000,16384,1368,58054,4,1.000000,0.000000
20439,21806474313,1059637,0,0,1552,0,0.000000,16384,1396,59637,4,1.000000,0.000000
20440,21807533151,1058838,0,0,1554,0,0.000000,16384,1374,58838,4,1.000000,0.000000
20441,21808625781,1092630,0,0,1606,0,0.000000,16384,1434,92630,4,1.000000,0.000000
20442,21809683108,1057327,0,0,1547,0,0.000000,16384,1379,57327,4,1.000000,0.000000
20443,21810747399,1064291,0,0,1482,0,0.000000,16384,1325,64291,4,1.000000,0.000000
20444,21811808339,1060940,0,0,1562,0,0.000000,16384,1387,60940,4,1.000000,0.000000
20445,21812866170,1057831,0,0,1557,0,0.000000,16384,1389,57831,4,1.000000,0.000000
20446,21813923861,1057691,0,0,1553,0,0.000000,16384,1383,57691,4,1.000000,0.000000
20447,21814982611,1058750,0,0,1557,0,0.000000,16384,1386,58750,4,1.000000,0.000000
20448,21816043152,1060541,0,0,1548,0,0.000000,16384,1381,60541,4,1.000000,0.000000
20449,21817101310,1058158,0,0,1556,0,0.000000,16384,1383,58158,4,1.000000,0.000000
20450,21818165086,1063776,0,0,1507,0,0.000000,16384,1346,63776,4,1.000000,0.000000
20451,21819250346,1085260,0,0,1562,0,0.000000,16384,1390,85260,4,1.000000,0.000000
20452,21820309303,1058957,0,0,1559,0,0.000000,16384,1393,58957,4,1.000000,0.000000
20453,21821368303,1059000,0,0,1559,0,0.000000,16384,1382,59000,4,1.000000,0.000000
20454,21822425783,1057480,0,0,1556,0,0.000000,16384,1397,57480,4,1.000000,0.000000
20455,21823484762,1058979,0,0,1569,0,0.000000,16384,1384,58979,4,1.000000,0.000000
20456,21824542561,1057799,0,0,1666,0,0.000000,16384,1514,57799,4,1.000000,0.000000
20457,21825599492,1056931,0,0,1661,0,0.000000,16384,1442,56931,4,1.000000,0.000000
20458,21826661219,1061727,0,0,1528,0,0.000000,16384,1395,61727,4,1.000000,0.000000
20459,21827797547,1136328,0,0,1621,0,0.000000,16384,1418,136328,4,1.000000,0.000000
20460,21828861458,1063911,0,0,1554,0,0.000000,16384,1404,63911,4,1.000000,0.000000
20461,21829940210,1078752,0,0,1593,0,0.000000,16384,1407,78752,4,1.000000,0.000000
20462,21831000539,1060329,0,0,1611,0,0.000000,16384,1437,60329,4,1.000000,0.000000
20463,21832058576,1058037,0,0,1651,0,0.000000,16384,1485,58037,4,1.000000,0.000000
20464,21833117283,1058707,0,0,1627,0,0.000000,16384,1418,58707,4,1.000000,0.000000
20465,21834182790,1065507,0,0,1557,0,0.000000,16384,1430,65507,4,1.000000,0.000000
20466,21835246717,1063927,0,0,1529,0,0.000000,16384,1320,63927,4,1.000000,0.000000
20467,21836306312,1059595,0,0,1558,0,0.000000,16384,1431,59595,4,1.000000,0.000000
20468,21837364287,1057975,0,0,1553,0,0.000000,16384,1338,57975,4,1.000000,0.000000
20469,21838421739,1057452,0,0,1559,0,0.000000,16384,1436,57452,4,1.000000,0.000000
20470,21839480392,1058653,0,0,1555,0,0.000000,16384,1337,58653,4,1.000000,0.000000
20471,21840556398,1076006,0,0,1578,0,0.000000,16384,1449,76006,4,1.000000,0.000000
20472,21841615656,1059258,0,0,1555,0,0.000000,16384,1348,59258,4,1.000000,0.000000
20473,21842676942,1061286,0,0,1356,0,0.000000,16384,1240,61286,4,1.000000,0.000000
20474,21843737863,1060921,0,0,1632,0,0.000000,16384,1420,60921,4,1.000000,0.000000
20475,21844799662,1061799,0,0,1561,0,0.000000,16384,1436,61799,4,1.000000,0.000000
20476,21845865468,1065806,0,0,1606,0,0.000000,16384,1387,65806,4,1.000000,0.000000
20477,21846930890,1065422,0,0,1494,0,0.000000,16384,1376,65422,4,1.000000,0.000000
20478,21847992087,1061197,0,0,1557,0,0.000000,16384,1339,61197,4,1.000000,0.000000
20479,21849050058,1057971,0,0,1559,0,0.000000,16384,1433,57971,4,1.000000,0.000000
20480,21850108019,1057961,0,0,1557,0,0.000000,16384,1347,57961,4,1.000000,0.000000
20481,21851186091,1078072,0,0,1585,0,0.000000,16384,1448,78072,4,1.000000,0.000000
20482,21852243247,1057156,0,0,1555,0,0.000000,16384,1356,57156,4,1.000000,0.000000
20483,21853303015,1059768,0,0,1557,0,0.000000,16384,1414,59768,4,1.000000,0.000000
20484,21854366074,1063059,0,0,1503,0,0.000000,16384,1310,63059,4,1.000000,0.000000
20485,21855427482,1061408,0,0,1622,0,0.000000,16384,1471,61408,4,1.000000,0.000000
20486,21856487255,1059773,0,0,1624,0,0.000000,16384,1439,59773,4,1.000000,0.000000
20487,21857546747,1059492,0,0,1591,0,0.000000,16384,1414,59492,4,1.000000,0.000000
20488,21858604540,1057793,0,0,1645,0,0.000000,16384,1482,57793,4,1.000000,0.000000
20489,21859664258,1059718,0,0,1609,0,0.000000,16384,1402,59718,4,1.000000,0.000000
20490,21860726471,1062213,0,0,1662,0,0.000000,16384,1516,62213,4,1.000000,0.000000
20491,21861813562,1087091,0,0,1683,0,0.000000,16384,1479,87091,4,1.000000,0.000000
20492,21862875209,1061647,0,0,1532,0,0.000000,16384,1374,61647,4,1.000000,0.000000
20493,21863937396,1062187,0,0,1550,0,0.000000,16384,1373,62187,4,1.000000,0.000000
20494,21864995268,1057872,0,0,1587,0,0.000000,16384,1418,57872,4,1.000000,0.000000
20495,21866054187,1058919,0,0,1650,0,0.000000,16384,1478,58919,4,1.000000,0.000000
20496,21867114046,1059859,0,0,1660,0,0.000000,16384,1450,59859,4,1.000000,0.000000
20497,21868173413,1059367,0,0,1663,0,0.000000,16384,1518,59367,4,1.000000,0.000000
20498,21869231505,1058092,0,0,1622,0,0.000000,16384,1422,58092,4,1.000000,0.000000
20499,21870294289,1062784,0,0,1524,0,0.000000,16384,1376,62784,4,1.000000,0.000000
20500,21871356663,1062374,0,0,1558,0,0.000000,16384,1370,62374,4,1.000000,0.000000
20501,21872432905,1076242,0,0,1686,0,0.000000,16384,1506,76242,4,1.000000,0.000000
20502,21873490220,1057315,0,0,1660,0,0.000000,16384,1500,57315,4,1.000000,0.000000
20503,21874547424,1057204,0,0,1657,0,0.000000,16384,1436,57204,4,1.000000,0.000000
20504,21875606299,1058875,0,0,1662,0,0.000000,16384,1515,58875,4,1.000000,0.000000
20505,21876663290,1056991,0,0,1663,0,0.000000,16384,1471,56991,4,1.000000,0.000000
20506,21877671767,1008477,0,0,1585,0,0.000000,16384,1408,8477,4,1.000000,0.000000
20507,21878737647,1065880,0,0,1529,0,0.000000,16384,1370,65880,4,1.000000,0.000000
20508,21879800171,1062524,0,0,1669,0,0.000000,16384,1469,62524,4,1.000000,0.000000
20509,21880858871,1058700,0,0,1648,0,0.000000,16384,1506,58700,4,1.000000,0.000000
20510,21881917206,1058335,0,0,1570,0,0.000000,16384,1356,58335,4,1.000000,0.000000
20511,21882989240,1072034,0,0,1625,0,0.000000,16384,1481,72034,4,1.000000,0.000000
20512,21884050823,1061583,0,0,1587,0,0.000000,16384,1395,61583,4,1.000000,0.000000
20513,21885110846,1060023,0,0,1659,0,0.000000,16384,1481,60023,4,1.000000,0.000000
20514,21886170447,1059601,0,0,1598,0,0.000000,16384,1436,59601,4,1.000000,0.000000
20515,21887232618,1062171,0,0,1586,0,0.000000,16384,1393,62171,4,1.000000,0.000000
20516,21888291352,1058734,0,0,1654,0,0.000000,16384,1511,58734,4,1.000000,0.000000
20517,21889348474,1057122,0,0,1753,0,0.000000,16384,1533,57122,4,1.000000,0.000000
20518,21890406699,1058225,0,0,1715,0,0.000000,16384,1522,58225,4,1.000000,0.000000
20519,21891465524,1058825,0,0,1663,0,0.000000,16384,1516,58825,4,1.000000,0.000000
20520,21892523720,1058196,0,0,1769,0,0.000000,16384,1549,58196,4,1.000000,0.000000
20521,21893595045,1071325,0,0,1838,0,0.000000,16384,1619,71325,4,1.000000,0.000000
20522,21894652104,1057059,0,0,1827,0,0.000000,16384,1649,57059,4,1.000000,0.000000
20523,21895673092,1020988,0,0,1605,0,0.000000,16384,1438,20988,4,1.000000,0.000000
20524,21896733597,1060505,0,0,1529,0,0.000000,16384,1350,60505,4,1.000000,0.000000
20525,21897793796,1060199,0,0,1533,0,0.000000,16384,1376,60199,4,1.000000,0.000000
20526,21898853502,1059706,0,0,1578,0,0.000000,16384,1393,59706,4,1.000000,0.000000
20527,21899911421,1057919,0,0,1814,0,0.000000,16384,1639,57919,4,1.000000,0.000000
20528,21900971629,1060208,0,0,1812,0,0.000000,16384,1612,60208,4,1.000000,0.000000
20529,21902032587,1060958,0,0,1816,0,0.000000,16384,1596,60958,4,1.000000,0.000000
20530,21903090267,1057680,0,0,1808,0,0.000000,16384,1608,57680,4,1.000000,0.000000
20531,21904191382,1101115,0,0,1773,0,0.000000,16384,1606,101115,4,1.000000,0.000000
20532,21905257705,1066323,0,0,1526,0,0.000000,16384,1333,66323,4,1.000000,0.000000
20533,21906319089,1061384,0,0,1553,0,0.000000,16384,1411,61384,4,1.000000,0.000000
20534,21907377356,1058267,0,0,1554,0,0.000000,16384,1360,58267,4,1.000000,0.000000
20535,21908435509,1058153,0,0,1557,0,0.000000,16384,1410,58153,4,1.000000,0.000000
20536,21909524017,1088508,0,0,1675,0,0.000000,16384,1482,88508,4,1.000000,0.000000
20537,21910585220,1061203,0,0,1565,0,0.000000,16384,1390,61203,4,1.000000,0.000000
20538,21911643435,1058215,0,0,1668,0,0.000000,16384,1507,58215,4,1.000000,0.000000
20539,21912703445,1060010,0,0,1815,0,0.000000,16384,1595,60010,4,1.000000,0.000000
20540,21913763341,1059896,0,0,1677,0,0.000000,16384,1494,59896,4,1.000000,0.000000
20541,21914847410,1084069,0,0,1927,0,0.000000,16384,1729,84069,4,1.000000,0.000000
20542,21915909751,1062341,0,0,1731,0,0.000000,16384,1548,62341,4,1.000000,0.000000
20543,21916970242,1060491,0,0,1659,0,0.000000,16384,1445,60491,4,1.000000,0.000000
20544,21918027836,1057594,0,0,1666,0,0.000000,16384,1520,57594,4,1.000000,0.000000
20545,21919084452,1056616,0,0,1714,0,0.000000,16384,1513,56616,4,1.000000,0.000000
20546,21920141022,1056570,0,0,1800,0,0.000000,16384,1581,56570,4,1.000000,0.000000
20547,21921197024,1056002,0,0,1824,0,0.000000,16384,1644,56002,4,1.000000,0.000000
20548,21922252846,1055822,0,0,1813,0,0.000000,16384,1638,55822,4,1.000000,0.000000
20549,21923308903,1056057,0,0,1823,0,0.000000,16384,1614,56057,4,1.000000,0.000000
20550,21924366688,1057785,0,0,1733,0,0.000000,16384,1513,57785,4,1.000000,0.000000
20551,21925436287,1069599,0,0,1836,0,0.000000,16384,1655,69599,4,1.000000,0.000000
20552,21926492880,1056593,0,0,1826,0,0.000000,16384,1648,56593,4,1.000000,0.000000
20553,21927549507,1056627,0,0,1826,0,0.000000,16384,1621,56627,4,1.000000,0.000000
20554,21928611030,1061523,0,0,1644,0,0.000000,16384,1435,61523,4,1.000000,0.000000
20555,21929671866,1060836,0,0,1655,0,0.000000,16384,1512,60836,4,1.000000,0.000000
20556,21930729735,1057869,0,0,1650,0,0.000000,16384,1446,57869,4,1.000000,0.000000
20557,21931787159,1057424,0,0,1811,0,0.000000,16384,1603,57424,4,1.000000,0.000000
20558,21932844866,1057707,0,0,1816,0,0.000000,16384,1640,57707,4,1.000000,0.000000
20559,21933902595,1057729,0,0,1772,0,0.000000,16384,1592,57729,4,1.000000,0.000000
20560,21934958936,1056341,0,0,1820,0,0.000000,16384,1600,56341,4,1.000000,0.000000
20561,21936024416,1065480,0,0,1826,0,0.000000,16384,1610,65480,4,1.000000,0.000000
20562,21937080330,1055914,0,0,1825,0,0.000000,16384,1647,55914,4,1.000000,0.000000
20563,21938136171,1055841,0,0,1814,0,0.000000,16384,1639,55841,4,1.000000,0.000000
20564,21939193123,1056952,0,0,1825,0,0.000000,16384,1606,56952,4,1.000000,0.000000
20565,21940248818,1055695,0,0,1823,0,0.000000,16384,1603,55695,4,1.000000,0.000000
20566,21941307143,1058325,0,0,1815,0,0.000000,16384,1630,58325,4,1.000000,0.000000
20567,21942363588,1056445,0,0,1815,0,0.000000,16384,1639,56445,4,1.000000,0.000000
20568,21943419361,1055773,0,0,1824,0,0.000000,16384,1620,55773,4,1.000000,0.000000
20569,21944476839,1057478,0,0,1751,0,0.000000,16384,1515,57478,4,1.000000,0.000000
20570,21945534107,1057268,0,0,1814,0,0.000000,16384,1606,57268,4,1.000000,0.000000
20571,21946598721,1064614,0,0,1704,0,0.000000,16384,1489,64614,4,1.000000,0.000000
20572,21947655773,1057052,0,0,1817,0,0.000000,16384,1641,57052,4,1.000000,0.000000
20573,21948671211,1015438,0,0,1751,0,0.000000,16384,1582,15438,4,1.000000,0.000000
20574,21949727221,1056010,0,0,1814,0,0.000000,16384,1594,56010,4,1.000000,0.000000
20575,21950783291,1056070,0,0,1823,0,0.000000,16384,1601,56070,4,1.000000,0.000000
20576,21951839150,1055859,0,0,1825,0,0.000000,16384,1648,55859,4,1.000000,0.000000
20577,21952894923,1055773,0,0,1826,0,0.000000,16384,1648,55773,4,1.000000,0.000000
20578,21953950693,1055770,0,0,1823,0,0.000000,16384,1612,55770,4,1.000000,0.000000
20579,21955006656,1055963,0,0,1824,0,0.000000,16384,1603,55963,4,1.000000,0.000000
20580,21956063741,1057085,0,0,1703,0,0.000000,16384,1533,57085,4,1.000000,0.000000
20581,21957127602,1063861,0,0,1656,0,0.000000,16384,1487,63861,4,1.000000,0.000000
20582,21958184444,1056842,0,0,1813,0,0.000000,16384,1592,56842,4,1.000000,0.000000
20583,21959242833,1058389,0,0,1824,0,0.000000,16384,1624,58389,4,1.000000,0.000000
20584,21960298968,1056135,0,0,1824,0,0.000000,16384,1646,56135,4,1.000000,0.000000
20585,21961354874,1055906,0,0,1825,0,0.000000,16384,1640,55906,4,1.000000,0.000000
20586,21962411500,1056626,0,0,1823,0,0.000000,16384,1603,56626,4,1.000000,0.000000
20587,21963467269,1055769,0,0,1823,0,0.000000,16384,1601,55769,4,1.000000,0.000000
20588,21964525453,1058184,0,0,1759,0,0.000000,16384,1595,58184,4,1.000000,0.000000
20589,21965588012,1062559,0,0,1807,0,0.000000,16384,1629,62559,4,1.000000,0.000000
20590,21966645144,1057132,0,0,1814,0,0.000000,16384,1594,57132,4,1.000000,0.000000
20591,21967723675,1078531,0,0,1844,0,0.000000,16384,1620,78531,4,1.000000,0.000000
20592,21968781831,1058156,0,0,1825,0,0.000000,16384,1645,58156,4,1.000000,0.000000
20593,21969838325,1056494,0,0,1827,0,0.000000,16384,1648,56494,4,1.000000,0.000000
20594,21970894762,1056437,0,0,1797,0,0.000000,16384,1591,56437,4,1.000000,0.000000
20595,21971952508,1057746,0,0,1761,0,0.000000,16384,1542,57746,4,1.000000,0.000000
20596,21973009529,1057021,0,0,1818,0,0.000000,16384,1636,57021,4,1.000000,0.000000
20597,21974065385,1055856,0,0,1825,0,0.000000,16384,1647,55856,4,1.000000,0.000000
20598,21975121304,1055919,0,0,1813,0,0.000000,16384,1609,55919,4,1.000000,0.000000
20599,21976176978,1055674,0,0,1823,0,0.000000,16384,1603,55674,4,1.000000,0.000000
20600,21977232837,1055859,0,0,1824,0,0.000000,16384,1624,55859,4,1.000000,0.000000
20601,21978294435,1061598,0,0,1833,0,0.000000,16384,1654,61598,4,1.000000,0.000000
20602,21979350192,1055757,0,0,1826,0,0.000000,16384,1641,55757,4,1.000000,0.000000
20603,21980406139,1055947,0,0,1823,0,0.000000,16384,1603,55947,4,1.000000,0.000000
20604,21981462992,1056853,0,0,1823,0,0.000000,16384,1601,56853,4,1.000000,0.000000
20605,21982519251,1056259,0,0,1827,0,0.000000,16384,1649,56259,4,1.000000,0.000000
20606,21983577518,1058267,0,0,1678,0,0.000000,16384,1514,58267,4,1.000000,0.000000
20607,21984638116,1060598,0,0,1631,0,0.000000,16384,1414,60598,4,1.000000,0.000000
20608,21985671160,1033044,0,0,1770,0,0.000000,16384,1603,33044,4,1.000000,0.000000
20609,21986732318,1061158,0,0,1800,0,0.000000,16384,1624,61158,4,1.000000,0.000000
20610,21987792703,1060385,0,0,1780,0,0.000000,16384,1560,60385,4,1.000000,0.000000
20611,21988865769,1073066,0,0,1515,0,0.000000,16384,1360,73066,4,1.000000,0.000000
20612,21989929733,1063964,0,0,1524,0,0.000000,16384,1343,63964,4,1.000000,0.000000
20613,21990989683,1059950,0,0,1542,0,0.000000,16384,1390,59950,4,1.000000,0.000000
20614,21992046482,1056799,0,0,1591,0,0.000000,16384,1407,56799,4,1.000000,0.000000
20615,21993103437,1056955,0,0,1717,0,0.000000,16384,1521,56955,4,1.000000,0.000000
20616,21994159295,1055858,0,0,1815,0,0.000000,16384,1640,55858,4,1.000000,0.000000
20617,21995214602,1055307,0,0,1806,0,0.000000,16384,1613,55307,4,1.000000,0.000000
20618,21996391200,1176598,0,0,1751,0,0.000000,16384,1531,176598,4,1.000000,0.000000
20619,21997453101,1061901,0,0,1709,0,0.000000,16384,1536,61901,4,1.000000,0.000000
20620,21998514892,1061791,0,0,1600,0,0.000000,16384,1432,61791,4,1.000000,0.000000
20621,21999595657,1080765,0,0,1667,0,0.000000,16384,1463,80765,4,1.000000,0.000000
20622,22000653329,1057672,0,0,1810,0,0.000000,16384,1634,57672,4,1.000000,0.000000
20623,22001670690,1017361,0,0,1746,0,0.000000,16384,1567,17361,4,1.000000,0.000000
20624,22002734552,1063862,0,0,1600,0,0.000000,16384,1392,63862,4,1.000000,0.000000
20625,22003792592,1058040,0,0,1809,0,0.000000,16384,1634,58040,4,1.000000,0.000000
20626,22004852698,1060106,0,0,1546,0,0.000000,16384,1372,60106,4,1.000000,0.000000
20627,22005912442,1059744,0,0,1574,0,0.000000,16384,1404,59744,4,1.000000,0.000000
20628,22006974013,1061571,0,0,1590,0,0.000000,16384,1421,61571,4,1.000000,0.000000
20629,22008036108,1062095,0,0,1608,0,0.000000,16384,1419,62095,4,1.000000,0.000000
20630,22009099787,1063679,0,0,1510,0,0.000000,16384,1363,63679,4,1.000000,0.000000
20631,22010204571,1104784,0,0,1615,0,0.000000,16384,1418,104784,4,1.000000,0.000000
20632,22011262604,1058033,0,0,1557,0,0.000000,16384,1418,58033,4,1.000000,0.000000
20633,22012321687,1059083,0,0,1602,0,0.000000,16384,1389,59083,4,1.000000,0.000000
20634,22013378869,1057182,0,0,1660,0,0.000000,16384,1516,57182,4,1.000000,0.000000
20635,22014434778,1055909,0,0,1662,0,0.000000,16384,1463,55909,4,1.000000,0.000000
20636,22015492565,1057787,0,0,1463,0,0.000000,16384,1318,57787,4,1.000000,0.000000
20637,22016550976,1058411,0,0,1728,0,0.000000,16384,1533,58411,4,1.000000,0.000000
20638,22017608970,1057994,0,0,1760,0,0.000000,16384,1540,57994,4,1.000000,0.000000
20639,22018672527,1063557,0,0,1739,0,0.000000,16384,1576,63557,4,1.000000,0.000000
20640,22019735290,1062763,0,0,1790,0,0.000000,16384,1613,62763,4,1.000000,0.000000
20641,22020822357,1087067,0,0,1841,0,0.000000,16384,1621,87067,4,1.000000,0.000000
20642,22021882124,1059767,0,0,1700,0,0.000000,16384,1498,59767,4,1.000000,0.000000
20643,22022944520,1062396,0,0,1527,0,0.000000,16384,1389,62396,4,1.000000,0.000000
20644,22024003530,1059010,0,0,1632,0,0.000000,16384,1420,59010,4,1.000000,0.000000
20645,22025061721,1058191,0,0,1634,0,0.000000,16384,1494,58191,4,1.000000,0.000000
20646,22026119906,1058185,0,0,1798,0,0.000000,16384,1590,58185,4,1.000000,0.000000
20647,22027176973,1057067,0,0,1817,0,0.000000,16384,1596,57067,4,1.000000,0.000000
20648,22028272910,1095937,0,0,1750,0,0.000000,16384,1575,95937,4,1.000000,0.000000
20649,22029339433,1066523,0,0,1495,0,0.000000,16384,1334,66523,4,1.000000,0.000000
20650,22030402839,1063406,0,0,1561,0,0.000000,16384,1391,63406,4,1.000000,0.000000
20651,22031484939,1082100,0,0,1576,0,0.000000,16384,1406,82100,4,1.000000,0.000000
20652,22032544522,1059583,0,0,1559,0,0.000000,16384,1383,59583,4,1.000000,0.000000
20653,22033606514,1061992,0,0,1596,0,0.000000,16384,1436,61992,4,1.000000,0.000000
20654,22034669414,1062900,0,0,1560,0,0.000000,16384,1370,62900,4,1.000000,0.000000
20655,22035729885,1060471,0,0,1550,0,0.000000,16384,1405,60471,4,1.000000,0.000000
20656,22036794064,1064179,0,0,1485,0,0.000000,16384,1303,64179,4,1.000000,0.000000
20657,22037855717,1061653,0,0,1565,0,0.000000,16384,1411,61653,4,1.000000,0.000000
20658,22038913360,1057643,0,0,1557,0,0.000000,16384,1368,57643,4,1.000000,0.000000
20659,22039971498,1058138,0,0,1560,0,0.000000,16384,1412,58138,4,1.000000,0.000000
20660,22041029935,1058437,0,0,1557,0,0.000000,16384,1362,58437,4,1.000000,0.000000
20661,22042104517,1074582,0,0,1581,0,0.000000,16384,1441,74582,4,1.000000,0.000000
20662,22043161983,1057466,0,0,1599,0,0.000000,16384,1384,57466,4,1.000000,0.000000
20663,22044204428,1042445,0,0,1600,0,0.000000,16384,1467,42445,4,1.000000,0.000000
20664,22045278328,1073900,0,0,1460,0,0.000000,16384,1262,73900,4,1.000000,0.000000
20665,22046348523,1070195,0,0,1489,0,0.000000,16384,1363,70195,4,1.000000,0.000000
20666,22047412519,1063996,0,0,1529,0,0.000000,16384,1332,63996,4,1.000000,0.000000
20667,22048491815,1079296,0,0,1507,0,0.000000,16384,1368,79296,4,1.000000,0.000000
20668,22049556607,1064792,0,0,1564,0,0.000000,16384,1369,64792,4,1.000000,0.000000
20669,22050615458,1058851,0,0,1561,0,0.000000,16384,1420,58851,4,1.000000,0.000000
20670,22051673971,1058513,0,0,1554,0,0.000000,16384,1353,58513,4,1.000000,0.000000
20671,22052756577,1082606,0,0,1594,0,0.000000,16384,1459,82606,4,1.000000,0.000000
20672,22053814261,1057684,0,0,1556,0,0.000000,16384,1342,57684,4,1.000000,0.000000
20673,22054873416,1059155,0,0,1557,0,0.000000,16384,1435,59155,4,1.000000,0.000000
20674,22055934445,1061029,0,0,1544,0,0.000000,16384,1326,61029,4,1.000000,0.000000
20675,22056992577,1058132,0,0,1584,0,0.000000,16384,1455,58132,4,1.000000,0.000000
20676,22058049972,1057395,0,0,1577,0,0.000000,16384,1367,57395,4,1.000000,0.000000
20677,22059112685,1062713,0,0,1536,0,0.000000,16384,1404,62713,4,1.000000,0.000000
20678,22060173982,1061297,0,0,1562,0,0.000000,16384,1359,61297,4,1.000000,0.000000
20679,22061232256,1058274,0,0,1553,0,0.000000,16384,1414,58274,4,1.000000,0.000000
20680,22062289761,1057505,0,0,1616,0,0.000000,16384,1419,57505,4,1.000000,0.000000
20681,22063360894,1071133,0,0,1615,0,0.000000,16384,1447,71133,4,1.000000,0.000000
20682,22064424028,1063134,0,0,1479,0,0.000000,16384,1311,63134,4,1.000000,0.000000
20683,22065486137,1062109,0,0,1639,0,0.000000,16384,1464,62109,4,1.000000,0.000000
20684,22066544382,1058245,0,0,1662,0,0.000000,16384,1497,58245,4,1.000000,0.000000
20685,22067601991,1057609,0,0,1658,0,0.000000,16384,1438,57609,4,1.000000,0.000000
20686,22068659695,1057704,0,0,1648,0,0.000000,16384,1507,57704,4,1.000000,0.000000
20687,22069711609,1051914,0,0,1636,0,0.000000,16384,1441,51914,4,1.000000,0.000000
20688,22070774561,1062952,0,0,1645,0,0.000000,16384,1464,62952,4,1.000000,0.000000
20689,22071835870,1061309,0,0,1641,0,0.000000,16384,1482,61309,4,1.000000,0.000000
20690,22072904915,1069045,0,0,1517,0,0.000000,16384,1326,69045,4,1.000000,0.000000
20691,22073997581,1092666,0,0,1602,0,0.000000,16384,1457,92666,4,1.000000,0.000000
20692,22075059432,1061851,0,0,1535,0,0.000000,16384,1334,61851,4,1.000000,0.000000
20693,22076120061,1060629,0,0,1563,0,0.000000,16384,1428,60629,4,1.000000,0.000000
20694,22077179505,1059444,0,0,1556,0,0.000000,16384,1348,59444,4,1.000000,0.000000
20695,22078243307,1063802,0,0,1516,0,0.000000,16384,1388,63802,4,1.000000,0.000000
20696,22079304403,1061096,0,0,1557,0,0.000000,16384,1351,61096,4,1.000000,0.000000
20697,22080362330,1057927,0,0,1560,0,0.000000,16384,1430,57927,4,1.000000,0.000000
20698,22081421852,1059522,0,0,1558,0,0.000000,16384,1345,59522,4,1.000000,0.000000
20699,22082480240,1058388,0,0,1561,0,0.000000,16384,1438,58388,4,1.000000,0.000000
20700,22083540724,1060484,0,0,1541,0,0.000000,16384,1324,60484,4,1.000000,0.000000
20701,22084618252,1077528,0,0,1547,0,0.000000,16384,1426,77528,4,1.000000,0.000000
20702,22085673832,1055580,0,0,1546,0,0.000000,16384,1328,55580,4,1.000000,0.000000
20703,22086732724,1058892,0,0,1561,0,0.000000,16384,1438,58892,4,1.000000,0.000000
20704,22087792804,1060080,0,0,1554,0,0.000000,16384,1341,60080,4,1.000000,0.000000
20705,22088851085,1058281,0,0,1560,0,0.000000,16384,1431,58281,4,1.000000,0.000000
20706,22089908916,1057831,0,0,1553,0,0.000000,16384,1346,57831,4,1.000000,0.000000
20707,22090965907,1056991,0,0,1556,0,0.000000,16384,1422,56991,4,1.000000,0.000000
20708,22092022696,1056789,0,0,1554,0,0.000000,16384,1352,56789,4,1.000000,0.000000
20709,22093079464,1056768,0,0,1559,0,0.000000,16384,1419,56768,4,1.000000,0.000000
20710,22094145501,1066037,0,0,1517,0,0.000000,16384,1321,66037,4,1.000000,0.000000
20711,22095227934,1082433,0,0,1568,0,0.000000,16384,1428,82433,4,1.000000,0.000000
20712,22096289527,1061593,0,0,1551,0,0.000000,16384,1355,61593,4,1.000000,0.000000
20713,22097348172,1058645,0,0,1540,0,0.000000,16384,1398,58645,4,1.000000,0.000000
20714,22098408338,1060166,0,0,1548,0,0.000000,16384,1354,60166,4,1.000000,0.000000
20715,22099467923,1059585,0,0,1559,0,0.000000,16384,1413,59585,4,1.000000,0.000000
20716,22100527930,1060007,0,0,1555,0,0.000000,16384,1365,60007,4,1.000000,0.000000
20717,22101587134,1059204,0,0,1560,0,0.000000,16384,1407,59204,4,1.000000,0.000000
20718,22102645990,1058856,0,0,1559,0,0.000000,16384,1376,58856,4,1.000000,0.000000
20719,22103671444,1025454,0,0,1508,0,0.000000,16384,1359,25454,4,1.000000,0.000000
20720,22104730284,1058840,0,0,1553,0,0.000000,16384,1366,58840,4,1.000000,0.000000
20721,22105802086,1071802,0,0,1817,0,0.000000,16384,1611,71802,4,1.000000,0.000000
20722,22106859973,1057887,0,0,1800,0,0.000000,16384,1627,57887,4,1.000000,0.000000
20723,22107917804,1057831,0,0,1663,0,0.000000,16384,1478,57831,4,1.000000,0.000000
20724,22108975129,1057325,0,0,1705,0,0.000000,16384,1497,57325,4,1.000000,0.000000
20725,22110037399,1062270,0,0,1711,0,0.000000,16384,1556,62270,4,1.000000,0.000000
20726,22111099143,1061744,0,0,1589,0,0.000000,16384,1396,61744,4,1.000000,0.000000
20727,22112157116,1057973,0,0,1817,0,0.000000,16384,1610,57973,4,1.000000,0.000000
20728,22113240163,1083047,0,0,1864,0,0.000000,16384,1678,83047,4,1.000000,0.000000
20729,22114301784,1061621,0,0,1671,0,0.000000,16384,1500,61621,4,1.000000,0.000000
20730,22115360042,1058258,0,0,1665,0,0.000000,16384,1450,58258,4,1.000000,0.000000
20731,22116473734,1113692,0,0,1866,0,0.000000,16384,1680,113692,4,1.000000,0.000000
20732,22117564733,1090999,0,0,1833,0,0.000000,16384,1653,90999,4,1.000000,0.000000
20733,22118627472,1062739,0,0,1566,0,0.000000,16384,1367,62739,4,1.000000,0.000000
20734,22119672058,1044586,0,0,1640,0,0.000000,16384,1478,44586,4,1.000000,0.000000
20735,22120729987,1057929,0,0,1666,0,0.000000,16384,1488,57929,4,1.000000,0.000000
20736,22121788091,1058104,0,0,1479,0,0.000000,16384,1310,58104,4,1.000000,0.000000
20737,22122849106,1061015,0,0,1646,0,0.000000,16384,1479,61015,4,1.000000,0.000000
20738,22123908084,1058978,0,0,1659,0,0.000000,16384,1445,58978,4,1.000000,0.000000
20739,22124967808,1059724,0,0,1565,0,0.000000,16384,1441,59724,4,1.000000,0.000000
20740,22126026797,1058989,0,0,1664,0,0.000000,16384,1446,58989,4,1.000000,0.000000
20741,22127098979,1072182,0,0,1743,0,0.000000,16384,1558,72182,4,1.000000,0.000000
20742,22128156283,1057304,0,0,1816,0,0.000000,16384,1641,57304,4,1.000000,0.000000
20743,22129212646,1056363,0,0,1743,0,0.000000,16384,1539,56363,4,1.000000,0.000000
20744,22130275714,1063068,0,0,1460,0,0.000000,16384,1304,63068,4,1.000000,0.000000
20745,22131339218,1063504,0,0,1557,0,0.000000,16384,1380,63504,4,1.000000,0.000000
20746,22132397322,1058104,0,0,1559,0,0.000000,16384,1394,58104,4,1.000000,0.000000
20747,22133454593,1057271,0,0,1635,0,0.000000,16384,1461,57271,4,1.000000,0.000000
20748,22134511615,1057022,0,0,1645,0,0.000000,16384,1444,57022,4,1.000000,0.000000
20749,22135569533,1057918,0,0,1618,0,0.000000,16384,1483,57918,4,1.000000,0.000000
20750,22136628574,1059041,0,0,1569,0,0.000000,16384,1349,59041,4,1.000000,0.000000
20751,22137689809,1061235,0,0,1614,0,0.000000,16384,1476,61235,4,1.000000,0.000000
20752,22138755089,1065280,0,0,1501,0,0.000000,16384,1303,65280,4,1.000000,0.000000
20753,22139818268,1063179,0,0,1565,0,0.000000,16384,1431,63179,4,1.000000,0.000000
20754,22140876846,1058578,0,0,1577,0,0.000000,16384,1375,58578,4,1.000000,0.000000
20755,22141933681,1056835,0,0,1639,0,0.000000,16384,1479,56835,4,1.000000,0.000000
20756,22142992805,1059124,0,0,1635,0,0.000000,16384,1455,59124,4,1.000000,0.000000
20757,22144049641,1056836,0,0,1651,0,0.000000,16384,1454,56836,4,1.000000,0.000000
20758,22145108041,1058400,0,0,1618,0,0.000000,16384,1479,58400,4,1.000000,0.000000
20759,22146167794,1059753,0,0,1647,0,0.000000,16384,1427,59753,4,1.000000,0.000000
20760,22147226681,1058887,0,0,1622,0,0.000000,16384,1472,58887,4,1.000000,0.000000
20761,22148302509,1075828,0,0,1689,0,0.000000,16384,1499,75828,4,1.000000,0.000000
20762,22149361325,1058816,0,0,1642,0,0.000000,16384,1446,58816,4,1.000000,0.000000
20763,22150420435,1059110,0,0,1557,0,0.000000,16384,1416,59110,4,1.000000,0.000000
20764,22151478093,1057658,0,0,1611,0,0.000000,16384,1400,57658,4,1.000000,0.000000
20765,22152521717,1043624,0,0,1642,0,0.000000,16384,1500,43624,4,1.000000,0.000000
20766,22153614234,1092517,0,0,1844,0,0.000000,16384,1638,92517,4,1.000000,0.000000
20767,22154703643,1089409,0,0,1850,0,0.000000,16384,1630,89409,4,1.000000,0.000000
20768,22155766273,1062630,0,0,1764,0,0.000000,16384,1567,62630,4,1.000000,0.000000
20769,22156830921,1064648,0,0,1673,0,0.000000,16384,1525,64648,4,1.000000,0.000000
20770,22157892391,1061470,0,0,1745,0,0.000000,16384,1530,61470,4,1.000000,0.000000
20771,22158967331,1074940,0,0,1771,0,0.000000,16384,1564,74940,4,1.000000,0.000000
20772,22160030997,1063666,0,0,1745,0,0.000000,16384,1583,63666,4,1.000000,0.000000
20773,22161093887,1062890,0,0,1821,0,0.000000,16384,1626,62890,4,1.000000,0.000000
20774,22162153651,1059764,0,0,1803,0,0.000000,16384,1583,59764,4,1.000000,0.000000
20775,22163210464,1056813,0,0,1816,0,0.000000,16384,1611,56813,4,1.000000,0.000000
20776,22164266943,1056479,0,0,1824,0,0.000000,16384,1647,56479,4,1.000000,0.000000
20777,22165327014,1060071,0,0,1769,0,0.000000,16384,1587,60071,4,1.000000,0.000000
20778,22166386691,1059677,0,0,1827,0,0.000000,16384,1607,59677,4,1.000000,0.000000
20779,22167443888,1057197,0,0,1824,0,0.000000,16384,1610,57197,4,1.000000,0.000000
20780,22168500500,1056612,0,0,1815,0,0.000000,16384,1639,56612,4,1.000000,0.000000
20781,22169579575,1079075,0,0,1840,0,0.000000,16384,1561,79075,4,1.000000,0.000000
20782,22170636080,1056505,0,0,1785,0,0.000000,16384,1614,56505,4,1.000000,0.000000
20783,22171703423,1067343,0,0,1802,0,0.000000,16384,1629,67343,4,1.000000,0.000000
20784,22172767888,1064465,0,0,1563,0,0.000000,16384,1347,64465,4,1.000000,0.000000
20785,22173833398,1065510,0,0,1810,0,0.000000,16384,1632,65510,4,1.000000,0.000000
20786,22174897679,1064281,0,0,1798,0,0.000000,16384,1625,64281,4,1.000000,0.000000
20787,22175962423,1064744,0,0,1772,0,0.000000,16384,1559,64744,4,1.000000,0.000000
20788,22177023930,1061507,0,0,1663,0,0.000000,16384,1470,61507,4,1.000000,0.000000
20789,22178085435,1061505,0,0,1521,0,0.000000,16384,1378,61505,4,1.000000,0.000000
20790,22179145172,1059737,0,0,1604,0,0.000000,16384,1403,59737,4,1.000000,0.000000
20791,22180216074,1070902,0,0,1686,0,0.000000,16384,1536,70902,4,1.000000,0.000000
20792,22181274050,1057976,0,0,1665,0,0.000000,16384,1460,57976,4,1.000000,0.000000
20793,22182331490,1057440,0,0,1659,0,0.000000,16384,1480,57440,4,1.000000,0.000000
20794,22183388227,1056737,0,0,1608,0,0.000000,16384,1447,56737,4,1.000000,0.000000
20795,22184447861,1059634,0,0,1776,0,0.000000,16384,1556,59634,4,1.000000,0.000000
20796,22185510163,1062302,0,0,1774,0,0.000000,16384,1591,62302,4,1.000000,0.000000
20797,22186569727,1059564,0,0,1819,0,0.000000,16384,1643,59564,4,1.000000,0.000000
20798,22187798034,1228307,0,0,2034,0,0.000000,16384,1814,228307,4,1.000000,0.000000
20799,22188857062,1059028,0,0,1817,0,0.000000,16384,1608,59028,4,1.000000,0.000000
20800,22189913936,1056874,0,0,1824,0,0.000000,16384,1604,56874,4,1.000000,0.000000
20801,22190988254,1074318,0,0,1835,0,0.000000,16384,1637,74318,4,1.000000,0.000000
20802,22192045152,1056898,0,0,1824,0,0.000000,16384,1646,56898,4,1.000000,0.000000
20803,22193101032,1055880,0,0,1825,0,0.000000,16384,1637,55880,4,1.000000,0.000000
20804,22194157228,1056196,0,0,1813,0,0.000000,16384,1593,56196,4,1.000000,0.000000
20805,22195213342,1056114,0,0,1813,0,0.000000,16384,1599,56114,4,1.000000,0.000000
20806,22196269663,1056321,0,0,1817,0,0.000000,16384,1641,56321,4,1.000000,0.000000
20807,22197326190,1056527,0,0,1746,0,0.000000,16384,1572,56527,4,1.000000,0.000000
20808,22198386878,1060688,0,0,1763,0,0.000000,16384,1543,60688,4,1.000000,0.000000
20809,22199448312,1061434,0,0,1759,0,0.000000,16384,1567,61434,4,1.000000,0.000000
20810,22200505923,1057611,0,0,1827,0,0.000000,16384,1648,57611,4,1.000000,0.000000
20811,22201572737,1066814,0,0,1828,0,0.000000,16384,1634,66814,4,1.000000,0.000000
20812,22202630956,1058219,0,0,1800,0,0.000000,16384,1581,58219,4,1.000000,0.000000
20813,22203670718,1039762,0,0,1793,0,0.000000,16384,1591,39762,4,1.000000,0.000000
20814,22204728812,1058094,0,0,1814,0,0.000000,16384,1638,58094,4,1.000000,0.000000
20815,22205789331,1060519,0,0,1655,0,0.000000,16384,1469,60519,4,1.000000,0.000000
20816,22206848312,1058981,0,0,1685,0,0.000000,16384,1483,58981,4,1.000000,0.000000
20817,22207905018,1056706,0,0,1813,0,0.000000,16384,1639,56706,4,1.000000,0.000000
20818,22208962218,1057200,0,0,1826,0,0.000000,16384,1642,57200,4,1.000000,0.000000
20819,22210018373,1056155,0,0,1812,0,0.000000,16384,1592,56155,4,1.000000,0.000000
20820,22211075496,1057123,0,0,1824,0,0.000000,16384,1602,57123,4,1.000000,0.000000
20821,22212145588,1070092,0,0,1836,0,0.000000,16384,1657,70092,4,1.000000,0.000000
20822,22213201705,1056117,0,0,1815,0,0.000000,16384,1640,56117,4,1.000000,0.000000
20823,22214257798,1056093,0,0,1825,0,0.000000,16384,1613,56093,4,1.000000,0.000000
20824,22215313808,1056010,0,0,1808,0,0.000000,16384,1587,56010,4,1.000000,0.000000
20825,22216370026,1056218,0,0,1823,0,0.000000,16384,1632,56218,4,1.000000,0.000000
20826,22217427663,1057637,0,0,1823,0,0.000000,16384,1646,57637,4,1.000000,0.000000
20827,22218484327,1056664,0,0,1814,0,0.000000,16384,1619,56664,4,1.000000,0.000000
20828,22219540193,1055866,0,0,1823,0,0.000000,16384,1603,55866,4,1.000000,0.000000
20829,22220595898,1055705,0,0,1824,0,0.000000,16384,1615,55705,4,1.000000,0.000000
20830,22221651880,1055982,0,0,1814,0,0.000000,16384,1638,55982,4,1.000000,0.000000
20831,22222728666,1076786,0,0,1856,0,0.000000,16384,1672,76786,4,1.000000,0.000000
20832,22223784947,1056281,0,0,1823,0,0.000000,16384,1604,56281,4,1.000000,0.000000
20833,22224840894,1055947,0,0,1823,0,0.000000,16384,1602,55947,4,1.000000,0.000000
20834,22225898651,1057757,0,0,1761,0,0.000000,16384,1588,57757,4,1.000000,0.000000
20835,22226955572,1056921,0,0,1826,0,0.000000,16384,1648,56921,4,1.000000,0.000000
20836,22228011762,1056190,0,0,1825,0,0.000000,16384,1613,56190,4,1.000000,0.000000
20837,22229071579,1059817,0,0,1818,0,0.000000,16384,1598,59817,4,1.000000,0.000000
20838,22230177386,1105807,0,0,1832,0,0.000000,16384,1637,105807,4,1.000000,0.000000
20839,22231239955,1062569,0,0,1614,0,0.000000,16384,1469,62569,4,1.000000,0.000000
20840,22232298791,1058836,0,0,1757,0,0.000000,16384,1537,58836,4,1.000000,0.000000
20841,22233365319,1066528,0,0,1833,0,0.000000,16384,1624,66528,4,1.000000,0.000000
20842,22234425183,1059864,0,0,1805,0,0.000000,16384,1632,59864,4,1.000000,0.000000
20843,22235482825,1057642,0,0,1829,0,0.000000,16384,1647,57642,4,1.000000,0.000000
20844,22236538869,1056044,0,0,1796,0,0.000000,16384,1575,56044,4,1.000000,0.000000
20845,22237595118,1056249,0,0,1814,0,0.000000,16384,1597,56249,4,1.000000,0.000000
20846,22238651844,1056726,0,0,1774,0,0.000000,16384,1606,56726,4,1.000000,0.000000
20847,22239672852,1021008,0,0,1579,0,0.000000,16384,1404,21008,4,1.000000,0.000000
20848,22240730195,1057343,0,0,1813,0,0.000000,16384,1590,57343,4,1.000000,0.000000
20849,22241786525,1056330,0,0,1801,0,0.000000,16384,1629,56330,4,1.000000,0.000000
20850,22242842668,1056143,0,0,1827,0,0.000000,16384,1649,56143,4,1.000000,0.000000
20851,22243906474,1063806,0,0,1832,0,0.000000,16384,1618,63806,4,1.000000,0.000000
20852,22244967557,1061083,0,0,1676,0,0.000000,16384,1468,61083,4,1.000000,0.000000
20853,22246015075,1047518,0,0,1733,0,0.000000,16384,1575,47518,4,1.000000,0.000000
20854,22247074040,1058965,0,0,1662,0,0.000000,16384,1470,58965,4,1.000000,0.000000
20855,22248130933,1056893,0,0,1786,0,0.000000,16384,1569,56893,4,1.000000,0.000000
20856,22249187484,1056551,0,0,1821,0,0.000000,16384,1644,56551,4,1.000000,0.000000
20857,22250243802,1056318,0,0,1807,0,0.000000,16384,1633,56318,4,1.000000,0.000000
20858,22251299741,1055939,0,0,1816,0,0.000000,16384,1598,55939,4,1.000000,0.000000
20859,22252355477,1055736,0,0,1816,0,0.000000,16384,1596,55736,4,1.000000,0.000000
20860,22253412188,1056711,0,0,1809,0,0.000000,16384,1627,56711,4,1.000000,0.000000
20861,22254477624,1065436,0,0,1834,0,0.000000,16384,1654,65436,4,1.000000,0.000000
20862,22255533481,1055857,0,0,1822,0,0.000000,16384,1620,55857,4,1.000000,0.000000
20863,22256590689,1057208,0,0,1804,0,0.000000,16384,1584,57208,4,1.000000,0.000000
20864,22257647938,1057249,0,0,1796,0,0.000000,16384,1602,57249,4,1.000000,0.000000
20865,22258670503,1022565,0,0,1754,0,0.000000,16384,1590,22565,4,1.000000,0.000000
20866,22259726630,1056127,0,0,1826,0,0.000000,16384,1620,56127,4,1.000000,0.000000
20867,22260782551,1055921,0,0,1813,0,0.000000,16384,1593,55921,4,1.000000,0.000000
20868,22261838526,1055975,0,0,1825,0,0.000000,16384,1626,55975,4,1.000000,0.000000
20869,22262894427,1055901,0,0,1826,0,0.000000,16384,1648,55901,4,1.000000,0.000000
20870,22263951141,1056714,0,0,1811,0,0.000000,16384,1624,56714,4,1.000000,0.000000
20871,22265013951,1062810,0,0,1782,0,0.000000,16384,1562,62810,4,1.000000,0.000000
20872,22266071472,1057521,0,0,1712,0,0.000000,16384,1525,57521,4,1.000000,0.000000
20873,22267128982,1057510,0,0,1827,0,0.000000,16384,1650,57510,4,1.000000,0.000000
20874,22268184942,1055960,0,0,1810,0,0.000000,16384,1610,55960,4,1.000000,0.000000
20875,22269241703,1056761,0,0,1813,0,0.000000,16384,1593,56761,4,1.000000,0.000000
20876,22270298282,1056579,0,0,1799,0,0.000000,16384,1603,56579,4,1.000000,0.000000
20877,22271354621,1056339,0,0,1821,0,0.000000,16384,1644,56339,4,1.000000,0.000000
20878,22272410984,1056363,0,0,1826,0,0.000000,16384,1635,56363,4,1.000000,0.000000
20879,22273467021,1056037,0,0,1824,0,0.000000,16384,1604,56037,4,1.000000,0.000000
20880,22274523240,1056219,0,0,1815,0,0.000000,16384,1601,56219,4,1.000000,0.000000
20881,22275595512,1072272,0,0,1851,0,0.000000,16384,1668,72272,4,1.000000,0.000000
20882,22276651831,1056319,0,0,1825,0,0.000000,16384,1647,56319,4,1.000000,0.000000
20883,22277672541,1020710,0,0,1725,0,0.000000,16384,1516,20710,4,1.000000,0.000000
20884,22278729590,1057049,0,0,1824,0,0.000000,16384,1603,57049,4,1.000000,0.000000
20885,22279785520,1055930,0,0,1825,0,0.000000,16384,1647,55930,4,1.000000,0.000000
20886,22280841277,1055757,0,0,1825,0,0.000000,16384,1648,55757,4,1.000000,0.000000
20887,22281897101,1055824,0,0,1815,0,0.000000,16384,1603,55824,4,1.000000,0.000000
20888,22282953223,1056122,0,0,1727,0,0.000000,16384,1511,56122,4,1.000000,0.000000
20889,22284010186,1056963,0,0,1730,0,0.000000,16384,1572,56963,4,1.000000,0.000000
20890,22285066250,1056064,0,0,1810,0,0.000000,16384,1624,56064,4,1.000000,0.000000
20891,22286129881,1063631,0,0,1685,0,0.000000,16384,1465,63631,4,1.000000,0.000000
20892,22287187859,1057978,0,0,1789,0,0.000000,16384,1605,57978,4,1.000000,0.000000
20893,22288245640,1057781,0,0,1828,0,0.000000,16384,1650,57781,4,1.000000,0.000000
20894,22289302435,1056795,0,0,1827,0,0.000000,16384,1625,56795,4,1.000000,0.000000
20895,22290358480,1056045,0,0,1798,0,0.000000,16384,1578,56045,4,1.000000,0.000000
20896,22291415476,1056996,0,0,1826,0,0.000000,16384,1626,56996,4,1.000000,0.000000
20897,22292471504,1056028,0,0,1825,0,0.000000,16384,1648,56028,4,1.000000,0.000000
20898,22293527230,1055726,0,0,1813,0,0.000000,16384,1626,55726,4,1.000000,0.000000
20899,22294583243,1056013,0,0,1823,0,0.000000,16384,1603,56013,4,1.000000,0.000000
20900,22295639307,1056064,0,0,1805,0,0.000000,16384,1591,56064,4,1.000000,0.000000
20901,22296670757,1031450,0,0,1777,0,0.000000,16384,1609,31450,4,1.000000,0.000000
20902,22297728090,1057333,0,0,1741,0,0.000000,16384,1559,57333,4,1.000000,0.000000
20903,22298788826,1060736,0,0,1819,0,0.000000,16384,1598,60736,4,1.000000,0.000000
20904,22299846203,1057377,0,0,1710,0,0.000000,16384,1527,57377,4,1.000000,0.000000
20905,22300902814,1056611,0,0,1815,0,0.000000,16384,1639,56611,4,1.000000,0.000000
20906,22301958756,1055942,0,0,1825,0,0.000000,16384,1620,55942,4,1.000000,0.000000
20907,22303014577,1055821,0,0,1822,0,0.000000,16384,1603,55821,4,1.000000,0.000000
20908,22304070469,1055892,0,0,1825,0,0.000000,16384,1623,55892,4,1.000000,0.000000
20909,22305126945,1056476,0,0,1729,0,0.000000,16384,1570,56476,4,1.000000,0.000000
20910,22306184212,1057267,0,0,1648,0,0.000000,16384,1449,57267,4,1.000000,0.000000
20911,22307248863,1064651,0,0,1826,0,0.000000,16384,1611,64651,4,1.000000,0.000000
20912,22308306360,1057497,0,0,1801,0,0.000000,16384,1628,57497,4,1.000000,0.000000
20913,22309363464,1057104,0,0,1810,0,0.000000,16384,1634,57104,4,1.000000,0.000000
20914,22310420320,1056856,0,0,1816,0,0.000000,16384,1595,56856,4,1.000000,0.000000
20915,22311478057,1057737,0,0,1816,0,0.000000,16384,1593,57737,4,1.000000,0.000000
20916,22312534702,1056645,0,0,1827,0,0.000000,16384,1649,56645,4,1.000000,0.000000
20917,22313590480,1055778,0,0,1825,0,0.000000,16384,1647,55778,4,1.000000,0.000000
20918,22314652315,1061835,0,0,1547,0,0.000000,16384,1343,61835,4,1.000000,0.000000
20919,22315671867,1019552,0,0,1598,0,0.000000,16384,1454,19552,4,1.000000,0.000000
20920,22316730896,1059029,0,0,1667,0,0.000000,16384,1475,59029,4,1.000000,0.000000
20921,22317798711,1067815,0,0,1823,0,0.000000,16384,1599,67815,4,1.000000,0.000000
20922,22318855950,1057239,0,0,1818,0,0.000000,16384,1640,57239,4,1.000000,0.000000
20923,22319911820,1055870,0,0,1825,0,0.000000,16384,1647,55870,4,1.000000,0.000000
20924,22320967910,1056090,0,0,1803,0,0.000000,16384,1595,56090,4,1.000000,0.000000
20925,22322023938,1056028,0,0,1822,0,0.000000,16384,1602,56028,4,1.000000,0.000000
20926,22323080037,1056099,0,0,1759,0,0.000000,16384,1579,56099,4,1.000000,0.000000
20927,22324138003,1057966,0,0,1781,0,0.000000,16384,1612,57966,4,1.000000,0.000000
20928,22325195077,1057074,0,0,1663,0,0.000000,16384,1452,57074,4,1.000000,0.000000
20929,22326253469,1058392,0,0,1734,0,0.000000,16384,1546,58392,4,1.000000,0.000000
20930,22327310789,1057320,0,0,1816,0,0.000000,16384,1640,57320,4,1.000000,0.000000
20931,22328384755,1073966,0,0,1852,0,0.000000,16384,1652,73966,4,1.000000,0.000000
20932,22329441661,1056906,0,0,1813,0,0.000000,16384,1593,56906,4,1.000000,0.000000
20933,22330498976,1057315,0,0,1828,0,0.000000,16384,1617,57315,4,1.000000,0.000000
20934,22331561339,1062363,0,0,1540,0,0.000000,16384,1411,62363,4,1.000000,0.000000
20935,22332622972,1061633,0,0,1649,0,0.000000,16384,1429,61633,4,1.000000,0.000000
20936,22333673963,1050991,0,0,1694,0,0.000000,16384,1535,50991,4,1.000000,0.000000
20937,22334801220,1127257,0,0,1879,0,0.000000,16384,1690,127257,4,1.000000,0.000000
20938,22335859512,1058292,0,0,1812,0,0.000000,16384,1596,58292,4,1.000000,0.000000
20939,22336915560,1056048,0,0,1822,0,0.000000,16384,1602,56048,4,1.000000,0.000000
20940,22337971680,1056120,0,0,1825,0,0.000000,16384,1637,56120,4,1.000000,0.000000
20941,22339042823,1071143,0,0,1845,0,0.000000,16384,1664,71143,4,1.000000,0.000000
20942,22340104475,1061652,0,0,1821,0,0.000000,16384,1626,61652,4,1.000000,0.000000
20943,22341161809,1057334,0,0,1752,0,0.000000,16384,1532,57334,4,1.000000,0.000000
20944,22342218217,1056408,0,0,1694,0,0.000000,16384,1523,56408,4,1.000000,0.000000
20945,22343276546,1058329,0,0,1820,0,0.000000,16384,1643,58329,4,1.000000,0.000000
20946,22344333030,1056484,0,0,1826,0,0.000000,16384,1609,56484,4,1.000000,0.000000
20947,22345388829,1055799,0,0,1823,0,0.000000,16384,1604,55799,4,1.000000,0.000000
20948,22346448320,1059491,0,0,1646,0,0.000000,16384,1491,59491,4,1.000000,0.000000
20949,22347507304,1058984,0,0,1648,0,0.000000,16384,1463,58984,4,1.000000,0.000000
20950,22348565126,1057822,0,0,1658,0,0.000000,16384,1463,57822,4,1.000000,0.000000
20951,22349633702,1068576,0,0,1679,0,0.000000,16384,1530,68576,4,1.000000,0.000000
20952,22350677471,1043769,0,0,1440,0,0.000000,16384,1246,43769,4,1.000000,0.000000
20953,22351741443,1063972,0,0,1661,0,0.000000,16384,1515,63972,4,1.000000,0.000000
20954,22352798978,1057535,0,0,1664,0,0.000000,16384,1456,57535,4,1.000000,0.000000
20955,22353860545,1061567,0,0,1674,0,0.000000,16384,1496,61567,4,1.000000,0.000000
20956,22354921811,1061266,0,0,1824,0,0.000000,16384,1647,61266,4,1.000000,0.000000
20957,22355979174,1057363,0,0,1759,0,0.000000,16384,1549,57363,4,1.000000,0.000000
20958,22357035227,1056053,0,0,1790,0,0.000000,16384,1570,56053,4,1.000000,0.000000
20959,22358131507,1096280,0,0,1745,0,0.000000,16384,1584,96280,4,1.000000,0.000000
20960,22359196292,1064785,0,0,1536,0,0.000000,16384,1362,64785,4,1.000000,0.000000
20961,22360272290,1075998,0,0,1578,0,0.000000,16384,1410,75998,4,1.000000,0.000000
20962,22361331286,1058996,0,0,1559,0,0.000000,16384,1387,58996,4,1.000000,0.000000
20963,22362390232,1058946,0,0,1559,0,0.000000,16384,1388,58946,4,1.000000,0.000000
20964,22363451272,1061040,0,0,1634,0,0.000000,16384,1469,61040,4,1.000000,0.000000
20965,22364515300,1064028,0,0,1507,0,0.000000,16384,1325,64028,4,1.000000,0.000000
20966,22365576230,1060930,0,0,1557,0,0.000000,16384,1403,60930,4,1.000000,0.000000
20967,22366635838,1059608,0,0,1549,0,0.000000,16384,1361,59608,4,1.000000,0.000000
20968,22367674627,1038789,0,0,1520,0,0.000000,16384,1371,38789,4,1.000000,0.000000
20969,22368732717,1058090,0,0,1558,0,0.000000,16384,1373,58090,4,1.000000,0.000000
20970,22369789537,1056820,0,0,1566,0,0.000000,16384,1416,56820,4,1.000000,0.000000
20971,22370861487,1071950,0,0,1686,0,0.000000,16384,1466,71950,4,1.000000,0.000000
20972,22371924422,1062935,0,0,1612,0,0.000000,16384,1478,62935,4,1.000000,0.000000
20973,22372989254,1064832,0,0,1529,0,0.000000,16384,1327,64832,4,1.000000,0.000000
20974,22374049514,1060260,0,0,1558,0,0.000000,16384,1423,60260,4,1.000000,0.000000
20975,22375108261,1058747,0,0,1559,0,0.000000,16384,1358,58747,4,1.000000,0.000000
20976,22376168708,1060447,0,0,1586,0,0.000000,16384,1438,60447,4,1.000000,0.000000
20977,22377228961,1060253,0,0,1669,0,0.000000,16384,1476,60253,4,1.000000,0.000000
20978,22378286915,1057954,0,0,1630,0,0.000000,16384,1445,57954,4,1.000000,0.000000
20979,22379343459,1056544,0,0,1665,0,0.000000,16384,1515,56544,4,1.000000,0.000000
20980,22380405245,1061786,0,0,1589,0,0.000000,16384,1363,61786,4,1.000000,0.000000
20981,22381499564,1094319,0,0,1821,0,0.000000,16384,1602,94319,4,1.000000,0.000000
20982,22382556983,1057419,0,0,1813,0,0.000000,16384,1593,57419,4,1.000000,0.000000
20983,22383615972,1058989,0,0,1682,0,0.000000,16384,1526,58989,4,1.000000,0.000000
20984,22384671989,1056017,0,0,1732,0,0.000000,16384,1548,56017,4,1.000000,0.000000
20985,22385728809,1056820,0,0,1666,0,0.000000,16384,1451,56820,4,1.000000,0.000000
20986,22386789124,1060315,0,0,1624,0,0.000000,16384,1486,60315,4,1.000000,0.000000
20987,22387851754,1062630,0,0,1535,0,0.000000,16384,1331,62630,4,1.000000,0.000000
20988,22388914409,1062655,0,0,1507,0,0.000000,16384,1384,62655,4,1.000000,0.000000
20989,22389976492,1062083,0,0,1549,0,0.000000,16384,1337,62083,4,1.000000,0.000000
20990,22391036669,1060177,0,0,1578,0,0.000000,16384,1445,60177,4,1.000000,0.000000
20991,22392108800,1072131,0,0,1686,0,0.000000,16384,1483,72131,4,1.000000,0.000000
20992,22393166376,1057576,0,0,1666,0,0.000000,16384,1480,57576,4,1.000000,0.000000
20993,22394223148,1056772,0,0,1666,0,0.000000,16384,1512,56772,4,1.000000,0.000000
20994,22395279393,1056245,0,0,1664,0,0.000000,16384,1444,56245,4,1.000000,0.000000
20995,22396339608,1060215,0,0,1574,0,0.000000,16384,1435,60215,4,1.000000,0.000000
20996,22397399965,1060357,0,0,1659,0,0.000000,16384,1462,60357,4,1.000000,0.000000
20997,22398458175,1058210,0,0,1658,0,0.000000,16384,1472,58210,4,1.000000,0.000000
20998,22399515874,1057699,0,0,1661,0,0.000000,16384,1507,57699,4,1.000000,0.000000
20999,22400575179,1059305,0,0,1627,0,0.000000,16384,1407,59305,4,1.000000,0.000000
21000,22401632949,1057770,0,0,1660,0,0.000000,16384,1513,57770,4,1.000000,0.000000
21001,22402674582,1041633,0,0,1614,0,0.000000,16384,1425,41633,4,1.000000,0.000000
21002,22403735055,1060473,0,0,1654,0,0.000000,16384,1470,60473,4,1.000000,0.000000
21003,22404795602,1060547,0,0,1482,0,0.000000,16384,1326,60547,4,1.000000,0.000000
21004,22405856563,1060961,0,0,1660,0,0.000000,16384,1468,60961,4,1.000000,0.000000
21005,22406915157,1058594,0,0,1631,0,0.000000,16384,1487,58594,4,1.000000,0.000000
21006,22407972902,1057745,0,0,1663,0,0.000000,16384,1443,57745,4,1.000000,0.000000
21007,22409030532,1057630,0,0,1666,0,0.000000,16384,1506,57630,4,1.000000,0.000000
21008,22410088432,1057900,0,0,1666,0,0.000000,16384,1486,57900,4,1.000000,0.000000
21009,22411145493,1057061,0,0,1654,0,0.000000,16384,1451,57061,4,1.000000,0.000000
21010,22412201331,1055838,0,0,1658,0,0.000000,16384,1514,55838,4,1.000000,0.000000
21011,22413269889,1068558,0,0,1673,0,0.000000,16384,1463,68558,4,1.000000,0.000000
21012,22414326629,1056740,0,0,1659,0,0.000000,16384,1483,56740,4,1.000000,0.000000
21013,22415383075,1056446,0,0,1667,0,0.000000,16384,1503,56446,4,1.000000,0.000000
21014,22416441178,1058103,0,0,1707,0,0.000000,16384,1487,58103,4,1.000000,0.000000
21015,22417499291,1058113,0,0,1795,0,0.000000,16384,1613,58113,4,1.000000,0.000000
21016,22418555572,1056281,0,0,1815,0,0.000000,16384,1639,56281,4,1.000000,0.000000
21017,22419611497,1055925,0,0,1816,0,0.000000,16384,1611,55925,4,1.000000,0.000000
21018,22420676127,1064630,0,0,1562,0,0.000000,16384,1372,64630,4,1.000000,0.000000
21019,22421740734,1064607,0,0,1657,0,0.000000,16384,1511,64607,4,1.000000,0.000000
21020,22422797701,1056967,0,0,1679,0,0.000000,16384,1458,56967,4,1.000000,0.000000
21021,22423865117,1067416,0,0,1833,0,0.000000,16384,1634,67416,4,1.000000,0.000000
21022,22424923240,1058123,0,0,1829,0,0.000000,16384,1651,58123,4,1.000000,0.000000
21023,22425980995,1057755,0,0,1736,0,0.000000,16384,1550,57755,4,1.000000,0.000000
21024,22427039383,1058388,0,0,1638,0,0.000000,16384,1430,58388,4,1.000000,0.000000
21025,22428096901,1057518,0,0,1706,0,0.000000,16384,1552,57518,4,1.000000,0.000000
21026,22429153811,1056910,0,0,1818,0,0.000000,16384,1620,56910,4,1.000000,0.000000
21027,22430213785,1059974,0,0,1659,0,0.000000,16384,1442,59974,4,1.000000,0.000000
21028,22431278076,1064291,0,0,1583,0,0.000000,16384,1454,64291,4,1.000000,0.000000
21029,22432345413,1067337,0,0,1464,0,0.000000,16384,1265,67337,4,1.000000,0.000000
21030,22433408562,1063149,0,0,1563,0,0.000000,16384,1436,63149,4,1.000000,0.000000
21031,22434501918,1093356,0,0,1605,0,0.000000,16384,1384,93356,4,1.000000,0.000000
21032,22435561110,1059192,0,0,1561,0,0.000000,16384,1430,59192,4,1.000000,0.000000
21033,22436624041,1062931,0,0,1506,0,0.000000,16384,1302,62931,4,1.000000,0.000000
21034,22437678224,1054183,0,0,1539,0,0.000000,16384,1415,54183,4,1.000000,0.000000
21035,22438737991,1059767,0,0,1659,0,0.000000,16384,1447,59767,4,1.000000,0.000000
21036,22439795430,1057439,0,0,1658,0,0.000000,16384,1488,57439,4,1.000000,0.000000
21037,22440853088,1057658,0,0,1650,0,0.000000,16384,1479,57658,4,1.000000,0.000000
21038,22441910230,1057142,0,0,1566,0,0.000000,16384,1374,57142,4,1.000000,0.000000
21039,22442969212,1058982,0,0,1654,0,0.000000,16384,1511,58982,4,1.000000,0.000000
21040,22444027090,1057878,0,0,1643,0,0.000000,16384,1422,57878,4,1.000000,0.000000
21041,22445098681,1071591,0,0,1619,0,0.000000,16384,1469,71591,4,1.000000,0.000000
21042,22446162961,1064280,0,0,1635,0,0.000000,16384,1448,64280,4,1.000000,0.000000
21043,22447225903,1062942,0,0,1555,0,0.000000,16384,1385,62942,4,1.000000,0.000000
21044,22448289653,1063750,0,0,1557,0,0.000000,16384,1389,63750,4,1.000000,0.000000
21045,22449354459,1064806,0,0,1564,0,0.000000,16384,1388,64806,4,1.000000,0.000000
21046,22450445589,1091130,0,0,1680,0,0.000000,16384,1520,91130,4,1.000000,0.000000
21047,22451538714,1093125,0,0,1686,0,0.000000,16384,1466,93125,4,1.000000,0.000000
21048,22452629957,1091243,0,0,1699,0,0.000000,16384,1534,91243,4,1.000000,0.000000
21049,22453706580,1076623,0,0,1680,0,0.000000,16384,1505,76623,4,1.000000,0.000000
21050,22454821652,1115072,0,0,1735,0,0.000000,16384,1515,115072,4,1.000000,0.000000
21051,22455898248,1076596,0,0,1667,0,0.000000,16384,1514,76596,4,1.000000,0.000000
21052,22456962650,1064402,0,0,1637,0,0.000000,16384,1450,64402,4,1.000000,0.000000
21053,22458025488,1062838,0,0,1723,0,0.000000,16384,1519,62838,4,1.000000,0.000000
21054,22459086174,1060686,0,0,1891,0,0.000000,16384,1700,60686,4,1.000000,0.000000
21055,22460145030,1058856,0,0,1829,0,0.000000,16384,1650,58856,4,1.000000,0.000000
21056,22461201725,1056695,0,0,1825,0,0.000000,16384,1614,56695,4,1.000000,0.000000
21057,22462257898,1056173,0,0,1817,0,0.000000,16384,1597,56173,4,1.000000,0.000000
21058,22463319129,1061231,0,0,1831,0,0.000000,16384,1635,61231,4,1.000000,0.000000
21059,22464408910,1089781,0,0,1939,0,0.000000,16384,1739,89781,4,1.000000,0.000000
21060,22465468272,1059362,0,0,1831,0,0.000000,16384,1652,59362,4,1.000000,0.000000
21061,22466536989,1068717,0,0,1830,0,0.000000,16384,1618,68717,4,1.000000,0.000000
21062,22467626893,1089904,0,0,1971,0,0.000000,16384,1751,89904,4,1.000000,0.000000
21063,22468701917,1075024,0,0,1942,0,0.000000,16384,1718,75024,4,1.000000,0.000000
21064,22469763813,1061896,0,0,1927,0,0.000000,16384,1703,61896,4,1.000000,0.000000
21065,22470826120,1062307,0,0,1923,0,0.000000,16384,1727,62307,4,1.000000,0.000000
21066,22471889326,1063206,0,0,1873,0,0.000000,16384,1685,63206,4,1.000000,0.000000
21067,22472951473,1062147,0,0,1909,0,0.000000,16384,1714,62147,4,1.000000,0.000000
21068,22474013650,1062177,0,0,1904,0,0.000000,16384,1695,62177,4,1.000000,0.000000
21069,22475075862,1062212,0,0,1898,0,0.000000,16384,1673,62212,4,1.000000,0.000000
21070,22476135409,1059547,0,0,1828,0,0.000000,16384,1609,59547,4,1.000000,0.000000
21071,22477201185,1065776,0,0,1822,0,0.000000,16384,1640,65776,4,1.000000,0.000000
21072,22478257593,1056408,0,0,1826,0,0.000000,16384,1648,56408,4,1.000000,0.000000
21073,22479344063,1086470,0,0,1941,0,0.000000,16384,1737,86470,4,1.000000,0.000000
21074,22480411717,1067654,0,0,1633,0,0.000000,16384,1413,67654,4,1.000000,0.000000
21075,22481504948,1093231,0,0,1832,0,0.000000,16384,1642,93231,4,1.000000,0.000000
21076,22482603411,1098463,0,0,1847,0,0.000000,16384,1666,98463,4,1.000000,0.000000
21077,22483699687,1096276,0,0,1851,0,0.000000,16384,1658,96276,4,1.000000,0.000000
21078,22484762670,1062983,0,0,1628,0,0.000000,16384,1408,62983,4,1.000000,0.000000
21079,22485822781,1060111,0,0,1655,0,0.000000,16384,1509,60111,4,1.000000,0.000000
21080,22486883322,1060541,0,0,1593,0,0.000000,16384,1403,60541,4,1.000000,0.000000
21081,22487970135,1086813,0,0,1707,0,0.000000,16384,1518,86813,4,1.000000,0.000000
21082,22489028916,1058781,0,0,1661,0,0.000000,16384,1510,58781,4,1.000000,0.000000
21083,22490086818,1057902,0,0,1618,0,0.000000,16384,1398,57902,4,1.000000,0.000000
21084,22491143986,1057168,0,0,1647,0,0.000000,16384,1501,57168,4,1.000000,0.000000
21085,22492200778,1056792,0,0,1645,0,0.000000,16384,1455,56792,4,1.000000,0.000000
21086,22493257449,1056671,0,0,1661,0,0.000000,16384,1470,56671,4,1.000000,0.000000
21087,22494314402,1056953,0,0,1666,0,0.000000,16384,1517,56953,4,1.000000,0.000000
21088,22495371170,1056768,0,0,1737,0,0.000000,16384,1517,56768,4,1.000000,0.000000
21089,22496427296,1056126,0,0,1825,0,0.000000,16384,1617,56126,4,1.000000,0.000000
21090,22497483330,1056034,0,0,1812,0,0.000000,16384,1637,56034,4,1.000000,0.000000
21091,22498546465,1063135,0,0,1807,0,0.000000,16384,1626,63135,4,1.000000,0.000000
21092,22499602383,1055918,0,0,1823,0,0.000000,16384,1603,55918,4,1.000000,0.000000
21093,22500660992,1058609,0,0,1758,0,0.000000,16384,1549,58609,4,1.000000,0.000000
21094,22501678827,1017835,0,0,1754,0,0.000000,16384,1590,17835,4,1.000000,0.000000
21095,22502736816,1057989,0,0,1828,0,0.000000,16384,1637,57989,4,1.000000,0.000000
21096,22503793469,1056653,0,0,1734,0,0.000000,16384,1514,56653,4,1.000000,0.000000
21097,22504849841,1056372,0,0,1826,0,0.000000,16384,1628,56372,4,1.000000,0.000000
21098,22505905614,1055773,0,0,1825,0,0.000000,16384,1647,55773,4,1.000000,0.000000
21099,22506964085,1058471,0,0,1696,0,0.000000,16384,1508,58471,4,1.000000,0.000000
21100,22508021762,1057677,0,0,1785,0,0.000000,16384,1565,57677,4,1.000000,0.000000
21101,22509087825,1066063,0,0,1839,0,0.000000,16384,1651,66063,4,1.000000,0.000000
21102,22510144679,1056854,0,0,1829,0,0.000000,16384,1650,56854,4,1.000000,0.000000
21103,22511202575,1057896,0,0,1828,0,0.000000,16384,1630,57896,4,1.000000,0.000000
21104,22512258972,1056397,0,0,1823,0,0.000000,16384,1604,56397,4,1.000000,0.000000
21105,22513315383,1056411,0,0,1825,0,0.000000,16384,1615,56411,4,1.000000,0.000000
21106,22514371383,1056000,0,0,1826,0,0.000000,16384,1648,56000,4,1.000000,0.000000
21107,22515427137,1055754,0,0,1824,0,0.000000,16384,1648,55754,4,1.000000,0.000000
21108,22516482483,1055346,0,0,1802,0,0.000000,16384,1581,55346,4,1.000000,0.000000
21109,22517538076,1055593,0,0,1823,0,0.000000,16384,1600,55593,4,1.000000,0.000000
21110,22518593724,1055648,0,0,1825,0,0.000000,16384,1646,55648,4,1.000000,0.000000
21111,22519654445,1060721,0,0,1834,0,0.000000,16384,1654,60721,4,1.000000,0.000000
21112,22520670481,1016036,0,0,1737,0,0.000000,16384,1531,16036,4,1.000000,0.000000
21113,22521726550,1056069,0,0,1823,0,0.000000,16384,1604,56069,4,1.000000,0.000000
21114,22522782699,1056149,0,0,1826,0,0.000000,16384,1642,56149,4,1.000000,0.000000
21115,22523838504,1055805,0,0,1826,0,0.000000,16384,1648,55805,4,1.000000,0.000000
21116,22524894460,1055956,0,0,1825,0,0.000000,16384,1623,55956,4,1.000000,0.000000
21117,22525950073,1055613,0,0,1821,0,0.000000,16384,1601,55613,4,1.000000,0.000000
21118,22527007276,1057203,0,0,1776,0,0.000000,16384,1581,57203,4,1.000000,0.000000
21119,22528063851,1056575,0,0,1829,0,0.000000,16384,1651,56575,4,1.000000,0.000000
21120,22529120387,1056536,0,0,1827,0,0.000000,16384,1636,56536,4,1.000000,0.000000
21121,22530181168,1060781,0,0,1813,0,0.000000,16384,1593,60781,4,1.000000,0.000000
21122,22531237360,1056192,0,0,1825,0,0.000000,16384,1611,56192,4,1.000000,0.000000
21123,22532331908,1094548,0,0,1714,0,0.000000,16384,1558,94548,4,1.000000,0.000000
21124,22533394716,1062808,0,0,1631,0,0.000000,16384,1441,62808,4,1.000000,0.000000
21125,22534454202,1059486,0,0,1586,0,0.000000,16384,1414,59486,4,1.000000,0.000000
21126,22535512189,1057987,0,0,1642,0,0.000000,16384,1474,57987,4,1.000000,0.000000
21127,22536602011,1089822,0,0,1849,0,0.000000,16384,1629,89822,4,1.000000,0.000000
21128,22537696599,1094588,0,0,1867,0,0.000000,16384,1651,94588,4,1.000000,0.000000
21129,22538760147,1063548,0,0,1819,0,0.000000,16384,1642,63548,4,1.000000,0.000000
21130,22539823489,1063342,0,0,1808,0,0.000000,16384,1635,63342,4,1.000000,0.000000
21131,22540905961,1082472,0,0,1852,0,0.000000,16384,1629,82472,4,1.000000,0.000000
21132,22541969310,1063349,0,0,1842,0,0.000000,16384,1622,63349,4,1.000000,0.000000
21133,22543029684,1060374,0,0,1730,0,0.000000,16384,1555,60374,4,1.000000,0.000000
21134,22544087150,1057466,0,0,1828,0,0.000000,16384,1650,57466,4,1.000000,0.000000
21135,22545143306,1056156,0,0,1826,0,0.000000,16384,1616,56156,4,1.000000,0.000000
21136,22546199349,1056043,0,0,1825,0,0.000000,16384,1605,56043,4,1.000000,0.000000
21137,22547259174,1059825,0,0,1634,0,0.000000,16384,1475,59825,4,1.000000,0.000000
21138,22548323903,1064729,0,0,1672,0,0.000000,16384,1491,64729,4,1.000000,0.000000
21139,22549385395,1061492,0,0,1731,0,0.000000,16384,1511,61492,4,1.000000,0.000000
21140,22550472415,1087020,0,0,1881,0,0.000000,16384,1693,87020,4,1.000000,0.000000
21141,22551569854,1097439,0,0,1979,0,0.000000,16384,1770,97439,4,1.000000,0.000000
21142,22552659177,1089323,0,0,1977,0,0.000000,16384,1769,89323,4,1.000000,0.000000
21143,22553700609,1041432,0,0,1897,0,0.000000,16384,1705,41432,4,1.000000,0.000000
21144,22554763103,1062494,0,0,1930,0,0.000000,16384,1715,62494,4,1.000000,0.000000
21145,22555823300,1060197,0,0,1871,0,0.000000,16384,1651,60197,4,1.000000,0.000000
21146,22556886209,1062909,0,0,1795,0,0.000000,16384,1579,62909,4,1.000000,0.000000
21147,22557947054,1060845,0,0,1817,0,0.000000,16384,1641,60845,4,1.000000,0.000000
21148,22559004475,1057421,0,0,1729,0,0.000000,16384,1556,57421,4,1.000000,0.000000
21149,22560061316,1056841,0,0,1825,0,0.000000,16384,1606,56841,4,1.000000,0.000000
21150,22561117709,1056393,0,0,1825,0,0.000000,16384,1609,56393,4,1.000000,0.000000
21151,22562182050,1064341,0,0,1827,0,0.000000,16384,1649,64341,4,1.000000,0.000000
21152,22563238231,1056181,0,0,1824,0,0.000000,16384,1646,56181,4,1.000000,0.000000
21153,22564294071,1055840,0,0,1822,0,0.000000,16384,1606,55840,4,1.000000,0.000000
21154,22565350050,1055979,0,0,1812,0,0.000000,16384,1592,55979,4,1.000000,0.000000
21155,22566406281,1056231,0,0,1814,0,0.000000,16384,1628,56231,4,1.000000,0.000000
21156,22567465682,1059401,0,0,1649,0,0.000000,16384,1495,59401,4,1.000000,0.000000
21157,22568524663,1058981,0,0,1772,0,0.000000,16384,1552,58981,4,1.000000,0.000000
21158,22569581387,1056724,0,0,1808,0,0.000000,16384,1605,56724,4,1.000000,0.000000
21159,22570638271,1056884,0,0,1809,0,0.000000,16384,1634,56884,4,1.000000,0.000000
21160,22571678031,1039760,0,0,1610,0,0.000000,16384,1427,39760,4,1.000000,0.000000
21161,22572751429,1073398,0,0,1775,0,0.000000,16384,1562,73398,4,1.000000,0.000000
21162,22573808803,1057374,0,0,1816,0,0.000000,16384,1639,57374,4,1.000000,0.000000
21163,22574865462,1056659,0,0,1817,0,0.000000,16384,1643,56659,4,1.000000,0.000000
21164,22575922784,1057322,0,0,1828,0,0.000000,16384,1605,57322,4,1.000000,0.000000
21165,22576979088,1056304,0,0,1825,0,0.000000,16384,1605,56304,4,1.000000,0.000000
21166,22578037546,1058458,0,0,1818,0,0.000000,16384,1633,58458,4,1.000000,0.000000
21167,22579095084,1057538,0,0,1788,0,0.000000,16384,1617,57538,4,1.000000,0.000000
21168,22580151419,1056335,0,0,1826,0,0.000000,16384,1618,56335,4,1.000000,0.000000
21169,22581207015,1055596,0,0,1811,0,0.000000,16384,1591,55596,4,1.000000,0.000000
21170,22582264105,1057090,0,0,1813,0,0.000000,16384,1620,57090,4,1.000000,0.000000
21171,22583326714,1062609,0,0,1837,0,0.000000,16384,1657,62609,4,1.000000,0.000000
21172,22584385021,1058307,0,0,1797,0,0.000000,16384,1605,58307,4,1.000000,0.000000
21173,22585442296,1057275,0,0,1816,0,0.000000,16384,1597,57275,4,1.000000,0.000000
21174,22586498252,1055956,0,0,1825,0,0.000000,16384,1616,55956,4,1.000000,0.000000
21175,22587557444,1059192,0,0,1603,0,0.000000,16384,1472,59192,4,1.000000,0.000000
21176,22588615519,1058075,0,0,1754,0,0.000000,16384,1533,58075,4,1.000000,0.000000
21177,22589671188,1055669,0,0,1807,0,0.000000,16384,1594,55669,4,1.000000,0.000000
21178,22590729780,1058592,0,0,1744,0,0.000000,16384,1583,58592,4,1.000000,0.000000
21179,22591787476,1057696,0,0,1795,0,0.000000,16384,1605,57696,4,1.000000,0.000000
21180,22592843876,1056400,0,0,1806,0,0.000000,16384,1587,56400,4,1.000000,0.000000
21181,22593918117,1074241,0,0,1843,0,0.000000,16384,1631,74241,4,1.000000,0.000000
21182,22594976094,1057977,0,0,1812,0,0.000000,16384,1579,57977,4,1.000000,0.000000
21183,22596032567,1056473,0,0,1826,0,0.000000,16384,1606,56473,4,1.000000,0.000000
21184,22597088338,1055771,0,0,1815,0,0.000000,16384,1640,55771,4,1.000000,0.000000
21185,22598148669,1060331,0,0,1816,0,0.000000,16384,1640,60331,4,1.000000,0.000000
21186,22599208810,1060141,0,0,1831,0,0.000000,16384,1614,60141,4,1.000000,0.000000
21187,22600265046,1056236,0,0,1824,0,0.000000,16384,1604,56236,4,1.000000,0.000000
21188,22601322631,1057585,0,0,1757,0,0.000000,16384,1578,57585,4,1.000000,0.000000
21189,22602379996,1057365,0,0,1827,0,0.000000,16384,1650,57365,4,1.000000,0.000000
21190,22603436813,1056817,0,0,1826,0,0.000000,16384,1618,56817,4,1.000000,0.000000
21191,22604501390,1064577,0,0,1838,0,0.000000,16384,1618,64577,4,1.000000,0.000000
21192,22605557569,1056179,0,0,1814,0,0.000000,16384,1614,56179,4,1.000000,0.000000
21193,22606623579,1066010,0,0,1799,0,0.000000,16384,1626,66010,4,1.000000,0.000000
21194,22607707636,1084057,0,0,1757,0,0.000000,16384,1566,84057,4,1.000000,0.000000
21195,22608768805,1061169,0,0,1631,0,0.000000,16384,1426,61169,4,1.000000,0.000000
21196,22609826897,1058092,0,0,1669,0,0.000000,16384,1522,58092,4,1.000000,0.000000
21197,22610879621,1052724,0,0,1656,0,0.000000,16384,1452,52724,4,1.000000,0.000000
21198,22611937689,1058068,0,0,1811,0,0.000000,16384,1603,58068,4,1.000000,0.000000
21199,22612993849,1056160,0,0,1825,0,0.000000,16384,1647,56160,4,1.000000,0.000000
21200,22614049924,1056075,0,0,1827,0,0.000000,16384,1649,56075,4,1.000000,0.000000
21201,22615112863,1062939,0,0,1835,0,0.000000,16384,1611,62939,4,1.000000,0.000000
21202,22616168727,1055864,0,0,1823,0,0.000000,16384,1603,55864,4,1.000000,0.000000
21203,22617225508,1056781,0,0,1783,0,0.000000,16384,1607,56781,4,1.000000,0.000000
21204,22618281898,1056390,0,0,1827,0,0.000000,16384,1648,56390,4,1.000000,0.000000
21205,22619337741,1055843,0,0,1823,0,0.000000,16384,1614,55843,4,1.000000,0.000000
21206,22620395595,1057854,0,0,1823,0,0.000000,16384,1602,57854,4,1.000000,0.000000
21207,22621451983,1056388,0,0,1824,0,0.000000,16384,1628,56388,4,1.000000,0.000000
21208,22622507835,1055852,0,0,1825,0,0.000000,16384,1648,55852,4,1.000000,0.000000
21209,22623563791,1055956,0,0,1824,0,0.000000,16384,1634,55956,4,1.000000,0.000000
21210,22624619486,1055695,0,0,1823,0,0.000000,16384,1603,55695,4,1.000000,0.000000
21211,22625671889,1052403,0,0,1743,0,0.000000,16384,1543,52403,4,1.000000,0.000000
21212,22626728065,1056176,0,0,1826,0,0.000000,16384,1648,56176,4,1.000000,0.000000
21213,22627787227,1059162,0,0,1735,0,0.000000,16384,1549,59162,4,1.000000,0.000000
21214,22628844921,1057694,0,0,1826,0,0.000000,16384,1606,57694,4,1.000000,0.000000
21215,22629901686,1056765,0,0,1826,0,0.000000,16384,1622,56765,4,1.000000,0.000000
21216,22630957995,1056309,0,0,1826,0,0.000000,16384,1648,56309,4,1.000000,0.000000
21217,22632013821,1055826,0,0,1825,0,0.000000,16384,1642,55826,4,1.000000,0.000000
21218,22633080043,1066222,0,0,1625,0,0.000000,16384,1406,66222,4,1.000000,0.000000
21219,22634140035,1059992,0,0,1662,0,0.000000,16384,1510,59992,4,1.000000,0.000000
21220,22635197264,1057229,0,0,1630,0,0.000000,16384,1444,57229,4,1.000000,0.000000
21221,22636265302,1068038,0,0,1758,0,0.000000,16384,1547,68038,4,1.000000,0.000000
21222,22637322674,1057372,0,0,1829,0,0.000000,16384,1650,57372,4,1.000000,0.000000
21223,22638379243,1056569,0,0,1827,0,0.000000,16384,1649,56569,4,1.000000,0.000000
21224,22639435270,1056027,0,0,1824,0,0.000000,16384,1606,56027,4,1.000000,0.000000
21225,22640490998,1055728,0,0,1824,0,0.000000,16384,1604,55728,4,1.000000,0.000000
21226,22641546981,1055983,0,0,1815,0,0.000000,16384,1629,55983,4,1.000000,0.000000
21227,22642602554,1055573,0,0,1812,0,0.000000,16384,1636,55573,4,1.000000,0.000000
21228,22643658256,1055702,0,0,1813,0,0.000000,16384,1611,55702,4,1.000000,0.000000
21229,22644672847,1014591,0,0,1748,0,0.000000,16384,1528,14591,4,1.000000,0.000000
21230,22645728980,1056133,0,0,1826,0,0.000000,16384,1639,56133,4,1.000000,0.000000
21231,22646801335,1072355,0,0,1787,0,0.000000,16384,1617,72355,4,1.000000,0.000000
21232,22647862265,1060930,0,0,1631,0,0.000000,16384,1428,60930,4,1.000000,0.000000
21233,22648921269,1059004,0,0,1656,0,0.000000,16384,1482,59004,4,1.000000,0.000000
21234,22649978409,1057140,0,0,1659,0,0.000000,16384,1493,57140,4,1.000000,0.000000
21235,22651034719,1056310,0,0,1694,0,0.000000,16384,1474,56310,4,1.000000,0.000000
21236,22652091333,1056614,0,0,1827,0,0.000000,16384,1645,56614,4,1.000000,0.000000
21237,22653148597,1057264,0,0,1826,0,0.000000,16384,1648,57264,4,1.000000,0.000000
21238,22654204588,1055991,0,0,1825,0,0.000000,16384,1621,55991,4,1.000000,0.000000
21239,22655260269,1055681,0,0,1822,0,0.000000,16384,1602,55681,4,1.000000,0.000000
21240,22656316031,1055762,0,0,1824,0,0.000000,16384,1622,55762,4,1.000000,0.000000
21241,22657380082,1064051,0,0,1809,0,0.000000,16384,1634,64051,4,1.000000,0.000000
21242,22658435881,1055799,0,0,1813,0,0.000000,16384,1626,55799,4,1.000000,0.000000
21243,22659492813,1056932,0,0,1809,0,0.000000,16384,1589,56932,4,1.000000,0.000000
21244,22660549075,1056262,0,0,1824,0,0.000000,16384,1609,56262,4,1.000000,0.000000
21245,22661605116,1056041,0,0,1824,0,0.000000,16384,1647,56041,4,1.000000,0.000000
21246,22662661076,1055960,0,0,1823,0,0.000000,16384,1646,55960,4,1.000000,0.000000
21247,22663670383,1009307,0,0,1728,0,0.000000,16384,1513,9307,4,1.000000,0.000000
21248,22664726805,1056422,0,0,1817,0,0.000000,16384,1604,56422,4,1.000000,0.000000
21249,22665782830,1056025,0,0,1823,0,0.000000,16384,1646,56025,4,1.000000,0.000000
21250,22666838679,1055849,0,0,1817,0,0.000000,16384,1642,55849,4,1.000000,0.000000
21251,22667900102,1061423,0,0,1755,0,0.000000,16384,1536,61423,4,1.000000,0.000000
21252,22668956240,1056138,0,0,1825,0,0.000000,16384,1606,56138,4,1.000000,0.000000
21253,22670012327,1056087,0,0,1826,0,0.000000,16384,1649,56087,4,1.000000,0.000000
21254,22671068032,1055705,0,0,1825,0,0.000000,16384,1647,55705,4,1.000000,0.000000
21255,22672124854,1056822,0,0,1812,0,0.000000,16384,1598,56822,4,1.000000,0.000000
21256,22673181161,1056307,0,0,1814,0,0.000000,16384,1594,56307,4,1.000000,0.000000
21257,22674237026,1055865,0,0,1790,0,0.000000,16384,1609,55865,4,1.000000,0.000000
21258,22675292777,1055751,0,0,1815,0,0.000000,16384,1639,55751,4,1.000000,0.000000
21259,22676348381,1055604,0,0,1823,0,0.000000,16384,1616,55604,4,1.000000,0.000000
21260,22677405778,1057397,0,0,1805,0,0.000000,16384,1585,57397,4,1.000000,0.000000
21261,22678470453,1064675,0,0,1760,0,0.000000,16384,1578,64675,4,1.000000,0.000000
21262,22679526963,1056510,0,0,1828,0,0.000000,16384,1649,56510,4,1.000000,0.000000
21263,22680584191,1057228,0,0,1817,0,0.000000,16384,1614,57228,4,1.000000,0.000000
21264,22681640852,1056661,0,0,1678,0,0.000000,16384,1463,56661,4,1.000000,0.000000
21265,22682670734,1029882,0,0,1732,0,0.000000,16384,1573,29882,4,1.000000,0.000000
21266,22683727859,1057125,0,0,1816,0,0.000000,16384,1630,57125,4,1.000000,0.000000
21267,22684784215,1056356,0,0,1692,0,0.000000,16384,1472,56356,4,1.000000,0.000000
21268,22685842084,1057869,0,0,1824,0,0.000000,16384,1632,57869,4,1.000000,0.000000
21269,22686898670,1056586,0,0,1825,0,0.000000,16384,1647,56586,4,1.000000,0.000000
21270,22687956117,1057447,0,0,1676,0,0.000000,16384,1482,57447,4,1.000000,0.000000
21271,22689020436,1064319,0,0,1806,0,0.000000,16384,1586,64319,4,1.000000,0.000000
21272,22690076988,1056552,0,0,1827,0,0.000000,16384,1647,56552,4,1.000000,0.000000
21273,22691133018,1056030,0,0,1802,0,0.000000,16384,1629,56030,4,1.000000,0.000000
21274,22692188747,1055729,0,0,1820,0,0.000000,16384,1609,55729,4,1.000000,0.000000
21275,22693244187,1055440,0,0,1823,0,0.000000,16384,1603,55440,4,1.000000,0.000000
21276,22694299856,1055669,0,0,1824,0,0.000000,16384,1629,55669,4,1.000000,0.000000
21277,22695355845,1055989,0,0,1825,0,0.000000,16384,1648,55989,4,1.000000,0.000000
21278,22696411643,1055798,0,0,1825,0,0.000000,16384,1632,55798,4,1.000000,0.000000
21279,22697467687,1056044,0,0,1814,0,0.000000,16384,1594,56044,4,1.000000,0.000000
21280,22698524897,1057210,0,0,1784,0,0.000000,16384,1580,57210,4,1.000000,0.000000
21281,22699595441,1070544,0,0,1839,0,0.000000,16384,1658,70544,4,1.000000,0.000000
21282,22700673613,1078172,0,0,1831,0,0.000000,16384,1653,78172,4,1.000000,0.000000
21283,22701737297,1063684,0,0,1786,0,0.000000,16384,1566,63684,4,1.000000,0.000000
21284,22702794515,1057218,0,0,1825,0,0.000000,16384,1601,57218,4,1.000000,0.000000
21285,22703850535,1056020,0,0,1824,0,0.000000,16384,1648,56020,4,1.000000,0.000000
21286,22704906680,1056145,0,0,1815,0,0.000000,16384,1640,56145,4,1.000000,0.000000
21287,22705962769,1056089,0,0,1823,0,0.000000,16384,1610,56089,4,1.000000,0.000000
21288,22707019016,1056247,0,0,1756,0,0.000000,16384,1536,56247,4,1.000000,0.000000
21289,22708077944,1058928,0,0,1632,0,0.000000,16384,1490,58928,4,1.000000,0.000000
21290,22709135578,1057634,0,0,1802,0,0.000000,16384,1604,57634,4,1.000000,0.000000
21291,22710200576,1064998,0,0,1836,0,0.000000,16384,1616,64998,4,1.000000,0.000000
21292,22711249370,1048794,0,0,1787,0,0.000000,16384,1588,48794,4,1.000000,0.000000
21293,22712311548,1062178,0,0,1673,0,0.000000,16384,1526,62178,4,1.000000,0.000000
21294,22713400158,1088610,0,0,1817,0,0.000000,16384,1599,88610,4,1.000000,0.000000
21295,22714491040,1090882,0,0,1836,0,0.000000,16384,1616,90882,4,1.000000,0.000000
21296,22715582079,1091039,0,0,1832,0,0.000000,16384,1641,91039,4,1.000000,0.000000
21297,22716684648,1102569,0,0,1878,0,0.000000,16384,1690,102569,4,1.000000,0.000000
21298,22717702713,1018065,0,0,1748,0,0.000000,16384,1562,18065,4,1.000000,0.000000
21299,22718765360,1062647,0,0,1929,0,0.000000,16384,1706,62647,4,1.000000,0.000000
21300,22719827881,1062521,0,0,1925,0,0.000000,16384,1704,62521,4,1.000000,0.000000
21301,22720899729,1071848,0,0,1931,0,0.000000,16384,1708,71848,4,1.000000,0.000000
21302,22721961869,1062140,0,0,1911,0,0.000000,16384,1717,62140,4,1.000000,0.000000
21303,22723020655,1058786,0,0,1831,0,0.000000,16384,1652,58786,4,1.000000,0.000000
21304,22724077607,1056952,0,0,1826,0,0.000000,16384,1635,56952,4,1.000000,0.000000
21305,22725133847,1056240,0,0,1797,0,0.000000,16384,1577,56240,4,1.000000,0.000000
21306,22726189964,1056117,0,0,1813,0,0.000000,16384,1605,56117,4,1.000000,0.000000
21307,22727246121,1056157,0,0,1780,0,0.000000,16384,1611,56157,4,1.000000,0.000000
21308,22728304712,1058591,0,0,1721,0,0.000000,16384,1534,58591,4,1.000000,0.000000
21309,22729362253,1057541,0,0,1826,0,0.000000,16384,1606,57541,4,1.000000,0.000000
21310,22730418583,1056330,0,0,1825,0,0.000000,16384,1626,56330,4,1.000000,0.000000
21311,22731514316,1095733,0,0,1974,0,0.000000,16384,1766,95733,4,1.000000,0.000000
21312,22732574082,1059766,0,0,1832,0,0.000000,16384,1653,59766,4,1.000000,0.000000
21313,22733636891,1062809,0,0,1723,0,0.000000,16384,1521,62809,4,1.000000,0.000000
21314,22734672896,1036005,0,0,1613,0,0.000000,16384,1429,36005,4,1.000000,0.000000
21315,22735730806,1057910,0,0,1823,0,0.000000,16384,1645,57910,4,1.000000,0.000000
21316,22736787773,1056967,0,0,1828,0,0.000000,16384,1630,56967,4,1.000000,0.000000
21317,22737845694,1057921,0,0,1689,0,0.000000,16384,1469,57921,4,1.000000,0.000000
21318,22738911281,1065587,0,0,1445,0,0.000000,16384,1329,65587,4,1.000000,0.000000
21319,22739987831,1076550,0,0,1469,0,0.000000,16384,1278,76550,4,1.000000,0.000000
21320,22741059554,1071723,0,0,1452,0,0.000000,16384,1307,71723,4,1.000000,0.000000
21321,22742149319,1089765,0,0,1509,0,0.000000,16384,1343,89765,4,1.000000,0.000000
21322,22743222823,1073504,0,0,1372,0,0.000000,16384,1206,73504,4,1.000000,0.000000
21323,22744309838,1087015,0,0,1420,0,0.000000,16384,1304,87015,4,1.000000,0.000000
21324,22745405905,1096067,0,0,1353,0,0.000000,16384,1181,96067,4,1.000000,0.000000
21325,22746481802,1075897,0,0,1455,0,0.000000,16384,1295,75897,4,1.000000,0.000000
21326,22747631300,1149498,0,0,1613,0,0.000000,16384,1440,149498,4,1.000000,0.000000
21327,22748676697,1045397,0,0,1464,0,0.000000,16384,1301,45397,4,1.000000,0.000000
21328,22749741709,1065012,0,0,1479,0,0.000000,16384,1334,65012,4,1.000000,0.000000
21329,22750806492,1064783,0,0,1555,0,0.000000,16384,1364,64783,4,1.000000,0.000000
21330,22751866746,1060254,0,0,1558,0,0.000000,16384,1407,60254,4,1.000000,0.000000
21331,22752958064,1091318,0,0,1614,0,0.000000,16384,1429,91318,4,1.000000,0.000000
21332,22754016875,1058811,0,0,1659,0,0.000000,16384,1470,58811,4,1.000000,0.000000
21333,22755074361,1057486,0,0,1657,0,0.000000,16384,1506,57486,4,1.000000,0.000000
21334,22756131942,1057581,0,0,1653,0,0.000000,16384,1433,57581,4,1.000000,0.000000
21335,22757189621,1057679,0,0,1637,0,0.000000,16384,1487,57679,4,1.000000,0.000000
21336,22758246566,1056945,0,0,1604,0,0.000000,16384,1417,56945,4,1.000000,0.000000
21337,22759303677,1057111,0,0,1552,0,0.000000,16384,1389,57111,4,1.000000,0.000000
21338,22760362591,1058914,0,0,1547,0,0.000000,16384,1375,58914,4,1.000000,0.000000
21339,22761422934,1060343,0,0,1564,0,0.000000,16384,1394,60343,4,1.000000,0.000000
21340,22762481837,1058903,0,0,1771,0,0.000000,16384,1601,58903,4,1.000000,0.000000
21341,22763674138,1192301,0,0,1754,0,0.000000,16384,1534,192301,4,1.000000,0.000000
21342,22764734849,1060711,0,0,1706,0,0.000000,16384,1517,60711,4,1.000000,0.000000
21343,22765794109,1059260,0,0,1816,0,0.000000,16384,1641,59260,4,1.000000,0.000000
21344,22766850621,1056512,0,0,1812,0,0.000000,16384,1612,56512,4,1.000000,0.000000
21345,22767867993,1017372,0,0,1676,0,0.000000,16384,1458,17372,4,1.000000,0.000000
21346,22768929837,1061844,0,0,1642,0,0.000000,16384,1502,61844,4,1.000000,0.000000
21347,22769989609,1059772,0,0,1624,0,0.000000,16384,1426,59772,4,1.000000,0.000000
21348,22771047403,1057794,0,0,1662,0,0.000000,16384,1484,57794,4,1.000000,0.000000
21349,22772104162,1056759,0,0,1655,0,0.000000,16384,1493,56759,4,1.000000,0.000000
21350,22773160698,1056536,0,0,1660,0,0.000000,16384,1440,56536,4,1.000000,0.000000
21351,22774230347,1069649,0,0,1655,0,0.000000,16384,1511,69649,4,1.000000,0.000000
21352,22775287202,1056855,0,0,1659,0,0.000000,16384,1466,56855,4,1.000000,0.000000
21353,22776348944,1061742,0,0,1661,0,0.000000,16384,1470,61742,4,1.000000,0.000000
21354,22777411539,1062595,0,0,1638,0,0.000000,16384,1490,62595,4,1.000000,0.000000
21355,22778470893,1059354,0,0,1556,0,0.000000,16384,1346,59354,4,1.000000,0.000000
21356,22779528404,1057511,0,0,1650,0,0.000000,16384,1508,57511,4,1.000000,0.000000
21357,22780586574,1058170,0,0,1664,0,0.000000,16384,1460,58170,4,1.000000,0.000000
21358,22781643798,1057224,0,0,1598,0,0.000000,16384,1430,57224,4,1.000000,0.000000
21359,22782674420,1030622,0,0,1754,0,0.000000,16384,1582,30622,4,1.000000,0.000000
21360,22783731198,1056778,0,0,1778,0,0.000000,16384,1558,56778,4,1.000000,0.000000
21361,22784800408,1069210,0,0,1702,0,0.000000,16384,1515,69210,4,1.000000,0.000000
21362,22785858241,1057833,0,0,1797,0,0.000000,16384,1625,57833,4,1.000000,0.000000
21363,22786914826,1056585,0,0,1662,0,0.000000,16384,1461,56585,4,1.000000,0.000000
21364,22787973408,1058582,0,0,1623,0,0.000000,16384,1448,58582,4,1.000000,0.000000
21365,22789033481,1060073,0,0,1761,0,0.000000,16384,1596,60073,4,1.000000,0.000000
21366,22790091069,1057588,0,0,1657,0,0.000000,16384,1436,57588,4,1.000000,0.000000
21367,22791148805,1057736,0,0,1719,0,0.000000,16384,1545,57736,4,1.000000,0.000000
21368,22792210135,1061330,0,0,1819,0,0.000000,16384,1642,61330,4,1.000000,0.000000
21369,22793270612,1060477,0,0,1819,0,0.000000,16384,1607,60477,4,1.000000,0.000000
21370,22794327023,1056411,0,0,1811,0,0.000000,16384,1591,56411,4,1.000000,0.000000
21371,22795393197,1066174,0,0,1838,0,0.000000,16384,1645,66174,4,1.000000,0.000000
21372,22796450019,1056822,0,0,1823,0,0.000000,16384,1646,56822,4,1.000000,0.000000
21373,22797507375,1057356,0,0,1727,0,0.000000,16384,1533,57356,4,1.000000,0.000000
21374,22798564169,1056794,0,0,1737,0,0.000000,16384,1517,56794,4,1.000000,0.000000
21375,22799620272,1056103,0,0,1821,0,0.000000,16384,1646,56103,4,1.000000,0.000000
21376,22800671430,1051158,0,0,1810,0,0.000000,16384,1635,51158,4,1.000000,0.000000
21377,22801729227,1057797,0,0,1692,0,0.000000,16384,1482,57797,4,1.000000,0.000000
21378,22802786379,1057152,0,0,1665,0,0.000000,16384,1484,57152,4,1.000000,0.000000
21379,22803842408,1056029,0,0,1822,0,0.000000,16384,1644,56029,4,1.000000,0.000000
21380,22804898644,1056236,0,0,1811,0,0.000000,16384,1606,56236,4,1.000000,0.000000
21381,22805974675,1076031,0,0,1853,0,0.000000,16384,1633,76031,4,1.000000,0.000000
21382,22807031093,1056418,192,134,1626,0,0.000000,16384,1278,56418,4,1.000000,0.000000
21383,22808090923,1059830,0,0,1703,0,0.000000,16384,1533,59830,4,1.000000,0.000000
21384,22809150616,1059693,0,0,1597,0,0.000000,16384,1427,59693,4,1.000000,0.000000
21385,22810208188,1057572,0,0,1655,0,0.000000,16384,1455,57572,4,1.000000,0.000000
21386,22811267133,1058945,0,0,1663,0,0.000000,16384,1518,58945,4,1.000000,0.000000
21387,22812324155,1057022,0,0,1722,0,0.000000,16384,1511,57022,4,1.000000,0.000000
21388,22813381223,1057068,0,0,1812,0,0.000000,16384,1596,57068,4,1.000000,0.000000
21389,22814437585,1056362,0,0,1823,0,0.000000,16384,1646,56362,4,1.000000,0.000000
21390,22815493574,1055989,0,0,1806,0,0.000000,16384,1634,55989,4,1.000000,0.000000
21391,22816557870,1064296,0,0,1837,0,0.000000,16384,1614,64296,4,1.000000,0.000000
21392,22817614148,1056278,0,0,1824,0,0.000000,16384,1604,56278,4,1.000000,0.000000
21393,22818670680,1056532,0,0,1763,0,0.000000,16384,1588,56532,4,1.000000,0.000000
21394,22819726865,1056185,0,0,1813,0,0.000000,16384,1637,56185,4,1.000000,0.000000
21395,22820783870,1057005,0,0,1814,0,0.000000,16384,1601,57005,4,1.000000,0.000000
21396,22821839625,1055755,0,0,1823,0,0.000000,16384,1603,55755,4,1.000000,0.000000
21397,22822895345,1055720,0,0,1826,0,0.000000,16384,1635,55720,4,1.000000,0.000000
21398,22823952863,1057518,0,0,1806,0,0.000000,16384,1632,57518,4,1.000000,0.000000
21399,22825009963,1057100,0,0,1824,0,0.000000,16384,1625,57100,4,1.000000,0.000000
21400,22826066442,1056479,0,0,1815,0,0.000000,16384,1595,56479,4,1.000000,0.000000
21401,22827127157,1060715,0,0,1831,0,0.000000,16384,1624,60715,4,1.000000,0.000000
21402,22828186619,1059462,0,0,1622,0,0.000000,16384,1484,59462,4,1.000000,0.000000
21403,22829246675,1060056,0,0,1644,0,0.000000,16384,1429,60056,4,1.000000,0.000000
21404,22830304985,1058310,0,0,1668,0,0.000000,16384,1502,58310,4,1.000000,0.000000
21405,22831361713,1056728,0,0,1766,0,0.000000,16384,1592,56728,4,1.000000,0.000000
21406,22832419134,1057421,0,0,1825,0,0.000000,16384,1605,57421,4,1.000000,0.000000
21407,22833475199,1056065,0,0,1812,0,0.000000,16384,1593,56065,4,1.000000,0.000000
21408,22834534545,1059346,0,0,1614,0,0.000000,16384,1479,59346,4,1.000000,0.000000
21409,22835595142,1060597,0,0,1659,0,0.000000,16384,1453,60597,4,1.000000,0.000000
21410,22836653051,1057909,0,0,1665,0,0.000000,16384,1487,57909,4,1.000000,0.000000
21411,22837673974,1020923,0,0,1601,0,0.000000,16384,1439,20923,4,1.000000,0.000000
21412,22838734816,1060842,0,0,1815,0,0.000000,16384,1595,60842,4,1.000000,0.000000
21413,22839792072,1057256,0,0,1826,0,0.000000,16384,1627,57256,4,1.000000,0.000000
21414,22840847720,1055648,0,0,1824,0,0.000000,16384,1646,55648,4,1.000000,0.000000
21415,22841904631,1056911,0,0,1794,0,0.000000,16384,1607,56911,4,1.000000,0.000000
21416,22842960631,1056000,0,0,1812,0,0.000000,16384,1592,56000,4,1.000000,0.000000
21417,22844016424,1055793,0,0,1823,0,0.000000,16384,1613,55793,4,1.000000,0.000000
21418,22845072273,1055849,0,0,1815,0,0.000000,16384,1639,55849,4,1.000000,0.000000
21419,22846128045,1055772,0,0,1825,0,0.000000,16384,1646,55772,4,1.000000,0.000000
21420,22847183274,1055229,0,0,1821,0,0.000000,16384,1598,55229,4,1.000000,0.000000
21421,22848250675,1067401,0,0,1757,0,0.000000,16384,1546,67401,4,1.000000,0.000000
21422,22849312694,1062019,0,0,1640,0,0.000000,16384,1500,62019,4,1.000000,0.000000
21423,22850370979,1058285,0,0,1663,0,0.000000,16384,1458,58285,4,1.000000,0.000000
21424,22851428740,1057761,0,0,1665,0,0.000000,16384,1485,57761,4,1.000000,0.000000
21425,22852485513,1056773,0,0,1665,0,0.000000,16384,1505,56773,4,1.000000,0.000000
21426,22853573130,1087617,0,0,1824,0,0.000000,16384,1604,87617,4,1.000000,0.000000
21427,22854634252,1061122,0,0,1667,0,0.000000,16384,1484,61122,4,1.000000,0.000000
21428,22855794418,1160166,0,0,1961,0,0.000000,16384,1756,160166,4,1.000000,0.000000
21429,22856861574,1067156,0,0,1510,0,0.000000,16384,1338,67156,4,1.000000,0.000000
21430,22857957891,1096317,0,0,1471,0,0.000000,16384,1327,96317,4,1.000000,0.000000
21431,22859061359,1103468,0,0,1662,0,0.000000,16384,1470,103468,4,1.000000,0.000000
21432,22860120520,1059161,0,0,1762,0,0.000000,16384,1550,59161,4,1.000000,0.000000
21433,22861179772,1059252,0,0,1668,0,0.000000,16384,1522,59252,4,1.000000,0.000000
21434,22862238616,1058844,0,0,1747,0,0.000000,16384,1541,58844,4,1.000000,0.000000
21435,22863296292,1057676,0,0,1816,0,0.000000,16384,1596,57676,4,1.000000,0.000000
21436,22864353435,1057143,0,0,1827,0,0.000000,16384,1643,57143,4,1.000000,0.000000
21437,22865409666,1056231,0,0,1826,0,0.000000,16384,1648,56231,4,1.000000,0.000000
21438,22866465163,1055497,0,0,1822,0,0.000000,16384,1620,55497,4,1.000000,0.000000
21439,22867521725,1056562,0,0,1791,0,0.000000,16384,1571,56562,4,1.000000,0.000000
21440,22868580737,1059012,0,0,1592,0,0.000000,16384,1441,59012,4,1.000000,0.000000
21441,22869655436,1074699,0,0,1661,0,0.000000,16384,1472,74699,4,1.000000,0.000000
21442,22870673090,1017654,0,0,1673,0,0.000000,16384,1476,17654,4,1.000000,0.000000
21443,22871730623,1057533,0,0,1666,0,0.000000,16384,1520,57533,4,1.000000,0.000000
21444,22872786831,1056208,0,0,1814,0,0.000000,16384,1597,56208,4,1.000000,0.000000
21445,22873843536,1056705,0,0,1824,0,0.000000,16384,1604,56705,4,1.000000,0.000000
21446,22874900150,1056614,0,0,1784,0,0.000000,16384,1604,56614,4,1.000000,0.000000
21447,22875956545,1056395,0,0,1807,0,0.000000,16384,1633,56395,4,1.000000,0.000000
21448,22877012328,1055783,0,0,1821,0,0.000000,16384,1611,55783,4,1.000000,0.000000
21449,22878068406,1056078,0,0,1824,0,0.000000,16384,1604,56078,4,1.000000,0.000000
21450,22879124164,1055758,0,0,1824,0,0.000000,16384,1628,55758,4,1.000000,0.000000
21451,22880188316,1064152,0,0,1838,0,0.000000,16384,1657,64152,4,1.000000,0.000000
21452,22881244625,1056309,0,0,1780,0,0.000000,16384,1593,56309,4,1.000000,0.000000
21453,22882300534,1055909,0,0,1822,0,0.000000,16384,1602,55909,4,1.000000,0.000000
21454,22883356582,1056048,0,0,1825,0,0.000000,16384,1615,56048,4,1.000000,0.000000
21455,22884413426,1056844,0,0,1734,0,0.000000,16384,1575,56844,4,1.000000,0.000000
21456,22885473433,1060007,0,0,1767,0,0.000000,16384,1572,60007,4,1.000000,0.000000
21457,22886534448,1061015,0,0,1822,0,0.000000,16384,1601,61015,4,1.000000,0.000000
21458,22887591651,1057203,0,0,1825,0,0.000000,16384,1626,57203,4,1.000000,0.000000
21459,22888650233,1058582,0,0,1703,0,0.000000,16384,1550,58582,4,1.000000,0.000000
21460,22889671566,1021333,0,0,1598,0,0.000000,16384,1391,21333,4,1.000000,0.000000
21461,22890738485,1066919,0,0,1696,0,0.000000,16384,1525,66919,4,1.000000,0.000000
21462,22891798141,1059656,0,0,1809,0,0.000000,16384,1634,59656,4,1.000000,0.000000
21463,22892859346,1061205,0,0,1808,0,0.000000,16384,1590,61205,4,1.000000,0.000000
21464,22893917597,1058251,0,0,1817,0,0.000000,16384,1597,58251,4,1.000000,0.000000
21465,22894974243,1056646,0,0,1827,0,0.000000,16384,1643,56646,4,1.000000,0.000000
21466,22896030804,1056561,0,0,1826,0,0.000000,16384,1648,56561,4,1.000000,0.000000
21467,22897087863,1057059,0,0,1806,0,0.000000,16384,1604,57059,4,1.000000,0.000000
21468,22898143864,1056001,0,0,1822,0,0.000000,16384,1602,56001,4,1.000000,0.000000
21469,22899203342,1059478,0,0,1809,0,0.000000,16384,1611,59478,4,1.000000,0.000000
21470,22900264133,1060791,0,0,1830,0,0.000000,16384,1652,60791,4,1.000000,0.000000
21471,22901353825,1089692,0,0,1851,0,0.000000,16384,1663,89692,4,1.000000,0.000000
21472,22902415658,1061833,0,0,1762,0,0.000000,16384,1542,61833,4,1.000000,0.000000
21473,22903473999,1058341,0,0,1828,0,0.000000,16384,1615,58341,4,1.000000,0.000000
21474,22904529837,1055838,0,0,1823,0,0.000000,16384,1646,55838,4,1.000000,0.000000
21475,22905592448,1062611,0,0,1642,0,0.000000,16384,1468,62611,4,1.000000,0.000000
21476,22906657010,1064562,0,0,1554,0,0.000000,16384,1370,64562,4,1.000000,0.000000
21477,22907672710,1015700,0,0,1584,0,0.000000,16384,1432,15700,4,1.000000,0.000000
21478,22908733141,1060431,0,0,1598,0,0.000000,16384,1394,60431,4,1.000000,0.000000
21479,22909792477,1059336,0,0,1668,0,0.000000,16384,1522,59336,4,1.000000,0.000000
21480,22910848836,1056359,0,0,1663,0,0.000000,16384,1456,56359,4,1.000000,0.000000
21481,22911935718,1086882,0,0,1706,0,0.000000,16384,1520,86882,4,1.000000,0.000000
21482,22912995478,1059760,0,0,1658,0,0.000000,16384,1505,59760,4,1.000000,0.000000
21483,22914053198,1057720,0,0,1661,0,0.000000,16384,1441,57720,4,1.000000,0.000000
21484,22915110083,1056885,0,0,1665,0,0.000000,16384,1509,56885,4,1.000000,0.000000
21485,22916166510,1056427,0,0,1663,0,0.000000,16384,1479,56427,4,1.000000,0.000000
21486,22917222366,1055856,0,0,1661,0,0.000000,16384,1461,55856,4,1.000000,0.000000
21487,22918278810,1056444,0,0,1665,0,0.000000,16384,1519,56444,4,1.000000,0.000000
21488,22919336568,1057758,0,0,1734,0,0.000000,16384,1524,57758,4,1.000000,0.000000
21489,22920393713,1057145,0,0,1823,0,0.000000,16384,1602,57145,4,1.000000,0.000000
21490,22921449652,1055939,0,0,1824,0,0.000000,16384,1647,55939,4,1.000000,0.000000
21491,22922512334,1062682,0,0,1836,0,0.000000,16384,1656,62682,4,1.000000,0.000000
21492,22923567946,1055612,0,0,1823,0,0.000000,16384,1613,55612,4,1.000000,0.000000
21493,22924623640,1055694,0,0,1822,0,0.000000,16384,1602,55694,4,1.000000,0.000000
21494,22925670484,1046844,0,0,1804,0,0.000000,16384,1612,46844,4,1.000000,0.000000
21495,22926726207,1055723,0,0,1824,0,0.000000,16384,1646,55723,4,1.000000,0.000000
21496,22927781967,1055760,0,0,1824,0,0.000000,16384,1630,55760,4,1.000000,0.000000
21497,22928840982,1059015,0,0,1746,0,0.000000,16384,1525,59015,4,1.000000,0.000000
21498,22929898245,1057263,0,0,1826,0,0.000000,16384,1630,57263,4,1.000000,0.000000
21499,22930954303,1056058,0,0,1825,0,0.000000,16384,1647,56058,4,1.000000,0.000000
21500,22932012040,1057737,0,0,1826,0,0.000000,16384,1637,57737,4,1.000000,0.000000
21501,22933076982,1064942,0,0,1838,0,0.000000,16384,1618,64942,4,1.000000,0.000000
21502,22934133643,1056661,0,0,1825,0,0.000000,16384,1604,56661,4,1.000000,0.000000
21503,22935193960,1060317,0,0,1566,0,0.000000,16384,1441,60317,4,1.000000,0.000000
21504,22936253241,1059281,0,0,1664,0,0.000000,16384,1450,59281,4,1.000000,0.000000
21505,22937310274,1057033,0,0,1756,0,0.000000,16384,1566,57033,4,1.000000,0.000000
21506,22938366716,1056442,0,0,1825,0,0.000000,16384,1648,56442,4,1.000000,0.000000
21507,22939423663,1056947,0,0,1826,0,0.000000,16384,1629,56947,4,1.000000,0.000000
21508,22940481309,1057646,0,0,1811,0,0.000000,16384,1591,57646,4,1.000000,0.000000
21509,22941537339,1056030,0,0,1824,0,0.000000,16384,1616,56030,4,1.000000,0.000000
21510,22942593175,1055836,0,0,1752,0,0.000000,16384,1589,55836,4,1.000000,0.000000
21511,22943659148,1065973,0,0,1670,0,0.000000,16384,1477,65973,4,1.000000,0.000000
21512,22944670723,1011575,0,0,1743,0,0.000000,16384,1534,11575,4,1.000000,0.000000
21513,22945728628,1057905,0,0,1824,0,0.000000,16384,1646,57905,4,1.000000,0.000000
21514,22946785441,1056813,0,0,1826,0,0.000000,16384,1649,56813,4,1.000000,0.000000
21515,22947842325,1056884,0,0,1823,0,0.000000,16384,1603,56884,4,1.000000,0.000000
21516,22948899574,1057249,0,0,1738,0,0.000000,16384,1526,57249,4,1.000000,0.000000
21517,22949956506,1056932,0,0,1828,0,0.000000,16384,1650,56932,4,1.000000,0.000000
21518,22951014064,1057558,0,0,1749,0,0.000000,16384,1578,57558,4,1.000000,0.000000
21519,22952070948,1056884,0,0,1822,0,0.000000,16384,1603,56884,4,1.000000,0.000000
21520,22953127896,1056948,0,0,1824,0,0.000000,16384,1602,56948,4,1.000000,0.000000
21521,22954201871,1073975,0,0,1853,0,0.000000,16384,1671,73975,4,1.000000,0.000000
21522,22955257801,1055930,0,0,1826,0,0.000000,16384,1647,55930,4,1.000000,0.000000
21523,22956314799,1056998,0,0,1824,0,0.000000,16384,1619,56998,4,1.000000,0.000000
21524,22957373132,1058333,0,0,1792,0,0.000000,16384,1571,58333,4,1.000000,0.000000
21525,22958431697,1058565,0,0,1760,0,0.000000,16384,1579,58565,4,1.000000,0.000000
21526,22959488327,1056630,0,0,1801,0,0.000000,16384,1628,56630,4,1.000000,0.000000
21527,22960545378,1057051,0,0,1826,0,0.000000,16384,1617,57051,4,1.000000,0.000000
21528,22961601094,1055716,0,0,1823,0,0.000000,16384,1603,55716,4,1.000000,0.000000
21529,22962657195,1056101,0,0,1824,0,0.000000,16384,1627,56101,4,1.000000,0.000000
21530,22963670722,1013527,0,0,1748,0,0.000000,16384,1585,13527,4,1.000000,0.000000
21531,22964734957,1064235,0,0,1834,0,0.000000,16384,1630,64235,4,1.000000,0.000000
21532,22965791682,1056725,0,0,1825,0,0.000000,16384,1605,56725,4,1.000000,0.000000
21533,22966847684,1056002,0,0,1824,0,0.000000,16384,1620,56002,4,1.000000,0.000000
21534,22967903251,1055567,0,0,1826,0,0.000000,16384,1647,55567,4,1.000000,0.000000
21535,22968960433,1057182,0,0,1745,0,0.000000,16384,1564,57182,4,1.000000,0.000000
21536,22970018110,1057677,0,0,1775,0,0.000000,16384,1555,57677,4,1.000000,0.000000
21537,22971074284,1056174,0,0,1818,0,0.000000,16384,1620,56174,4,1.000000,0.000000
21538,22972132043,1057759,0,0,1823,0,0.000000,16384,1646,57759,4,1.000000,0.000000
21539,22973188559,1056516,0,0,1825,0,0.000000,16384,1636,56516,4,1.000000,0.000000
21540,22974244123,1055564,0,0,1825,0,0.000000,16384,1605,55564,4,1.000000,0.000000
21541,22975307742,1063619,0,0,1833,0,0.000000,16384,1613,63619,4,1.000000,0.000000
21542,22976364406,1056664,0,0,1796,0,0.000000,16384,1624,56664,4,1.000000,0.000000
21543,22977420358,1055952,0,0,1823,0,0.000000,16384,1646,55952,4,1.000000,0.000000
21544,22978477376,1057018,0,0,1825,0,0.000000,16384,1606,57018,4,1.000000,0.000000
21545,22979533550,1056174,0,0,1809,0,0.000000,16384,1589,56174,4,1.000000,0.000000
21546,22980589224,1055674,0,0,1826,0,0.000000,16384,1641,55674,4,1.000000,0.000000
21547,22981645275,1056051,0,0,1826,0,0.000000,16384,1648,56051,4,1.000000,0.000000
21548,22982670949,1025674,0,0,1769,0,0.000000,16384,1568,25674,4,1.000000,0.000000
21549,22983726849,1055900,0,0,1823,0,0.000000,16384,1603,55900,4,1.000000,0.000000
21550,22984784003,1057154,0,0,1701,0,0.000000,16384,1531,57154,4,1.000000,0.000000
21551,22985845913,1061910,0,0,1809,0,0.000000,16384,1634,61910,4,1.000000,0.000000
21552,22986902170,1056257,0,0,1823,0,0.000000,16384,1604,56257,4,1.000000,0.000000
21553,22987961139,1058969,0,0,1739,0,0.000000,16384,1527,58969,4,1.000000,0.000000
21554,22989022065,1060926,0,0,1650,0,0.000000,16384,1507,60926,4,1.000000,0.000000
21555,22990081991,1059926,0,0,1627,0,0.000000,16384,1426,59926,4,1.000000,0.000000
21556,22991139387,1057396,0,0,1665,0,0.000000,16384,1489,57396,4,1.000000,0.000000
21557,22992195675,1056288,0,0,1817,0,0.000000,16384,1640,56288,4,1.000000,0.000000
21558,22993251195,1055520,0,0,1814,0,0.000000,16384,1602,55520,4,1.000000,0.000000
21559,22994307049,1055854,0,0,1822,0,0.000000,16384,1602,55854,4,1.000000,0.000000
21560,22995363507,1056458,0,0,1806,0,0.000000,16384,1618,56458,4,1.000000,0.000000
21561,22996427371,1063864,0,0,1827,0,0.000000,16384,1649,63864,4,1.000000,0.000000
21562,22997485443,1058072,0,0,1809,0,0.000000,16384,1612,58072,4,1.000000,0.000000
21563,22998542393,1056950,0,0,1824,0,0.000000,16384,1604,56950,4,1.000000,0.000000
21564,22999597911,1055518,0,0,1802,0,0.000000,16384,1600,55518,4,1.000000,0.000000
21565,23000654102,1056191,0,0,1823,0,0.000000,16384,1645,56191,4,1.000000,0.000000
21566,23001677761,1023659,0,0,1604,0,0.000000,16384,1424,23659,4,1.000000,0.000000
21567,23002739987,1062226,0,0,1776,0,0.000000,16384,1561,62226,4,1.000000,0.000000
21568,23003797143,1057156,0,0,1805,0,0.000000,16384,1631,57156,4,1.000000,0.000000
21569,23004853298,1056155,0,0,1825,0,0.000000,16384,1649,56155,4,1.000000,0.000000
21570,23005908904,1055606,0,0,1823,0,0.000000,16384,1599,55606,4,1.000000,0.000000
21571,23006980844,1071940,0,0,1846,0,0.000000,16384,1627,71940,4,1.000000,0.000000
21572,23008037662,1056818,0,0,1708,0,0.000000,16384,1542,56818,4,1.000000,0.000000
21573,23009095763,1058101,0,0,1667,0,0.000000,16384,1493,58101,4,1.000000,0.000000
21574,23010153743,1057980,0,0,1760,0,0.000000,16384,1540,57980,4,1.000000,0.000000
21575,23011237664,1083921,0,0,1779,0,0.000000,16384,1600,83921,4,1.000000,0.000000
21576,23012294699,1057035,0,0,1814,0,0.000000,16384,1638,57035,4,1.000000,0.000000
21577,23013351387,1056688,0,0,1814,0,0.000000,16384,1605,56688,4,1.000000,0.000000
21578,23014409372,1057985,0,0,1815,0,0.000000,16384,1595,57985,4,1.000000,0.000000
21579,23015467350,1057978,0,0,1810,0,0.000000,16384,1620,57978,4,1.000000,0.000000
21580,23016523777,1056427,0,0,1825,0,0.000000,16384,1647,56427,4,1.000000,0.000000
21581,23017588265,1064488,0,0,1820,0,0.000000,16384,1543,64488,4,1.000000,0.000000
21582,23018643731,1055466,0,0,1814,0,0.000000,16384,1638,55466,4,1.000000,0.000000
21583,23019671259,1027528,0,0,1772,0,0.000000,16384,1583,27528,4,1.000000,0.000000
21584,23020727724,1056465,0,0,1816,0,0.000000,16384,1595,56465,4,1.000000,0.000000
21585,23021783882,1056158,0,0,1824,0,0.000000,16384,1620,56158,4,1.000000,0.000000
21586,23022839778,1055896,0,0,1826,0,0.000000,16384,1648,55896,4,1.000000,0.000000
21587,23023896676,1056898,0,0,1825,0,0.000000,16384,1644,56898,4,1.000000,0.000000
21588,23024952948,1056272,0,0,1824,0,0.000000,16384,1603,56272,4,1.000000,0.000000
21589,23026008807,1055859,0,0,1813,0,0.000000,16384,1590,55859,4,1.000000,0.000000
21590,23027064815,1056008,0,0,1827,0,0.000000,16384,1649,56008,4,1.000000,0.000000
21591,23028125035,1060220,0,0,1832,0,0.000000,16384,1653,60220,4,1.000000,0.000000
21592,23029184521,1059486,0,0,1725,0,0.000000,16384,1520,59486,4,1.000000,0.000000
21593,23030242198,1057677,0,0,1755,0,0.000000,16384,1545,57677,4,1.000000,0.000000
21594,23031297664,1055466,0,0,1826,0,0.000000,16384,1648,55466,4,1.000000,0.000000
21595,23032355405,1057741,0,0,1823,0,0.000000,16384,1646,57741,4,1.000000,0.000000
21596,23033412220,1056815,0,0,1823,0,0.000000,16384,1602,56815,4,1.000000,0.000000
21597,23034469173,1056953,0,0,1823,0,0.000000,16384,1603,56953,4,1.000000,0.000000
21598,23035530295,1061122,0,0,1660,0,0.000000,16384,1507,61122,4,1.000000,0.000000
21599,23036590541,1060246,0,0,1822,0,0.000000,16384,1635,60246,4,1.000000,0.000000
21600,23037646942,1056401,0,0,1812,0,0.000000,16384,1592,56401,4,1.000000,0.000000
21601,23038673272,1026330,0,0,1741,0,0.000000,16384,1541,26330,4,1.000000,0.000000
21602,23039730964,1057692,0,0,1822,0,0.000000,16384,1645,57692,4,1.000000,0.000000
21603,23040792479,1061515,0,0,1565,0,0.000000,16384,1381,61515,4,1.000000,0.000000
21604,23041854538,1062059,0,0,1633,0,0.000000,16384,1458,62059,4,1.000000,0.000000
21605,23042912290,1057752,0,0,1762,0,0.000000,16384,1598,57752,4,1.000000,0.000000
21606,23043967909,1055619,0,0,1820,0,0.000000,16384,1596,55619,4,1.000000,0.000000
21607,23045031360,1063451,0,0,1617,0,0.000000,16384,1433,63451,4,1.000000,0.000000
21608,23046095114,1063754,0,0,1576,0,0.000000,16384,1424,63754,4,1.000000,0.000000
21609,23047153374,1058260,0,0,1805,0,0.000000,16384,1585,58260,4,1.000000,0.000000
21610,23048210972,1057598,0,0,1710,0,0.000000,16384,1531,57598,4,1.000000,0.000000
21611,23049292497,1081525,0,0,1649,0,0.000000,16384,1487,81525,4,1.000000,0.000000
21612,23050350489,1057992,0,0,1822,0,0.000000,16384,1603,57992,4,1.000000,0.000000
21613,23051408231,1057742,0,0,1826,0,0.000000,16384,1617,57742,4,1.000000,0.000000
21614,23052465545,1057314,0,0,1815,0,0.000000,16384,1639,57314,4,1.000000,0.000000
21615,23053523063,1057518,0,0,1828,0,0.000000,16384,1649,57518,4,1.000000,0.000000
21616,23054579802,1056739,0,0,1813,0,0.000000,16384,1591,56739,4,1.000000,0.000000
21617,23055635398,1055596,0,0,1812,0,0.000000,16384,1590,55596,4,1.000000,0.000000
21618,23056670191,1034793,0,0,1775,0,0.000000,16384,1607,34793,4,1.000000,0.000000
21619,23057725956,1055765,0,0,1661,0,0.000000,16384,1489,55765,4,1.000000,0.000000
21620,23058782104,1056148,0,0,1811,0,0.000000,16384,1591,56148,4,1.000000,0.000000
21621,23059865990,1083886,0,0,1859,0,0.000000,16384,1653,83886,4,1.000000,0.000000
21622,23060922342,1056352,0,0,1825,0,0.000000,16384,1647,56352,4,1.000000,0.000000
21623,23061979330,1056988,0,0,1812,0,0.000000,16384,1632,56988,4,1.000000,0.000000
21624,23063035828,1056498,0,0,1812,0,0.000000,16384,1592,56498,4,1.000000,0.000000
21625,23064091912,1056084,0,0,1823,0,0.000000,16384,1601,56084,4,1.000000,0.000000
21626,23065147880,1055968,0,0,1824,0,0.000000,16384,1647,55968,4,1.000000,0.000000
21627,23066203744,1055864,0,0,1824,0,0.000000,16384,1646,55864,4,1.000000,0.000000
21628,23067259542,1055798,0,0,1823,0,0.000000,16384,1612,55798,4,1.000000,0.000000
21629,23068315513,1055971,0,0,1808,0,0.000000,16384,1588,55971,4,1.000000,0.000000
21630,23069373634,1058121,0,0,1762,0,0.000000,16384,1583,58121,4,1.000000,0.000000
21631,23070438541,1064907,0,0,1826,0,0.000000,16384,1648,64907,4,1.000000,0.000000
21632,23071497956,1059415,0,0,1813,0,0.000000,16384,1606,59415,4,1.000000,0.000000
21633,23072555839,1057883,0,0,1823,0,0.000000,16384,1603,57883,4,1.000000,0.000000
21634,23073612466,1056627,0,0,1826,0,0.000000,16384,1628,56627,4,1.000000,0.000000
21635,23074670007,1057541,0,0,1821,0,0.000000,16384,1645,57541,4,1.000000,0.000000
21636,23075727050,1057043,0,0,1781,0,0.000000,16384,1591,57043,4,1.000000,0.000000
21637,23076783366,1056316,0,0,1819,0,0.000000,16384,1599,56316,4,1.000000,0.000000
21638,23077839753,1056387,0,0,1813,0,0.000000,16384,1608,56387,4,1.000000,0.000000
21639,23078895309,1055556,0,0,1812,0,0.000000,16384,1637,55556,4,1.000000,0.000000
21640,23079951260,1055951,0,0,1825,0,0.000000,16384,1641,55951,4,1.000000,0.000000
21641,23081014451,1063191,0,0,1835,0,0.000000,16384,1615,63191,4,1.000000,0.000000
21642,23082069964,1055513,0,0,1822,0,0.000000,16384,1598,55513,4,1.000000,0.000000
21643,23083127356,1057392,0,0,1816,0,0.000000,16384,1640,57392,4,1.000000,0.000000
21644,23084183884,1056528,0,0,1824,0,0.000000,16384,1646,56528,4,1.000000,0.000000
21645,23085240962,1057078,0,0,1808,0,0.000000,16384,1598,57078,4,1.000000,0.000000
21646,23086297449,1056487,0,0,1809,0,0.000000,16384,1588,56487,4,1.000000,0.000000
21647,23087353585,1056136,0,0,1824,0,0.000000,16384,1635,56136,4,1.000000,0.000000
21648,23088411218,1057633,0,0,1818,0,0.000000,16384,1641,57633,4,1.000000,0.000000
21649,23089469978,1058760,0,0,1698,0,0.000000,16384,1501,58760,4,1.000000,0.000000
21650,23090528444,1058466,0,0,1663,0,0.000000,16384,1469,58466,4,1.000000,0.000000
21651,23091594529,1066085,0,0,1810,0,0.000000,16384,1635,66085,4,1.000000,0.000000
21652,23092651997,1057468,0,0,1825,0,0.000000,16384,1634,57468,4,1.000000,0.000000
21653,23093670889,1018892,0,0,1752,0,0.000000,16384,1532,18892,4,1.000000,0.000000
21654,23094727847,1056958,0,0,1789,0,0.000000,16384,1595,56958,4,1.000000,0.000000
21655,23095784638,1056791,0,0,1825,0,0.000000,16384,1647,56791,4,1.000000,0.000000
21656,23096840722,1056084,0,0,1824,0,0.000000,16384,1631,56084,4,1.000000,0.000000
21657,23097896337,1055615,0,0,1820,0,0.000000,16384,1601,55615,4,1.000000,0.000000
21658,23098952975,1056638,0,0,1774,0,0.000000,16384,1571,56638,4,1.000000,0.000000
21659,23100008748,1055773,0,0,1814,0,0.000000,16384,1638,55773,4,1.000000,0.000000
21660,23101064932,1056184,0,0,1820,0,0.000000,16384,1635,56184,4,1.000000,0.000000
21661,23102130396,1065464,0,0,1794,0,0.000000,16384,1574,65464,4,1.000000,0.000000
21662,23103187642,1057246,0,0,1733,0,0.000000,16384,1537,57246,4,1.000000,0.000000
21663,23104244011,1056369,0,0,1808,0,0.000000,16384,1633,56369,4,1.000000,0.000000
21664,23105299881,1055870,0,0,1824,0,0.000000,16384,1631,55870,4,1.000000,0.000000
21665,23106355648,1055767,0,0,1811,0,0.000000,16384,1590,55767,4,1.000000,0.000000
21666,23107411679,1056031,0,0,1823,0,0.000000,16384,1613,56031,4,1.000000,0.000000
21667,23108467667,1055988,0,0,1783,0,0.000000,16384,1614,55988,4,1.000000,0.000000
21668,23109526703,1059036,0,0,1714,0,0.000000,16384,1530,59036,4,1.000000,0.000000
21669,23110585279,1058576,0,0,1825,0,0.000000,16384,1605,58576,4,1.000000,0.000000
21670,23111641799,1056520,0,0,1813,0,0.000000,16384,1615,56520,4,1.000000,0.000000
21671,23112717874,1076075,0,0,1856,0,0.000000,16384,1672,76075,4,1.000000,0.000000
21672,23113773680,1055806,0,0,1825,0,0.000000,16384,1643,55806,4,1.000000,0.000000
21673,23114831771,1058091,0,0,1822,0,0.000000,16384,1602,58091,4,1.000000,0.000000
21674,23115888729,1056958,0,0,1825,0,0.000000,16384,1601,56958,4,1.000000,0.000000
21675,23116944780,1056051,0,0,1825,0,0.000000,16384,1646,56051,4,1.000000,0.000000
21676,23118000993,1056213,0,0,1794,0,0.000000,16384,1623,56213,4,1.000000,0.000000
21677,23119057235,1056242,0,0,1824,0,0.000000,16384,1610,56242,4,1.000000,0.000000
21678,23120112669,1055434,0,0,1803,0,0.000000,16384,1583,55434,4,1.000000,0.000000
21679,23121168252,1055583,0,0,1823,0,0.000000,16384,1635,55583,4,1.000000,0.000000
21680,23122224127,1055875,0,0,1823,0,0.000000,16384,1646,55875,4,1.000000,0.000000
21681,23123285874,1061747,0,0,1833,0,0.000000,16384,1634,61747,4,1.000000,0.000000
21682,23124341596,1055722,0,0,1822,0,0.000000,16384,1601,55722,4,1.000000,0.000000
21683,23125400421,1058825,0,0,1761,0,0.000000,16384,1565,58825,4,1.000000,0.000000
21684,23126457580,1057159,0,0,1821,0,0.000000,16384,1644,57159,4,1.000000,0.000000
21685,23127514855,1057275,0,0,1820,0,0.000000,16384,1630,57275,4,1.000000,0.000000
21686,23128572198,1057343,0,0,1824,0,0.000000,16384,1604,57343,4,1.000000,0.000000
21687,23129630512,1058314,0,0,1760,0,0.000000,16384,1557,58314,4,1.000000,0.000000
21688,23130671361,1040849,0,0,1792,0,0.000000,16384,1621,40849,4,1.000000,0.000000
21689,23131727777,1056416,0,0,1825,0,0.000000,16384,1634,56416,4,1.000000,0.000000
21690,23132783655,1055878,0,0,1823,0,0.000000,16384,1604,55878,4,1.000000,0.000000
21691,23133849010,1065355,0,0,1838,0,0.000000,16384,1619,65355,4,1.000000,0.000000
21692,23134907122,1058112,0,0,1829,0,0.000000,16384,1651,58112,4,1.000000,0.000000
21693,23135972319,1065197,0,0,1675,0,0.000000,16384,1508,65197,4,1.000000,0.000000
21694,23137039131,1066812,0,0,1641,0,0.000000,16384,1425,66812,4,1.000000,0.000000
21695,23138097084,1057953,0,0,1667,0,0.000000,16384,1521,57953,4,1.000000,0.000000
21696,23139152976,1055892,0,0,1731,0,0.000000,16384,1533,55892,4,1.000000,0.000000
21697,23140210045,1057069,0,0,1815,0,0.000000,16384,1595,57069,4,1.000000,0.000000
21698,23141266881,1056836,0,0,1745,0,0.000000,16384,1573,56836,4,1.000000,0.000000
21699,23142323427,1056546,0,0,1729,0,0.000000,16384,1561,56546,4,1.000000,0.000000
21700,23143379122,1055695,0,0,1822,0,0.000000,16384,1602,55695,4,1.000000,0.000000
21701,23144444593,1065471,0,0,1824,0,0.000000,16384,1605,65471,4,1.000000,0.000000
21702,23145500467,1055874,0,0,1824,0,0.000000,16384,1646,55874,4,1.000000,0.000000
21703,23146556295,1055828,0,0,1802,0,0.000000,16384,1629,55828,4,1.000000,0.000000
21704,23147612419,1056124,0,0,1823,0,0.000000,16384,1605,56124,4,1.000000,0.000000
21705,23148669273,1056854,0,0,1819,0,0.000000,16384,1599,56854,4,1.000000,0.000000
21706,23149726834,1057561,0,0,1742,0,0.000000,16384,1570,57561,4,1.000000,0.000000
21707,23150783990,1057156,0,0,1826,0,0.000000,16384,1649,57156,4,1.000000,0.000000
21708,23151840152,1056162,0,0,1812,0,0.000000,16384,1597,56162,4,1.000000,0.000000
21709,23152896030,1055878,0,0,1809,0,0.000000,16384,1588,55878,4,1.000000,0.000000
21710,23153952351,1056321,0,0,1806,0,0.000000,16384,1625,56321,4,1.000000,0.000000
21711,23155016058,1063707,0,0,1839,0,0.000000,16384,1658,63707,4,1.000000,0.000000
21712,23156073204,1057146,0,0,1826,0,0.000000,16384,1625,57146,4,1.000000,0.000000
21713,23157129490,1056286,0,0,1825,0,0.000000,16384,1605,56286,4,1.000000,0.000000
21714,23158184955,1055465,0,0,1797,0,0.000000,16384,1597,55465,4,1.000000,0.000000
21715,23159240759,1055804,0,0,1792,0,0.000000,16384,1620,55804,4,1.000000,0.000000
21716,23160296750,1055991,0,0,1801,0,0.000000,16384,1609,55991,4,1.000000,0.000000
21717,23161352789,1056039,0,0,1823,0,0.000000,16384,1603,56039,4,1.000000,0.000000
21718,23162408487,1055698,0,0,1823,0,0.000000,16384,1614,55698,4,1.000000,0.000000
21719,23163468900,1060413,0,0,1758,0,0.000000,16384,1594,60413,4,1.000000,0.000000
21720,23164528789,1059889,0,0,1708,0,0.000000,16384,1517,59889,4,1.000000,0.000000
21721,23165607065,1078276,0,0,1846,0,0.000000,16384,1625,78276,4,1.000000,0.000000
21722,23166664262,1057197,0,0,1805,0,0.000000,16384,1613,57197,4,1.000000,0.000000
21723,23167725616,1061354,0,0,1820,0,0.000000,16384,1643,61354,4,1.000000,0.000000
21724,23168783553,1057937,0,0,1825,0,0.000000,16384,1631,57937,4,1.000000,0.000000
21725,23169842165,1058612,0,0,1746,0,0.000000,16384,1526,58612,4,1.000000,0.000000
21726,23170899057,1056892,0,0,1828,0,0.000000,16384,1630,56892,4,1.000000,0.000000
21727,23171954987,1055930,0,0,1826,0,0.000000,16384,1648,55930,4,1.000000,0.000000
21728,23173011220,1056233,0,0,1826,0,0.000000,16384,1638,56233,4,1.000000,0.000000
21729,23174067701,1056481,0,0,1823,0,0.000000,16384,1603,56481,4,1.000000,0.000000
21730,23175124015,1056314,0,0,1825,0,0.000000,16384,1606,56314,4,1.000000,0.000000
21731,23176186773,1062758,0,0,1835,0,0.000000,16384,1656,62758,4,1.000000,0.000000
21732,23177243106,1056333,0,0,1822,0,0.000000,16384,1644,56333,4,1.000000,0.000000
21733,23178956106,1713000,0,0,2387,0,0.000000,16384,2097,713000,4,1.000000,0.000000
21734,23180044642,1088536,0,0,1443,0,0.000000,16384,1297,88536,4,1.000000,0.000000
21735,23181119666,1075024,0,0,1389,0,0.000000,16384,1250,75024,4,1.000000,0.000000
21736,23182191557,1071891,0,0,1382,0,0.000000,16384,1199,71891,4,1.000000,0.000000
21737,23183279500,1087943,0,0,1388,0,0.000000,16384,1262,87943,4,1.000000,0.000000
21738,23184353661,1074161,0,0,1425,0,0.000000,16384,1269,74161,4,1.000000,0.000000
21739,23185475853,1122192,0,0,1531,0,0.000000,16384,1355,122192,4,1.000000,0.000000
21740,23186544439,1068586,0,0,1469,0,0.000000,16384,1326,68586,4,1.000000,0.000000
21741,23187631212,1086773,0,0,1668,0,0.000000,16384,1475,86773,4,1.000000,0.000000
21742,23188673783,1042571,0,0,1636,0,0.000000,16384,1449,42571,4,1.000000,0.000000
21743,23189736176,1062393,0,0,1607,0,0.000000,16384,1454,62393,4,1.000000,0.000000
21744,23190799135,1062959,0,0,1451,0,0.000000,16384,1273,62959,4,1.000000,0.000000
21745,23191862042,1062907,0,0,1567,0,0.000000,16384,1409,62907,4,1.000000,0.000000
21746,23192920578,1058536,0,0,1660,0,0.000000,16384,1453,58536,4,1.000000,0.000000
21747,23193978591,1058013,0,0,1662,0,0.000000,16384,1517,58013,4,1.000000,0.000000
21748,23195035587,1056996,0,0,1658,0,0.000000,16384,1454,56996,4,1.000000,0.000000
21749,23196092528,1056941,0,0,1698,0,0.000000,16384,1512,56941,4,1.000000,0.000000
21750,23197148196,1055668,0,0,1805,0,0.000000,16384,1631,55668,4,1.000000,0.000000
21751,23198226872,1078676,0,0,1850,0,0.000000,16384,1646,78676,4,1.000000,0.000000
21752,23199289729,1062857,0,0,1821,0,0.000000,16384,1600,62857,4,1.000000,0.000000
21753,23200350415,1060686,0,0,1821,0,0.000000,16384,1615,60686,4,1.000000,0.000000
21754,23201409072,1058657,0,0,1716,0,0.000000,16384,1561,58657,4,1.000000,0.000000
21755,23202498787,1089715,0,0,1764,0,0.000000,16384,1562,89715,4,1.000000,0.000000
21756,23203558110,1059323,0,0,1783,0,0.000000,16384,1563,59323,4,1.000000,0.000000
21757,23204615205,1057095,0,0,1825,0,0.000000,16384,1640,57095,4,1.000000,0.000000
21758,23205671962,1056757,0,0,1801,0,0.000000,16384,1628,56757,4,1.000000,0.000000
21759,23206728511,1056549,0,0,1825,0,0.000000,16384,1619,56549,4,1.000000,0.000000
21760,23207789532,1061021,0,0,1828,0,0.000000,16384,1608,61021,4,1.000000,0.000000
21761,23208862713,1073181,0,0,1822,0,0.000000,16384,1620,73181,4,1.000000,0.000000
21762,23209921067,1058354,0,0,1651,0,0.000000,16384,1510,58354,4,1.000000,0.000000
21763,23210978389,1057322,0,0,1777,0,0.000000,16384,1560,57322,4,1.000000,0.000000
21764,23212036027,1057638,0,0,1801,0,0.000000,16384,1582,57638,4,1.000000,0.000000
21765,23213093313,1057286,0,0,1826,0,0.000000,16384,1648,57286,4,1.000000,0.000000
21766,23214150678,1057365,0,0,1726,0,0.000000,16384,1559,57365,4,1.000000,0.000000
21767,23215207772,1057094,0,0,1825,0,0.000000,16384,1605,57094,4,1.000000,0.000000
21768,23216263388,1055616,0,0,1823,0,0.000000,16384,1604,55616,4,1.000000,0.000000
21769,23217319258,1055870,0,0,1824,0,0.000000,16384,1646,55870,4,1.000000,0.000000
21770,23218375452,1056194,0,0,1804,0,0.000000,16384,1630,56194,4,1.000000,0.000000
21771,23219453262,1077810,0,0,1845,0,0.000000,16384,1628,77810,4,1.000000,0.000000
21772,23220510654,1057392,0,0,1823,0,0.000000,16384,1603,57392,4,1.000000,0.000000
21773,23221567229,1056575,0,0,1823,0,0.000000,16384,1630,56575,4,1.000000,0.000000
21774,23222622953,1055724,0,0,1824,0,0.000000,16384,1646,55724,4,1.000000,0.000000
21775,23223670679,1047726,0,0,1804,0,0.000000,16384,1611,47726,4,1.000000,0.000000
21776,23224727035,1056356,0,0,1822,0,0.000000,16384,1602,56356,4,1.000000,0.000000
21777,23225783065,1056030,0,0,1823,0,0.000000,16384,1615,56030,4,1.000000,0.000000
21778,23226839028,1055963,0,0,1812,0,0.000000,16384,1574,55963,4,1.000000,0.000000
21779,23227896223,1057195,0,0,1825,0,0.000000,16384,1609,57195,4,1.000000,0.000000
21780,23228952389,1056166,0,0,1786,0,0.000000,16384,1616,56166,4,1.000000,0.000000
21781,23230019013,1066624,0,0,1665,0,0.000000,16384,1487,66624,4,1.000000,0.000000
21782,23231082042,1063029,0,0,1518,0,0.000000,16384,1341,63029,4,1.000000,0.000000
21783,23232141801,1059759,0,0,1559,0,0.000000,16384,1400,59759,4,1.000000,0.000000
21784,23233230551,1088750,0,0,1649,0,0.000000,16384,1446,88750,4,1.000000,0.000000
21785,23234293327,1062776,0,0,1559,0,0.000000,16384,1426,62776,4,1.000000,0.000000
21786,23235352490,1059163,0,0,1552,0,0.000000,16384,1344,59163,4,1.000000,0.000000
21787,23236419771,1067281,0,0,1601,0,0.000000,16384,1468,67281,4,1.000000,0.000000
21788,23237483476,1063705,0,0,1541,0,0.000000,16384,1326,63705,4,1.000000,0.000000
21789,23238543887,1060411,0,0,1563,0,0.000000,16384,1438,60411,4,1.000000,0.000000
21790,23239606823,1062936,0,0,1754,0,0.000000,16384,1543,62936,4,1.000000,0.000000
21791,23240672670,1065847,0,0,1666,0,0.000000,16384,1474,65847,4,1.000000,0.000000
21792,23241730216,1057546,0,0,1568,0,0.000000,16384,1420,57546,4,1.000000,0.000000
21793,23242788853,1058637,0,0,1553,0,0.000000,16384,1357,58637,4,1.000000,0.000000
21794,23243846748,1057895,0,0,1666,0,0.000000,16384,1521,57895,4,1.000000,0.000000
21795,23244905604,1058856,0,0,1659,0,0.000000,16384,1444,58856,4,1.000000,0.000000
21796,23245962948,1057344,0,0,1667,0,0.000000,16384,1497,57344,4,1.000000,0.000000
21797,23247020385,1057437,0,0,1700,0,0.000000,16384,1530,57437,4,1.000000,0.000000
21798,23248076486,1056101,0,0,1825,0,0.000000,16384,1605,56101,4,1.000000,0.000000
21799,23249132724,1056238,0,0,1814,0,0.000000,16384,1605,56238,4,1.000000,0.000000
21800,23250192052,1059328,0,0,1687,0,0.000000,16384,1536,59328,4,1.000000,0.000000
21801,23251259984,1067932,0,0,1831,0,0.000000,16384,1627,67932,4,1.000000,0.000000
21802,23252317119,1057135,0,0,1812,0,0.000000,16384,1592,57135,4,1.000000,0.000000
21803,23253373717,1056598,0,0,1823,0,0.000000,16384,1622,56598,4,1.000000,0.000000
21804,23254429940,1056223,0,0,1825,0,0.000000,16384,1647,56223,4,1.000000,0.000000
21805,23255486161,1056221,0,0,1823,0,0.000000,16384,1638,56221,4,1.000000,0.000000
21806,23256542307,1056146,0,0,1823,0,0.000000,16384,1603,56146,4,1.000000,0.000000
21807,23257599904,1057597,0,0,1822,0,0.000000,16384,1601,57597,4,1.000000,0.000000
21808,23258697610,1097706,0,0,1622,0,0.000000,16384,1485,97706,4,1.000000,0.000000
21809,23259762818,1065208,0,0,1638,0,0.000000,16384,1436,65208,4,1.000000,0.000000
21810,23260820786,1057968,0,0,1557,0,0.000000,16384,1401,57968,4,1.000000,0.000000
21811,23261892905,1072119,0,0,1578,0,0.000000,16384,1397,72119,4,1.000000,0.000000
21812,23262955501,1062596,0,0,1665,0,0.000000,16384,1479,62596,4,1.000000,0.000000
21813,23264020169,1064668,0,0,1781,0,0.000000,16384,1612,64668,4,1.000000,0.000000
21814,23265083570,1063401,0,0,1752,0,0.000000,16384,1544,63401,4,1.000000,0.000000
21815,23266143694,1060124,0,0,1669,0,0.000000,16384,1473,60124,4,1.000000,0.000000
21816,23267200230,1056536,0,0,1726,0,0.000000,16384,1568,56536,4,1.000000,0.000000
21817,23268256719,1056489,0,0,1825,0,0.000000,16384,1619,56489,4,1.000000,0.000000
21818,23269314178,1057459,0,0,1783,0,0.000000,16384,1563,57459,4,1.000000,0.000000
21819,23270376786,1062608,0,0,1579,0,0.000000,16384,1436,62608,4,1.000000,0.000000
21820,23271471559,1094773,0,0,1892,0,0.000000,16384,1695,94773,4,1.000000,0.000000
21821,23272553746,1082187,0,0,1861,0,0.000000,16384,1636,82187,4,1.000000,0.000000
21822,23273644380,1090634,0,0,1968,0,0.000000,16384,1749,90634,4,1.000000,0.000000
21823,23274679766,1035386,0,0,1505,0,0.000000,16384,1356,35386,4,1.000000,0.000000
21824,23275741861,1062095,0,0,1562,0,0.000000,16384,1375,62095,4,1.000000,0.000000
21825,23276800689,1058828,0,0,1568,0,0.000000,16384,1410,58828,4,1.000000,0.000000
21826,23277860245,1059556,0,0,1675,0,0.000000,16384,1493,59556,4,1.000000,0.000000
21827,23278876500,1016255,0,0,1744,0,0.000000,16384,1523,16255,4,1.000000,0.000000
21828,23279932411,1055911,0,0,1698,0,0.000000,16384,1545,55911,4,1.000000,0.000000
21829,23280988433,1056022,0,0,1814,0,0.000000,16384,1628,56022,4,1.000000,0.000000
21830,23282085175,1096742,0,0,1780,0,0.000000,16384,1560,96742,4,1.000000,0.000000
21831,23283164706,1079531,0,0,1581,0,0.000000,16384,1419,79531,4,1.000000,0.000000
21832,23284227364,1062658,0,0,1627,0,0.000000,16384,1449,62658,4,1.000000,0.000000
21833,23285286635,1059271,0,0,1560,0,0.000000,16384,1383,59271,4,1.000000,0.000000
21834,23286344390,1057755,0,0,1616,0,0.000000,16384,1457,57755,4,1.000000,0.000000
21835,23287402248,1057858,0,0,1655,0,0.000000,16384,1440,57858,4,1.000000,0.000000
21836,23288459925,1057677,0,0,1661,0,0.000000,16384,1516,57677,4,1.000000,0.000000
21837,23289517853,1057928,0,0,1656,0,0.000000,16384,1459,57928,4,1.000000,0.000000
21838,23290576494,1058641,0,0,1618,0,0.000000,16384,1441,58641,4,1.000000,0.000000
21839,23291634237,1057743,0,0,1659,0,0.000000,16384,1497,57743,4,1.000000,0.000000
21840,23292670961,1036724,0,0,1572,0,0.000000,16384,1369,36724,4,1.000000,0.000000
21841,23293750583,1079622,0,0,1677,0,0.000000,16384,1529,79622,4,1.000000,0.000000
21842,23294816975,1066392,0,0,1511,0,0.000000,16384,1306,66392,4,1.000000,0.000000
21843,23295880368,1063393,0,0,1559,0,0.000000,16384,1430,63393,4,1.000000,0.000000
21844,23296940040,1059672,0,0,1548,0,0.000000,16384,1341,59672,4,1.000000,0.000000
21845,23297999586,1059546,0,0,1572,0,0.000000,16384,1436,59546,4,1.000000,0.000000
21846,23299056981,1057395,0,0,1658,0,0.000000,16384,1457,57395,4,1.000000,0.000000
21847,23300118775,1061794,0,0,1656,0,0.000000,16384,1475,61794,4,1.000000,0.000000
21848,23301181329,1062554,0,0,1670,0,0.000000,16384,1512,62554,4,1.000000,0.000000
21849,23302239060,1057731,0,0,1652,0,0.000000,16384,1432,57731,4,1.000000,0.000000
21850,23303297697,1058637,0,0,1708,0,0.000000,16384,1548,58637,4,1.000000,0.000000
21851,23304370218,1072521,0,0,1842,0,0.000000,16384,1661,72521,4,1.000000,0.000000
21852,23305426067,1055849,0,0,1813,0,0.000000,16384,1590,55849,4,1.000000,0.000000
21853,23306483044,1056977,0,0,1824,0,0.000000,16384,1604,56977,4,1.000000,0.000000
21854,23307539895,1056851,0,0,1828,0,0.000000,16384,1645,56851,4,1.000000,0.000000
21855,23308600604,1060709,0,0,1617,0,0.000000,16384,1460,60709,4,1.000000,0.000000
21856,23309661738,1061134,0,0,1751,0,0.000000,16384,1531,61134,4,1.000000,0.000000
21857,23310679745,1018007,0,0,1590,0,0.000000,16384,1444,18007,4,1.000000,0.000000
21858,23311738549,1058804,0,0,1824,0,0.000000,16384,1630,58804,4,1.000000,0.000000
21859,23312795309,1056760,0,0,1824,0,0.000000,16384,1604,56760,4,1.000000,0.000000
21860,23313852942,1057633,0,0,1826,0,0.000000,16384,1614,57633,4,1.000000,0.000000
21861,23314919876,1066934,0,0,1828,0,0.000000,16384,1649,66934,4,1.000000,0.000000
21862,23315976604,1056728,0,0,1828,0,0.000000,16384,1650,56728,4,1.000000,0.000000
21863,23317032654,1056050,0,0,1823,0,0.000000,16384,1604,56050,4,1.000000,0.000000
21864,23318089043,1056389,0,0,1819,0,0.000000,16384,1599,56389,4,1.000000,0.000000
21865,23319145579,1056536,0,0,1827,0,0.000000,16384,1640,56536,4,1.000000,0.000000
21866,23320201742,1056163,0,0,1812,0,0.000000,16384,1637,56163,4,1.000000,0.000000
21867,23321257596,1055854,0,0,1822,0,0.000000,16384,1620,55854,4,1.000000,0.000000
21868,23322337364,1079768,0,0,1601,0,0.000000,16384,1399,79768,4,1.000000,0.000000
21869,23323399264,1061900,0,0,1620,0,0.000000,16384,1484,61900,4,1.000000,0.000000
21870,23324458717,1059453,0,0,1603,0,0.000000,16384,1385,59453,4,1.000000,0.000000
21871,23325544399,1085682,0,0,1683,0,0.000000,16384,1524,85682,4,1.000000,0.000000
21872,23326603086,1058687,0,0,1667,0,0.000000,16384,1486,58687,4,1.000000,0.000000
21873,23327661069,1057983,0,0,1811,0,0.000000,16384,1591,57983,4,1.000000,0.000000
21874,23328673661,1012592,0,0,1708,0,0.000000,16384,1540,12592,4,1.000000,0.000000
21875,23329730667,1057006,0,0,1803,0,0.000000,16384,1630,57006,4,1.000000,0.000000
21876,23330788505,1057838,0,0,1636,0,0.000000,16384,1417,57838,4,1.000000,0.000000
21877,23331846113,1057608,0,0,1818,0,0.000000,16384,1626,57608,4,1.000000,0.000000
21878,23332902782,1056669,0,0,1807,0,0.000000,16384,1633,56669,4,1.000000,0.000000
21879,23333960099,1057317,0,0,1777,0,0.000000,16384,1579,57317,4,1.000000,0.000000
21880,23335017317,1057218,0,0,1644,0,0.000000,16384,1439,57218,4,1.000000,0.000000
21881,23336085453,1068136,0,0,1802,0,0.000000,16384,1628,68136,4,1.000000,0.000000
21882,23337147160,1061707,0,0,1683,0,0.000000,16384,1502,61707,4,1.000000,0.000000
21883,23338213857,1066697,0,0,1603,0,0.000000,16384,1408,66697,4,1.000000,0.000000
21884,23339277519,1063662,0,0,1638,0,0.000000,16384,1497,63662,4,1.000000,0.000000
21885,23340336802,1059283,0,0,1625,0,0.000000,16384,1405,59283,4,1.000000,0.000000
21886,23341395049,1058247,0,0,1661,0,0.000000,16384,1505,58247,4,1.000000,0.000000
21887,23342453567,1058518,0,0,1658,0,0.000000,16384,1474,58518,4,1.000000,0.000000
21888,23343509886,1056319,0,0,1656,0,0.000000,16384,1458,56319,4,1.000000,0.000000
21889,23344567167,1057281,0,0,1665,0,0.000000,16384,1519,57281,4,1.000000,0.000000
21890,23345624049,1056882,0,0,1661,0,0.000000,16384,1449,56882,4,1.000000,0.000000
21891,23346671874,1047825,0,0,1646,0,0.000000,16384,1478,47825,4,1.000000,0.000000
21892,23347728236,1056362,0,0,1815,0,0.000000,16384,1639,56362,4,1.000000,0.000000
21893,23348786093,1057857,0,0,1820,0,0.000000,16384,1600,57857,4,1.000000,0.000000
21894,23349842890,1056797,0,0,1797,0,0.000000,16384,1576,56797,4,1.000000,0.000000
21895,23350902217,1059327,0,0,1692,0,0.000000,16384,1539,59327,4,1.000000,0.000000
21896,23351960597,1058380,0,0,1828,0,0.000000,16384,1642,58380,4,1.000000,0.000000
21897,23353017493,1056896,0,0,1825,0,0.000000,16384,1604,56896,4,1.000000,0.000000
21898,23354075570,1058077,0,0,1826,0,0.000000,16384,1605,58077,4,1.000000,0.000000
21899,23355132468,1056898,0,0,1825,0,0.000000,16384,1647,56898,4,1.000000,0.000000
21900,23356207616,1075148,0,0,1840,0,0.000000,16384,1660,75148,4,1.000000,0.000000
21901,23357278131,1070515,0,0,1682,0,0.000000,16384,1478,70515,4,1.000000,0.000000
21902,23358340482,1062351,0,0,1665,0,0.000000,16384,1480,62351,4,1.000000,0.000000
21903,23359402934,1062452,0,0,1672,0,0.000000,16384,1517,62452,4,1.000000,0.000000
21904,23360491189,1088255,0,0,1827,0,0.000000,16384,1607,88255,4,1.000000,0.000000
21905,23361580139,1088950,0,0,1876,0,0.000000,16384,1652,88950,4,1.000000,0.000000
21906,23362671243,1091104,0,0,1976,0,0.000000,16384,1760,91104,4,1.000000,0.000000
21907,23363703049,1031806,0,0,1870,0,0.000000,16384,1683,31806,4,1.000000,0.000000
21908,23364764958,1061909,0,0,1929,0,0.000000,16384,1731,61909,4,1.000000,0.000000
21909,23365827371,1062413,0,0,1913,0,0.000000,16384,1717,62413,4,1.000000,0.000000
21910,23366889764,1062393,0,0,1917,0,0.000000,16384,1702,62393,4,1.000000,0.000000
21911,23367959415,1069651,0,0,1919,0,0.000000,16384,1695,69651,4,1.000000,0.000000
21912,23369018063,1058648,0,0,1828,0,0.000000,16384,1608,58648,4,1.000000,0.000000
21913,23370074663,1056600,0,0,1826,0,0.000000,16384,1643,56600,4,1.000000,0.000000
21914,23371133405,1058742,0,0,1750,0,0.000000,16384,1587,58742,4,1.000000,0.000000
21915,23372191191,1057786,0,0,1826,0,0.000000,16384,1608,57786,4,1.000000,0.000000
21916,23373247520,1056329,0,0,1811,0,0.000000,16384,1591,56329,4,1.000000,0.000000
21917,23374304458,1056938,0,0,1809,0,0.000000,16384,1626,56938,4,1.000000,0.000000
21918,23375360154,1055696,0,0,1815,0,0.000000,16384,1638,55696,4,1.000000,0.000000
21919,23376447483,1087329,0,0,1951,0,0.000000,16384,1747,87329,4,1.000000,0.000000
21920,23377535568,1088085,0,0,1961,0,0.000000,16384,1737,88085,4,1.000000,0.000000
21921,23378642646,1107078,0,0,1975,0,0.000000,16384,1750,107078,4,1.000000,0.000000
21922,23379701306,1058660,0,0,1913,0,0.000000,16384,1694,58660,4,1.000000,0.000000
21923,23380763277,1061971,0,0,1920,0,0.000000,16384,1696,61971,4,1.000000,0.000000
21924,23381825290,1062013,0,0,1914,0,0.000000,16384,1714,62013,4,1.000000,0.000000
21925,23382887620,1062330,0,0,1918,0,0.000000,16384,1721,62330,4,1.000000,0.000000
21926,23383950101,1062481,0,0,1913,0,0.000000,16384,1717,62481,4,1.000000,0.000000
21927,23385009289,1059188,0,0,1829,0,0.000000,16384,1634,59188,4,1.000000,0.000000
21928,23386068228,1058939,0,0,1791,0,0.000000,16384,1571,58939,4,1.000000,0.000000
21929,23387128595,1060367,0,0,1774,0,0.000000,16384,1578,60367,4,1.000000,0.000000
21930,23388186111,1057516,0,0,1714,0,0.000000,16384,1559,57516,4,1.000000,0.000000
21931,23389252806,1066695,0,0,1839,0,0.000000,16384,1626,66695,4,1.000000,0.000000
21932,23390367718,1114912,0,0,1789,0,0.000000,16384,1569,114912,4,1.000000,0.000000
21933,23391430834,1063116,0,0,1661,0,0.000000,16384,1505,63116,4,1.000000,0.000000
21934,23392489917,1059083,0,0,1667,0,0.000000,16384,1483,59083,4,1.000000,0.000000
21935,23393578115,1088198,0,0,1840,0,0.000000,16384,1620,88198,4,1.000000,0.000000
21936,23394682213,1104098,0,0,1880,0,0.000000,16384,1674,104098,4,1.000000,0.000000
21937,23395741864,1059651,0,0,1824,0,0.000000,16384,1647,59651,4,1.000000,0.000000
21938,23396802751,1060887,0,0,1918,0,0.000000,16384,1721,60887,4,1.000000,0.000000
21939,23397865067,1062316,0,0,1908,0,0.000000,16384,1700,62316,4,1.000000,0.000000
21940,23398927299,1062232,0,0,1911,0,0.000000,16384,1687,62232,4,1.000000,0.000000
21941,23399997095,1069796,0,0,1796,0,0.000000,16384,1576,69796,4,1.000000,0.000000
21942,23401058152,1061057,0,0,1868,0,0.000000,16384,1679,61057,4,1.000000,0.000000
21943,23402120489,1062337,0,0,1895,0,0.000000,16384,1703,62337,4,1.000000,0.000000
21944,23403182210,1061721,0,0,1787,0,0.000000,16384,1604,61721,4,1.000000,0.000000
21945,23404240520,1058310,0,0,1805,0,0.000000,16384,1584,58310,4,1.000000,0.000000
21946,23405297472,1056952,0,0,1824,0,0.000000,16384,1613,56952,4,1.000000,0.000000
21947,23406384813,1087341,0,0,1925,0,0.000000,16384,1727,87341,4,1.000000,0.000000
21948,23407473729,1088916,0,0,1957,0,0.000000,16384,1752,88916,4,1.000000,0.000000
21949,23408562260,1088531,0,0,1950,0,0.000000,16384,1748,88531,4,1.000000,0.000000
21950,23409656671,1094411,0,0,1976,0,0.000000,16384,1768,94411,4,1.000000,0.000000
21951,23410730977,1074306,0,0,1731,0,0.000000,16384,1524,74306,4,1.000000,0.000000
21952,23411791829,1060852,0,0,1673,0,0.000000,16384,1480,60852,4,1.000000,0.000000
21953,23412849562,1057733,0,0,1751,0,0.000000,16384,1588,57733,4,1.000000,0.000000
21954,23413905540,1055978,0,0,1803,0,0.000000,16384,1595,55978,4,1.000000,0.000000
21955,23414964214,1058674,0,0,1767,0,0.000000,16384,1547,58674,4,1.000000,0.000000
21956,23416022480,1058266,0,0,1775,0,0.000000,16384,1602,58266,4,1.000000,0.000000
21957,23417081078,1058598,0,0,1704,0,0.000000,16384,1537,58598,4,1.000000,0.000000
21958,23418138453,1057375,0,0,1825,0,0.000000,16384,1605,57375,4,1.000000,0.000000
21959,23419194619,1056166,0,0,1813,0,0.000000,16384,1600,56166,4,1.000000,0.000000
21960,23420249892,1055273,0,0,1809,0,0.000000,16384,1634,55273,4,1.000000,0.000000
21961,23421315602,1065710,0,0,1841,0,0.000000,16384,1660,65710,4,1.000000,0.000000
21962,23422372623,1057021,0,0,1815,0,0.000000,16384,1596,57021,4,1.000000,0.000000
21963,23423428432,1055809,0,0,1811,0,0.000000,16384,1591,55809,4,1.000000,0.000000
21964,23424484054,1055622,0,0,1825,0,0.000000,16384,1642,55622,4,1.000000,0.000000
21965,23425539805,1055751,0,0,1825,0,0.000000,16384,1647,55751,4,1.000000,0.000000
21966,23426595289,1055484,0,0,1764,0,0.000000,16384,1561,55484,4,1.000000,0.000000
21967,23427651140,1055851,0,0,1814,0,0.000000,16384,1594,55851,4,1.000000,0.000000
21968,23428671556,1020416,0,0,1718,0,0.000000,16384,1550,20416,4,1.000000,0.000000
21969,23429728813,1057257,0,0,1818,0,0.000000,16384,1641,57257,4,1.000000,0.000000
21970,23430787445,1058632,0,0,1750,0,0.000000,16384,1535,58632,4,1.000000,0.000000
21971,23431863182,1075737,0,0,1826,0,0.000000,16384,1607,75737,4,1.000000,0.000000
21972,23432919265,1056083,0,0,1813,0,0.000000,16384,1638,56083,4,1.000000,0.000000
21973,23433975360,1056095,0,0,1826,0,0.000000,16384,1648,56095,4,1.000000,0.000000
21974,23435032143,1056783,0,0,1815,0,0.000000,16384,1598,56783,4,1.000000,0.000000
21975,23436088966,1056823,0,0,1794,0,0.000000,16384,1575,56823,4,1.000000,0.000000
21976,23437144882,1055916,0,0,1826,0,0.000000,16384,1642,55916,4,1.000000,0.000000
21977,23438205106,1060224,0,0,1665,0,0.000000,16384,1509,60224,4,1.000000,0.000000
21978,23439263555,1058449,0,0,1786,0,0.000000,16384,1526,58449,4,1.000000,0.000000
21979,23440320240,1056685,0,0,1825,0,0.000000,16384,1639,56685,4,1.000000,0.000000
21980,23441376882,1056642,0,0,1823,0,0.000000,16384,1603,56642,4,1.000000,0.000000
21981,23442453642,1076760,0,0,1625,0,0.000000,16384,1445,76760,4,1.000000,0.000000
21982,23443520563,1066921,0,0,1643,0,0.000000,16384,1483,66921,4,1.000000,0.000000
21983,23444580610,1060047,0,0,1693,0,0.000000,16384,1473,60047,4,1.000000,0.000000
21984,23445637312,1056702,0,0,1806,0,0.000000,16384,1625,56702,4,1.000000,0.000000
21985,23446672463,1035151,0,0,1775,0,0.000000,16384,1608,35151,4,1.000000,0.000000
21986,23447730527,1058064,0,0,1809,0,0.000000,16384,1593,58064,4,1.000000,0.000000
21987,23448787334,1056807,0,0,1812,0,0.000000,16384,1592,56807,4,1.000000,0.000000
21988,23449844214,1056880,0,0,1802,0,0.000000,16384,1621,56880,4,1.000000,0.000000
21989,23450901784,1057570,0,0,1758,0,0.000000,16384,1594,57570,4,1.000000,0.000000
21990,23451959314,1057530,0,0,1755,0,0.000000,16384,1540,57530,4,1.000000,0.000000
21991,23453030094,1070780,0,0,1839,0,0.000000,16384,1615,70780,4,1.000000,0.000000
21992,23454087075,1056981,0,0,1817,0,0.000000,16384,1641,56981,4,1.000000,0.000000
21993,23455144286,1057211,0,0,1824,0,0.000000,16384,1647,57211,4,1.000000,0.000000
21994,23456201119,1056833,0,0,1826,0,0.000000,16384,1615,56833,4,1.000000,0.000000
21995,23457256977,1055858,0,0,1822,0,0.000000,16384,1602,55858,4,1.000000,0.000000
21996,23458317660,1060683,0,0,1644,0,0.000000,16384,1484,60683,4,1.000000,0.000000
21997,23459383716,1066056,0,0,1655,0,0.000000,16384,1475,66056,4,1.000000,0.000000
21998,23460441831,1058115,0,0,1665,0,0.000000,16384,1462,58115,4,1.000000,0.000000
21999,23461499710,1057879,0,0,1668,0,0.000000,16384,1522,57879,4,1.000000,0.000000
22000,23462557659,1057949,0,0,1786,0,0.000000,16384,1574,57949,4,1.000000,0.000000
22001,23463625133,1067474,0,0,1825,0,0.000000,16384,1606,67474,4,1.000000,0.000000
22002,23464670168,1045035,0,0,1801,0,0.000000,16384,1617,45035,4,1.000000,0.000000
22003,23465728247,1058079,0,0,1800,0,0.000000,16384,1627,58079,4,1.000000,0.000000
22004,23466789363,1061116,0,0,1536,0,0.000000,16384,1333,61116,4,1.000000,0.000000
22005,23467847602,1058239,0,0,1826,0,0.000000,16384,1638,58239,4,1.000000,0.000000
22006,23468904861,1057259,0,0,1827,0,0.000000,16384,1649,57259,4,1.000000,0.000000
22007,23469964934,1060073,0,0,1714,0,0.000000,16384,1516,60073,4,1.000000,0.000000
22008,23471023465,1058531,0,0,1624,0,0.000000,16384,1435,58531,4,1.000000,0.000000
22009,23472081576,1058111,0,0,1806,0,0.000000,16384,1631,58111,4,1.000000,0.000000
22010,23473138271,1056695,0,0,1805,0,0.000000,16384,1609,56695,4,1.000000,0.000000
22011,23474241398,1103127,0,0,1735,0,0.000000,16384,1515,103127,4,1.000000,0.000000
22012,23475302413,1061015,0,0,1698,0,0.000000,16384,1535,61015,4,1.000000,0.000000
22013,23476359579,1057166,0,0,1808,0,0.000000,16384,1631,57166,4,1.000000,0.000000
22014,23477415164,1055585,0,0,1814,0,0.000000,16384,1594,55585,4,1.000000,0.000000
22015,23478472474,1057310,0,0,1755,0,0.000000,16384,1545,57310,4,1.000000,0.000000
22016,23479529309,1056835,0,0,1713,0,0.000000,16384,1558,56835,4,1.000000,0.000000
22017,23480586822,1057513,0,0,1815,0,0.000000,16384,1616,57513,4,1.000000,0.000000
22018,23481642854,1056032,0,0,1812,0,0.000000,16384,1592,56032,4,1.000000,0.000000
22019,23482678093,1035239,0,0,1503,0,0.000000,16384,1364,35239,4,1.000000,0.000000
22020,23483736927,1058834,0,0,1663,0,0.000000,16384,1466,58834,4,1.000000,0.000000
22021,23484821426,1084499,0,0,1707,0,0.000000,16384,1510,84499,4,1.000000,0.000000
22022,23485879160,1057734,0,0,1595,0,0.000000,16384,1452,57734,4,1.000000,0.000000
22023,23486937211,1058051,0,0,1796,0,0.000000,16384,1576,58051,4,1.000000,0.000000
22024,23487994528,1057317,0,0,1777,0,0.000000,16384,1575,57317,4,1.000000,0.000000
22025,23489050898,1056370,0,0,1695,0,0.000000,16384,1543,56370,4,1.000000,0.000000
22026,23490139722,1088824,0,0,1740,0,0.000000,16384,1533,88824,4,1.000000,0.000000
22027,23491207029,1067307,0,0,1586,0,0.000000,16384,1409,67307,4,1.000000,0.000000
22028,23492267766,1060737,0,0,1658,0,0.000000,16384,1496,60737,4,1.000000,0.000000
22029,23493326195,1058429,0,0,1658,0,0.000000,16384,1437,58429,4,1.000000,0.000000
22030,23494384481,1058286,0,0,1660,0,0.000000,16384,1515,58286,4,1.000000,0.000000
22031,23495458191,1073710,0,0,1668,0,0.000000,16384,1475,73710,4,1.000000,0.000000
22032,23496519928,1061737,0,0,1685,0,0.000000,16384,1489,61737,4,1.000000,0.000000
22033,23497584005,1064077,0,0,1732,0,0.000000,16384,1572,64077,4,1.000000,0.000000
22034,23498650543,1066538,0,0,1521,0,0.000000,16384,1320,66538,4,1.000000,0.000000
22035,23499676430,1025887,0,0,1600,0,0.000000,16384,1458,25887,4,1.000000,0.000000
22036,23500738584,1062154,0,0,1654,0,0.000000,16384,1460,62154,4,1.000000,0.000000
22037,23501800948,1062364,0,0,1659,0,0.000000,16384,1470,62364,4,1.000000,0.000000
22038,23502861443,1060495,0,0,1550,0,0.000000,16384,1399,60495,4,1.000000,0.000000
22039,23503920908,1059465,0,0,1638,0,0.000000,16384,1433,59465,4,1.000000,0.000000
22040,23504979158,1058250,0,0,1658,0,0.000000,16384,1513,58250,4,1.000000,0.000000
22041,23506058303,1079145,0,0,1613,0,0.000000,16384,1406,79145,4,1.000000,0.000000
22042,23507121260,1062957,0,0,1623,0,0.000000,16384,1465,62957,4,1.000000,0.000000
22043,23508181354,1060094,0,0,1476,0,0.000000,16384,1299,60094,4,1.000000,0.000000
22044,23509243352,1061998,0,0,1640,0,0.000000,16384,1474,61998,4,1.000000,0.000000
22045,23510303332,1059980,0,0,1649,0,0.000000,16384,1475,59980,4,1.000000,0.000000
22046,23511362854,1059522,0,0,1619,0,0.000000,16384,1420,59522,4,1.000000,0.000000
22047,23512425270,1062416,0,0,1541,0,0.000000,16384,1404,62416,4,1.000000,0.000000
22048,23513485507,1060237,0,0,1634,0,0.000000,16384,1416,60237,4,1.000000,0.000000
22049,23514542717,1057210,0,0,1660,0,0.000000,16384,1516,57210,4,1.000000,0.000000
22050,23515598925,1056208,0,0,1656,0,0.000000,16384,1462,56208,4,1.000000,0.000000
22051,23516672930,1074005,0,0,1678,0,0.000000,16384,1486,74005,4,1.000000,0.000000
22052,23517734651,1061721,0,0,1656,0,0.000000,16384,1508,61721,4,1.000000,0.000000
22053,23518793107,1058456,0,0,1657,0,0.000000,16384,1437,58456,4,1.000000,0.000000
22054,23519856909,1063802,0,0,1646,0,0.000000,16384,1491,63802,4,1.000000,0.000000
22055,23520920329,1063420,0,0,1585,0,0.000000,16384,1404,63420,4,1.000000,0.000000
22056,23521979075,1058746,0,0,1478,0,0.000000,16384,1326,58746,4,1.000000,0.000000
22057,23523038679,1059604,0,0,1654,0,0.000000,16384,1466,59604,4,1.000000,0.000000
22058,23524098615,1059936,0,0,1642,0,0.000000,16384,1452,59936,4,1.000000,0.000000
22059,23525157631,1059016,0,0,1555,0,0.000000,16384,1409,59016,4,1.000000,0.000000
22060,23526215858,1058227,0,0,1608,0,0.000000,16384,1403,58227,4,1.000000,0.000000
22061,23527287988,1072130,0,0,1684,0,0.000000,16384,1534,72130,4,1.000000,0.000000
22062,23528351061,1063073,0,0,1581,0,0.000000,16384,1380,63073,4,1.000000,0.000000
22063,23529412076,1061015,0,0,1561,0,0.000000,16384,1414,61015,4,1.000000,0.000000
22064,23530470206,1058130,0,0,1635,0,0.000000,16384,1446,58130,4,1.000000,0.000000
22065,23531530577,1060371,0,0,1569,0,0.000000,16384,1398,60371,4,1.000000,0.000000
22066,23532590098,1059521,0,0,1650,0,0.000000,16384,1481,59521,4,1.000000,0.000000
22067,23533648197,1058099,0,0,1627,0,0.000000,16384,1422,58099,4,1.000000,0.000000
22068,23534670685,1022488,0,0,1602,0,0.000000,16384,1470,22488,4,1.000000,0.000000
22069,23535733007,1062322,0,0,1639,0,0.000000,16384,1419,62322,4,1.000000,0.000000
22070,23536798122,1065115,0,0,1500,0,0.000000,16384,1372,65115,4,1.000000,0.000000
22071,23537890951,1092829,0,0,1583,0,0.000000,16384,1376,92829,4,1.000000,0.000000
22072,23538953235,1062284,0,0,1517,0,0.000000,16384,1384,62284,4,1.000000,0.000000
22073,23540014092,1060857,0,0,1560,0,0.000000,16384,1357,60857,4,1.000000,0.000000
22074,23541071682,1057590,0,0,1558,0,0.000000,16384,1419,57590,4,1.000000,0.000000
22075,23542130602,1058920,0,0,1553,0,0.000000,16384,1356,58920,4,1.000000,0.000000
22076,23543191756,1061154,0,0,1555,0,0.000000,16384,1411,61154,4,1.000000,0.000000
22077,23544254382,1062626,0,0,1491,0,0.000000,16384,1299,62626,4,1.000000,0.000000
22078,23545316318,1061936,0,0,1559,0,0.000000,16384,1422,61936,4,1.000000,0.000000
22079,23546374905,1058587,0,0,1559,0,0.000000,16384,1360,58587,4,1.000000,0.000000
22080,23547431597,1056692,0,0,1558,0,0.000000,16384,1414,56692,4,1.000000,0.000000
22081,23548530855,1099258,0,0,1468,0,0.000000,16384,1276,99258,4,1.000000,0.000000
22082,23549595659,1064804,0,0,1638,0,0.000000,16384,1490,64804,4,1.000000,0.000000
22083,23550660663,1065004,0,0,1543,0,0.000000,16384,1355,65004,4,1.000000,0.000000
22084,23551706993,1046330,0,0,1605,0,0.000000,16384,1444,46330,4,1.000000,0.000000
22085,23552921413,1214420,0,0,1669,0,0.000000,16384,1490,214420,4,1.000000,0.000000
22086,23553982852,1061439,0,0,1525,0,0.000000,16384,1346,61439,4,1.000000,0.000000
22087,23555043072,1060220,0,0,1525,0,0.000000,16384,1368,60220,4,1.000000,0.000000
22088,23556105856,1062784,0,0,1522,0,0.000000,16384,1350,62784,4,1.000000,0.000000
22089,23557172236,1066380,0,0,1539,0,0.000000,16384,1374,66380,4,1.000000,0.000000
22090,23558235862,1063626,0,0,1564,0,0.000000,16384,1389,63626,4,1.000000,0.000000
22091,23559317803,1081941,0,0,1646,0,0.000000,16384,1486,81941,4,1.000000,0.000000
22092,23560459839,1142036,0,0,1636,0,0.000000,16384,1421,142036,4,1.000000,0.000000
22093,23561522937,1063098,0,0,1561,0,0.000000,16384,1436,63098,4,1.000000,0.000000
22094,23562586840,1063903,0,0,1551,0,0.000000,16384,1335,63903,4,1.000000,0.000000
22095,23563648951,1062111,0,0,1562,0,0.000000,16384,1436,62111,4,1.000000,0.000000
22096,23564675604,1026653,0,0,1488,0,0.000000,16384,1284,26653,4,1.000000,0.000000
22097,23565734070,1058466,0,0,1560,0,0.000000,16384,1436,58466,4,1.000000,0.000000
22098,23566790708,1056638,0,0,1554,0,0.000000,16384,1336,56638,4,1.000000,0.000000
22099,23567895824,1105116,0,0,1608,0,0.000000,16384,1474,105116,4,1.000000,0.000000
22100,23568961409,1065585,0,0,1515,0,0.000000,16384,1313,65585,4,1.000000,0.000000
22101,23570044568,1083159,0,0,1658,0,0.000000,16384,1506,83159,4,1.000000,0.000000
22102,23571108337,1063769,0,0,1548,0,0.000000,16384,1363,63769,4,1.000000,0.000000
22103,23572174655,1066318,0,0,1509,0,0.000000,16384,1363,66318,4,1.000000,0.000000
22104,23573234248,1059593,0,0,1553,0,0.000000,16384,1364,59593,4,1.000000,0.000000
22105,23574292935,1058687,0,0,1560,0,0.000000,16384,1407,58687,4,1.000000,0.000000
22106,23575351575,1058640,0,0,1558,0,0.000000,16384,1375,58640,4,1.000000,0.000000
22107,23576416455,1064880,0,0,1478,0,0.000000,16384,1335,64880,4,1.000000,0.000000
22108,23577480082,1063627,0,0,1523,0,0.000000,16384,1329,63627,4,1.000000,0.000000
22109,23578539914,1059832,0,0,1560,0,0.000000,16384,1418,59832,4,1.000000,0.000000
22110,23579596984,1057070,0,0,1547,0,0.000000,16384,1354,57070,4,1.000000,0.000000
22111,23580676423,1079439,0,0,1562,0,0.000000,16384,1414,79439,4,1.000000,0.000000
22112,23581736106,1059683,0,0,1559,0,0.000000,16384,1371,59683,4,1.000000,0.000000
22113,23582794436,1058330,0,0,1553,0,0.000000,16384,1400,58330,4,1.000000,0.000000
22114,23583858352,1063916,0,0,1549,0,0.000000,16384,1366,63916,4,1.000000,0.000000
22115,23584923013,1064661,0,0,1512,0,0.000000,16384,1363,64661,4,1.000000,0.000000
22116,23585984056,1061043,0,0,1558,0,0.000000,16384,1371,61043,4,1.000000,0.000000
22117,23587042459,1058403,0,0,1555,0,0.000000,16384,1400,58403,4,1.000000,0.000000
22118,23588105010,1062551,0,0,1554,0,0.000000,16384,1372,62551,4,1.000000,0.000000
22119,23589163518,1058508,0,0,1553,0,0.000000,16384,1395,58508,4,1.000000,0.000000
22120,23590226806,1063288,0,0,1491,0,0.000000,16384,1314,63288,4,1.000000,0.000000
22121,23591320355,1093549,0,0,1569,0,0.000000,16384,1415,93549,4,1.000000,0.000000
22122,23592381381,1061026,0,0,1537,0,0.000000,16384,1355,61026,4,1.000000,0.000000
22123,23593443883,1062502,0,0,1478,0,0.000000,16384,1337,62502,4,1.000000,0.000000
22124,23594506411,1062528,0,0,1523,0,0.000000,16384,1328,62528,4,1.000000,0.000000
22125,23595567567,1061156,0,0,1514,0,0.000000,16384,1383,61156,4,1.000000,0.000000
22126,23596629988,1062421,0,0,1515,0,0.000000,16384,1310,62421,4,1.000000,0.000000
22127,23597677050,1047062,0,0,1499,0,0.000000,16384,1383,47062,4,1.000000,0.000000
22128,23598741268,1064218,0,0,1420,0,0.000000,16384,1228,64218,4,1.000000,0.000000
22129,23599807359,1066091,0,0,1535,0,0.000000,16384,1391,66091,4,1.000000,0.000000
22130,23600874480,1067121,0,0,1530,0,0.000000,16384,1342,67121,4,1.000000,0.000000
22131,23601967823,1093343,0,0,1580,0,0.000000,16384,1432,93343,4,1.000000,0.000000
22132,23603032508,1064685,0,0,1517,0,0.000000,16384,1327,64685,4,1.000000,0.000000
22133,23604097205,1064697,0,0,1499,0,0.000000,16384,1353,64697,4,1.000000,0.000000
22134,23605157083,1059878,0,0,1527,0,0.000000,16384,1348,59878,4,1.000000,0.000000
22135,23606223704,1066621,0,0,1487,0,0.000000,16384,1330,66621,4,1.000000,0.000000
22136,23607289430,1065726,0,0,1504,0,0.000000,16384,1344,65726,4,1.000000,0.000000
22137,23608351218,1061788,0,0,1532,0,0.000000,16384,1360,61788,4,1.000000,0.000000
22138,23609418599,1067381,0,0,1521,0,0.000000,16384,1363,67381,4,1.000000,0.000000
22139,23610481674,1063075,0,0,1535,0,0.000000,16384,1357,63075,4,1.000000,0.000000
22140,23611544775,1063101,0,0,1508,0,0.000000,16384,1357,63101,4,1.000000,0.000000
22141,23612630263,1085488,0,0,1562,0,0.000000,16384,1377,85488,4,1.000000,0.000000
22142,23613796025,1165762,0,0,1646,0,0.000000,16384,1471,165762,4,1.000000,0.000000
22143,23614887359,1091334,0,0,1432,0,0.000000,16384,1271,91334,4,1.000000,0.000000
22144,23615956626,1069267,0,0,1502,0,0.000000,16384,1357,69267,4,1.000000,0.000000
22145,23617020406,1063780,0,0,1520,0,0.000000,16384,1329,63780,4,1.000000,0.000000
22146,23618079573,1059167,0,0,1500,0,0.000000,16384,1368,59167,4,1.000000,0.000000
22147,23619142367,1062794,0,0,1528,0,0.000000,16384,1324,62794,4,1.000000,0.000000
22148,23620204392,1062025,0,0,1529,0,0.000000,16384,1403,62025,4,1.000000,0.000000
22149,23621265720,1061328,0,0,1526,0,0.000000,16384,1316,61328,4,1.000000,0.000000
22150,23622335937,1070217,0,0,1484,0,0.000000,16384,1368,70217,4,1.000000,0.000000
22151,23623430229,1094292,0,0,1548,0,0.000000,16384,1336,94292,4,1.000000,0.000000
22152,23624491864,1061635,0,0,1530,0,0.000000,16384,1405,61635,4,1.000000,0.000000
22153,23625555017,1063153,0,0,1524,0,0.000000,16384,1319,63153,4,1.000000,0.000000
22154,23626617839,1062822,0,0,1534,0,0.000000,16384,1404,62822,4,1.000000,0.000000
22155,23627676518,1058679,0,0,1518,0,0.000000,16384,1318,58679,4,1.000000,0.000000
22156,23628737770,1061252,0,0,1527,0,0.000000,16384,1391,61252,4,1.000000,0.000000
22157,23629805613,1067843,0,0,1513,0,0.000000,16384,1323,67843,4,1.000000,0.000000
22158,23630899402,1093789,0,0,1474,0,0.000000,16384,1328,93789,4,1.000000,0.000000
22159,23631968180,1068778,0,0,1479,0,0.000000,16384,1315,68778,4,1.000000,0.000000
22160,23633039328,1071148,0,0,1422,0,0.000000,16384,1254,71148,4,1.000000,0.000000
22161,23634139759,1100431,0,0,1560,0,0.000000,16384,1412,100431,4,1.000000,0.000000
22162,23635204728,1064969,0,0,1531,0,0.000000,16384,1343,64969,4,1.000000,0.000000
22163,23636264434,1059706,0,0,1522,0,0.000000,16384,1380,59706,4,1.000000,0.000000
22164,23637326884,1062450,0,0,1527,0,0.000000,16384,1333,62450,4,1.000000,0.000000
22165,23638416664,1089780,0,0,1513,0,0.000000,16384,1379,89780,4,1.000000,0.000000
22166,23639485271,1068607,0,0,1462,0,0.000000,16384,1264,68607,4,1.000000,0.000000
22167,23640550475,1065204,0,0,1535,0,0.000000,16384,1415,65204,4,1.000000,0.000000
22168,23641614248,1063773,0,0,1524,0,0.000000,16384,1313,63773,4,1.000000,0.000000
22169,23642682753,1068505,0,0,1518,0,0.000000,16384,1393,68505,4,1.000000,0.000000
22170,23643744266,1061513,0,0,1509,0,0.000000,16384,1310,61513,4,1.000000,0.000000
22171,23644847204,1102938,0,0,1562,0,0.000000,16384,1425,102938,4,1.000000,0.000000
22172,23645914024,1066820,0,0,1511,0,0.000000,16384,1314,66820,4,1.000000,0.000000
22173,23646991639,1077615,0,0,1468,0,0.000000,16384,1329,77615,4,1.000000,0.000000
22174,23648066661,1075022,0,0,1437,0,0.000000,16384,1276,75022,4,1.000000,0.000000
22175,23649134075,1067414,0,0,1493,0,0.000000,16384,1322,67414,4,1.000000,0.000000
22176,23650193045,1058970,0,0,1527,0,0.000000,16384,1375,58970,4,1.000000,0.000000
22177,23651260308,1067263,0,0,1525,0,0.000000,16384,1341,67263,4,1.000000,0.000000
22178,23652324563,1064255,0,0,1504,0,0.000000,16384,1363,64255,4,1.000000,0.000000
22179,23653387336,1062773,0,0,1530,0,0.000000,16384,1335,62773,4,1.000000,0.000000
22180,23654501163,1113827,0,0,1542,0,0.000000,16384,1402,113827,4,1.000000,0.000000
22181,23655591152,1089989,0,0,1551,0,0.000000,16384,1355,89989,4,1.000000,0.000000
22182,23656655756,1064604,0,0,1519,0,0.000000,16384,1383,64604,4,1.000000,0.000000
22183,23657682560,1026804,0,0,1447,0,0.000000,16384,1251,26804,4,1.000000,0.000000
22184,23658745218,1062658,0,0,1522,0,0.000000,16384,1402,62658,4,1.000000,0.000000
22185,23659810684,1065466,0,0,1516,0,0.000000,16384,1309,65466,4,1.000000,0.000000
22186,23660876827,1066143,0,0,1465,0,0.000000,16384,1336,66143,4,1.000000,0.000000
22187,23661939092,1062265,0,0,1531,0,0.000000,16384,1342,62265,4,1.000000,0.000000
22188,23663018495,1079403,0,0,1531,0,0.000000,16384,1384,79403,4,1.000000,0.000000
22189,23664096215,1077720,0,0,1439,0,0.000000,16384,1273,77720,4,1.000000,0.000000
22190,23665163533,1067318,0,0,1506,0,0.000000,16384,1340,67318,4,1.000000,0.000000
22191,23666233863,1070330,0,0,1543,0,0.000000,16384,1380,70330,4,1.000000,0.000000
22192,23667298471,1064608,0,0,1533,0,0.000000,16384,1360,64608,4,1.000000,0.000000
22193,23668365851,1067380,0,0,1486,0,0.000000,16384,1336,67380,4,1.000000,0.000000
22194,23669430447,1064596,0,0,1488,0,0.000000,16384,1302,64596,4,1.000000,0.000000
22195,23670494225,1063778,0,0,1537,0,0.000000,16384,1398,63778,4,1.000000,0.000000
22196,23671560797,1066572,0,0,1487,0,0.000000,16384,1290,66572,4,1.000000,0.000000
22197,23672625781,1064984,0,0,1536,0,0.000000,16384,1410,64984,4,1.000000,0.000000
22198,23673674645,1048864,0,0,1494,0,0.000000,16384,1288,48864,4,1.000000,0.000000
22199,23674734661,1060016,0,0,1524,0,0.000000,16384,1306,60016,4,1.000000,0.000000
22200,23675796115,1061454,0,0,1516,0,0.000000,16384,1391,61454,4,1.000000,0.000000
22201,23676890208,1094093,0,0,1508,0,0.000000,16384,1309,94093,4,1.000000,0.000000
22202,23677954333,1064125,0,0,1536,0,0.000000,16384,1400,64125,4,1.000000,0.000000
22203,23679016670,1062337,0,0,1477,0,0.000000,16384,1292,62337,4,1.000000,0.000000
22204,23680079723,1063053,0,0,1532,0,0.000000,16384,1381,63053,4,1.000000,0.000000
22205,23681140164,1060441,0,0,1530,0,0.000000,16384,1349,60441,4,1.000000,0.000000
22206,23682198700,1058536,0,0,1516,0,0.000000,16384,1361,58536,4,1.000000,0.000000
22207,23683264999,1066299,0,0,1522,0,0.000000,16384,1350,66299,4,1.000000,0.000000
22208,23684332889,1067890,0,0,1473,0,0.000000,16384,1313,67890,4,1.000000,0.000000
22209,23685397896,1065007,0,0,1503,0,0.000000,16384,1349,65007,4,1.000000,0.000000
22210,23686461714,1063818,0,0,1522,0,0.000000,16384,1340,63818,4,1.000000,0.000000
22211,23687541192,1079478,0,0,1555,0,0.000000,16384,1402,79478,4,1.000000,0.000000
22212,23688602689,1061497,0,0,1524,0,0.000000,16384,1341,61497,4,1.000000,0.000000
22213,23689669761,1067072,0,0,1528,0,0.000000,16384,1382,67072,4,1.000000,0.000000
22214,23690731536,1061775,0,0,1529,0,0.000000,16384,1339,61775,4,1.000000,0.000000
22215,23691808766,1077230,0,0,1515,0,0.000000,16384,1377,77230,4,1.000000,0.000000
22216,23692874651,1065885,0,0,1463,0,0.000000,16384,1265,65885,4,1.000000,0.000000
22217,23693939014,1064363,0,0,1532,0,0.000000,16384,1411,64363,4,1.000000,0.000000
22218,23694999782,1060768,0,0,1526,0,0.000000,16384,1314,60768,4,1.000000,0.000000
22219,23696065771,1065989,0,0,1519,0,0.000000,16384,1400,65989,4,1.000000,0.000000
22220,23697129924,1064153,0,0,1532,0,0.000000,16384,1322,64153,4,1.000000,0.000000
22221,23698233070,1103146,0,0,1559,0,0.000000,16384,1433,103146,4,1.000000,0.000000
22222,23699298595,1065525,0,0,1533,0,0.000000,16384,1322,65525,4,1.000000,0.000000
22223,23700454566,1155971,0,0,1551,0,0.000000,16384,1426,155971,4,1.000000,0.000000
22224,23701528649,1074083,0,0,1352,0,0.000000,16384,1177,74083,4,1.000000,0.000000
22225,23702597833,1069184,0,0,1560,0,0.000000,16384,1399,69184,4,1.000000,0.000000
22226,23703659588,1061755,0,0,1548,0,0.000000,16384,1367,61755,4,1.000000,0.000000
22227,23704673736,1014148,0,0,1483,0,0.000000,16384,1328,14148,4,1.000000,0.000000
22228,23705706461,1032725,0,0,1611,0,0.000000,16384,1429,32725,4,1.000000,0.000000
22229,23706771775,1065314,0,0,1660,0,0.000000,16384,1506,65314,4,1.000000,0.000000
22230,23707836561,1064786,0,0,1640,0,0.000000,16384,1420,64786,4,1.000000,0.000000
22231,23708924080,1087519,0,0,1521,0,0.000000,16384,1399,87519,4,1.000000,0.000000
22232,23709990761,1066681,0,0,1526,0,0.000000,16384,1314,66681,4,1.000000,0.000000
22233,23711053265,1062504,0,0,1528,0,0.000000,16384,1410,62504,4,1.000000,0.000000
22234,23712116320,1063055,0,0,1527,0,0.000000,16384,1315,63055,4,1.000000,0.000000
22235,23713177679,1061359,0,0,1539,0,0.000000,16384,1415,61359,4,1.000000,0.000000
22236,23714236822,1059143,0,0,1541,0,0.000000,16384,1330,59143,4,1.000000,0.000000
22237,23715296318,1059496,0,0,1547,0,0.000000,16384,1422,59496,4,1.000000,0.000000
22238,23716358698,1062380,0,0,1461,0,0.000000,16384,1265,62380,4,1.000000,0.000000
22239,23717421947,1063249,0,0,1532,0,0.000000,16384,1392,63249,4,1.000000,0.000000
22240,23718482053,1060106,0,0,1547,0,0.000000,16384,1352,60106,4,1.000000,0.000000
22241,23719564427,1082374,0,0,1579,0,0.000000,16384,1438,82374,4,1.000000,0.000000
22242,23720622613,1058186,0,0,1543,0,0.000000,16384,1341,58186,4,1.000000,0.000000
22243,23721793622,1171009,0,0,1703,0,0.000000,16384,1549,171009,4,1.000000,0.000000
22244,23722853108,1059486,0,0,1529,0,0.000000,16384,1329,59486,4,1.000000,0.000000
22245,23723914023,1060915,0,0,1495,0,0.000000,16384,1371,60915,4,1.000000,0.000000
22246,23724977633,1063610,0,0,1452,0,0.000000,16384,1255,63610,4,1.000000,0.000000
22247,23726038821,1061188,0,0,1549,0,0.000000,16384,1418,61188,4,1.000000,0.000000
22248,23727095760,1056939,0,0,1544,0,0.000000,16384,1338,56939,4,1.000000,0.000000
22249,23728154491,1058731,0,0,1547,0,0.000000,16384,1417,58731,4,1.000000,0.000000
22250,23729213623,1059132,0,0,1542,0,0.000000,16384,1335,59132,4,1.000000,0.000000
22251,23730295865,1082242,0,0,1520,0,0.000000,16384,1391,82242,4,1.000000,0.000000
22252,23731357760,1061895,0,0,1540,0,0.000000,16384,1337,61895,4,1.000000,0.000000
22253,23732418000,1060240,0,0,1539,0,0.000000,16384,1406,60240,4,1.000000,0.000000
22254,23733475967,1057967,0,0,1549,0,0.000000,16384,1346,57967,4,1.000000,0.000000
22255,23734535485,1059518,0,0,1551,0,0.000000,16384,1418,59518,4,1.000000,0.000000
22256,23735594242,1058757,0,0,1530,0,0.000000,16384,1327,58757,4,1.000000,0.000000
22257,23736654521,1060279,0,0,1518,0,0.000000,16384,1385,60279,4,1.000000,0.000000
22258,23737675017,1020496,0,0,1455,0,0.000000,16384,1274,20496,4,1.000000,0.000000
22259,23738735894,1060877,0,0,1454,0,0.000000,16384,1303,60877,4,1.000000,0.000000
22260,23739799854,1063960,0,0,1485,0,0.000000,16384,1329,63960,4,1.000000,0.000000
22261,23740896520,1096666,0,0,1598,0,0.000000,16384,1418,96666,4,1.000000,0.000000
22262,23741955624,1059104,0,0,1535,0,0.000000,16384,1369,59104,4,1.000000,0.000000
22263,23743016089,1060465,0,0,1533,0,0.000000,16384,1363,60465,4,1.000000,0.000000
22264,23744075970,1059881,0,0,1547,0,0.000000,16384,1382,59881,4,1.000000,0.000000
22265,23745134258,1058288,0,0,1556,0,0.000000,16384,1385,58288,4,1.000000,0.000000
22266,23746194480,1060222,0,0,1505,0,0.000000,16384,1345,60222,4,1.000000,0.000000
22267,23747256395,1061915,0,0,1531,0,0.000000,16384,1355,61915,4,1.000000,0.000000
22268,23748316889,1060494,0,0,1561,0,0.000000,16384,1399,60494,4,1.000000,0.000000
22269,23749375118,1058229,0,0,1535,0,0.000000,16384,1361,58229,4,1.000000,0.000000
22270,23750438596,1063478,0,0,1517,0,0.000000,16384,1362,63478,4,1.000000,0.000000
22271,23751526962,1088366,0,0,1524,0,0.000000,16384,1343,88366,4,1.000000,0.000000
22272,23752589701,1062739,0,0,1530,0,0.000000,16384,1381,62739,4,1.000000,0.000000
22273,23753651016,1061315,0,0,1553,0,0.000000,16384,1366,61315,4,1.000000,0.000000
22274,23754689737,1038721,0,0,1441,0,0.000000,16384,1310,38721,4,1.000000,0.000000
22275,23755750798,1061061,0,0,1557,0,0.000000,16384,1352,61061,4,1.000000,0.000000
22276,23756811444,1060646,0,0,1558,0,0.000000,16384,1421,60646,4,1.000000,0.000000
22277,23757869767,1058323,0,0,1553,0,0.000000,16384,1354,58323,4,1.000000,0.000000
22278,23758926870,1057103,0,0,1547,0,0.000000,16384,1406,57103,4,1.000000,0.000000
22279,23759988706,1061836,0,0,1543,0,0.000000,16384,1348,61836,4,1.000000,0.000000
22280,23761049359,1060653,0,0,1498,0,0.000000,16384,1366,60653,4,1.000000,0.000000
22281,23762144553,1095194,0,0,1563,0,0.000000,16384,1359,95194,4,1.000000,0.000000
22282,23763210945,1066392,0,0,1508,0,0.000000,16384,1379,66392,4,1.000000,0.000000
22283,23764283317,1072372,0,0,1357,0,0.000000,16384,1179,72372,4,1.000000,0.000000
22284,23765684240,1400923,0,0,1875,0,0.000000,16384,1687,400923,4,1.000000,0.000000
22285,23766760494,1076254,0,0,1430,0,0.000000,16384,1253,76254,4,1.000000,0.000000
22286,23767838822,1078328,0,0,1433,0,0.000000,16384,1316,78328,4,1.000000,0.000000
22287,23768918084,1079262,0,0,1450,0,0.000000,16384,1256,79262,4,1.000000,0.000000
22288,23770223879,1305795,0,0,1743,0,0.000000,16384,1581,305795,4,1.000000,0.000000
22289,23771311956,1088077,0,0,1473,0,0.000000,16384,1274,88077,4,1.000000,0.000000
22290,23772380966,1069010,0,0,1427,0,0.000000,16384,1311,69010,4,1.000000,0.000000
22291,23773494653,1113687,0,0,1537,0,0.000000,16384,1339,113687,4,1.000000,0.000000
22292,23774564905,1070252,0,0,1371,0,0.000000,16384,1237,70252,4,1.000000,0.000000
22293,23775606340,1041435,0,0,1459,0,0.000000,16384,1308,41435,4,1.000000,0.000000
22294,23776686326,1079986,0,0,1508,0,0.000000,16384,1323,79986,4,1.000000,0.000000
22295,23778013271,1326945,0,0,1871,0,0.000000,16384,1661,326945,4,1.000000,0.000000
22296,23779078411,1065140,0,0,1519,0,0.000000,16384,1389,65140,4,1.000000,0.000000
22297,23780142348,1063937,0,0,1637,0,0.000000,16384,1417,63937,4,1.000000,0.000000
22298,23781195282,1052934,0,0,1533,0,0.000000,16384,1415,52934,4,1.000000,0.000000
22299,23782272792,1077510,0,0,1440,0,0.000000,16384,1244,77510,4,1.000000,0.000000
22300,23783341953,1069161,0,0,1596,0,0.000000,16384,1458,69161,4,1.000000,0.000000
22301,23784430041,1088088,0,0,1672,0,0.000000,16384,1452,88088,4,1.000000,0.000000
22302,23785490137,1060096,0,0,1636,0,0.000000,16384,1480,60096,4,1.000000,0.000000
22303,23786609136,1118999,0,0,1558,0,0.000000,16384,1378,118999,4,1.000000,0.000000
22304,23787685461,1076325,0,0,1483,0,0.000000,16384,1337,76325,4,1.000000,0.000000
22305,23788754573,1069112,0,0,1589,0,0.000000,16384,1399,69112,4,1.000000,0.000000
22306,23789818552,1063979,0,0,1605,0,0.000000,16384,1437,63979,4,1.000000,0.000000
22307,23790884137,1065585,0,0,1587,0,0.000000,16384,1415,65585,4,1.000000,0.000000
22308,23791943899,1059762,0,0,1547,0,0.000000,16384,1373,59762,4,1.000000,0.000000
22309,23793005211,1061312,0,0,1630,0,0.000000,16384,1468,61312,4,1.000000,0.000000
22310,23794127410,1122199,0,0,1654,0,0.000000,16384,1439,122199,4,1.000000,0.000000
22311,23795233712,1106302,0,0,1527,0,0.000000,16384,1406,106302,4,1.000000,0.000000
22312,23796297897,1064185,0,0,1591,0,0.000000,16384,1371,64185,4,1.000000,0.000000
22313,23798165369,1867472,0,0,2625,0,0.000000,16384,2380,867472,4,1.000000,0.000000
22314,23799234064,1068695,0,0,1619,0,0.000000,16384,1416,68695,4,1.000000,0.000000
22315,23800309297,1075233,0,0,1593,0,0.000000,16384,1433,75233,4,1.000000,0.000000
22316,23801378863,1069566,0,0,1502,0,0.000000,16384,1326,69566,4,1.000000,0.000000
22317,23802445963,1067100,0,0,1602,0,0.000000,16384,1439,67100,4,1.000000,0.000000
22318,23803512186,1066223,0,0,1530,0,0.000000,16384,1357,66223,4,1.000000,0.000000
22319,23804577170,1064984,0,0,1543,0,0.000000,16384,1382,64984,4,1.000000,0.000000
22320,23805637271,1060101,0,0,1624,0,0.000000,16384,1445,60101,4,1.000000,0.000000
22321,23806688594,1051323,0,0,1597,0,0.000000,16384,1413,51323,4,1.000000,0.000000
22322,23808052289,1363695,0,0,2036,0,0.000000,16384,1816,363695,4,1.000000,0.000000
22323,23809120017,1067728,0,0,1474,0,0.000000,16384,1320,67728,4,1.000000,0.000000
22324,23810184022,1064005,0,0,1533,0,0.000000,16384,1366,64005,4,1.000000,0.000000
22325,23811246498,1062476,0,0,1527,0,0.000000,16384,1360,62476,4,1.000000,0.000000
22326,23812308432,1061934,0,0,1588,0,0.000000,16384,1413,61934,4,1.000000,0.000000
22327,23813370633,1062201,0,0,1624,0,0.000000,16384,1459,62201,4,1.000000,0.000000
22328,23814434250,1063617,0,0,1550,0,0.000000,16384,1361,63617,4,1.000000,0.000000
22329,23815497301,1063051,0,0,1507,0,0.000000,16384,1360,63051,4,1.000000,0.000000
22330,23816634548,1137247,0,0,1615,0,0.000000,16384,1419,137247,4,1.000000,0.000000
22331,23817732303,1097755,0,0,1530,0,0.000000,16384,1389,97755,4,1.000000,0.000000
22332,23818792403,1060100,0,0,1526,0,0.000000,16384,1336,60100,4,1.000000,0.000000
22333,23819856597,1064194,0,0,1633,0,0.000000,16384,1488,64194,4,1.000000,0.000000
22334,23820918386,1061789,0,0,1628,0,0.000000,16384,1408,61789,4,1.000000,0.000000
22335,23821979842,1061456,0,0,1604,0,0.000000,16384,1464,61456,4,1.000000,0.000000
22336,23823040995,1061153,0,0,1522,0,0.000000,16384,1326,61153,4,1.000000,0.000000
22337,23824156797,1115802,0,0,1614,0,0.000000,16384,1464,115802,4,1.000000,0.000000
22338,23825221238,1064441,0,0,1483,0,0.000000,16384,1297,64441,4,1.000000,0.000000
22339,23826285571,1064333,0,0,1590,0,0.000000,16384,1442,64333,4,1.000000,0.000000
22340,23827346930,1061359,0,0,1629,0,0.000000,16384,1441,61359,4,1.000000,0.000000
22341,23828426781,1079851,0,0,1639,0,0.000000,16384,1454,79851,4,1.000000,0.000000
22342,23829491270,1064489,0,0,1622,0,0.000000,16384,1467,64489,4,1.000000,0.000000
22343,23830553928,1062658,0,0,1635,0,0.000000,16384,1420,62658,4,1.000000,0.000000
22344,23831614894,1060966,0,0,1602,0,0.000000,16384,1468,60966,4,1.000000,0.000000
22345,23832683172,1068278,0,0,1488,0,0.000000,16384,1284,68278,4,1.000000,0.000000
22346,23833749126,1065954,0,0,1531,0,0.000000,16384,1412,65954,4,1.000000,0.000000
22347,23834810257,1061131,0,0,1525,0,0.000000,16384,1313,61131,4,1.000000,0.000000
22348,23835873465,1063208,0,0,1497,0,0.000000,16384,1372,63208,4,1.000000,0.000000
22349,23836936987,1063522,0,0,1524,0,0.000000,16384,1327,63522,4,1.000000,0.000000
22350,23837997020,1060033,0,0,1528,0,0.000000,16384,1389,60033,4,1.000000,0.000000
22351,23839084489,1087469,0,0,1561,0,0.000000,16384,1363,87469,4,1.000000,0.000000
22352,23840172223,1087734,0,0,1572,0,0.000000,16384,1435,87734,4,1.000000,0.000000
22353,23841273498,1101275,0,0,1480,0,0.000000,16384,1287,101275,4,1.000000,0.000000
22354,23842338932,1065434,0,0,1576,0,0.000000,16384,1433,65434,4,1.000000,0.000000
22355,23843403621,1064689,0,0,1541,0,0.000000,16384,1341,64689,4,1.000000,0.000000
22356,23844465645,1062024,0,0,1505,0,0.000000,16384,1369,62024,4,1.000000,0.000000
22357,23845529074,1063429,0,0,1605,0,0.000000,16384,1400,63429,4,1.000000,0.000000
22358,23846591115,1062041,0,0,1628,0,0.000000,16384,1490,62041,4,1.000000,0.000000
22359,23847656549,1065434,0,0,1627,0,0.000000,16384,1414,65434,4,1.000000,0.000000
22360,23848807057,1150508,0,0,1592,0,0.000000,16384,1442,150508,4,1.000000,0.000000
22361,23849921728,1114671,0,0,1560,0,0.000000,16384,1374,114671,4,1.000000,0.000000
22362,23851632055,1710327,0,0,2555,0,0.000000,16384,2292,710327,4,1.000000,0.000000
22363,23852677155,1045100,0,0,1591,0,0.000000,16384,1406,45100,4,1.000000,0.000000
22364,23853743908,1066753,0,0,1611,0,0.000000,16384,1437,66753,4,1.000000,0.000000
22365,23854810544,1066636,0,0,1523,0,0.000000,16384,1359,66636,4,1.000000,0.000000
22366,23855877818,1067274,0,0,1524,0,0.000000,16384,1359,67274,4,1.000000,0.000000
22367,23856944322,1066504,0,0,1485,0,0.000000,16384,1316,66504,4,1.000000,0.000000
22368,23858007806,1063484,0,0,1550,0,0.000000,16384,1392,63484,4,1.000000,0.000000
22369,23859149569,1141763,0,0,1632,0,0.000000,16384,1449,141763,4,1.000000,0.000000
22370,23860216068,1066499,0,0,1530,0,0.000000,16384,1362,66499,4,1.000000,0.000000
22371,23861302353,1086285,0,0,1624,0,0.000000,16384,1457,86285,4,1.000000,0.000000
22372,23862363004,1060651,0,0,1626,0,0.000000,16384,1423,60651,4,1.000000,0.000000
22373,23863423744,1060740,0,0,1627,0,0.000000,16384,1490,60740,4,1.000000,0.000000
22374,23864482342,1058598,0,0,1623,0,0.000000,16384,1407,58598,4,1.000000,0.000000
22375,23865548630,1066288,0,0,1635,0,0.000000,16384,1480,66288,4,1.000000,0.000000
22376,23866628914,1080284,0,0,1543,0,0.000000,16384,1362,80284,4,1.000000,0.000000
22377,23867683679,1054765,0,0,1488,0,0.000000,16384,1344,54765,4,1.000000,0.000000
22378,23868749003,1065324,0,0,1526,0,0.000000,16384,1334,65324,4,1.000000,0.000000
22379,23869815203,1066200,0,0,1532,0,0.000000,16384,1393,66200,4,1.000000,0.000000
22380,23870878318,1063115,0,0,1592,0,0.000000,16384,1394,63115,4,1.000000,0.000000
22381,23871998145,1119827,0,0,1619,0,0.000000,16384,1455,119827,4,1.000000,0.000000
22382,23873063988,1065843,0,0,1449,0,0.000000,16384,1278,65843,4,1.000000,0.000000
22383,23874130373,1066385,0,0,1528,0,0.000000,16384,1385,66385,4,1.000000,0.000000
22384,23875196581,1066208,0,0,1537,0,0.000000,16384,1344,66208,4,1.000000,0.000000
22385,23876261141,1064560,0,0,1557,0,0.000000,16384,1412,64560,4,1.000000,0.000000
22386,23877319536,1058395,0,0,1558,0,0.000000,16384,1367,58395,4,1.000000,0.000000
22387,23878399993,1080457,0,0,1566,0,0.000000,16384,1413,80457,4,1.000000,0.000000
22388,23879465297,1065304,0,0,1624,0,0.000000,16384,1440,65304,4,1.000000,0.000000
22389,23880525263,1059966,0,0,1667,0,0.000000,16384,1473,59966,4,1.000000,0.000000
22390,23881585322,1060059,0,0,1665,0,0.000000,16384,1520,60059,4,1.000000,0.000000
22391,23882670845,1085523,0,0,1430,0,0.000000,16384,1237,85523,4,1.000000,0.000000
22392,23883729899,1059054,0,0,1666,0,0.000000,16384,1521,59054,4,1.000000,0.000000
22393,23884789198,1059299,0,0,1576,0,0.000000,16384,1358,59299,4,1.000000,0.000000
22394,23885857705,1068507,0,0,1646,0,0.000000,16384,1500,68507,4,1.000000,0.000000
22395,23886920932,1063227,0,0,1522,0,0.000000,16384,1332,63227,4,1.000000,0.000000
22396,23887980467,1059535,0,0,1666,0,0.000000,16384,1499,59535,4,1.000000,0.000000
22397,23889038578,1058111,0,0,1628,0,0.000000,16384,1455,58111,4,1.000000,0.000000
22398,23890096508,1057930,0,0,1592,0,0.000000,16384,1402,57930,4,1.000000,0.000000
22399,23891154934,1058426,0,0,1663,0,0.000000,16384,1517,58426,4,1.000000,0.000000
22400,23892217166,1062232,0,0,1659,0,0.000000,16384,1439,62232,4,1.000000,0.000000
22401,23893296342,1079176,0,0,1690,0,0.000000,16384,1521,79176,4,1.000000,0.000000
22402,23894360912,1064570,0,0,1557,0,0.000000,16384,1386,64570,4,1.000000,0.000000
22403,23895426010,1065098,0,0,1543,0,0.000000,16384,1375,65098,4,1.000000,0.000000
22404,23896488301,1062291,0,0,1630,0,0.000000,16384,1462,62291,4,1.000000,0.000000
22405,23897549725,1061424,0,0,1620,0,0.000000,16384,1419,61424,4,1.000000,0.000000
22406,23898608691,1058966,0,0,1557,0,0.000000,16384,1422,58966,4,1.000000,0.000000
22407,23899675213,1066522,0,0,1656,0,0.000000,16384,1436,66522,4,1.000000,0.000000
22408,23900733297,1058084,0,0,1649,0,0.000000,16384,1499,58084,4,1.000000,0.000000
22409,23901792824,1059527,0,0,1639,0,0.000000,16384,1453,59527,4,1.000000,0.000000
22410,23902854326,1061502,0,0,1518,0,0.000000,16384,1354,61502,4,1.000000,0.000000
22411,23903948651,1094325,0,0,1676,0,0.000000,16384,1500,94325,4,1.000000,0.000000
22412,23905006916,1058265,0,0,1662,0,0.000000,16384,1451,58265,4,1.000000,0.000000
22413,23906068406,1061490,0,0,1616,0,0.000000,16384,1480,61490,4,1.000000,0.000000
22414,23907131472,1063066,0,0,1583,0,0.000000,16384,1374,63066,4,1.000000,0.000000
22415,23908191746,1060274,0,0,1644,0,0.000000,16384,1488,60274,4,1.000000,0.000000
22416,23909251138,1059392,0,0,1649,0,0.000000,16384,1465,59392,4,1.000000,0.000000
22417,23910321746,1070608,0,0,1564,0,0.000000,16384,1387,70608,4,1.000000,0.000000
22418,23911385746,1064000,0,0,1523,0,0.000000,16384,1364,64000,4,1.000000,0.000000
22419,23912444823,1059077,0,0,1621,0,0.000000,16384,1432,59077,4,1.000000,0.000000
22420,23913502365,1057542,0,0,1662,0,0.000000,16384,1515,57542,4,1.000000,0.000000
22421,23914579630,1077265,0,0,1593,0,0.000000,16384,1373,77265,4,1.000000,0.000000
22422,23915639919,1060289,0,0,1534,0,0.000000,16384,1311,60289,4,1.000000,0.000000
22423,23916677748,1037829,0,0,1525,0,0.000000,16384,1407,37829,4,1.000000,0.000000
22424,23917737112,1059364,0,0,1548,0,0.000000,16384,1330,59364,4,1.000000,0.000000
22425,23918799299,1062187,0,0,1492,0,0.000000,16384,1377,62187,4,1.000000,0.000000
22426,23919859342,1060043,0,0,1560,0,0.000000,16384,1347,60043,4,1.000000,0.000000
22427,23920916903,1057561,0,0,1555,0,0.000000,16384,1432,57561,4,1.000000,0.000000
22428,23921974196,1057293,0,0,1376,0,0.000000,16384,1194,57293,4,1.000000,0.000000
22429,23923034893,1060697,0,0,1548,0,0.000000,16384,1394,60697,4,1.000000,0.000000
22430,23924094272,1059379,0,0,1543,0,0.000000,16384,1359,59379,4,1.000000,0.000000
22431,23925170134,1075862,0,0,1584,0,0.000000,16384,1432,75862,4,1.000000,0.000000
22432,23926227844,1057710,0,0,1612,0,0.000000,16384,1406,57710,4,1.000000,0.000000
22433,23927284813,1056969,0,0,1659,0,0.000000,16384,1514,56969,4,1.000000,0.000000
22434,23928341609,1056796,0,0,1678,0,0.000000,16384,1473,56796,4,1.000000,0.000000
22435,23929400148,1058539,0,0,1613,0,0.000000,16384,1441,58539,4,1.000000,0.000000
22436,23930463209,1063061,0,0,1567,0,0.000000,16384,1399,63061,4,1.000000,0.000000
22437,23931523573,1060364,0,0,1642,0,0.000000,16384,1449,60364,4,1.000000,0.000000
22438,23932581234,1057661,0,0,1662,0,0.000000,16384,1518,57661,4,1.000000,0.000000
22439,23933637910,1056676,0,0,1651,0,0.000000,16384,1432,56676,4,1.000000,0.000000
22440,23934671827,1033917,0,0,1618,0,0.000000,16384,1463,33917,4,1.000000,0.000000
22441,23935750857,1079030,0,0,1383,0,0.000000,16384,1202,79030,4,1.000000,0.000000
22442,23936812526,1061669,0,0,1548,0,0.000000,16384,1423,61669,4,1.000000,0.000000
22443,23937872265,1059739,0,0,1542,0,0.000000,16384,1331,59739,4,1.000000,0.000000
22444,23938930647,1058382,0,0,1560,0,0.000000,16384,1432,58382,4,1.000000,0.000000
22445,23939989392,1058745,0,0,1584,0,0.000000,16384,1376,58745,4,1.000000,0.000000
22446,23941056412,1067020,0,0,1611,0,0.000000,16384,1460,67020,4,1.000000,0.000000
22447,23942120888,1064476,0,0,1527,0,0.000000,16384,1342,64476,4,1.000000,0.000000
22448,23943182090,1061202,0,0,1561,0,0.000000,16384,1410,61202,4,1.000000,0.000000
22449,23944240648,1058558,0,0,1558,0,0.000000,16384,1373,58558,4,1.000000,0.000000
22450,23945298321,1057673,0,0,1618,0,0.000000,16384,1448,57673,4,1.000000,0.000000
22451,23946421060,1122739,0,0,1640,0,0.000000,16384,1470,122739,4,1.000000,0.000000
22452,23947483016,1061956,0,0,1555,0,0.000000,16384,1367,61956,4,1.000000,0.000000
22453,23948543288,1060272,0,0,1561,0,0.000000,16384,1413,60272,4,1.000000,0.000000
22454,23949634666,1091378,0,0,1687,0,0.000000,16384,1467,91378,4,1.000000,0.000000
22455,23950702061,1067395,0,0,1650,0,0.000000,16384,1506,67395,4,1.000000,0.000000
22456,23951761789,1059728,0,0,1646,0,0.000000,16384,1454,59728,4,1.000000,0.000000
22457,23952819869,1058080,0,0,1658,0,0.000000,16384,1470,58080,4,1.000000,0.000000
22458,23953876364,1056495,0,0,1659,0,0.000000,16384,1507,56495,4,1.000000,0.000000
22459,23954933540,1057176,0,0,1638,0,0.000000,16384,1417,57176,4,1.000000,0.000000
22460,23955992446,1058906,0,0,1536,0,0.000000,16384,1411,58906,4,1.000000,0.000000
22461,23957082616,1090170,0,0,1617,0,0.000000,16384,1407,90170,4,1.000000,0.000000
22462,23958143106,1060490,0,0,1664,0,0.000000,16384,1498,60490,4,1.000000,0.000000
22463,23959201313,1058207,0,0,1652,0,0.000000,16384,1478,58207,4,1.000000,0.000000
22464,23960257203,1055890,0,0,1628,0,0.000000,16384,1427,55890,4,1.000000,0.000000
22465,23961314930,1057727,0,0,1660,0,0.000000,16384,1515,57727,4,1.000000,0.000000
22466,23962373033,1058103,0,0,1647,0,0.000000,16384,1437,58103,4,1.000000,0.000000
22467,23963429723,1056690,0,0,1658,0,0.000000,16384,1488,56690,4,1.000000,0.000000
22468,23964487370,1057647,0,0,1659,0,0.000000,16384,1488,57647,4,1.000000,0.000000
22469,23965544363,1056993,0,0,1663,0,0.000000,16384,1451,56993,4,1.000000,0.000000
22470,23966600265,1055902,0,0,1663,0,0.000000,16384,1517,55902,4,1.000000,0.000000
22471,23967669471,1069206,0,0,1677,0,0.000000,16384,1480,69206,4,1.000000,0.000000
22472,23968726707,1057236,0,0,1654,0,0.000000,16384,1466,57236,4,1.000000,0.000000
22473,23969783029,1056322,0,0,1774,0,0.000000,16384,1606,56322,4,1.000000,0.000000
22474,23970839001,1055972,0,0,1825,0,0.000000,16384,1617,55972,4,1.000000,0.000000
22475,23971895093,1056092,0,0,1734,0,0.000000,16384,1513,56092,4,1.000000,0.000000
22476,23972950882,1055789,0,0,1826,0,0.000000,16384,1646,55789,4,1.000000,0.000000
22477,23974006772,1055890,0,0,1825,0,0.000000,16384,1647,55890,4,1.000000,0.000000
22478,23975062726,1055954,0,0,1824,0,0.000000,16384,1619,55954,4,1.000000,0.000000
22479,23976121511,1058785,0,0,1719,0,0.000000,16384,1499,58785,4,1.000000,0.000000
22480,23977179840,1058329,0,0,1817,0,0.000000,16384,1638,58329,4,1.000000,0.000000
22481,23978244001,1064161,0,0,1836,0,0.000000,16384,1656,64161,4,1.000000,0.000000
22482,23979299891,1055890,0,0,1806,0,0.000000,16384,1601,55890,4,1.000000,0.000000
22483,23980356448,1056557,0,0,1824,0,0.000000,16384,1604,56557,4,1.000000,0.000000
22484,23981413031,1056583,0,0,1826,0,0.000000,16384,1628,56583,4,1.000000,0.000000
22485,23982478590,1065559,0,0,1587,0,0.000000,16384,1445,65559,4,1.000000,0.000000
22486,23983540384,1061794,0,0,1786,0,0.000000,16384,1566,61794,4,1.000000,0.000000
22487,23984598097,1057713,0,0,1688,0,0.000000,16384,1506,57713,4,1.000000,0.000000
22488,23985654372,1056275,0,0,1774,0,0.000000,16384,1606,56275,4,1.000000,0.000000
22489,23986672504,1018132,0,0,1706,0,0.000000,16384,1496,18132,4,1.000000,0.000000
22490,23987731941,1059437,0,0,1746,0,0.000000,16384,1547,59437,4,1.000000,0.000000
22491,23988802120,1070179,0,0,1671,0,0.000000,16384,1524,70179,4,1.000000,0.000000
22492,23989862208,1060088,0,0,1774,0,0.000000,16384,1560,60088,4,1.000000,0.000000
22493,23990920471,1058263,0,0,1782,0,0.000000,16384,1565,58263,4,1.000000,0.000000
22494,23991976733,1056262,0,0,1774,0,0.000000,16384,1607,56262,4,1.000000,0.000000
22495,23993037680,1060947,0,0,1656,0,0.000000,16384,1476,60947,4,1.000000,0.000000
22496,23994097138,1059458,0,0,1661,0,0.000000,16384,1457,59458,4,1.000000,0.000000
22497,23995155164,1058026,0,0,1656,0,0.000000,16384,1513,58026,4,1.000000,0.000000
22498,23996214681,1059517,0,0,1609,0,0.000000,16384,1400,59517,4,1.000000,0.000000
22499,23997272979,1058298,0,0,1661,0,0.000000,16384,1497,58298,4,1.000000,0.000000
22500,23998329060,1056081,0,0,1653,0,0.000000,16384,1477,56081,4,1.000000,0.000000
22501,23999396880,1067820,0,0,1675,0,0.000000,16384,1466,67820,4,1.000000,0.000000
22502,24000456361,1059481,0,0,1661,0,0.000000,16384,1516,59481,4,1.000000,0.000000
22503,24001514582,1058221,0,0,1696,0,0.000000,16384,1494,58221,4,1.000000,0.000000
22504,24002571962,1057380,0,0,1687,0,0.000000,16384,1493,57380,4,1.000000,0.000000
22505,24003630808,1058846,0,0,1629,0,0.000000,16384,1483,58846,4,1.000000,0.000000
22506,24004670474,1039666,0,0,1778,0,0.000000,16384,1558,39666,4,1.000000,0.000000
22507,24005726939,1056465,0,0,1802,0,0.000000,16384,1595,56465,4,1.000000,0.000000
22508,24006783232,1056293,0,0,1824,0,0.000000,16384,1646,56293,4,1.000000,0.000000
22509,24007839380,1056148,0,0,1824,0,0.000000,16384,1645,56148,4,1.000000,0.000000
22510,24008895546,1056166,0,0,1808,0,0.000000,16384,1587,56166,4,1.000000,0.000000
22511,24009971246,1075700,0,0,1752,0,0.000000,16384,1543,75700,4,1.000000,0.000000
22512,24011027439,1056193,0,0,1769,0,0.000000,16384,1603,56193,4,1.000000,0.000000
22513,24012105717,1078278,0,0,1803,0,0.000000,16384,1615,78278,4,1.000000,0.000000
22514,24013162018,1056301,0,0,1823,0,0.000000,16384,1603,56301,4,1.000000,0.000000
22515,24014217885,1055867,0,0,1823,0,0.000000,16384,1609,55867,4,1.000000,0.000000
22516,24015274395,1056510,0,0,1757,0,0.000000,16384,1593,56510,4,1.000000,0.000000
22517,24016333667,1059272,0,0,1739,0,0.000000,16384,1553,59272,4,1.000000,0.000000
22518,24017391303,1057636,0,0,1712,0,0.000000,16384,1492,57636,4,1.000000,0.000000
22519,24018447799,1056496,0,0,1770,0,0.000000,16384,1599,56496,4,1.000000,0.000000
22520,24019504205,1056406,0,0,1813,0,0.000000,16384,1638,56406,4,1.000000,0.000000
22521,24020568440,1064235,0,0,1835,0,0.000000,16384,1617,64235,4,1.000000,0.000000
22522,24021624751,1056311,0,0,1824,0,0.000000,16384,1604,56311,4,1.000000,0.000000
22523,24022670700,1045949,0,0,1790,0,0.000000,16384,1605,45949,4,1.000000,0.000000
22524,24023726291,1055591,0,0,1823,0,0.000000,16384,1646,55591,4,1.000000,0.000000
22525,24024782144,1055853,0,0,1797,0,0.000000,16384,1594,55853,4,1.000000,0.000000
22526,24025838324,1056180,0,0,1811,0,0.000000,16384,1592,56180,4,1.000000,0.000000
22527,24026894219,1055895,0,0,1823,0,0.000000,16384,1628,55895,4,1.000000,0.000000
22528,24027949955,1055736,0,0,1824,0,0.000000,16384,1646,55736,4,1.000000,0.000000
22529,24029005611,1055656,0,0,1822,0,0.000000,16384,1631,55656,4,1.000000,0.000000
22530,24030060980,1055369,0,0,1821,0,0.000000,16384,1601,55369,4,1.000000,0.000000
22531,24031120167,1059187,0,0,1828,0,0.000000,16384,1613,59187,4,1.000000,0.000000
22532,24032176175,1056008,0,0,1823,0,0.000000,16384,1645,56008,4,1.000000,0.000000
22533,24033232093,1055918,0,0,1821,0,0.000000,16384,1644,55918,4,1.000000,0.000000
22534,24034288040,1055947,0,0,1813,0,0.000000,16384,1595,55947,4,1.000000,0.000000
22535,24035343870,1055830,0,0,1823,0,0.000000,16384,1602,55830,4,1.000000,0.000000
22536,24036404547,1060677,0,0,1573,0,0.000000,16384,1439,60677,4,1.000000,0.000000
22537,24037467267,1062720,0,0,1546,0,0.000000,16384,1345,62720,4,1.000000,0.000000
22538,24038526990,1059723,0,0,1560,0,0.000000,16384,1420,59723,4,1.000000,0.000000
22539,24039584818,1057828,0,0,1649,0,0.000000,16384,1452,57828,4,1.000000,0.000000
22540,24040641526,1056708,0,0,1803,0,0.000000,16384,1591,56708,4,1.000000,0.000000
22541,24041674387,1032861,0,0,1739,0,0.000000,16384,1578,32861,4,1.000000,0.000000
22542,24042735902,1061515,0,0,1551,0,0.000000,16384,1365,61515,4,1.000000,0.000000
22543,24043797954,1062052,0,0,1646,0,0.000000,16384,1473,62052,4,1.000000,0.000000
22544,24044863626,1065672,0,0,1421,0,0.000000,16384,1258,65672,4,1.000000,0.000000
22545,24045931935,1068309,0,0,1441,0,0.000000,16384,1313,68309,4,1.000000,0.000000
22546,24046992974,1061039,0,0,1558,0,0.000000,16384,1350,61039,4,1.000000,0.000000
22547,24048050910,1057936,0,0,1560,0,0.000000,16384,1425,57936,4,1.000000,0.000000
22548,24049107254,1056344,0,0,1551,0,0.000000,16384,1350,56344,4,1.000000,0.000000
22549,24050166297,1059043,0,0,1561,0,0.000000,16384,1420,59043,4,1.000000,0.000000
22550,24051224851,1058554,0,0,1551,0,0.000000,16384,1356,58554,4,1.000000,0.000000
22551,24052319405,1094554,0,0,1555,0,0.000000,16384,1410,94554,4,1.000000,0.000000
22552,24053385579,1066174,0,0,1528,0,0.000000,16384,1337,66174,4,1.000000,0.000000
22553,24054446485,1060906,0,0,1564,0,0.000000,16384,1417,60906,4,1.000000,0.000000
22554,24055503869,1057384,0,0,1558,0,0.000000,16384,1369,57384,4,1.000000,0.000000
22555,24056566169,1062300,0,0,1535,0,0.000000,16384,1387,62300,4,1.000000,0.000000
22556,24057627644,1061475,0,0,1537,0,0.000000,16384,1349,61475,4,1.000000,0.000000
22557,24058675155,1047511,0,0,1538,0,0.000000,16384,1391,47511,4,1.000000,0.000000
22558,24059733057,1057902,0,0,1546,0,0.000000,16384,1356,57902,4,1.000000,0.000000
22559,24060795307,1062250,0,0,1491,0,0.000000,16384,1355,62250,4,1.000000,0.000000
22560,24061854359,1059052,0,0,1558,0,0.000000,16384,1359,59052,4,1.000000,0.000000
22561,24062949295,1094936,0,0,1611,0,0.000000,16384,1457,94936,4,1.000000,0.000000
22562,24064008589,1059294,0,0,1554,0,0.000000,16384,1372,59294,4,1.000000,0.000000
22563,24065067128,1058539,0,0,1557,0,0.000000,16384,1397,58539,4,1.000000,0.000000
22564,24066125715,1058587,0,0,1557,0,0.000000,16384,1381,58587,4,1.000000,0.000000
22565,24067183072,1057357,0,0,1559,0,0.000000,16384,1393,57357,4,1.000000,0.000000
22566,24068239392,1056320,0,0,1556,0,0.000000,16384,1386,56320,4,1.000000,0.000000
22567,24069297706,1058314,0,0,1554,0,0.000000,16384,1383,58314,4,1.000000,0.000000
22568,24070424968,1127262,0,0,1639,0,0.000000,16384,1470,127262,4,1.000000,0.000000
22569,24071487083,1062115,0,0,1534,0,0.000000,16384,1349,62115,4,1.000000,0.000000
22570,24072545751,1058668,0,0,1550,0,0.000000,16384,1399,58668,4,1.000000,0.000000
22571,24073619772,1074021,0,0,1672,0,0.000000,16384,1459,74021,4,1.000000,0.000000
22572,24074672873,1053101,0,0,1652,0,0.000000,16384,1509,53101,4,1.000000,0.000000
22573,24075731393,1058520,0,0,1656,0,0.000000,16384,1456,58520,4,1.000000,0.000000
22574,24076790318,1058925,0,0,1539,0,0.000000,16384,1381,58925,4,1.000000,0.000000
22575,24077849204,1058886,0,0,1638,0,0.000000,16384,1456,58886,4,1.000000,0.000000
22576,24078909773,1060569,0,0,1525,0,0.000000,16384,1355,60569,4,1.000000,0.000000
22577,24079969270,1059497,0,0,1661,0,0.000000,16384,1495,59497,4,1.000000,0.000000
22578,24081025499,1056229,0,0,1654,0,0.000000,16384,1438,56229,4,1.000000,0.000000
22579,24082088029,1062530,0,0,1596,0,0.000000,16384,1464,62530,4,1.000000,0.000000
22580,24083152432,1064403,0,0,1544,0,0.000000,16384,1336,64403,4,1.000000,0.000000
22581,24084229890,1077458,0,0,1649,0,0.000000,16384,1499,77458,4,1.000000,0.000000
22582,24085287955,1058065,0,0,1617,0,0.000000,16384,1431,58065,4,1.000000,0.000000
22583,24086345097,1057142,0,0,1658,0,0.000000,16384,1470,57142,4,1.000000,0.000000
22584,24087403125,1058028,0,0,1659,0,0.000000,16384,1507,58028,4,1.000000,0.000000
22585,24088461758,1058633,0,0,1658,0,0.000000,16384,1438,58633,4,1.000000,0.000000
22586,24089520575,1058817,0,0,1653,0,0.000000,16384,1499,58817,4,1.000000,0.000000
22587,24090583067,1062492,0,0,1500,0,0.000000,16384,1318,62492,4,1.000000,0.000000
22588,24091645150,1062083,0,0,1652,0,0.000000,16384,1484,62083,4,1.000000,0.000000
22589,24092672841,1027691,0,0,1586,0,0.000000,16384,1414,27691,4,1.000000,0.000000
22590,24093729491,1056650,0,0,1664,0,0.000000,16384,1467,56650,4,1.000000,0.000000
22591,24094800033,1070542,0,0,1497,0,0.000000,16384,1358,70542,4,1.000000,0.000000
22592,24095857934,1057901,0,0,1655,0,0.000000,16384,1445,57901,4,1.000000,0.000000
22593,24096918457,1060523,0,0,1565,0,0.000000,16384,1439,60523,4,1.000000,0.000000
22594,24097981031,1062574,0,0,1506,0,0.000000,16384,1298,62574,4,1.000000,0.000000
22595,24099043486,1062455,0,0,1519,0,0.000000,16384,1391,62455,4,1.000000,0.000000
22596,24100101460,1057974,0,0,1556,0,0.000000,16384,1350,57974,4,1.000000,0.000000
22597,24101158928,1057468,0,0,1606,0,0.000000,16384,1472,57468,4,1.000000,0.000000
22598,24102217167,1058239,0,0,1643,0,0.000000,16384,1427,58239,4,1.000000,0.000000
22599,24103303377,1086210,0,0,1678,0,0.000000,16384,1511,86210,4,1.000000,0.000000
22600,24104365030,1061653,0,0,1627,0,0.000000,16384,1454,61653,4,1.000000,0.000000
22601,24105438528,1073498,0,0,1681,0,0.000000,16384,1473,73498,4,1.000000,0.000000
22602,24106499144,1060616,0,0,1534,0,0.000000,16384,1406,60616,4,1.000000,0.000000
22603,24107559440,1060296,0,0,1658,0,0.000000,16384,1438,60296,4,1.000000,0.000000
22604,24108617726,1058286,0,0,1650,0,0.000000,16384,1497,58286,4,1.000000,0.000000
22605,24109674129,1056403,0,0,1582,0,0.000000,16384,1399,56403,4,1.000000,0.000000
22606,24110734573,1060444,0,0,1637,0,0.000000,16384,1457,60444,4,1.000000,0.000000
22607,24111792738,1058165,0,0,1661,0,0.000000,16384,1501,58165,4,1.000000,0.000000
22608,24112849695,1056957,0,0,1655,0,0.000000,16384,1435,56957,4,1.000000,0.000000
22609,24113909924,1060229,0,0,1620,0,0.000000,16384,1481,60229,4,1.000000,0.000000
22610,24114971941,1062017,0,0,1521,0,0.000000,16384,1324,62017,4,1.000000,0.000000
22611,24116060073,1088132,0,0,1641,0,0.000000,16384,1487,88132,4,1.000000,0.000000
22612,24117120347,1060274,0,0,1541,0,0.000000,16384,1359,60274,4,1.000000,0.000000
22613,24118179158,1058811,0,0,1557,0,0.000000,16384,1400,58811,4,1.000000,0.000000
22614,24119235759,1056601,0,0,1557,0,0.000000,16384,1378,56601,4,1.000000,0.000000
22615,24120293058,1057299,0,0,1601,0,0.000000,16384,1429,57299,4,1.000000,0.000000
22616,24121350443,1057385,0,0,1658,0,0.000000,16384,1490,57385,4,1.000000,0.000000
22617,24122420111,1069668,0,0,1526,0,0.000000,16384,1338,69668,4,1.000000,0.000000
22618,24123482388,1062277,0,0,1623,0,0.000000,16384,1475,62277,4,1.000000,0.000000
22619,24124542542,1060154,0,0,1591,0,0.000000,16384,1376,60154,4,1.000000,0.000000
22620,24125599582,1057040,0,0,1649,0,0.000000,16384,1507,57040,4,1.000000,0.000000
22621,24126672977,1073395,0,0,1679,0,0.000000,16384,1480,73395,4,1.000000,0.000000
22622,24127731033,1058056,0,0,1658,0,0.000000,16384,1471,58056,4,1.000000,0.000000
22623,24128788580,1057547,0,0,1654,0,0.000000,16384,1501,57547,4,1.000000,0.000000
22624,24129846662,1058082,0,0,1627,0,0.000000,16384,1407,58082,4,1.000000,0.000000
22625,24130907831,1061169,0,0,1524,0,0.000000,16384,1404,61169,4,1.000000,0.000000
22626,24131965788,1057957,0,0,1658,0,0.000000,16384,1442,57957,4,1.000000,0.000000
22627,24133022968,1057180,0,0,1665,0,0.000000,16384,1497,57180,4,1.000000,0.000000
22628,24134080368,1057400,0,0,1669,0,0.000000,16384,1497,57400,4,1.000000,0.000000
22629,24135137247,1056879,0,0,1619,0,0.000000,16384,1414,56879,4,1.000000,0.000000
22630,24136195968,1058721,0,0,1746,0,0.000000,16384,1584,58721,4,1.000000,0.000000
22631,24137268466,1072498,0,0,1701,0,0.000000,16384,1508,72498,4,1.000000,0.000000
22632,24138329850,1061384,0,0,1478,0,0.000000,16384,1316,61384,4,1.000000,0.000000
22633,24139389787,1059937,0,0,1554,0,0.000000,16384,1384,59937,4,1.000000,0.000000
22634,24140447967,1058180,0,0,1558,0,0.000000,16384,1387,58180,4,1.000000,0.000000
22635,24141505794,1057827,0,0,1550,0,0.000000,16384,1326,57827,4,1.000000,0.000000
22636,24142570867,1065073,0,0,1604,0,0.000000,16384,1437,65073,4,1.000000,0.000000
22637,24143636129,1065262,0,0,1554,0,0.000000,16384,1371,65262,4,1.000000,0.000000
22638,24144682951,1046822,0,0,1461,0,0.000000,16384,1307,46822,4,1.000000,0.000000
22639,24145746503,1063552,0,0,1564,0,0.000000,16384,1393,63552,4,1.000000,0.000000
22640,24146810508,1064005,0,0,1654,0,0.000000,16384,1490,64005,4,1.000000,0.000000
22641,24147891757,1081249,0,0,1587,0,0.000000,16384,1384,81249,4,1.000000,0.000000
22642,24148955159,1063402,0,0,1641,0,0.000000,16384,1500,63402,4,1.000000,0.000000
22643,24150019257,1064098,0,0,1552,0,0.000000,16384,1340,64098,4,1.000000,0.000000
22644,24151079240,1059983,0,0,1543,0,0.000000,16384,1417,59983,4,1.000000,0.000000
22645,24152138434,1059194,0,0,1550,0,0.000000,16384,1340,59194,4,1.000000,0.000000
22646,24153196171,1057737,0,0,1561,0,0.000000,16384,1429,57737,4,1.000000,0.000000
22647,24154257002,1060831,0,0,1553,0,0.000000,16384,1348,60831,4,1.000000,0.000000
22648,24155318997,1061995,0,0,1608,0,0.000000,16384,1462,61995,4,1.000000,0.000000
22649,24156380434,1061437,0,0,1646,0,0.000000,16384,1456,61437,4,1.000000,0.000000
22650,24157438303,1057869,0,0,1645,0,0.000000,16384,1457,57869,4,1.000000,0.000000
22651,24158510597,1072294,0,0,1687,0,0.000000,16384,1536,72294,4,1.000000,0.000000
22652,24159568544,1057947,0,0,1663,0,0.000000,16384,1442,57947,4,1.000000,0.000000
22653,24160627570,1059026,0,0,1643,0,0.000000,16384,1485,59026,4,1.000000,0.000000
22654,24161792205,1164635,0,0,1832,0,0.000000,16384,1651,164635,4,1.000000,0.000000
22655,24162849358,1057153,0,0,1667,0,0.000000,16384,1447,57153,4,1.000000,0.000000
22656,24163905271,1055913,0,0,1813,0,0.000000,16384,1620,55913,4,1.000000,0.000000
22657,24164961552,1056281,0,0,1826,0,0.000000,16384,1648,56281,4,1.000000,0.000000
22658,24166017822,1056270,0,0,1823,0,0.000000,16384,1630,56270,4,1.000000,0.000000
22659,24167073814,1055992,0,0,1822,0,0.000000,16384,1602,55992,4,1.000000,0.000000
22660,24168131003,1057189,0,0,1736,0,0.000000,16384,1540,57189,4,1.000000,0.000000
22661,24169208675,1077672,0,0,1856,0,0.000000,16384,1672,77672,4,1.000000,0.000000
22662,24170264677,1056002,0,0,1815,0,0.000000,16384,1631,56002,4,1.000000,0.000000
22663,24171320470,1055793,0,0,1823,0,0.000000,16384,1603,55793,4,1.000000,0.000000
22664,24172402139,1081669,0,0,1675,0,0.000000,16384,1485,81669,4,1.000000,0.000000
22665,24173464667,1062528,0,0,1784,0,0.000000,16384,1614,62528,4,1.000000,0.000000
22666,24174523359,1058692,0,0,1829,0,0.000000,16384,1625,58692,4,1.000000,0.000000
22667,24175580871,1057512,0,0,1824,0,0.000000,16384,1604,57512,4,1.000000,0.000000
22668,24176641264,1060393,0,0,1726,0,0.000000,16384,1542,60393,4,1.000000,0.000000
22669,24177675943,1034679,0,0,1496,0,0.000000,16384,1340,34679,4,1.000000,0.000000
22670,24178734833,1058890,0,0,1617,0,0.000000,16384,1432,58890,4,1.000000,0.000000
22671,24179807953,1073120,0,0,1826,0,0.000000,16384,1648,73120,4,1.000000,0.000000
22672,24180867533,1059580,0,0,1684,0,0.000000,16384,1487,59580,4,1.000000,0.000000
22673,24181926144,1058611,0,0,1775,0,0.000000,16384,1561,58611,4,1.000000,0.000000
22674,24182983276,1057132,0,0,1593,0,0.000000,16384,1461,57132,4,1.000000,0.000000
22675,24184041784,1058508,0,0,1706,0,0.000000,16384,1496,58508,4,1.000000,0.000000
22676,24185098611,1056827,0,0,1824,0,0.000000,16384,1609,56827,4,1.000000,0.000000
22677,24186155611,1057000,0,0,1826,0,0.000000,16384,1648,57000,4,1.000000,0.000000
22678,24187213235,1057624,0,0,1746,0,0.000000,16384,1575,57624,4,1.000000,0.000000
22679,24188273161,1059926,0,0,1711,0,0.000000,16384,1491,59926,4,1.000000,0.000000
22680,24189330359,1057198,0,0,1722,0,0.000000,16384,1545,57198,4,1.000000,0.000000
22681,24190397413,1067054,0,0,1782,0,0.000000,16384,1612,67054,4,1.000000,0.000000
22682,24191454861,1057448,0,0,1726,0,0.000000,16384,1513,57448,4,1.000000,0.000000
22683,24192511125,1056264,0,0,1824,0,0.000000,16384,1609,56264,4,1.000000,0.000000
22684,24193568734,1057609,0,0,1821,0,0.000000,16384,1644,57609,4,1.000000,0.000000
22685,24194625543,1056809,0,0,1815,0,0.000000,16384,1639,56809,4,1.000000,0.000000
22686,24195670201,1044658,0,0,1797,0,0.000000,16384,1577,44658,4,1.000000,0.000000
22687,24196729720,1059519,0,0,1745,0,0.000000,16384,1537,59519,4,1.000000,0.000000
22688,24197789055,1059335,0,0,1667,0,0.000000,16384,1521,59335,4,1.000000,0.000000
22689,24198845910,1056855,0,0,1819,0,0.000000,16384,1613,56855,4,1.000000,0.000000
22690,24199902707,1056797,0,0,1819,0,0.000000,16384,1599,56797,4,1.000000,0.000000
22691,24200968199,1065492,0,0,1784,0,0.000000,16384,1594,65492,4,1.000000,0.000000
22692,24202024252,1056053,0,0,1671,0,0.000000,16384,1521,56053,4,1.000000,0.000000
22693,24203080426,1056174,0,0,1752,0,0.000000,16384,1532,56174,4,1.000000,0.000000
22694,24204139202,1058776,0,0,1682,0,0.000000,16384,1499,58776,4,1.000000,0.000000
22695,24205197352,1058150,0,0,1743,0,0.000000,16384,1581,58150,4,1.000000,0.000000
22696,24206254047,1056695,0,0,1786,0,0.000000,16384,1570,56695,4,1.000000,0.000000
22697,24207311951,1057904,0,0,1820,0,0.000000,16384,1597,57904,4,1.000000,0.000000
22698,24208367848,1055897,0,0,1826,0,0.000000,16384,1647,55897,4,1.000000,0.000000
22699,24209423925,1056077,0,0,1827,0,0.000000,16384,1649,56077,4,1.000000,0.000000
22700,24210480677,1056752,0,0,1750,0,0.000000,16384,1542,56752,4,1.000000,0.000000
22701,24211546050,1065373,0,0,1736,0,0.000000,16384,1527,65373,4,1.000000,0.000000
22702,24212603025,1056975,0,0,1736,0,0.000000,16384,1576,56975,4,1.000000,0.000000
22703,24213659615,1056590,0,0,1730,0,0.000000,16384,1540,56590,4,1.000000,0.000000
22704,24214670509,1010894,0,0,1720,0,0.000000,16384,1500,10894,4,1.000000,0.000000
22705,24215727464,1056955,0,0,1811,0,0.000000,16384,1637,56955,4,1.000000,0.000000
22706,24216786818,1059354,0,0,1763,0,0.000000,16384,1597,59354,4,1.000000,0.000000
22707,24217847329,1060511,0,0,1658,0,0.000000,16384,1438,60511,4,1.000000,0.000000
22708,24218905652,1058323,0,0,1820,0,0.000000,16384,1626,58323,4,1.000000,0.000000
22709,24219963339,1057687,0,0,1791,0,0.000000,16384,1620,57687,4,1.000000,0.000000
22710,24221019477,1056138,0,0,1803,0,0.000000,16384,1604,56138,4,1.000000,0.000000
22711,24222093135,1073658,0,0,1841,0,0.000000,16384,1621,73658,4,1.000000,0.000000
22712,24223149920,1056785,0,0,1816,0,0.000000,16384,1611,56785,4,1.000000,0.000000
22713,24224205980,1056060,0,0,1802,0,0.000000,16384,1629,56060,4,1.000000,0.000000
22714,24225261948,1055968,0,0,1816,0,0.000000,16384,1630,55968,4,1.000000,0.000000
22715,24226317411,1055463,0,0,1813,0,0.000000,16384,1593,55463,4,1.000000,0.000000
22716,24227373834,1056423,0,0,1795,0,0.000000,16384,1584,56423,4,1.000000,0.000000
22717,24228430467,1056633,0,0,1827,0,0.000000,16384,1649,56633,4,1.000000,0.000000
22718,24229486438,1055971,0,0,1815,0,0.000000,16384,1640,55971,4,1.000000,0.000000
22719,24230542287,1055849,0,0,1824,0,0.000000,16384,1600,55849,4,1.000000,0.000000
22720,24231599043,1056756,0,0,1824,0,0.000000,16384,1604,56756,4,1.000000,0.000000
22721,24232659540,1060497,0,0,1814,0,0.000000,16384,1633,60497,4,1.000000,0.000000
22722,24233672544,1013004,0,0,1747,0,0.000000,16384,1586,13004,4,1.000000,0.000000
22723,24234728812,1056268,0,0,1821,0,0.000000,16384,1599,56268,4,1.000000,0.000000
22724,24235784981,1056169,0,0,1822,0,0.000000,16384,1602,56169,4,1.000000,0.000000
22725,24236844131,1059150,0,0,1766,0,0.000000,16384,1593,59150,4,1.000000,0.000000
22726,24237903021,1058890,0,0,1683,0,0.000000,16384,1516,58890,4,1.000000,0.000000
22727,24238959427,1056406,0,0,1815,0,0.000000,16384,1595,56406,4,1.000000,0.000000
22728,24240017224,1057797,0,0,1753,0,0.000000,16384,1557,57797,4,1.000000,0.000000
22729,24241074689,1057465,0,0,1816,0,0.000000,16384,1640,57465,4,1.000000,0.000000
22730,24242131180,1056491,0,0,1815,0,0.000000,16384,1623,56491,4,1.000000,0.000000
22731,24243208662,1077482,0,0,1695,0,0.000000,16384,1475,77482,4,1.000000,0.000000
22732,24244273120,1064458,0,0,1652,0,0.000000,16384,1500,64458,4,1.000000,0.000000
22733,24245333924,1060804,0,0,1654,0,0.000000,16384,1466,60804,4,1.000000,0.000000
22734,24246391663,1057739,0,0,1663,0,0.000000,16384,1468,57739,4,1.000000,0.000000
22735,24247450503,1058840,0,0,1666,0,0.000000,16384,1520,58840,4,1.000000,0.000000
22736,24248539061,1088558,0,0,1834,0,0.000000,16384,1615,88558,4,1.000000,0.000000
22737,24249602711,1063650,0,0,1677,0,0.000000,16384,1474,63650,4,1.000000,0.000000
22738,24250695460,1092749,0,0,1864,0,0.000000,16384,1679,92749,4,1.000000,0.000000
22739,24251793885,1098425,0,0,1975,0,0.000000,16384,1768,98425,4,1.000000,0.000000
22740,24252854169,1060284,0,0,1829,0,0.000000,16384,1639,60284,4,1.000000,0.000000
22741,24253924786,1070617,0,0,1924,0,0.000000,16384,1701,70617,4,1.000000,0.000000
22742,24254987286,1062500,0,0,1907,0,0.000000,16384,1686,62500,4,1.000000,0.000000
22743,24256049587,1062301,0,0,1900,0,0.000000,16384,1677,62301,4,1.000000,0.000000
22744,24257113081,1063494,0,0,1728,0,0.000000,16384,1569,63494,4,1.000000,0.000000
22745,24258179209,1066128,0,0,1601,0,0.000000,16384,1422,66128,4,1.000000,0.000000
22746,24259244245,1065036,0,0,1529,0,0.000000,16384,1362,65036,4,1.000000,0.000000
22747,24260310322,1066077,0,0,1561,0,0.000000,16384,1390,66077,4,1.000000,0.000000
22748,24261374533,1064211,0,0,1566,0,0.000000,16384,1394,64211,4,1.000000,0.000000
22749,24262433425,1058892,0,0,1559,0,0.000000,16384,1395,58892,4,1.000000,0.000000
22750,24263524071,1090646,0,0,1685,0,0.000000,16384,1481,90646,4,1.000000,0.000000
22751,24264632737,1108666,0,0,1724,0,0.000000,16384,1566,108666,4,1.000000,0.000000
22752,24265705522,1072785,0,0,1790,0,0.000000,16384,1592,72785,4,1.000000,0.000000
22753,24266768355,1062833,0,0,1604,0,0.000000,16384,1404,62833,4,1.000000,0.000000
22754,24267828792,1060437,0,0,1832,0,0.000000,16384,1653,60437,4,1.000000,0.000000
22755,24268886029,1057237,0,0,1828,0,0.000000,16384,1646,57237,4,1.000000,0.000000
22756,24269945265,1059236,0,0,1717,0,0.000000,16384,1498,59236,4,1.000000,0.000000
22757,24271004606,1059341,0,0,1746,0,0.000000,16384,1557,59341,4,1.000000,0.000000
22758,24272060780,1056174,0,0,1707,0,0.000000,16384,1554,56174,4,1.000000,0.000000
22759,24273117409,1056629,0,0,1814,0,0.000000,16384,1592,56629,4,1.000000,0.000000
22760,24274174086,1056677,0,0,1805,0,0.000000,16384,1585,56677,4,1.000000,0.000000
22761,24275256941,1082855,0,0,1841,0,0.000000,16384,1657,82855,4,1.000000,0.000000
22762,24276313693,1056752,0,0,1816,0,0.000000,16384,1640,56752,4,1.000000,0.000000
22763,24277373699,1060006,0,0,1689,0,0.000000,16384,1489,60006,4,1.000000,0.000000
22764,24278436033,1062334,0,0,1548,0,0.000000,16384,1382,62334,4,1.000000,0.000000
22765,24279497418,1061385,0,0,1641,0,0.000000,16384,1466,61385,4,1.000000,0.000000
22766,24280555053,1057635,0,0,1782,0,0.000000,16384,1563,57635,4,1.000000,0.000000
22767,24281611589,1056536,0,0,1814,0,0.000000,16384,1628,56536,4,1.000000,0.000000
22768,24282677466,1065877,0,0,1519,0,0.000000,16384,1365,65877,4,1.000000,0.000000
22769,24283738882,1061416,0,0,1661,0,0.000000,16384,1460,61416,4,1.000000,0.000000
22770,24284796343,1057461,0,0,1554,0,0.000000,16384,1419,57461,4,1.000000,0.000000
22771,24285872991,1076648,0,0,1846,0,0.000000,16384,1626,76648,4,1.000000,0.000000
22772,24286930519,1057528,0,0,1811,0,0.000000,16384,1592,57528,4,1.000000,0.000000
22773,24287992183,1061664,0,0,1805,0,0.000000,16384,1631,61664,4,1.000000,0.000000
22774,24289049044,1056861,0,0,1816,0,0.000000,16384,1640,56861,4,1.000000,0.000000
22775,24290106512,1057468,0,0,1795,0,0.000000,16384,1575,57468,4,1.000000,0.000000
22776,24291162657,1056145,0,0,1658,0,0.000000,16384,1468,56145,4,1.000000,0.000000
22777,24292254805,1092148,0,0,1683,0,0.000000,16384,1534,92148,4,1.000000,0.000000
22778,24293319594,1064789,0,0,1540,0,0.000000,16384,1324,64789,4,1.000000,0.000000
22779,24294379608,1060014,0,0,1561,0,0.000000,16384,1438,60014,4,1.000000,0.000000
22780,24295438800,1059192,0,0,1556,0,0.000000,16384,1343,59192,4,1.000000,0.000000
22781,24296512924,1074124,0,0,1633,0,0.000000,16384,1489,74124,4,1.000000,0.000000
22782,24297573575,1060651,0,0,1526,0,0.000000,16384,1334,60651,4,1.000000,0.000000
22783,24298635906,1062331,0,0,1559,0,0.000000,16384,1414,62331,4,1.000000,0.000000
22784,24299672473,1036567,0,0,1516,0,0.000000,16384,1325,36567,4,1.000000,0.000000
22785,24300734019,1061546,0,0,1482,0,0.000000,16384,1355,61546,4,1.000000,0.000000
22786,24301794393,1060374,0,0,1552,0,0.000000,16384,1343,60374,4,1.000000,0.000000
22787,24302852732,1058339,0,0,1551,0,0.000000,16384,1420,58339,4,1.000000,0.000000
22788,24303911569,1058837,0,0,1539,0,0.000000,16384,1334,58837,4,1.000000,0.000000
22789,24304970423,1058854,0,0,1553,0,0.000000,16384,1420,58854,4,1.000000,0.000000
22790,24306028641,1058218,0,0,1554,0,0.000000,16384,1351,58218,4,1.000000,0.000000
22791,24307104883,1076242,0,0,1600,0,0.000000,16384,1453,76242,4,1.000000,0.000000
22792,24308166434,1061551,0,0,1575,0,0.000000,16384,1386,61551,4,1.000000,0.000000
22793,24309233291,1066857,0,0,1577,0,0.000000,16384,1417,66857,4,1.000000,0.000000
22794,24310295668,1062377,0,0,1573,0,0.000000,16384,1397,62377,4,1.000000,0.000000
22795,24311355568,1059900,0,0,1573,0,0.000000,16384,1400,59900,4,1.000000,0.000000
22796,24312414252,1058684,0,0,1557,0,0.000000,16384,1390,58684,4,1.000000,0.000000
22797,24313472911,1058659,0,0,1637,0,0.000000,16384,1446,58659,4,1.000000,0.000000
22798,24314531715,1058804,0,0,1669,0,0.000000,16384,1524,58804,4,1.000000,0.000000
22799,24315589201,1057486,0,0,1651,0,0.000000,16384,1431,57486,4,1.000000,0.000000
22800,24316650202,1061001,0,0,1503,0,0.000000,16384,1372,61001,4,1.000000,0.000000
22801,24317737340,1087138,0,0,1579,0,0.000000,16384,1374,87138,4,1.000000,0.000000
22802,24318796918,1059578,0,0,1671,0,0.000000,16384,1506,59578,4,1.000000,0.000000
22803,24319853979,1057061,0,0,1665,0,0.000000,16384,1490,57061,4,1.000000,0.000000
22804,24320911820,1057841,0,0,1664,0,0.000000,16384,1454,57841,4,1.000000,0.000000
22805,24321970950,1059130,0,0,1667,0,0.000000,16384,1520,59130,4,1.000000,0.000000
22806,24323029613,1058663,0,0,1634,0,0.000000,16384,1435,58663,4,1.000000,0.000000
22807,24324090003,1060390,0,0,1637,0,0.000000,16384,1464,60390,4,1.000000,0.000000
22808,24325148099,1058096,0,0,1668,0,0.000000,16384,1501,58096,4,1.000000,0.000000
22809,24326206136,1058037,0,0,1665,0,0.000000,16384,1445,58037,4,1.000000,0.000000
22810,24327266127,1059991,0,0,1612,0,0.000000,16384,1478,59991,4,1.000000,0.000000
22811,24328351608,1085481,0,0,1702,0,0.000000,16384,1500,85481,4,1.000000,0.000000
22812,24329409009,1057401,0,0,1663,0,0.000000,16384,1473,57401,4,1.000000,0.000000
22813,24330466294,1057285,0,0,1663,0,0.000000,16384,1513,57285,4,1.000000,0.000000
22814,24331524934,1058640,0,0,1663,0,0.000000,16384,1443,58640,4,1.000000,0.000000
22815,24332582759,1057825,0,0,1667,0,0.000000,16384,1506,57825,4,1.000000,0.000000
22816,24333639386,1056627,0,0,1661,0,0.000000,16384,1482,56627,4,1.000000,0.000000
22817,24334787873,1148487,0,0,1786,0,0.000000,16384,1566,148487,4,1.000000,0.000000
22818,24335844533,1056660,0,0,1684,0,0.000000,16384,1525,56660,4,1.000000,0.000000
22819,24336902565,1058032,0,0,1790,0,0.000000,16384,1609,58032,4,1.000000,0.000000
22820,24337961386,1058821,0,0,1737,0,0.000000,16384,1517,58821,4,1.000000,0.000000
22821,24339028857,1067471,0,0,1832,0,0.000000,16384,1628,67471,4,1.000000,0.000000
22822,24340086002,1057145,0,0,1827,0,0.000000,16384,1650,57145,4,1.000000,0.000000
22823,24341142460,1056458,0,0,1827,0,0.000000,16384,1643,56458,4,1.000000,0.000000
22824,24342198278,1055818,0,0,1818,0,0.000000,16384,1599,55818,4,1.000000,0.000000
22825,24343255946,1057668,0,0,1813,0,0.000000,16384,1591,57668,4,1.000000,0.000000
22826,24344317456,1061510,0,0,1594,0,0.000000,16384,1464,61510,4,1.000000,0.000000
22827,24345378211,1060755,0,0,1667,0,0.000000,16384,1459,60755,4,1.000000,0.000000
22828,24346435910,1057699,0,0,1665,0,0.000000,16384,1487,57699,4,1.000000,0.000000
22829,24347492811,1056901,0,0,1783,0,0.000000,16384,1614,56901,4,1.000000,0.000000
22830,24348553691,1060880,0,0,1582,0,0.000000,16384,1369,60880,4,1.000000,0.000000
22831,24349633333,1079642,0,0,1668,0,0.000000,16384,1511,79642,4,1.000000,0.000000
22832,24350672731,1039398,0,0,1609,0,0.000000,16384,1428,39398,4,1.000000,0.000000
22833,24351730874,1058143,0,0,1791,0,0.000000,16384,1573,58143,4,1.000000,0.000000
22834,24352789115,1058241,0,0,1661,0,0.000000,16384,1516,58241,4,1.000000,0.000000
22835,24353846070,1056955,0,0,1809,0,0.000000,16384,1610,56955,4,1.000000,0.000000
22836,24354903033,1056963,0,0,1799,0,0.000000,16384,1579,56963,4,1.000000,0.000000
22837,24355960411,1057378,0,0,1753,0,0.000000,16384,1568,57378,4,1.000000,0.000000
22838,24357018063,1057652,0,0,1634,0,0.000000,16384,1479,57652,4,1.000000,0.000000
22839,24358076550,1058487,0,0,1676,0,0.000000,16384,1455,58487,4,1.000000,0.000000
22840,24359138211,1061661,0,0,1628,0,0.000000,16384,1484,61661,4,1.000000,0.000000
22841,24360212707,1074496,0,0,1569,0,0.000000,16384,1342,74496,4,1.000000,0.000000
22842,24361269051,1056344,0,0,1696,0,0.000000,16384,1506,56344,4,1.000000,0.000000
22843,24362327841,1058790,0,0,1785,0,0.000000,16384,1565,58790,4,1.000000,0.000000
22844,24363385942,1058101,0,0,1817,0,0.000000,16384,1636,58101,4,1.000000,0.000000
22845,24364443349,1057407,0,0,1816,0,0.000000,16384,1640,57407,4,1.000000,0.000000
22846,24365499335,1055986,0,0,1821,0,0.000000,16384,1614,55986,4,1.000000,0.000000
22847,24366555188,1055853,0,0,1821,0,0.000000,16384,1601,55853,4,1.000000,0.000000
22848,24367610844,1055656,0,0,1807,0,0.000000,16384,1611,55656,4,1.000000,0.000000
22849,24368669685,1058841,0,0,1802,0,0.000000,16384,1630,58841,4,1.000000,0.000000
22850,24369725682,1055997,0,0,1825,0,0.000000,16384,1629,55997,4,1.000000,0.000000
22851,24370788837,1063155,0,0,1835,0,0.000000,16384,1615,63155,4,1.000000,0.000000
22852,24371844826,1055989,0,0,1824,0,0.000000,16384,1611,55989,4,1.000000,0.000000
22853,24372900693,1055867,0,0,1825,0,0.000000,16384,1647,55867,4,1.000000,0.000000
22854,24373956182,1055489,0,0,1826,0,0.000000,16384,1648,55489,4,1.000000,0.000000
22855,24375013074,1056892,0,0,1824,0,0.000000,16384,1605,56892,4,1.000000,0.000000
22856,24376069623,1056549,0,0,1814,0,0.000000,16384,1593,56549,4,1.000000,0.000000
22857,24377125862,1056239,0,0,1758,0,0.000000,16384,1587,56239,4,1.000000,0.000000
22858,24378183425,1057563,0,0,1775,0,0.000000,16384,1607,57563,4,1.000000,0.000000
22859,24379240551,1057126,0,0,1824,0,0.000000,16384,1600,57126,4,1.000000,0.000000
22860,24380296251,1055700,0,0,1821,0,0.000000,16384,1601,55700,4,1.000000,0.000000
22861,24381370836,1074585,0,0,1842,0,0.000000,16384,1657,74585,4,1.000000,0.000000
22862,24382428242,1057406,0,0,1827,0,0.000000,16384,1649,57406,4,1.000000,0.000000
22863,24383484853,1056611,0,0,1823,0,0.000000,16384,1622,56611,4,1.000000,0.000000
22864,24384540947,1056094,0,0,1796,0,0.000000,16384,1576,56094,4,1.000000,0.000000
22865,24385597620,1056673,0,0,1808,0,0.000000,16384,1611,56673,4,1.000000,0.000000
22866,24386653539,1055919,0,0,1823,0,0.000000,16384,1646,55919,4,1.000000,0.000000
22867,24387674374,1020835,0,0,1639,0,0.000000,16384,1452,20835,4,1.000000,0.000000
22868,24388734077,1059703,0,0,1785,0,0.000000,16384,1568,59703,4,1.000000,0.000000
22869,24389791598,1057521,0,0,1812,0,0.000000,16384,1637,57521,4,1.000000,0.000000
22870,24390847815,1056217,0,0,1820,0,0.000000,16384,1643,56217,4,1.000000,0.000000
22871,24391911711,1063896,0,0,1807,0,0.000000,16384,1589,63896,4,1.000000,0.000000
22872,24392967561,1055850,0,0,1821,0,0.000000,16384,1601,55850,4,1.000000,0.000000
22873,24394023275,1055714,0,0,1823,0,0.000000,16384,1639,55714,4,1.000000,0.000000
22874,24395079206,1055931,0,0,1823,0,0.000000,16384,1645,55931,4,1.000000,0.000000
22875,24396134915,1055709,0,0,1822,0,0.000000,16384,1620,55709,4,1.000000,0.000000
22876,24397190562,1055647,0,0,1822,0,0.000000,16384,1602,55647,4,1.000000,0.000000
22877,24398248145,1057583,0,0,1741,0,0.000000,16384,1553,57583,4,1.000000,0.000000
22878,24399304699,1056554,0,0,1825,0,0.000000,16384,1648,56554,4,1.000000,0.000000
22879,24400360646,1055947,0,0,1798,0,0.000000,16384,1599,55947,4,1.000000,0.000000
22880,24401418076,1057430,0,0,1821,0,0.000000,16384,1601,57430,4,1.000000,0.000000
22881,24402549492,1131416,0,0,1646,0,0.000000,16384,1480,131416,4,1.000000,0.000000
22882,24403614468,1064976,0,0,1609,0,0.000000,16384,1435,64976,4,1.000000,0.000000
22883,24404676193,1061725,0,0,1635,0,0.000000,16384,1441,61725,4,1.000000,0.000000
22884,24405732667,1056474,0,0,1669,0,0.000000,16384,1522,56474,4,1.000000,0.000000
22885,24406790705,1058038,0,0,1815,0,0.000000,16384,1595,58038,4,1.000000,0.000000
22886,24407847954,1057249,0,0,1814,0,0.000000,16384,1595,57249,4,1.000000,0.000000
22887,24408905115,1057161,0,0,1818,0,0.000000,16384,1636,57161,4,1.000000,0.000000
22888,24409968029,1062914,0,0,1813,0,0.000000,16384,1638,62914,4,1.000000,0.000000
22889,24411029742,1061713,0,0,1663,0,0.000000,16384,1460,61713,4,1.000000,0.000000
22890,24412087387,1057645,0,0,1666,0,0.000000,16384,1483,57645,4,1.000000,0.000000
22891,24413166692,1079305,0,0,1577,0,0.000000,16384,1420,79305,4,1.000000,0.000000
22892,24414227316,1060624,0,0,1553,0,0.000000,16384,1366,60624,4,1.000000,0.000000
22893,24415287599,1060283,0,0,1605,0,0.000000,16384,1455,60283,4,1.000000,0.000000
22894,24416346497,1058898,0,0,1592,0,0.000000,16384,1383,58898,4,1.000000,0.000000
22895,24417417197,1070700,0,0,1632,0,0.000000,16384,1493,70700,4,1.000000,0.000000
22896,24418476600,1059403,0,0,1651,0,0.000000,16384,1443,59403,4,1.000000,0.000000
22897,24419534503,1057903,0,0,1622,0,0.000000,16384,1456,57903,4,1.000000,0.000000
22898,24420593135,1058632,0,0,1638,0,0.000000,16384,1465,58632,4,1.000000,0.000000
22899,24421651632,1058497,0,0,1665,0,0.000000,16384,1458,58497,4,1.000000,0.000000
22900,24422671163,1019531,0,0,1746,0,0.000000,16384,1584,19531,4,1.000000,0.000000
22901,24423738628,1067465,0,0,1843,0,0.000000,16384,1652,67465,4,1.000000,0.000000
22902,24424794510,1055882,0,0,1823,0,0.000000,16384,1603,55882,4,1.000000,0.000000
22903,24425850609,1056099,0,0,1822,0,0.000000,16384,1604,56099,4,1.000000,0.000000
22904,24426906785,1056176,0,0,1825,0,0.000000,16384,1647,56176,4,1.000000,0.000000
22905,24427962756,1055971,0,0,1804,0,0.000000,16384,1630,55971,4,1.000000,0.000000
22906,24429018547,1055791,0,0,1823,0,0.000000,16384,1605,55791,4,1.000000,0.000000
22907,24430074291,1055744,0,0,1823,0,0.000000,16384,1603,55744,4,1.000000,0.000000
22908,24431131421,1057130,0,0,1826,0,0.000000,16384,1638,57130,4,1.000000,0.000000
22909,24432187444,1056023,0,0,1652,0,0.000000,16384,1500,56023,4,1.000000,0.000000
22910,24433245086,1057642,0,0,1740,0,0.000000,16384,1520,57642,4,1.000000,0.000000
22911,24434319799,1074713,0,0,1854,0,0.000000,16384,1645,74713,4,1.000000,0.000000
22912,24435376213,1056414,0,0,1826,0,0.000000,16384,1648,56414,4,1.000000,0.000000
22913,24436432025,1055812,0,0,1823,0,0.000000,16384,1646,55812,4,1.000000,0.000000
22914,24437490690,1058665,0,0,1776,0,0.000000,16384,1556,58665,4,1.000000,0.000000
22915,24438549013,1058323,0,0,1791,0,0.000000,16384,1578,58323,4,1.000000,0.000000
22916,24439605801,1056788,0,0,1827,0,0.000000,16384,1649,56788,4,1.000000,0.000000
22917,24440663338,1057537,0,0,1752,0,0.000000,16384,1579,57537,4,1.000000,0.000000
22918,24441672282,1008944,0,0,1706,0,0.000000,16384,1485,8944,4,1.000000,0.000000
22919,24442728898,1056616,0,0,1826,0,0.000000,16384,1631,56616,4,1.000000,0.000000
22920,24443785659,1056761,0,0,1827,0,0.000000,16384,1649,56761,4,1.000000,0.000000
22921,24444852946,1067287,0,0,1654,0,0.000000,16384,1464,67287,4,1.000000,0.000000
22922,24445921670,1068724,0,0,1776,0,0.000000,16384,1560,68724,4,1.000000,0.000000
22923,24446985540,1063870,0,0,1475,0,0.000000,16384,1355,63870,4,1.000000,0.000000
22924,24448047640,1062100,0,0,1514,0,0.000000,16384,1317,62100,4,1.000000,0.000000
22925,24449107466,1059826,0,0,1601,0,0.000000,16384,1462,59826,4,1.000000,0.000000
22926,24450163970,1056504,0,0,1657,0,0.000000,16384,1437,56504,4,1.000000,0.000000
22927,24451221524,1057554,0,0,1737,0,0.000000,16384,1565,57554,4,1.000000,0.000000
22928,24452279263,1057739,0,0,1721,0,0.000000,16384,1553,57739,4,1.000000,0.000000
22929,24453336315,1057052,0,0,1653,0,0.000000,16384,1433,57052,4,1.000000,0.000000
22930,24454392886,1056571,0,0,1756,0,0.000000,16384,1586,56571,4,1.000000,0.000000
22931,24455469553,1076667,0,0,1835,0,0.000000,16384,1656,76667,4,1.000000,0.000000
22932,24456525972,1056419,0,0,1806,0,0.000000,16384,1591,56419,4,1.000000,0.000000
22933,24457616140,1090168,0,0,1804,0,0.000000,16384,1583,90168,4,1.000000,0.000000
22934,24458674198,1058058,0,0,1621,0,0.000000,16384,1478,58058,4,1.000000,0.000000
22935,24459733493,1059295,0,0,1558,0,0.000000,16384,1366,59295,4,1.000000,0.000000
22936,24460791738,1058245,0,0,1595,0,0.000000,16384,1438,58245,4,1.000000,0.000000
22937,24461853291,1061553,0,0,1794,0,0.000000,16384,1611,61553,4,1.000000,0.000000
22938,24462916375,1063084,0,0,1788,0,0.000000,16384,1568,63084,4,1.000000,0.000000
22939,24463980046,1063671,0,0,1778,0,0.000000,16384,1577,63671,4,1.000000,0.000000
22940,24465043777,1063731,0,0,1770,0,0.000000,16384,1603,63731,4,1.000000,0.000000
22941,24466116893,1073116,0,0,1682,0,0.000000,16384,1486,73116,4,1.000000,0.000000
22942,24467174750,1057857,0,0,1650,0,0.000000,16384,1460,57857,4,1.000000,0.000000
22943,24468232853,1058103,0,0,1666,0,0.000000,16384,1520,58103,4,1.000000,0.000000
22944,24469290085,1057232,0,0,1811,0,0.000000,16384,1590,57232,4,1.000000,0.000000
22945,24470376046,1085961,0,0,1924,0,0.000000,16384,1701,85961,4,1.000000,0.000000
22946,24471464488,1088442,0,0,1953,0,0.000000,16384,1729,88442,4,1.000000,0.000000
22947,24472554594,1090106,0,0,1957,0,0.000000,16384,1751,90106,4,1.000000,0.000000
22948,24473643678,1089084,0,0,1965,0,0.000000,16384,1760,89084,4,1.000000,0.000000
22949,24474701296,1057618,0,0,1923,0,0.000000,16384,1725,57618,4,1.000000,0.000000
22950,24475763081,1061785,0,0,1913,0,0.000000,16384,1718,61785,4,1.000000,0.000000
22951,24476831458,1068377,0,0,1932,0,0.000000,16384,1724,68377,4,1.000000,0.000000
22952,24477893721,1062263,0,0,1839,0,0.000000,16384,1618,62263,4,1.000000,0.000000
22953,24478956186,1062465,0,0,1897,0,0.000000,16384,1673,62465,4,1.000000,0.000000
22954,24480019215,1063029,0,0,1881,0,0.000000,16384,1679,63029,4,1.000000,0.000000
22955,24481082480,1063265,0,0,1768,0,0.000000,16384,1602,63265,4,1.000000,0.000000
22956,24482140964,1058484,0,0,1820,0,0.000000,16384,1624,58484,4,1.000000,0.000000
22957,24483198187,1057223,0,0,1824,0,0.000000,16384,1605,57223,4,1.000000,0.000000
22958,24484254759,1056572,0,0,1824,0,0.000000,16384,1613,56572,4,1.000000,0.000000
22959,24485311318,1056559,0,0,1778,0,0.000000,16384,1610,56559,4,1.000000,0.000000
22960,24486397691,1086373,0,0,1944,0,0.000000,16384,1742,86373,4,1.000000,0.000000
22961,24487476169,1078478,0,0,1843,0,0.000000,16384,1636,78478,4,1.000000,0.000000
22962,24488533997,1057828,0,0,1825,0,0.000000,16384,1605,57828,4,1.000000,0.000000
22963,24489590673,1056676,0,0,1816,0,0.000000,16384,1614,56676,4,1.000000,0.000000
22964,24490646920,1056247,0,0,1809,0,0.000000,16384,1635,56247,4,1.000000,0.000000
22965,24491671688,1024768,0,0,1752,0,0.000000,16384,1564,24768,4,1.000000,0.000000
22966,24492727994,1056306,0,0,1802,0,0.000000,16384,1582,56306,4,1.000000,0.000000
22967,24493788806,1060812,0,0,1926,0,0.000000,16384,1705,60812,4,1.000000,0.000000
22968,24494848043,1059237,0,0,1831,0,0.000000,16384,1653,59237,4,1.000000,0.000000
22969,24495904724,1056681,0,0,1827,0,0.000000,16384,1649,56681,4,1.000000,0.000000
22970,24496961153,1056429,0,0,1814,0,0.000000,16384,1603,56429,4,1.000000,0.000000
22971,24498025713,1064560,0,0,1756,0,0.000000,16384,1535,64560,4,1.000000,0.000000
22972,24499082743,1057030,0,0,1826,0,0.000000,16384,1646,57030,4,1.000000,0.000000
22973,24500138804,1056061,0,0,1824,0,0.000000,16384,1647,56061,4,1.000000,0.000000
22974,24501194562,1055758,0,0,1825,0,0.000000,16384,1618,55758,4,1.000000,0.000000
22975,24502253105,1058543,0,0,1827,0,0.000000,16384,1608,58543,4,1.000000,0.000000
22976,24503310275,1057170,0,0,1805,0,0.000000,16384,1607,57170,4,1.000000,0.000000
22977,24504370029,1059754,0,0,1688,0,0.000000,16384,1538,59754,4,1.000000,0.000000
22978,24505429745,1059716,0,0,1654,0,0.000000,16384,1442,59716,4,1.000000,0.000000
22979,24506487767,1058022,0,0,1786,0,0.000000,16384,1591,58022,4,1.000000,0.000000
22980,24507543382,1055615,0,0,1816,0,0.000000,16384,1640,55615,4,1.000000,0.000000
22981,24508609355,1065973,0,0,1809,0,0.000000,16384,1616,65973,4,1.000000,0.000000
22982,24509667995,1058640,0,0,1822,0,0.000000,16384,1602,58640,4,1.000000,0.000000
22983,24510724546,1056551,0,0,1790,0,0.000000,16384,1587,56551,4,1.000000,0.000000
22984,24511780580,1056034,0,0,1824,0,0.000000,16384,1645,56034,4,1.000000,0.000000
22985,24512837689,1057109,0,0,1813,0,0.000000,16384,1630,57109,4,1.000000,0.000000
22986,24513893922,1056233,0,0,1822,0,0.000000,16384,1603,56233,4,1.000000,0.000000
22987,24514950620,1056698,0,0,1805,0,0.000000,16384,1588,56698,4,1.000000,0.000000
22988,24516007070,1056450,0,0,1817,0,0.000000,16384,1641,56450,4,1.000000,0.000000
22989,24517062624,1055554,0,0,1825,0,0.000000,16384,1646,55554,4,1.000000,0.000000
22990,24518120792,1058168,0,0,1735,0,0.000000,16384,1523,58168,4,1.000000,0.000000
22991,24519187250,1066458,0,0,1839,0,0.000000,16384,1617,66458,4,1.000000,0.000000
22992,24520243068,1055818,0,0,1825,0,0.000000,16384,1648,55818,4,1.000000,0.000000
22993,24521298970,1055902,0,0,1814,0,0.000000,16384,1639,55902,4,1.000000,0.000000
22994,24522355285,1056315,0,0,1824,0,0.000000,16384,1610,56315,4,1.000000,0.000000
22995,24523411862,1056577,0,0,1824,0,0.000000,16384,1604,56577,4,1.000000,0.000000
22996,24524467510,1055648,0,0,1825,0,0.000000,16384,1632,55648,4,1.000000,0.000000
22997,24525523369,1055859,0,0,1825,0,0.000000,16384,1647,55859,4,1.000000,0.000000
22998,24526583126,1059757,0,0,1828,0,0.000000,16384,1635,59757,4,1.000000,0.000000
22999,24527643859,1060733,0,0,1832,0,0.000000,16384,1612,60733,4,1.000000,0.000000
23000,24528670795,1026936,0,0,1769,0,0.000000,16384,1564,26936,4,1.000000,0.000000
23001,24529748965,1078170,0,0,1852,0,0.000000,16384,1669,78170,4,1.000000,0.000000
23002,24530806228,1057263,0,0,1819,0,0.000000,16384,1643,57263,4,1.000000,0.000000
23003,24531863706,1057478,0,0,1825,0,0.000000,16384,1601,57478,4,1.000000,0.000000
23004,24532919669,1055963,0,0,1822,0,0.000000,16384,1602,55963,4,1.000000,0.000000
23005,24533975976,1056307,0,0,1826,0,0.000000,16384,1643,56307,4,1.000000,0.000000
23006,24535032155,1056179,0,0,1826,0,0.000000,16384,1648,56179,4,1.000000,0.000000
23007,24536087985,1055830,0,0,1823,0,0.000000,16384,1620,55830,4,1.000000,0.000000
23008,24537143714,1055729,0,0,1823,0,0.000000,16384,1603,55729,4,1.000000,0.000000
23009,24538203749,1060035,0,0,1736,0,0.000000,16384,1551,60035,4,1.000000,0.000000
23010,24539261497,1057748,0,0,1816,0,0.000000,16384,1639,57748,4,1.000000,0.000000
23011,24540325111,1063614,0,0,1807,0,0.000000,16384,1605,63614,4,1.000000,0.000000
23012,24541386501,1061390,0,0,1827,0,0.000000,16384,1607,61390,4,1.000000,0.000000
23013,24542448044,1061543,0,0,1832,0,0.000000,16384,1629,61543,4,1.000000,0.000000
23014,24543505934,1057890,0,0,1816,0,0.000000,16384,1640,57890,4,1.000000,0.000000
23015,24544563319,1057385,0,0,1822,0,0.000000,16384,1637,57385,4,1.000000,0.000000
23016,24545623259,1059940,0,0,1603,0,0.000000,16384,1383,59940,4,1.000000,0.000000
23017,24546678170,1054911,0,0,1480,0,0.000000,16384,1364,54911,4,1.000000,0.000000
23018,24547738904,1060734,0,0,1560,0,0.000000,16384,1350,60734,4,1.000000,0.000000
23019,24548797606,1058702,0,0,1559,0,0.000000,16384,1433,58702,4,1.000000,0.000000
23020,24549856376,1058770,0,0,1603,0,0.000000,16384,1383,58770,4,1.000000,0.000000
23021,24550930392,1074016,0,0,1808,0,0.000000,16384,1628,74016,4,1.000000,0.000000
23022,24551987122,1056730,0,0,1773,0,0.000000,16384,1606,56730,4,1.000000,0.000000
23023,24553045690,1058568,0,0,1698,0,0.000000,16384,1485,58568,4,1.000000,0.000000
23024,24554102541,1056851,0,0,1805,0,0.000000,16384,1598,56851,4,1.000000,0.000000
23025,24555159456,1056915,0,0,1807,0,0.000000,16384,1633,56915,4,1.000000,0.000000
23026,24556215888,1056432,0,0,1739,0,0.000000,16384,1556,56432,4,1.000000,0.000000
23027,24557276661,1060773,0,0,1654,0,0.000000,16384,1439,60773,4,1.000000,0.000000
23028,24558337593,1060932,0,0,1624,0,0.000000,16384,1486,60932,4,1.000000,0.000000
23029,24559396772,1059179,0,0,1590,0,0.000000,16384,1387,59179,4,1.000000,0.000000
23030,24560454577,1057805,0,0,1554,0,0.000000,16384,1409,57805,4,1.000000,0.000000
23031,24561524216,1069639,0,0,1655,0,0.000000,16384,1464,69639,4,1.000000,0.000000
23032,24562583023,1058807,0,0,1768,0,0.000000,16384,1555,58807,4,1.000000,0.000000
23033,24563639344,1056321,0,0,1806,0,0.000000,16384,1632,56321,4,1.000000,0.000000
23034,24564673409,1034065,0,0,1783,0,0.000000,16384,1606,34065,4,1.000000,0.000000
23035,24565729557,1056148,0,0,1824,0,0.000000,16384,1604,56148,4,1.000000,0.000000
23036,24566785598,1056041,0,0,1822,0,0.000000,16384,1601,56041,4,1.000000,0.000000
23037,24567841254,1055656,0,0,1824,0,0.000000,16384,1647,55656,4,1.000000,0.000000
23038,24568898078,1056824,0,0,1812,0,0.000000,16384,1636,56824,4,1.000000,0.000000
23039,24569954490,1056412,0,0,1812,0,0.000000,16384,1537,56412,4,1.000000,0.000000
23040,24571011880,1057390,0,0,1757,0,0.000000,16384,1594,57390,4,1.000000,0.000000
23041,24572076614,1064734,0,0,1661,0,0.000000,16384,1443,64734,4,1.000000,0.000000
23042,24573136926,1060312,0,0,1636,0,0.000000,16384,1474,60312,4,1.000000,0.000000
23043,24574195667,1058741,0,0,1829,0,0.000000,16384,1651,58741,4,1.000000,0.000000
23044,24575252912,1057245,0,0,1825,0,0.000000,16384,1601,57245,4,1.000000,0.000000
23045,24576309252,1056340,0,0,1822,0,0.000000,16384,1602,56340,4,1.000000,0.000000
23046,24577365090,1055838,0,0,1825,0,0.000000,16384,1642,55838,4,1.000000,0.000000
23047,24578453183,1088093,0,0,1769,0,0.000000,16384,1603,88093,4,1.000000,0.000000
23048,24579546375,1093192,0,0,1815,0,0.000000,16384,1600,93192,4,1.000000,0.000000
23049,24580638489,1092114,0,0,1770,0,0.000000,16384,1549,92114,4,1.000000,0.000000
23050,24581709939,1071450,0,0,1802,0,0.000000,16384,1628,71450,4,1.000000,0.000000
23051,24582825869,1115930,0,0,1736,0,0.000000,16384,1571,115930,4,1.000000,0.000000
23052,24583888296,1062427,0,0,1775,0,0.000000,16384,1555,62427,4,1.000000,0.000000
23053,24584951811,1063515,0,0,1786,0,0.000000,16384,1580,63515,4,1.000000,0.000000
23054,24586016036,1064225,0,0,1738,0,0.000000,16384,1578,64225,4,1.000000,0.000000
23055,24587079299,1063263,0,0,1746,0,0.000000,16384,1547,63263,4,1.000000,0.000000
23056,24588139485,1060186,0,0,1699,0,0.000000,16384,1489,60186,4,1.000000,0.000000
23057,24589196209,1056724,0,0,1824,0,0.000000,16384,1647,56724,4,1.000000,0.000000
23058,24590253247,1057038,0,0,1826,0,0.000000,16384,1648,57038,4,1.000000,0.000000
23059,24591309768,1056521,0,0,1823,0,0.000000,16384,1605,56521,4,1.000000,0.000000
23060,24592368121,1058353,0,0,1812,0,0.000000,16384,1592,58353,4,1.000000,0.000000
23061,24593463193,1095072,0,0,1943,0,0.000000,16384,1733,95072,4,1.000000,0.000000
23062,24594523217,1060024,0,0,1832,0,0.000000,16384,1653,60024,4,1.000000,0.000000
23063,24595580130,1056913,0,0,1827,0,0.000000,16384,1650,56913,4,1.000000,0.000000
23064,24596636827,1056697,0,0,1804,0,0.000000,16384,1582,56697,4,1.000000,0.000000
23065,24597703493,1066666,0,0,1941,0,0.000000,16384,1721,66666,4,1.000000,0.000000
23066,24598764378,1060885,0,0,1775,0,0.000000,16384,1580,60885,4,1.000000,0.000000
23067,24599822266,1057888,0,0,1825,0,0.000000,16384,1647,57888,4,1.000000,0.000000
23068,24600880414,1058148,0,0,1827,0,0.000000,16384,1636,58148,4,1.000000,0.000000
23069,24601937957,1057543,0,0,1813,0,0.000000,16384,1593,57543,4,1.000000,0.000000
23070,24602994558,1056601,0,0,1718,0,0.000000,16384,1525,56601,4,1.000000,0.000000
23071,24604064847,1070289,0,0,1711,0,0.000000,16384,1556,70289,4,1.000000,0.000000
23072,24605123005,1058158,0,0,1828,0,0.000000,16384,1612,58158,4,1.000000,0.000000
23073,24606179025,1056020,0,0,1822,0,0.000000,16384,1602,56020,4,1.000000,0.000000
23074,24607235102,1056077,0,0,1824,0,0.000000,16384,1634,56077,4,1.000000,0.000000
23075,24608291089,1055987,0,0,1826,0,0.000000,16384,1648,55987,4,1.000000,0.000000
23076,24609346536,1055447,0,0,1803,0,0.000000,16384,1607,55447,4,1.000000,0.000000
23077,24610403221,1056685,0,0,1814,0,0.000000,16384,1594,56685,4,1.000000,0.000000
23078,24611460772,1057551,0,0,1804,0,0.000000,16384,1603,57551,4,1.000000,0.000000
23079,24612517628,1056856,0,0,1820,0,0.000000,16384,1644,56856,4,1.000000,0.000000
23080,24613573542,1055914,0,0,1819,0,0.000000,16384,1631,55914,4,1.000000,0.000000
23081,24614636681,1063139,0,0,1834,0,0.000000,16384,1615,63139,4,1.000000,0.000000
23082,24615670246,1033565,0,0,1782,0,0.000000,16384,1570,33565,4,1.000000,0.000000
23083,24616727204,1056958,0,0,1796,0,0.000000,16384,1624,56958,4,1.000000,0.000000
23084,24617783403,1056199,0,0,1826,0,0.000000,16384,1646,56199,4,1.000000,0.000000
23085,24618843510,1060107,0,0,1707,0,0.000000,16384,1486,60107,4,1.000000,0.000000
23086,24619902394,1058884,0,0,1736,0,0.000000,16384,1551,58884,4,1.000000,0.000000
23087,24620958587,1056193,0,0,1825,0,0.000000,16384,1647,56193,4,1.000000,0.000000
23088,24622014141,1055554,0,0,1825,0,0.000000,16384,1625,55554,4,1.000000,0.000000
23089,24623071323,1057182,0,0,1659,0,0.000000,16384,1443,57182,4,1.000000,0.000000
23090,24624128109,1056786,0,0,1787,0,0.000000,16384,1617,56786,4,1.000000,0.000000
23091,24625192847,1064738,0,0,1823,0,0.000000,16384,1647,64738,4,1.000000,0.000000
23092,24626248935,1056088,0,0,1822,0,0.000000,16384,1600,56088,4,1.000000,0.000000
23093,24627305381,1056446,0,0,1825,0,0.000000,16384,1604,56446,4,1.000000,0.000000
23094,24628361138,1055757,0,0,1824,0,0.000000,16384,1639,55757,4,1.000000,0.000000
23095,24629417249,1056111,0,0,1826,0,0.000000,16384,1648,56111,4,1.000000,0.000000
23096,24630473269,1056020,0,0,1823,0,0.000000,16384,1623,56020,4,1.000000,0.000000
23097,24631529165,1055896,0,0,1823,0,0.000000,16384,1603,55896,4,1.000000,0.000000
23098,24632584997,1055832,0,0,1824,0,0.000000,16384,1618,55832,4,1.000000,0.000000
23099,24633640869,1055872,0,0,1825,0,0.000000,16384,1647,55872,4,1.000000,0.000000
23100,24634670213,1029344,0,0,1776,0,0.000000,16384,1596,29344,4,1.000000,0.000000
23101,24635740331,1070118,0,0,1831,0,0.000000,16384,1611,70118,4,1.000000,0.000000
23102,24636797248,1056917,0,0,1724,0,0.000000,16384,1526,56917,4,1.000000,0.000000
23103,24637854067,1056819,0,0,1658,0,0.000000,16384,1516,56819,4,1.000000,0.000000
23104,24638912300,1058233,0,0,1747,0,0.000000,16384,1527,58233,4,1.000000,0.000000
23105,24639969826,1057526,0,0,1825,0,0.000000,16384,1609,57526,4,1.000000,0.000000
23106,24641025242,1055416,0,0,1822,0,0.000000,16384,1645,55416,4,1.000000,0.000000
23107,24642081002,1055760,0,0,1823,0,0.000000,16384,1646,55760,4,1.000000,0.000000
23108,24643137556,1056554,0,0,1823,0,0.000000,16384,1605,56554,4,1.000000,0.000000
23109,24644194980,1057424,0,0,1823,0,0.000000,16384,1603,57424,4,1.000000,0.000000
23110,24645251297,1056317,0,0,1815,0,0.000000,16384,1628,56317,4,1.000000,0.000000
23111,24646320318,1069021,0,0,1564,0,0.000000,16384,1410,69021,4,1.000000,0.000000
23112,24647379932,1059614,0,0,1625,0,0.000000,16384,1422,59614,4,1.000000,0.000000
23113,24648437657,1057725,0,0,1656,0,0.000000,16384,1512,57725,4,1.000000,0.000000
23114,24649495488,1057831,0,0,1783,0,0.000000,16384,1571,57831,4,1.000000,0.000000
23115,24650552826,1057338,0,0,1816,0,0.000000,16384,1596,57338,4,1.000000,0.000000
23116,24651610007,1057181,0,0,1808,0,0.000000,16384,1627,57181,4,1.000000,0.000000
23117,24652669954,1059947,0,0,1804,0,0.000000,16384,1630,59947,4,1.000000,0.000000
23118,24653726095,1056141,0,0,1814,0,0.000000,16384,1604,56141,4,1.000000,0.000000
23119,24654782204,1056109,0,0,1812,0,0.000000,16384,1593,56109,4,1.000000,0.000000
23120,24655838258,1056054,0,0,1824,0,0.000000,16384,1631,56054,4,1.000000,0.000000
23121,24656903480,1065222,0,0,1841,0,0.000000,16384,1660,65222,4,1.000000,0.000000
23122,24657959204,1055724,0,0,1824,0,0.000000,16384,1634,55724,4,1.000000,0.000000
23123,24659017110,1057906,0,0,1703,0,0.000000,16384,1483,57906,4,1.000000,0.000000
23124,24660073583,1056473,0,0,1721,0,0.000000,16384,1550,56473,4,1.000000,0.000000
23125,24661131201,1057618,0,0,1733,0,0.000000,16384,1564,57618,4,1.000000,0.000000
23126,24662189011,1057810,0,0,1735,0,0.000000,16384,1514,57810,4,1.000000,0.000000
23127,24663245701,1056690,0,0,1816,0,0.000000,16384,1616,56690,4,1.000000,0.000000
23128,24664302531,1056830,0,0,1819,0,0.000000,16384,1643,56830,4,1.000000,0.000000
23129,24665359122,1056591,0,0,1829,0,0.000000,16384,1642,56591,4,1.000000,0.000000
23130,24666414520,1055398,0,0,1825,0,0.000000,16384,1605,55398,4,1.000000,0.000000
23131,24667477009,1062489,0,0,1835,0,0.000000,16384,1611,62489,4,1.000000,0.000000
23132,24668532808,1055799,0,0,1822,0,0.000000,16384,1646,55799,4,1.000000,0.000000
23133,24669588601,1055793,0,0,1814,0,0.000000,16384,1638,55793,4,1.000000,0.000000
23134,24670644249,1055648,0,0,1822,0,0.000000,16384,1610,55648,4,1.000000,0.000000
23135,24671670551,1026302,0,0,1759,0,0.000000,16384,1539,26302,4,1.000000,0.000000
23136,24672726105,1055554,0,0,1826,0,0.000000,16384,1645,55554,4,1.000000,0.000000
23137,24673782250,1056145,0,0,1826,0,0.000000,16384,1648,56145,4,1.000000,0.000000
23138,24674838192,1055942,0,0,1810,0,0.000000,16384,1605,55942,4,1.000000,0.000000
23139,24675893937,1055745,0,0,1823,0,0.000000,16384,1603,55745,4,1.000000,0.000000
23140,24676950131,1056194,0,0,1784,0,0.000000,16384,1593,56194,4,1.000000,0.000000
23141,24678009242,1059111,0,0,1762,0,0.000000,16384,1598,59111,4,1.000000,0.000000
23142,24679067731,1058489,0,0,1704,0,0.000000,16384,1499,58489,4,1.000000,0.000000
23143,24680125970,1058239,0,0,1816,0,0.000000,16384,1598,58239,4,1.000000,0.000000
23144,24681184191,1058221,0,0,1826,0,0.000000,16384,1648,58221,4,1.000000,0.000000
23145,24682240517,1056326,0,0,1826,0,0.000000,16384,1648,56326,4,1.000000,0.000000
23146,24683297261,1056744,0,0,1825,0,0.000000,16384,1610,56744,4,1.000000,0.000000
23147,24684353726,1056465,0,0,1823,0,0.000000,16384,1604,56465,4,1.000000,0.000000
23148,24685409562,1055836,0,0,1813,0,0.000000,16384,1622,55836,4,1.000000,0.000000
23149,24686465428,1055866,0,0,1816,0,0.000000,16384,1640,55866,4,1.000000,0.000000
23150,24687521305,1055877,0,0,1788,0,0.000000,16384,1591,55877,4,1.000000,0.000000
23151,24688600091,1078786,0,0,1816,0,0.000000,16384,1596,78786,4,1.000000,0.000000
23152,24689657470,1057379,0,0,1817,0,0.000000,16384,1618,57379,4,1.000000,0.000000
23153,24690671800,1014330,0,0,1748,0,0.000000,16384,1585,14330,4,1.000000,0.000000
23154,24691728785,1056985,0,0,1826,0,0.000000,16384,1624,56985,4,1.000000,0.000000
23155,24692784851,1056066,0,0,1809,0,0.000000,16384,1589,56066,4,1.000000,0.000000
23156,24693840846,1055995,0,0,1826,0,0.000000,16384,1625,55995,4,1.000000,0.000000
23157,24694896701,1055855,0,0,1826,0,0.000000,16384,1648,55855,4,1.000000,0.000000
23158,24695952342,1055641,0,0,1826,0,0.000000,16384,1641,55641,4,1.000000,0.000000
23159,24697008029,1055687,0,0,1823,0,0.000000,16384,1603,55687,4,1.000000,0.000000
23160,24698063627,1055598,0,0,1805,0,0.000000,16384,1587,55598,4,1.000000,0.000000
23161,24699127329,1063702,0,0,1726,0,0.000000,16384,1568,63702,4,1.000000,0.000000
23162,24700185681,1058352,0,0,1721,0,0.000000,16384,1533,58352,4,1.000000,0.000000
23163,24701242331,1056650,0,0,1813,0,0.000000,16384,1593,56650,4,1.000000,0.000000
23164,24702299114,1056783,0,0,1816,0,0.000000,16384,1622,56783,4,1.000000,0.000000
23165,24703361080,1061966,0,0,1798,0,0.000000,16384,1625,61966,4,1.000000,0.000000
23166,24704418821,1057741,0,0,1771,0,0.000000,16384,1574,57741,4,1.000000,0.000000
23167,24705475839,1057018,0,0,1809,0,0.000000,16384,1589,57018,4,1.000000,0.000000
23168,24706532296,1056457,0,0,1818,0,0.000000,16384,1624,56457,4,1.000000,0.000000
23169,24707588934,1056638,0,0,1825,0,0.000000,16384,1647,56638,4,1.000000,0.000000
23170,24708645072,1056138,0,0,1815,0,0.000000,16384,1623,56138,4,1.000000,0.000000
23171,24709672094,1027022,0,0,1709,0,0.000000,16384,1489,27022,4,1.000000,0.000000
23172,24710729281,1057187,0,0,1663,0,0.000000,16384,1505,57187,4,1.000000,0.000000
23173,24711786130,1056849,0,0,1820,0,0.000000,16384,1638,56849,4,1.000000,0.000000
23174,24712843018,1056888,0,0,1791,0,0.000000,16384,1571,56888,4,1.000000,0.000000
23175,24713899448,1056430,0,0,1815,0,0.000000,16384,1600,56430,4,1.000000,0.000000
23176,24714955707,1056259,0,0,1807,0,0.000000,16384,1632,56259,4,1.000000,0.000000
23177,24716011883,1056176,0,0,1815,0,0.000000,16384,1641,56176,4,1.000000,0.000000
23178,24717067390,1055507,0,0,1812,0,0.000000,16384,1590,55507,4,1.000000,0.000000
23179,24718123580,1056190,0,0,1824,0,0.000000,16384,1602,56190,4,1.000000,0.000000
23180,24719182384,1058804,0,0,1750,0,0.000000,16384,1584,58804,4,1.000000,0.000000
23181,24720246995,1064611,0,0,1747,0,0.000000,16384,1572,64611,4,1.000000,0.000000
23182,24721305530,1058535,0,0,1817,0,0.000000,16384,1598,58535,4,1.000000,0.000000
23183,24722362056,1056526,0,0,1824,0,0.000000,16384,1609,56526,4,1.000000,0.000000
23184,24723419551,1057495,0,0,1812,0,0.000000,16384,1636,57495,4,1.000000,0.000000
23185,24724476959,1057408,0,0,1814,0,0.000000,16384,1641,57408,4,1.000000,0.000000
23186,24725533648,1056689,0,0,1690,0,0.000000,16384,1470,56689,4,1.000000,0.000000
23187,24726589811,1056163,0,0,1761,0,0.000000,16384,1569,56163,4,1.000000,0.000000
23188,24727646022,1056211,0,0,1823,0,0.000000,16384,1646,56211,4,1.000000,0.000000
23189,24728670648,1024626,0,0,1754,0,0.000000,16384,1559,24626,4,1.000000,0.000000
23190,24729726138,1055490,0,0,1821,0,0.000000,16384,1601,55490,4,1.000000,0.000000
23191,24730789203,1063065,0,0,1835,0,0.000000,16384,1636,63065,4,1.000000,0.000000
23192,24731845457,1056254,0,0,1817,0,0.000000,16384,1641,56254,4,1.000000,0.000000
23193,24732901373,1055916,0,0,1816,0,0.000000,16384,1627,55916,4,1.000000,0.000000
23194,24733957542,1056169,0,0,1823,0,0.000000,16384,1603,56169,4,1.000000,0.000000
23195,24735013219,1055677,0,0,1824,0,0.000000,16384,1608,55677,4,1.000000,0.000000
23196,24736068681,1055462,0,0,1824,0,0.000000,16384,1647,55462,4,1.000000,0.000000
23197,24737124201,1055520,0,0,1823,0,0.000000,16384,1645,55520,4,1.000000,0.000000
23198,24738180060,1055859,0,0,1795,0,0.000000,16384,1578,55859,4,1.000000,0.000000
23199,24739237825,1057765,0,0,1681,0,0.000000,16384,1484,57765,4,1.000000,0.000000
23200,24740296307,1058482,0,0,1669,0,0.000000,16384,1521,58482,4,1.000000,0.000000
23201,24741371089,1074782,0,0,1751,0,0.000000,16384,1540,74782,4,1.000000,0.000000
23202,24742427516,1056427,0,0,1813,0,0.000000,16384,1593,56427,4,1.000000,0.000000
23203,24743484883,1057367,0,0,1817,0,0.000000,16384,1641,57367,4,1.000000,0.000000
23204,24744542397,1057514,0,0,1811,0,0.000000,16384,1636,57514,4,1.000000,0.000000
23205,24745598905,1056508,0,0,1808,0,0.000000,16384,1591,56508,4,1.000000,0.000000
23206,24746659306,1060401,0,0,1664,0,0.000000,16384,1467,60401,4,1.000000,0.000000
23207,24747671131,1011825,0,0,1744,0,0.000000,16384,1583,11825,4,1.000000,0.000000
23208,24748727275,1056144,0,0,1806,0,0.000000,16384,1604,56144,4,1.000000,0.000000
23209,24749784282,1057007,0,0,1823,0,0.000000,16384,1603,57007,4,1.000000,0.000000
23210,24750841022,1056740,0,0,1827,0,0.000000,16384,1626,56740,4,1.000000,0.000000
23211,24751906597,1065575,0,0,1840,0,0.000000,16384,1659,65575,4,1.000000,0.000000
23212,24752964127,1057530,0,0,1673,0,0.000000,16384,1490,57530,4,1.000000,0.000000
23213,24754020640,1056513,0,0,1813,0,0.000000,16384,1594,56513,4,1.000000,0.000000
23214,24755076243,1055603,0,0,1815,0,0.000000,16384,1625,55603,4,1.000000,0.000000
23215,24756132423,1056180,0,0,1815,0,0.000000,16384,1639,56180,4,1.000000,0.000000
23216,24757189649,1057226,0,0,1816,0,0.000000,16384,1618,57226,4,1.000000,0.000000
23217,24758245687,1056038,0,0,1822,0,0.000000,16384,1602,56038,4,1.000000,0.000000
23218,24759303786,1058099,0,0,1729,0,0.000000,16384,1541,58099,4,1.000000,0.000000
23219,24760362796,1059010,0,0,1629,0,0.000000,16384,1477,59010,4,1.000000,0.000000
23220,24761422586,1059790,0,0,1551,0,0.000000,16384,1348,59790,4,1.000000,0.000000
23221,24762492370,1069784,0,0,1654,0,0.000000,16384,1511,69784,4,1.000000,0.000000
23222,24763550643,1058273,0,0,1665,0,0.000000,16384,1455,58273,4,1.000000,0.000000
23223,24764607939,1057296,0,0,1793,0,0.000000,16384,1592,57296,4,1.000000,0.000000
23224,24765664985,1057046,0,0,1739,0,0.000000,16384,1578,57046,4,1.000000,0.000000
23225,24766724563,1059578,0,0,1826,0,0.000000,16384,1624,59578,4,1.000000,0.000000
23226,24767780221,1055658,0,0,1822,0,0.000000,16384,1602,55658,4,1.000000,0.000000
23227,24768836113,1055892,0,0,1823,0,0.000000,16384,1619,55892,4,1.000000,0.000000
23228,24769891884,1055771,0,0,1824,0,0.000000,16384,1646,55771,4,1.000000,0.000000
23229,24770947717,1055833,0,0,1822,0,0.000000,16384,1640,55833,4,1.000000,0.000000
23230,24772003588,1055871,0,0,1810,0,0.000000,16384,1590,55871,4,1.000000,0.000000
23231,24773063473,1059885,0,0,1770,0,0.000000,16384,1560,59885,4,1.000000,0.000000
23232,24774120275,1056802,0,0,1658,0,0.000000,16384,1514,56802,4,1.000000,0.000000
23233,24775177365,1057090,0,0,1762,0,0.000000,16384,1552,57090,4,1.000000,0.000000
23234,24776233523,1056158,0,0,1822,0,0.000000,16384,1602,56158,4,1.000000,0.000000
23235,24777293932,1060409,0,0,1827,0,0.000000,16384,1601,60409,4,1.000000,0.000000
23236,24778355747,1061815,0,0,1775,0,0.000000,16384,1555,61815,4,1.000000,0.000000
23237,24779416656,1060909,0,0,1699,0,0.000000,16384,1540,60909,4,1.000000,0.000000
23238,24780474930,1058274,0,0,1781,0,0.000000,16384,1600,58274,4,1.000000,0.000000
23239,24781532791,1057861,0,0,1801,0,0.000000,16384,1581,57861,4,1.000000,0.000000
23240,24782590801,1058010,0,0,1819,0,0.000000,16384,1607,58010,4,1.000000,0.000000
23241,24783657081,1066280,0,0,1843,0,0.000000,16384,1662,66280,4,1.000000,0.000000
23242,24784671224,1014143,0,0,1750,0,0.000000,16384,1579,14143,4,1.000000,0.000000
23243,24785728865,1057641,0,0,1819,0,0.000000,16384,1599,57641,4,1.000000,0.000000
23244,24786784851,1055986,0,0,1813,0,0.000000,16384,1596,55986,4,1.000000,0.000000
23245,24787843019,1058168,0,0,1752,0,0.000000,16384,1588,58168,4,1.000000,0.000000
23246,24788900625,1057606,0,0,1674,0,0.000000,16384,1491,57606,4,1.000000,0.000000
23247,24789956839,1056214,0,0,1813,0,0.000000,16384,1593,56214,4,1.000000,0.000000
23248,24791014786,1057947,0,0,1777,0,0.000000,16384,1596,57947,4,1.000000,0.000000
23249,24792072045,1057259,0,0,1748,0,0.000000,16384,1586,57259,4,1.000000,0.000000
23250,24793127584,1055539,0,0,1822,0,0.000000,16384,1601,55539,4,1.000000,0.000000
23251,24794199657,1072073,0,0,1848,0,0.000000,16384,1628,72073,4,1.000000,0.000000
23252,24795255836,1056179,0,0,1823,0,0.000000,16384,1633,56179,4,1.000000,0.000000
23253,24796311715,1055879,0,0,1803,0,0.000000,16384,1629,55879,4,1.000000,0.000000
23254,24797368163,1056448,0,0,1813,0,0.000000,16384,1613,56448,4,1.000000,0.000000
23255,24798425097,1056934,0,0,1822,0,0.000000,16384,1602,56934,4,1.000000,0.000000
23256,24799481808,1056711,0,0,1747,0,0.000000,16384,1559,56711,4,1.000000,0.000000
23257,24800538658,1056850,0,0,1823,0,0.000000,16384,1645,56850,4,1.000000,0.000000
23258,24801595538,1056880,0,0,1825,0,0.000000,16384,1627,56880,4,1.000000,0.000000
23259,24802652527,1056989,0,0,1825,0,0.000000,16384,1605,56989,4,1.000000,0.000000
23260,24803672844,1020317,0,0,1683,0,0.000000,16384,1503,20317,4,1.000000,0.000000
23261,24804742059,1069215,0,0,1637,0,0.000000,16384,1477,69215,4,1.000000,0.000000
23262,24805798340,1056281,0,0,1825,0,0.000000,16384,1605,56281,4,1.000000,0.000000
23263,24806854542,1056202,0,0,1823,0,0.000000,16384,1614,56202,4,1.000000,0.000000
23264,24807912122,1057580,0,0,1816,0,0.000000,16384,1640,57580,4,1.000000,0.000000
23265,24808971724,1059602,0,0,1774,0,0.000000,16384,1595,59602,4,1.000000,0.000000
23266,24810028672,1056948,0,0,1820,0,0.000000,16384,1599,56948,4,1.000000,0.000000
23267,24811084934,1056262,0,0,1802,0,0.000000,16384,1591,56262,4,1.000000,0.000000
23268,24812140603,1055669,0,0,1822,0,0.000000,16384,1644,55669,4,1.000000,0.000000
23269,24813197049,1056446,0,0,1807,0,0.000000,16384,1633,56446,4,1.000000,0.000000
23270,24814253039,1055990,0,0,1825,0,0.000000,16384,1601,55990,4,1.000000,0.000000
23271,24815314020,1060981,0,0,1831,0,0.000000,16384,1611,60981,4,1.000000,0.000000
23272,24816370324,1056304,0,0,1826,0,0.000000,16384,1642,56304,4,1.000000,0.000000
23273,24817426105,1055781,0,0,1825,0,0.000000,16384,1647,55781,4,1.000000,0.000000
23274,24818481518,1055413,0,0,1788,0,0.000000,16384,1586,55413,4,1.000000,0.000000
23275,24819538361,1056843,0,0,1757,0,0.000000,16384,1537,56843,4,1.000000,0.000000
23276,24820595657,1057296,0,0,1826,0,0.000000,16384,1642,57296,4,1.000000,0.000000
23277,24821652565,1056908,0,0,1816,0,0.000000,16384,1640,56908,4,1.000000,0.000000
23278,24822671052,1018487,0,0,1756,0,0.000000,16384,1552,18487,4,1.000000,0.000000
23279,24823727642,1056590,0,0,1795,0,0.000000,16384,1575,56590,4,1.000000,0.000000
23280,24824784199,1056557,0,0,1760,0,0.000000,16384,1590,56557,4,1.000000,0.000000
23281,24825845644,1061445,0,0,1834,0,0.000000,16384,1654,61445,4,1.000000,0.000000
23282,24826901472,1055828,0,0,1824,0,0.000000,16384,1609,55828,4,1.000000,0.000000
23283,24827957404,1055932,0,0,1823,0,0.000000,16384,1604,55932,4,1.000000,0.000000
23284,24829013571,1056167,0,0,1692,0,0.000000,16384,1526,56167,4,1.000000,0.000000
23285,24830070995,1057424,0,0,1710,0,0.000000,16384,1536,57424,4,1.000000,0.000000
23286,24831127315,1056320,0,0,1823,0,0.000000,16384,1603,56320,4,1.000000,0.000000
23287,24832183378,1056063,0,0,1808,0,0.000000,16384,1602,56063,4,1.000000,0.000000
23288,24833239858,1056480,0,0,1821,0,0.000000,16384,1644,56480,4,1.000000,0.000000
23289,24834295754,1055896,0,0,1818,0,0.000000,16384,1637,55896,4,1.000000,0.000000
23290,24835351636,1055882,0,0,1822,0,0.000000,16384,1602,55882,4,1.000000,0.000000
23291,24836413614,1061978,0,0,1832,0,0.000000,16384,1608,61978,4,1.000000,0.000000
23292,24837469695,1056081,0,0,1815,0,0.000000,16384,1638,56081,4,1.000000,0.000000
23293,24838525913,1056218,0,0,1799,0,0.000000,16384,1626,56218,4,1.000000,0.000000
23294,24839585990,1060077,0,0,1734,0,0.000000,16384,1524,60077,4,1.000000,0.000000
23295,24840645219,1059229,0,0,1796,0,0.000000,16384,1581,59229,4,1.000000,0.000000
23296,24841671675,1026456,0,0,1770,0,0.000000,16384,1602,26456,4,1.000000,0.000000
23297,24842729124,1057449,0,0,1821,0,0.000000,16384,1640,57449,4,1.000000,0.000000
23298,24843786319,1057195,0,0,1810,0,0.000000,16384,1589,57195,4,1.000000,0.000000
23299,24844843211,1056892,0,0,1813,0,0.000000,16384,1595,56892,4,1.000000,0.000000
23300,24845899231,1056020,0,0,1824,0,0.000000,16384,1647,56020,4,1.000000,0.000000
23301,24846979259,1080028,0,0,1709,0,0.000000,16384,1540,80028,4,1.000000,0.000000
23302,24848043330,1064071,0,0,1655,0,0.000000,16384,1436,64071,4,1.000000,0.000000
23303,24849102373,1059043,0,0,1669,0,0.000000,16384,1518,59043,4,1.000000,0.000000
23304,24850158744,1056371,0,0,1664,0,0.000000,16384,1474,56371,4,1.000000,0.000000
23305,24851216142,1057398,0,0,1659,0,0.000000,16384,1465,57398,4,1.000000,0.000000
23306,24852273632,1057490,0,0,1606,0,0.000000,16384,1465,57490,4,1.000000,0.000000
23307,24853330975,1057343,0,0,1579,0,0.000000,16384,1364,57343,4,1.000000,0.000000
23308,24854392628,1061653,0,0,1668,0,0.000000,16384,1522,61653,4,1.000000,0.000000
23309,24855487745,1095117,0,0,1838,0,0.000000,16384,1639,95117,4,1.000000,0.000000
23310,24856577854,1090109,0,0,1824,0,0.000000,16384,1604,90109,4,1.000000,0.000000
23311,24857678142,1100288,0,0,1936,0,0.000000,16384,1712,100288,4,1.000000,0.000000
23312,24858703043,1024901,0,0,1857,0,0.000000,16384,1664,24901,4,1.000000,0.000000
23313,24859766927,1063884,0,0,1635,0,0.000000,16384,1488,63884,4,1.000000,0.000000
23314,24860833120,1066193,0,0,1655,0,0.000000,16384,1435,66193,4,1.000000,0.000000
23315,24861897985,1064865,0,0,1700,0,0.000000,16384,1537,64865,4,1.000000,0.000000
23316,24862957545,1059560,0,0,1670,0,0.000000,16384,1493,59560,4,1.000000,0.000000
23317,24864015183,1057638,0,0,1665,0,0.000000,16384,1456,57638,4,1.000000,0.000000
23318,24865077132,1061949,0,0,1769,0,0.000000,16384,1602,61949,4,1.000000,0.000000
23319,24866137398,1060266,0,0,1664,0,0.000000,16384,1480,60266,4,1.000000,0.000000
23320,24867194295,1056897,0,0,1706,0,0.000000,16384,1497,56897,4,1.000000,0.000000
23321,24868260196,1065901,0,0,1841,0,0.000000,16384,1660,65901,4,1.000000,0.000000
23322,24869347166,1086970,0,0,1904,0,0.000000,16384,1710,86970,4,1.000000,0.000000
23323,24870435300,1088134,0,0,1939,0,0.000000,16384,1739,88134,4,1.000000,0.000000
23324,24871523325,1088025,0,0,1953,0,0.000000,16384,1729,88025,4,1.000000,0.000000
23325,24872612191,1088866,0,0,1971,0,0.000000,16384,1747,88866,4,1.000000,0.000000
23326,24873707579,1095388,0,0,1982,0,0.000000,16384,1762,95388,4,1.000000,0.000000
23327,24874770641,1063062,0,0,1921,0,0.000000,16384,1697,63062,4,1.000000,0.000000
23328,24875832562,1061921,0,0,1921,0,0.000000,16384,1706,61921,4,1.000000,0.000000
23329,24876894486,1061924,0,0,1906,0,0.000000,16384,1712,61924,4,1.000000,0.000000
23330,24877956920,1062434,0,0,1911,0,0.000000,16384,1716,62434,4,1.000000,0.000000
23331,24879022529,1065609,0,0,1841,0,0.000000,16384,1657,65609,4,1.000000,0.000000
23332,24880081351,1058822,0,0,1710,0,0.000000,16384,1490,58822,4,1.000000,0.000000
23333,24881139044,1057693,0,0,1770,0,0.000000,16384,1577,57693,4,1.000000,0.000000
23334,24882194811,1055767,0,0,1756,0,0.000000,16384,1592,55767,4,1.000000,0.000000
23335,24883250930,1056119,0,0,1822,0,0.000000,16384,1615,56119,4,1.000000,0.000000
23336,24884307492,1056562,0,0,1823,0,0.000000,16384,1603,56562,4,1.000000,0.000000
23337,24885364085,1056593,0,0,1814,0,0.000000,16384,1617,56593,4,1.000000,0.000000
23338,24886420480,1056395,0,0,1824,0,0.000000,16384,1647,56395,4,1.000000,0.000000
23339,24887476545,1056065,0,0,1824,0,0.000000,16384,1634,56065,4,1.000000,0.000000
23340,24888533230,1056685,0,0,1802,0,0.000000,16384,1582,56685,4,1.000000,0.000000
23341,24889597545,1064315,0,0,1835,0,0.000000,16384,1621,64315,4,1.000000,0.000000
23342,24890654020,1056475,0,0,1798,0,0.000000,16384,1625,56475,4,1.000000,0.000000
23343,24891671157,1017137,0,0,1715,0,0.000000,16384,1537,17137,4,1.000000,0.000000
23344,24892729431,1058274,0,0,1815,0,0.000000,16384,1596,58274,4,1.000000,0.000000
23345,24893786902,1057471,0,0,1824,0,0.000000,16384,1619,57471,4,1.000000,0.000000
23346,24894842661,1055759,0,0,1825,0,0.000000,16384,1647,55759,4,1.000000,0.000000
23347,24895899144,1056483,0,0,1805,0,0.000000,16384,1624,56483,4,1.000000,0.000000
23348,24896955469,1056325,0,0,1822,0,0.000000,16384,1602,56325,4,1.000000,0.000000
23349,24898011255,1055786,0,0,1797,0,0.000000,16384,1581,55786,4,1.000000,0.000000
23350,24899066882,1055627,0,0,1824,0,0.000000,16384,1646,55627,4,1.000000,0.000000
23351,24900139611,1072729,0,0,1745,0,0.000000,16384,1575,72729,4,1.000000,0.000000
23352,24901197754,1058143,0,0,1803,0,0.000000,16384,1582,58143,4,1.000000,0.000000
23353,24902254345,1056591,0,0,1824,0,0.000000,16384,1609,56591,4,1.000000,0.000000
23354,24903315099,1060754,0,0,1769,0,0.000000,16384,1602,60754,4,1.000000,0.000000
23355,24904378061,1062962,0,0,1828,0,0.000000,16384,1647,62962,4,1.000000,0.000000
23356,24905436129,1058068,0,0,1791,0,0.000000,16384,1571,58068,4,1.000000,0.000000
23357,24906493323,1057194,0,0,1658,0,0.000000,16384,1472,57194,4,1.000000,0.000000
23358,24907554305,1060982,0,0,1564,0,0.000000,16384,1410,60982,4,1.000000,0.000000
23359,24908615072,1060767,0,0,1646,0,0.000000,16384,1439,60767,4,1.000000,0.000000
23360,24909675671,1060599,0,0,1660,0,0.000000,16384,1514,60599,4,1.000000,0.000000
23361,24910752933,1077262,0,0,1678,0,0.000000,16384,1475,77262,4,1.000000,0.000000
23362,24911810902,1057969,0,0,1732,0,0.000000,16384,1535,57969,4,1.000000,0.000000
23363,24912869310,1058408,0,0,1827,0,0.000000,16384,1649,58408,4,1.000000,0.000000
23364,24913925747,1056437,0,0,1814,0,0.000000,16384,1625,56437,4,1.000000,0.000000
23365,24914981933,1056186,0,0,1824,0,0.000000,16384,1604,56186,4,1.000000,0.000000
23366,24916037930,1055997,0,0,1823,0,0.000000,16384,1607,55997,4,1.000000,0.000000
23367,24917093611,1055681,0,0,1814,0,0.000000,16384,1638,55681,4,1.000000,0.000000
23368,24918150765,1057154,0,0,1794,0,0.000000,16384,1622,57154,4,1.000000,0.000000
23369,24919207329,1056564,0,0,1824,0,0.000000,16384,1600,56564,4,1.000000,0.000000
23370,24920264995,1057666,0,0,1734,0,0.000000,16384,1528,57666,4,1.000000,0.000000
23371,24921330747,1065752,0,0,1736,0,0.000000,16384,1576,65752,4,1.000000,0.000000
23372,24922387892,1057145,0,0,1807,0,0.000000,16384,1613,57145,4,1.000000,0.000000
23373,24923444385,1056493,0,0,1822,0,0.000000,16384,1602,56493,4,1.000000,0.000000
23374,24924501522,1057137,0,0,1810,0,0.000000,16384,1605,57137,4,1.000000,0.000000
23375,24925557725,1056203,0,0,1815,0,0.000000,16384,1639,56203,4,1.000000,0.000000
23376,24926613341,1055616,0,0,1822,0,0.000000,16384,1639,55616,4,1.000000,0.000000
23377,24927670601,1057260,0,0,1822,0,0.000000,16384,1602,57260,4,1.000000,0.000000
23378,24928726741,1056140,0,0,1824,0,0.000000,16384,1600,56140,4,1.000000,0.000000
23379,24929783206,1056465,0,0,1816,0,0.000000,16384,1641,56465,4,1.000000,0.000000
23380,24930839003,1055797,0,0,1825,0,0.000000,16384,1647,55797,4,1.000000,0.000000
23381,24931898312,1059309,0,0,1830,0,0.000000,16384,1619,59309,4,1.000000,0.000000
23382,24932953970,1055658,0,0,1813,0,0.000000,16384,1592,55658,4,1.000000,0.000000
23383,24934010035,1056065,0,0,1774,0,0.000000,16384,1591,56065,4,1.000000,0.000000
23384,24935066086,1056051,0,0,1758,0,0.000000,16384,1594,56051,4,1.000000,0.000000
23385,24936122004,1055918,0,0,1824,0,0.000000,16384,1607,55918,4,1.000000,0.000000
23386,24937177726,1055722,0,0,1822,0,0.000000,16384,1603,55722,4,1.000000,0.000000
23387,24938235246,1057520,0,0,1784,0,0.000000,16384,1602,57520,4,1.000000,0.000000
23388,24939291340,1056094,0,0,1753,0,0.000000,16384,1589,56094,4,1.000000,0.000000
23389,24940349313,1057973,0,0,1765,0,0.000000,16384,1551,57973,4,1.000000,0.000000
23390,24941407516,1058203,0,0,1815,0,0.000000,16384,1593,58203,4,1.000000,0.000000
23391,24942469447,1061931,0,0,1835,0,0.000000,16384,1656,61931,4,1.000000,0.000000
23392,24943526048,1056601,0,0,1827,0,0.000000,16384,1648,56601,4,1.000000,0.000000
23393,24944581878,1055830,0,0,1809,0,0.000000,16384,1601,55830,4,1.000000,0.000000
23394,24945637129,1055251,0,0,1821,0,0.000000,16384,1600,55251,4,1.000000,0.000000
23395,24946670715,1033586,0,0,1771,0,0.000000,16384,1589,33586,4,1.000000,0.000000
23396,24947732003,1061288,0,0,1638,0,0.000000,16384,1480,61288,4,1.000000,0.000000
23397,24948793422,1061419,0,0,1667,0,0.000000,16384,1448,61419,4,1.000000,0.000000
23398,24949850830,1057408,0,0,1688,0,0.000000,16384,1534,57408,4,1.000000,0.000000
23399,24950907508,1056678,0,0,1826,0,0.000000,16384,1640,56678,4,1.000000,0.000000
23400,24951963106,1055598,0,0,1821,0,0.000000,16384,1601,55598,4,1.000000,0.000000
23401,24953037946,1074840,0,0,1854,0,0.000000,16384,1630,74840,4,1.000000,0.000000
23402,24954094547,1056601,0,0,1792,0,0.000000,16384,1619,56601,4,1.000000,0.000000
23403,24955150463,1055916,0,0,1824,0,0.000000,16384,1646,55916,4,1.000000,0.000000
23404,24956206223,1055760,0,0,1823,0,0.000000,16384,1609,55760,4,1.000000,0.000000
23405,24957263024,1056801,0,0,1722,0,0.000000,16384,1508,56801,4,1.000000,0.000000
23406,24958318708,1055684,0,0,1812,0,0.000000,16384,1637,55684,4,1.000000,0.000000
23407,24959374740,1056032,0,0,1824,0,0.000000,16384,1646,56032,4,1.000000,0.000000
23408,24960435127,1060387,0,0,1656,0,0.000000,16384,1444,60387,4,1.000000,0.000000
23409,24961496233,1061106,0,0,1612,0,0.000000,16384,1451,61106,4,1.000000,0.000000
23410,24962554355,1058122,0,0,1786,0,0.000000,16384,1606,58122,4,1.000000,0.000000
23411,24963619125,1064770,0,0,1759,0,0.000000,16384,1539,64770,4,1.000000,0.000000
23412,24964670216,1051091,0,0,1810,0,0.000000,16384,1607,51091,4,1.000000,0.000000
23413,24965726450,1056234,0,0,1816,0,0.000000,16384,1640,56234,4,1.000000,0.000000
23414,24966782808,1056358,0,0,1825,0,0.000000,16384,1641,56358,4,1.000000,0.000000
23415,24967838712,1055904,0,0,1823,0,0.000000,16384,1603,55904,4,1.000000,0.000000
23416,24968894481,1055769,0,0,1824,0,0.000000,16384,1600,55769,4,1.000000,0.000000
23417,24969950382,1055901,0,0,1816,0,0.000000,16384,1642,55901,4,1.000000,0.000000
23418,24971005723,1055341,0,0,1825,0,0.000000,16384,1647,55341,4,1.000000,0.000000
23419,24972061388,1055665,0,0,1825,0,0.000000,16384,1613,55665,4,1.000000,0.000000
23420,24973118045,1056657,0,0,1793,0,0.000000,16384,1572,56657,4,1.000000,0.000000
23421,24974177434,1059389,0,0,1830,0,0.000000,16384,1641,59389,4,1.000000,0.000000
23422,24975233331,1055897,0,0,1826,0,0.000000,16384,1649,55897,4,1.000000,0.000000
23423,24976289479,1056148,0,0,1824,0,0.000000,16384,1627,56148,4,1.000000,0.000000
23424,24977345236,1055757,0,0,1822,0,0.000000,16384,1602,55757,4,1.000000,0.000000
23425,24978401268,1056032,0,0,1815,0,0.000000,16384,1607,56032,4,1.000000,0.000000
23426,24979457328,1056060,0,0,1812,0,0.000000,16384,1636,56060,4,1.000000,0.000000
23427,24980516045,1058717,0,0,1751,0,0.000000,16384,1571,58717,4,1.000000,0.000000
23428,24981574240,1058195,0,0,1753,0,0.000000,16384,1532,58195,4,1.000000,0.000000
23429,24982630500,1056260,0,0,1825,0,0.000000,16384,1629,56260,4,1.000000,0.000000
23430,24983670361,1039861,0,0,1794,0,0.000000,16384,1623,39861,4,1.000000,0.000000
23431,24984732392,1062031,0,0,1830,0,0.000000,16384,1551,62031,4,1.000000,0.000000
23432,24985789258,1056866,0,0,1816,0,0.000000,16384,1639,56866,4,1.000000,0.000000
23433,24986845203,1055945,0,0,1804,0,0.000000,16384,1618,55945,4,1.000000,0.000000
23434,24987901151,1055948,0,0,1794,0,0.000000,16384,1574,55948,4,1.000000,0.000000
23435,24988959025,1057874,0,0,1740,0,0.000000,16384,1547,57874,4,1.000000,0.000000
23436,24990015123,1056098,0,0,1827,0,0.000000,16384,1648,56098,4,1.000000,0.000000
23437,24991071252,1056129,0,0,1808,0,0.000000,16384,1616,56129,4,1.000000,0.000000
23438,24992127432,1056180,0,0,1824,0,0.000000,16384,1604,56180,4,1.000000,0.000000
23439,24993184665,1057233,0,0,1824,0,0.000000,16384,1614,57233,4,1.000000,0.000000
23440,24994241035,1056370,0,0,1816,0,0.000000,16384,1640,56370,4,1.000000,0.000000
23441,24995302879,1061844,0,0,1835,0,0.000000,16384,1657,61844,4,1.000000,0.000000
23442,24996358641,1055762,0,0,1823,0,0.000000,16384,1599,55762,4,1.000000,0.000000
23443,24997415127,1056486,0,0,1815,0,0.000000,16384,1595,56486,4,1.000000,0.000000
23444,24998471780,1056653,0,0,1797,0,0.000000,16384,1620,56653,4,1.000000,0.000000
23445,24999527906,1056126,0,0,1743,0,0.000000,16384,1580,56126,4,1.000000,0.000000
23446,25000585735,1057829,0,0,1765,0,0.000000,16384,1545,57829,4,1.000000,0.000000
23447,25001642145,1056410,0,0,1823,0,0.000000,16384,1608,56410,4,1.000000,0.000000
23448,25002670363,1028218,0,0,1764,0,0.000000,16384,1598,28218,4,1.000000,0.000000
23449,25003738363,1068000,0,0,1684,0,0.000000,16384,1501,68000,4,1.000000,0.000000
23450,25004798281,1059918,0,0,1808,0,0.000000,16384,1588,59918,4,1.000000,0.000000
23451,25005872331,1074050,0,0,1844,0,0.000000,16384,1648,74050,4,1.000000,0.000000
23452,25006929431,1057100,0,0,1823,0,0.000000,16384,1645,57100,4,1.000000,0.000000
23453,25007986845,1057414,0,0,1811,0,0.000000,16384,1621,57414,4,1.000000,0.000000
23454,25009042548,1055703,0,0,1815,0,0.000000,16384,1595,55703,4,1.000000,0.000000
23455,25010098411,1055863,0,0,1818,0,0.000000,16384,1608,55863,4,1.000000,0.000000
23456,25011154387,1055976,0,0,1825,0,0.000000,16384,1647,55976,4,1.000000,0.000000
23457,25012232720,1078333,0,0,1701,0,0.000000,16384,1525,78333,4,1.000000,0.000000
23458,25013290243,1057523,0,0,1823,0,0.000000,16384,1602,57523,4,1.000000,0.000000
23459,25014346227,1055984,0,0,1822,0,0.000000,16384,1618,55984,4,1.000000,0.000000
23460,25015402314,1056087,0,0,1789,0,0.000000,16384,1618,56087,4,1.000000,0.000000
23461,25016464129,1061815,0,0,1805,0,0.000000,16384,1616,61815,4,1.000000,0.000000
23462,25017520147,1056018,0,0,1823,0,0.000000,16384,1604,56018,4,1.000000,0.000000
23463,25018575845,1055698,0,0,1824,0,0.000000,16384,1610,55698,4,1.000000,0.000000
23464,25019631489,1055644,0,0,1825,0,0.000000,16384,1647,55644,4,1.000000,0.000000
23465,25020673432,1041943,0,0,1715,0,0.000000,16384,1543,41943,4,1.000000,0.000000
23466,25021731786,1058354,0,0,1827,0,0.000000,16384,1607,58354,4,1.000000,0.000000
23467,25022788277,1056491,0,0,1824,0,0.000000,16384,1611,56491,4,1.000000,0.000000
23468,25023844579,1056302,0,0,1828,0,0.000000,16384,1648,56302,4,1.000000,0.000000
23469,25024901664,1057085,0,0,1821,0,0.000000,16384,1645,57085,4,1.000000,0.000000
23470,25025958741,1057077,0,0,1800,0,0.000000,16384,1581,57077,4,1.000000,0.000000
23471,25027021233,1062492,0,0,1834,0,0.000000,16384,1614,62492,4,1.000000,0.000000
23472,25028076717,1055484,0,0,1823,0,0.000000,16384,1639,55484,4,1.000000,0.000000
23473,25029132364,1055647,0,0,1824,0,0.000000,16384,1645,55647,4,1.000000,0.000000
23474,25030188398,1056034,0,0,1824,0,0.000000,16384,1623,56034,4,1.000000,0.000000
23475,25031244115,1055717,0,0,1822,0,0.000000,16384,1602,55717,4,1.000000,0.000000
23476,25032299732,1055617,0,0,1822,0,0.000000,16384,1619,55617,4,1.000000,0.000000
23477,25033355560,1055828,0,0,1825,0,0.000000,16384,1647,55828,4,1.000000,0.000000
23478,25034411159,1055599,0,0,1825,0,0.000000,16384,1642,55599,4,1.000000,0.000000
23479,25035467006,1055847,0,0,1824,0,0.000000,16384,1604,55847,4,1.000000,0.000000
23480,25036522936,1055930,0,0,1824,0,0.000000,16384,1600,55930,4,1.000000,0.000000
23481,25037581911,1058975,0,0,1832,0,0.000000,16384,1653,58975,4,1.000000,0.000000
23482,25038638918,1057007,0,0,1792,0,0.000000,16384,1621,57007,4,1.000000,0.000000
23483,25039671082,1032164,0,0,1777,0,0.000000,16384,1563,32164,4,1.000000,0.000000
23484,25040727506,1056424,0,0,1770,0,0.000000,16384,1555,56424,4,1.000000,0.000000
23485,25041784478,1056972,0,0,1827,0,0.000000,16384,1648,56972,4,1.000000,0.000000
23486,25042840851,1056373,0,0,1825,0,0.000000,16384,1648,56373,4,1.000000,0.000000
23487,25043897169,1056318,0,0,1777,0,0.000000,16384,1564,56318,4,1.000000,0.000000
23488,25044990204,1093035,0,0,1618,0,0.000000,16384,1433,93035,4,1.000000,0.000000
23489,25046057071,1066867,0,0,1539,0,0.000000,16384,1388,66867,4,1.000000,0.000000
23490,25047116352,1059281,0,0,1667,0,0.000000,16384,1458,59281,4,1.000000,0.000000
23491,25048212893,1096541,0,0,1649,0,0.000000,16384,1506,96541,4,1.000000,0.000000
23492,25049276296,1063403,0,0,1615,0,0.000000,16384,1411,63403,4,1.000000,0.000000
23493,25050334598,1058302,0,0,1663,0,0.000000,16384,1492,58302,4,1.000000,0.000000
23494,25051393005,1058407,0,0,1591,0,0.000000,16384,1422,58407,4,1.000000,0.000000
23495,25052450417,1057412,0,0,1641,0,0.000000,16384,1445,57412,4,1.000000,0.000000
23496,25053510976,1060559,0,0,1664,0,0.000000,16384,1518,60559,4,1.000000,0.000000
23497,25054573821,1062845,0,0,1668,0,0.000000,16384,1453,62845,4,1.000000,0.000000
23498,25055632108,1058287,0,0,1661,0,0.000000,16384,1491,58287,4,1.000000,0.000000
23499,25056671266,1039158,0,0,1636,0,0.000000,16384,1467,39158,4,1.000000,0.000000
23500,25057727601,1056335,0,0,1825,0,0.000000,16384,1605,56335,4,1.000000,0.000000
23501,25058807642,1080041,0,0,1865,0,0.000000,16384,1657,80041,4,1.000000,0.000000
23502,25059863939,1056297,0,0,1827,0,0.000000,16384,1649,56297,4,1.000000,0.000000
23503,25060922055,1058116,0,0,1653,0,0.000000,16384,1475,58116,4,1.000000,0.000000
23504,25061984112,1062057,0,0,1752,0,0.000000,16384,1532,62057,4,1.000000,0.000000
23505,25063045752,1061640,0,0,1823,0,0.000000,16384,1643,61640,4,1.000000,0.000000
23506,25064142480,1096728,0,0,1767,0,0.000000,16384,1601,96728,4,1.000000,0.000000
23507,25065210467,1067987,0,0,1468,0,0.000000,16384,1268,67987,4,1.000000,0.000000
23508,25066272659,1062192,0,0,1579,0,0.000000,16384,1449,62192,4,1.000000,0.000000
23509,25067407830,1135171,0,0,1600,0,0.000000,16384,1380,135171,4,1.000000,0.000000
23510,25068479314,1071484,0,0,1437,0,0.000000,16384,1320,71484,4,1.000000,0.000000
23511,25069572429,1093115,0,0,1401,0,0.000000,16384,1226,93115,4,1.000000,0.000000
23512,25070658063,1085634,0,0,1410,0,0.000000,16384,1254,85634,4,1.000000,0.000000
23513,25071813875,1155812,0,0,1598,0,0.000000,16384,1433,155812,4,1.000000,0.000000
23514,25072877068,1063193,0,0,1513,0,0.000000,16384,1342,63193,4,1.000000,0.000000
23515,25073939773,1062705,0,0,1599,0,0.000000,16384,1429,62705,4,1.000000,0.000000
23516,25074998916,1059143,0,0,1608,0,0.000000,16384,1438,59143,4,1.000000,0.000000
23517,25076057638,1058722,0,0,1611,0,0.000000,16384,1418,58722,4,1.000000,0.000000
23518,25077116602,1058964,0,0,1607,0,0.000000,16384,1463,58964,4,1.000000,0.000000
23519,25078179815,1063213,0,0,1511,0,0.000000,16384,1312,63213,4,1.000000,0.000000
23520,25079241010,1061195,0,0,1508,0,0.000000,16384,1372,61195,4,1.000000,0.000000
23521,25080332603,1091593,0,0,1494,0,0.000000,16384,1310,91593,4,1.000000,0.000000
23522,25081396191,1063588,0,0,1507,0,0.000000,16384,1355,63588,4,1.000000,0.000000
23523,25082456359,1060168,0,0,1533,0,0.000000,16384,1358,60168,4,1.000000,0.000000
23524,25083519096,1062737,0,0,1613,0,0.000000,16384,1452,62737,4,1.000000,0.000000
23525,25084579230,1060134,0,0,1621,0,0.000000,16384,1416,60134,4,1.000000,0.000000
23526,25085637623,1058393,0,0,1614,0,0.000000,16384,1478,58393,4,1.000000,0.000000
23527,25086673924,1036301,0,0,1575,0,0.000000,16384,1360,36301,4,1.000000,0.000000
23528,25087733960,1060036,0,0,1622,0,0.000000,16384,1479,60036,4,1.000000,0.000000
23529,25088796059,1062099,0,0,1501,0,0.000000,16384,1308,62099,4,1.000000,0.000000
23530,25089857017,1060958,0,0,1607,0,0.000000,16384,1459,60958,4,1.000000,0.000000
23531,25090936818,1079801,0,0,1634,0,0.000000,16384,1446,79801,4,1.000000,0.000000
23532,25091996593,1059775,0,0,1581,0,0.000000,16384,1406,59775,4,1.000000,0.000000
23533,25093054353,1057760,0,0,1688,0,0.000000,16384,1523,57760,4,1.000000,0.000000
23534,25094111155,1056802,0,0,1794,0,0.000000,16384,1574,56802,4,1.000000,0.000000
23535,25095167596,1056441,0,0,1823,0,0.000000,16384,1616,56441,4,1.000000,0.000000
23536,25096224622,1057026,0,0,1816,0,0.000000,16384,1640,57026,4,1.000000,0.000000
23537,25097281494,1056872,0,0,1826,0,0.000000,16384,1645,56872,4,1.000000,0.000000
23538,25098337811,1056317,0,0,1823,0,0.000000,16384,1602,56317,4,1.000000,0.000000
23539,25099393626,1055815,0,0,1822,0,0.000000,16384,1599,55815,4,1.000000,0.000000
23540,25100452849,1059223,0,0,1766,0,0.000000,16384,1599,59223,4,1.000000,0.000000
23541,25101531463,1078614,0,0,1845,0,0.000000,16384,1663,78614,4,1.000000,0.000000
23542,25102588041,1056578,0,0,1825,0,0.000000,16384,1610,56578,4,1.000000,0.000000
23543,25103648545,1060504,0,0,1797,0,0.000000,16384,1576,60504,4,1.000000,0.000000
23544,25104672378,1023833,0,0,1691,0,0.000000,16384,1532,23833,4,1.000000,0.000000
23545,25105730367,1057989,0,0,1828,0,0.000000,16384,1648,57989,4,1.000000,0.000000
23546,25106787043,1056676,0,0,1826,0,0.000000,16384,1602,56676,4,1.000000,0.000000
23547,25107843405,1056362,0,0,1822,0,0.000000,16384,1602,56362,4,1.000000,0.000000
23548,25108899800,1056395,0,0,1814,0,0.000000,16384,1635,56395,4,1.000000,0.000000
23549,25109955649,1055849,0,0,1824,0,0.000000,16384,1647,55849,4,1.000000,0.000000
23550,25111010879,1055230,0,0,1822,0,0.000000,16384,1614,55230,4,1.000000,0.000000
23551,25112094598,1083719,0,0,1839,0,0.000000,16384,1619,83719,4,1.000000,0.000000
23552,25113155834,1061236,0,0,1820,0,0.000000,16384,1620,61236,4,1.000000,0.000000
23553,25114212670,1056836,0,0,1827,0,0.000000,16384,1648,56836,4,1.000000,0.000000
23554,25115268820,1056150,0,0,1829,0,0.000000,16384,1644,56150,4,1.000000,0.000000
23555,25116325671,1056851,0,0,1769,0,0.000000,16384,1549,56851,4,1.000000,0.000000
23556,25117383327,1057656,0,0,1762,0,0.000000,16384,1563,57656,4,1.000000,0.000000
23557,25118439612,1056285,0,0,1826,0,0.000000,16384,1648,56285,4,1.000000,0.000000
23558,25119496115,1056503,0,0,1827,0,0.000000,16384,1640,56503,4,1.000000,0.000000
23559,25120555606,1059491,0,0,1753,0,0.000000,16384,1533,59491,4,1.000000,0.000000
23560,25121613897,1058291,0,0,1824,0,0.000000,16384,1618,58291,4,1.000000,0.000000
23561,25122671428,1057531,0,0,1822,0,0.000000,16384,1645,57531,4,1.000000,0.000000
23562,25123727605,1056177,0,0,1824,0,0.000000,16384,1643,56177,4,1.000000,0.000000
23563,25124783843,1056238,0,0,1822,0,0.000000,16384,1602,56238,4,1.000000,0.000000
23564,25125840476,1056633,0,0,1823,0,0.000000,16384,1599,56633,4,1.000000,0.000000
23565,25126896428,1055952,0,0,1825,0,0.000000,16384,1647,55952,4,1.000000,0.000000
23566,25127952090,1055662,0,0,1826,0,0.000000,16384,1648,55662,4,1.000000,0.000000
23567,25129008044,1055954,0,0,1825,0,0.000000,16384,1616,55954,4,1.000000,0.000000
23568,25130064307,1056263,0,0,1804,0,0.000000,16384,1585,56263,4,1.000000,0.000000
23569,25131120139,1055832,0,0,1826,0,0.000000,16384,1630,55832,4,1.000000,0.000000
23570,25132176230,1056091,0,0,1826,0,0.000000,16384,1649,56091,4,1.000000,0.000000
23571,25133236516,1060286,0,0,1833,0,0.000000,16384,1642,60286,4,1.000000,0.000000
23572,25134292536,1056020,0,0,1823,0,0.000000,16384,1603,56020,4,1.000000,0.000000
23573,25135348617,1056081,0,0,1823,0,0.000000,16384,1606,56081,4,1.000000,0.000000
23574,25136404528,1055911,0,0,1825,0,0.000000,16384,1647,55911,4,1.000000,0.000000
23575,25137460714,1056186,0,0,1826,0,0.000000,16384,1648,56186,4,1.000000,0.000000
23576,25138517728,1057014,0,0,1806,0,0.000000,16384,1591,57014,4,1.000000,0.000000
23577,25139574375,1056647,0,0,1823,0,0.000000,16384,1603,56647,4,1.000000,0.000000
23578,25140633181,1058806,0,0,1680,0,0.000000,16384,1521,58806,4,1.000000,0.000000
23579,25141671834,1038653,0,0,1745,0,0.000000,16384,1563,38653,4,1.000000,0.000000
23580,25142727596,1055762,0,0,1724,0,0.000000,16384,1505,55762,4,1.000000,0.000000
23581,25143791197,1063601,0,0,1825,0,0.000000,16384,1636,63601,4,1.000000,0.000000
23582,25144850827,1059630,0,0,1799,0,0.000000,16384,1625,59630,4,1.000000,0.000000
23583,25145908209,1057382,0,0,1813,0,0.000000,16384,1612,57382,4,1.000000,0.000000
23584,25146965323,1057114,0,0,1801,0,0.000000,16384,1580,57114,4,1.000000,0.000000
23585,25148022443,1057120,0,0,1825,0,0.000000,16384,1628,57120,4,1.000000,0.000000
23586,25149081616,1059173,0,0,1657,0,0.000000,16384,1515,59173,4,1.000000,0.000000
23587,25150141292,1059676,0,0,1824,0,0.000000,16384,1600,59676,4,1.000000,0.000000
23588,25151198235,1056943,0,0,1824,0,0.000000,16384,1604,56943,4,1.000000,0.000000
23589,25152255124,1056889,0,0,1826,0,0.000000,16384,1641,56889,4,1.000000,0.000000
23590,25153312528,1057404,0,0,1828,0,0.000000,16384,1650,57404,4,1.000000,0.000000
23591,25154383642,1071114,0,0,1841,0,0.000000,16384,1640,71114,4,1.000000,0.000000
23592,25155444329,1060687,0,0,1810,0,0.000000,16384,1590,60687,4,1.000000,0.000000
23593,25156502641,1058312,0,0,1818,0,0.000000,16384,1613,58312,4,1.000000,0.000000
23594,25157559445,1056804,0,0,1823,0,0.000000,16384,1646,56804,4,1.000000,0.000000
23595,25158615655,1056210,0,0,1816,0,0.000000,16384,1634,56210,4,1.000000,0.000000
23596,25159672745,1057090,0,0,1821,0,0.000000,16384,1601,57090,4,1.000000,0.000000
23597,25160735479,1062734,0,0,1765,0,0.000000,16384,1554,62734,4,1.000000,0.000000
23598,25161796352,1060873,0,0,1709,0,0.000000,16384,1554,60873,4,1.000000,0.000000
23599,25162857048,1060696,0,0,1831,0,0.000000,16384,1633,60696,4,1.000000,0.000000
23600,25163914496,1057448,0,0,1826,0,0.000000,16384,1606,57448,4,1.000000,0.000000
23601,25164991209,1076713,0,0,1856,0,0.000000,16384,1640,76713,4,1.000000,0.000000
23602,25166048659,1057450,0,0,1828,0,0.000000,16384,1650,57450,4,1.000000,0.000000
23603,25167146924,1098265,0,0,1739,0,0.000000,16384,1569,98265,4,1.000000,0.000000
23604,25168216572,1069648,0,0,1485,0,0.000000,16384,1291,69648,4,1.000000,0.000000
23605,25169292689,1076117,0,0,1549,0,0.000000,16384,1407,76117,4,1.000000,0.000000
23606,25170393267,1100578,0,0,1537,0,0.000000,16384,1342,100578,4,1.000000,0.000000
23607,25171526834,1133567,0,0,1434,0,0.000000,16384,1293,133567,4,1.000000,0.000000
23608,25172595953,1069119,0,0,1444,0,0.000000,16384,1290,69119,4,1.000000,0.000000
23609,25173672804,1076851,0,0,1477,0,0.000000,16384,1299,76851,4,1.000000,0.000000
23610,25174740233,1067429,0,0,1470,0,0.000000,16384,1340,67429,4,1.000000,0.000000
23611,25175790053,1049820,0,0,1446,0,0.000000,16384,1250,49820,4,1.000000,0.000000
23612,25176857692,1067639,0,0,1467,0,0.000000,16384,1341,67639,4,1.000000,0.000000
23613,25177922117,1064425,0,0,1492,0,0.000000,16384,1307,64425,4,1.000000,0.000000
23614,25178989676,1067559,0,0,1548,0,0.000000,16384,1397,67559,4,1.000000,0.000000
23615,25180064761,1075085,0,0,1389,0,0.000000,16384,1234,75085,4,1.000000,0.000000
23616,25181205425,1140664,0,0,1486,0,0.000000,16384,1309,140664,4,1.000000,0.000000
23617,25182280544,1075119,0,0,1410,0,0.000000,16384,1288,75119,4,1.000000,0.000000
23618,25183353169,1072625,0,0,1387,0,0.000000,16384,1203,72625,4,1.000000,0.000000
23619,25184540629,1187460,0,0,1518,0,0.000000,16384,1372,187460,4,1.000000,0.000000
23620,25185595921,1055292,0,0,1378,0,0.000000,16384,1226,55292,4,1.000000,0.000000
23621,25186699053,1103132,0,0,1429,0,0.000000,16384,1249,103132,4,1.000000,0.000000
23622,25187772448,1073395,0,0,1435,0,0.000000,16384,1319,73395,4,1.000000,0.000000
23623,25188844976,1072528,0,0,1414,0,0.000000,16384,1229,72528,4,1.000000,0.000000
23624,25189918507,1073531,0,0,1422,0,0.000000,16384,1275,73531,4,1.000000,0.000000
23625,25191004253,1085746,0,0,1430,0,0.000000,16384,1287,85746,4,1.000000,0.000000
23626,25192078516,1074263,0,0,1416,0,0.000000,16384,1226,74263,4,1.000000,0.000000
23627,25193145966,1067450,0,0,1466,0,0.000000,16384,1347,67450,4,1.000000,0.000000
23628,25194219657,1073691,0,0,1477,0,0.000000,16384,1289,73691,4,1.000000,0.000000
23629,25195285834,1066177,0,0,1465,0,0.000000,16384,1317,66177,4,1.000000,0.000000
23630,25196349325,1063491,0,0,1469,0,0.000000,16384,1311,63491,4,1.000000,0.000000
23631,25197440544,1091219,0,0,1515,0,0.000000,16384,1341,91219,4,1.000000,0.000000
23632,25198500911,1060367,0,0,1506,0,0.000000,16384,1356,60367,4,1.000000,0.000000
23633,25199564165,1063254,0,0,1522,0,0.000000,16384,1335,63254,4,1.000000,0.000000
23634,25200624290,1060125,0,0,1601,0,0.000000,16384,1445,60125,4,1.000000,0.000000
23635,25201676480,1052190,0,0,1520,0,0.000000,16384,1341,52190,4,1.000000,0.000000
23636,25202767471,1090991,0,0,1539,0,0.000000,16384,1387,90991,4,1.000000,0.000000
23637,25203832429,1064958,0,0,1518,0,0.000000,16384,1302,64958,4,1.000000,0.000000
23638,25204897933,1065504,0,0,1476,0,0.000000,16384,1287,65504,4,1.000000,0.000000
23639,25205961511,1063578,0,0,1604,0,0.000000,16384,1458,63578,4,1.000000,0.000000
23640,25207020131,1058620,0,0,1595,0,0.000000,16384,1405,58620,4,1.000000,0.000000
23641,25208105583,1085452,0,0,1615,0,0.000000,16384,1443,85452,4,1.000000,0.000000
23642,25209165405,1059822,0,0,1621,0,0.000000,16384,1453,59822,4,1.000000,0.000000
23643,25210226777,1061372,0,0,1601,0,0.000000,16384,1406,61372,4,1.000000,0.000000
23644,25211288631,1061854,0,0,1656,0,0.000000,16384,1513,61854,4,1.000000,0.000000
23645,25212352038,1063407,0,0,1665,0,0.000000,16384,1446,63407,4,1.000000,0.000000
23646,25213413361,1061323,0,0,1763,0,0.000000,16384,1576,61323,4,1.000000,0.000000
23647,25214472709,1059348,0,0,1819,0,0.000000,16384,1642,59348,4,1.000000,0.000000
23648,25215529837,1057128,0,0,1827,0,0.000000,16384,1628,57128,4,1.000000,0.000000
23649,25216586870,1057033,0,0,1826,0,0.000000,16384,1606,57033,4,1.000000,0.000000
23650,25217643137,1056267,0,0,1825,0,0.000000,16384,1617,56267,4,1.000000,0.000000
23651,25218741848,1098711,0,0,1881,0,0.000000,16384,1692,98711,4,1.000000,0.000000
23652,25219798233,1056385,0,0,1827,0,0.000000,16384,1649,56385,4,1.000000,0.000000
23653,25220854521,1056288,0,0,1800,0,0.000000,16384,1587,56288,4,1.000000,0.000000
23654,25221910888,1056367,0,0,1813,0,0.000000,16384,1593,56367,4,1.000000,0.000000
23655,25222971908,1061020,0,0,1705,0,0.000000,16384,1542,61020,4,1.000000,0.000000
23656,25224031431,1059523,0,0,1786,0,0.000000,16384,1608,59523,4,1.000000,0.000000
23657,25225087980,1056549,0,0,1801,0,0.000000,16384,1582,56549,4,1.000000,0.000000
23658,25226143674,1055694,0,0,1825,0,0.000000,16384,1608,55694,4,1.000000,0.000000
23659,25227199968,1056294,0,0,1799,0,0.000000,16384,1626,56294,4,1.000000,0.000000
23660,25228256462,1056494,0,0,1824,0,0.000000,16384,1648,56494,4,1.000000,0.000000
23661,25229324672,1068210,0,0,1841,0,0.000000,16384,1619,68210,4,1.000000,0.000000
23662,25230381006,1056334,0,0,1814,0,0.000000,16384,1594,56334,4,1.000000,0.000000
23663,25231437278,1056272,0,0,1825,0,0.000000,16384,1637,56272,4,1.000000,0.000000
23664,25232493080,1055802,0,0,1824,0,0.000000,16384,1647,55802,4,1.000000,0.000000
23665,25233550097,1057017,0,0,1817,0,0.000000,16384,1618,57017,4,1.000000,0.000000
23666,25234606919,1056822,0,0,1811,0,0.000000,16384,1591,56822,4,1.000000,0.000000
23667,25235663443,1056524,0,0,1764,0,0.000000,16384,1572,56524,4,1.000000,0.000000
23668,25236670768,1007325,0,0,1737,0,0.000000,16384,1577,7325,4,1.000000,0.000000
23669,25237727136,1056368,0,0,1818,0,0.000000,16384,1606,56368,4,1.000000,0.000000
23670,25238783487,1056351,0,0,1766,0,0.000000,16384,1546,56351,4,1.000000,0.000000
23671,25239846352,1062865,0,0,1761,0,0.000000,16384,1592,62865,4,1.000000,0.000000
23672,25240904909,1058557,0,0,1783,0,0.000000,16384,1612,58557,4,1.000000,0.000000
23673,25241961954,1057045,0,0,1827,0,0.000000,16384,1603,57045,4,1.000000,0.000000
23674,25243020121,1058167,0,0,1762,0,0.000000,16384,1551,58167,4,1.000000,0.000000
23675,25244078633,1058512,0,0,1778,0,0.000000,16384,1609,58512,4,1.000000,0.000000
23676,25245135750,1057117,0,0,1805,0,0.000000,16384,1625,57117,4,1.000000,0.000000
23677,25246192095,1056345,0,0,1792,0,0.000000,16384,1572,56345,4,1.000000,0.000000
23678,25247249090,1056995,0,0,1816,0,0.000000,16384,1602,56995,4,1.000000,0.000000
23679,25248306282,1057192,0,0,1731,0,0.000000,16384,1572,57192,4,1.000000,0.000000
23680,25249368810,1062528,0,0,1625,0,0.000000,16384,1438,62528,4,1.000000,0.000000
23681,25250444047,1075237,0,0,1763,0,0.000000,16384,1553,75237,4,1.000000,0.000000
23682,25251503225,1059178,0,0,1691,0,0.000000,16384,1540,59178,4,1.000000,0.000000
23683,25252561016,1057791,0,0,1787,0,0.000000,16384,1584,57791,4,1.000000,0.000000
23684,25253618769,1057753,0,0,1824,0,0.000000,16384,1604,57753,4,1.000000,0.000000
23685,25254676830,1058061,0,0,1815,0,0.000000,16384,1621,58061,4,1.000000,0.000000
23686,25255740293,1063463,0,0,1826,0,0.000000,16384,1648,63463,4,1.000000,0.000000
23687,25256797470,1057177,0,0,1825,0,0.000000,16384,1633,57177,4,1.000000,0.000000
23688,25257853367,1055897,0,0,1821,0,0.000000,16384,1601,55897,4,1.000000,0.000000
23689,25258909965,1056598,0,0,1803,0,0.000000,16384,1593,56598,4,1.000000,0.000000
23690,25259966421,1056456,0,0,1807,0,0.000000,16384,1633,56456,4,1.000000,0.000000
23691,25261032990,1066569,0,0,1786,0,0.000000,16384,1606,66569,4,1.000000,0.000000
23692,25262092888,1059898,0,0,1814,0,0.000000,16384,1593,59898,4,1.000000,0.000000
23693,25263153805,1060917,0,0,1737,0,0.000000,16384,1538,60917,4,1.000000,0.000000
23694,25264211038,1057233,0,0,1814,0,0.000000,16384,1639,57233,4,1.000000,0.000000
23695,25265269454,1058416,0,0,1737,0,0.000000,16384,1548,58416,4,1.000000,0.000000
23696,25266328369,1058915,0,0,1655,0,0.000000,16384,1446,58915,4,1.000000,0.000000
23697,25267391023,1062654,0,0,1551,0,0.000000,16384,1423,62654,4,1.000000,0.000000
23698,25268450364,1059341,0,0,1739,0,0.000000,16384,1519,59341,4,1.000000,0.000000
23699,25269509462,1059098,0,0,1680,0,0.000000,16384,1501,59098,4,1.000000,0.000000
23700,25270566436,1056974,0,0,1794,0,0.000000,16384,1624,56974,4,1.000000,0.000000
23701,25271650380,1083944,0,0,1678,0,0.000000,16384,1468,83944,4,1.000000,0.000000
23702,25272671994,1021614,0,0,1703,0,0.000000,16384,1517,21614,4,1.000000,0.000000
23703,25273732354,1060360,0,0,1800,0,0.000000,16384,1627,60360,4,1.000000,0.000000
23704,25274790144,1057790,0,0,1797,0,0.000000,16384,1592,57790,4,1.000000,0.000000
23705,25275848524,1058380,0,0,1669,0,0.000000,16384,1462,58380,4,1.000000,0.000000
23706,25276904521,1055997,0,0,1808,0,0.000000,16384,1634,55997,4,1.000000,0.000000
23707,25277961304,1056783,0,0,1783,0,0.000000,16384,1604,56783,4,1.000000,0.000000
23708,25279019103,1057799,0,0,1700,0,0.000000,16384,1480,57799,4,1.000000,0.000000
23709,25280075988,1056885,0,0,1818,0,0.000000,16384,1624,56885,4,1.000000,0.000000
23710,25281132844,1056856,0,0,1811,0,0.000000,16384,1636,56856,4,1.000000,0.000000
23711,25282197566,1064722,0,0,1829,0,0.000000,16384,1634,64722,4,1.000000,0.000000
23712,25283254668,1057102,0,0,1738,0,0.000000,16384,1518,57102,4,1.000000,0.000000
23713,25284311876,1057208,0,0,1806,0,0.000000,16384,1615,57208,4,1.000000,0.000000
23714,25285368836,1056960,0,0,1759,0,0.000000,16384,1594,56960,4,1.000000,0.000000
23715,25286425964,1057128,0,0,1825,0,0.000000,16384,1617,57128,4,1.000000,0.000000
23716,25287482827,1056863,0,0,1825,0,0.000000,16384,1605,56863,4,1.000000,0.000000
23717,25288539606,1056779,0,0,1816,0,0.000000,16384,1619,56779,4,1.000000,0.000000
23718,25289595574,1055968,0,0,1783,0,0.000000,16384,1614,55968,4,1.000000,0.000000
23719,25290653091,1057517,0,0,1676,0,0.000000,16384,1482,57517,4,1.000000,0.000000
23720,25291672153,1019062,0,0,1583,0,0.000000,16384,1406,19062,4,1.000000,0.000000
23721,25292737163,1065010,0,0,1825,0,0.000000,16384,1647,65010,4,1.000000,0.000000
23722,25293793371,1056208,0,0,1800,0,0.000000,16384,1591,56208,4,1.000000,0.000000
23723,25294851206,1057835,0,0,1822,0,0.000000,16384,1602,57835,4,1.000000,0.000000
23724,25295907675,1056469,0,0,1825,0,0.000000,16384,1632,56469,4,1.000000,0.000000
23725,25296964471,1056796,0,0,1817,0,0.000000,16384,1641,56796,4,1.000000,0.000000
23726,25298100491,1136020,0,0,1812,0,0.000000,16384,1617,136020,4,1.000000,0.000000
23727,25299195193,1094702,0,0,1585,0,0.000000,16384,1382,94702,4,1.000000,0.000000
23728,25300260839,1065646,0,0,1491,0,0.000000,16384,1358,65646,4,1.000000,0.000000
23729,25301324305,1063466,0,0,1549,0,0.000000,16384,1354,63466,4,1.000000,0.000000
23730,25302381947,1057642,0,0,1558,0,0.000000,16384,1417,57642,4,1.000000,0.000000
23731,25303466494,1084547,0,0,1616,0,0.000000,16384,1403,84547,4,1.000000,0.000000
23732,25304529157,1062663,0,0,1565,0,0.000000,16384,1441,62663,4,1.000000,0.000000
23733,25305587570,1058413,0,0,1643,0,0.000000,16384,1424,58413,4,1.000000,0.000000
23734,25306646597,1059027,0,0,1668,0,0.000000,16384,1504,59027,4,1.000000,0.000000
23735,25307672312,1025715,0,0,1587,0,0.000000,16384,1411,25715,4,1.000000,0.000000
23736,25308728316,1056004,0,0,1664,0,0.000000,16384,1471,56004,4,1.000000,0.000000
23737,25309785245,1056929,0,0,1668,0,0.000000,16384,1523,56929,4,1.000000,0.000000
23738,25310842060,1056815,0,0,1662,0,0.000000,16384,1444,56815,4,1.000000,0.000000
23739,25311898846,1056786,0,0,1656,0,0.000000,16384,1490,56786,4,1.000000,0.000000
23740,25312954431,1055585,0,0,1815,0,0.000000,16384,1640,55585,4,1.000000,0.000000
23741,25314031940,1077509,0,0,1842,0,0.000000,16384,1619,77509,4,1.000000,0.000000
23742,25315088469,1056529,0,0,1806,0,0.000000,16384,1586,56529,4,1.000000,0.000000
23743,25316144536,1056067,0,0,1824,0,0.000000,16384,1639,56067,4,1.000000,0.000000
23744,25317200382,1055846,0,0,1823,0,0.000000,16384,1646,55846,4,1.000000,0.000000
23745,25318255717,1055335,0,0,1820,0,0.000000,16384,1618,55335,4,1.000000,0.000000
23746,25319311164,1055447,0,0,1821,0,0.000000,16384,1601,55447,4,1.000000,0.000000
23747,25320367406,1056242,0,0,1824,0,0.000000,16384,1621,56242,4,1.000000,0.000000
23748,25321423131,1055725,0,0,1808,0,0.000000,16384,1634,55725,4,1.000000,0.000000
23749,25322479098,1055967,0,0,1823,0,0.000000,16384,1636,55967,4,1.000000,0.000000
23750,25323540112,1061014,0,0,1671,0,0.000000,16384,1451,61014,4,1.000000,0.000000
23751,25324608073,1067961,0,0,1582,0,0.000000,16384,1441,67961,4,1.000000,0.000000
23752,25325672620,1064547,0,0,1655,0,0.000000,16384,1460,64547,4,1.000000,0.000000
23753,25326729964,1057344,0,0,1808,0,0.000000,16384,1592,57344,4,1.000000,0.000000
23754,25327786034,1056070,0,0,1823,0,0.000000,16384,1645,56070,4,1.000000,0.000000
23755,25328842472,1056438,0,0,1826,0,0.000000,16384,1648,56438,4,1.000000,0.000000
23756,25329898538,1056066,0,0,1825,0,0.000000,16384,1608,56066,4,1.000000,0.000000
23757,25330954486,1055948,0,0,1822,0,0.000000,16384,1603,55948,4,1.000000,0.000000
23758,25332010475,1055989,0,0,1815,0,0.000000,16384,1627,55989,4,1.000000,0.000000
23759,25333066834,1056359,0,0,1827,0,0.000000,16384,1649,56359,4,1.000000,0.000000
23760,25334122343,1055509,0,0,1824,0,0.000000,16384,1626,55509,4,1.000000,0.000000
23761,25335182851,1060508,0,0,1828,0,0.000000,16384,1607,60508,4,1.000000,0.000000
23762,25336239137,1056286,0,0,1817,0,0.000000,16384,1610,56286,4,1.000000,0.000000
23763,25337294896,1055759,0,0,1825,0,0.000000,16384,1646,55759,4,1.000000,0.000000
23764,25338350850,1055954,0,0,1781,0,0.000000,16384,1604,55954,4,1.000000,0.000000
23765,25339408466,1057616,0,0,1807,0,0.000000,16384,1587,57616,4,1.000000,0.000000
23766,25340464848,1056382,0,0,1813,0,0.000000,16384,1599,56382,4,1.000000,0.000000
23767,25341520709,1055861,0,0,1825,0,0.000000,16384,1647,55861,4,1.000000,0.000000
23768,25342576826,1056117,0,0,1825,0,0.000000,16384,1647,56117,4,1.000000,0.000000
23769,25343635752,1058926,0,0,1692,0,0.000000,16384,1478,58926,4,1.000000,0.000000
23770,25344672401,1036649,0,0,1627,0,0.000000,16384,1458,36649,4,1.000000,0.000000
23771,25345738168,1065767,0,0,1672,0,0.000000,16384,1501,65767,4,1.000000,0.000000
23772,25346794128,1055960,0,0,1674,0,0.000000,16384,1456,55960,4,1.000000,0.000000
23773,25347850315,1056187,0,0,1825,0,0.000000,16384,1648,56187,4,1.000000,0.000000
23774,25348907016,1056701,0,0,1826,0,0.000000,16384,1648,56701,4,1.000000,0.000000
23775,25349984902,1077886,0,0,1747,0,0.000000,16384,1538,77886,4,1.000000,0.000000
23776,25351047433,1062531,0,0,1691,0,0.000000,16384,1493,62531,4,1.000000,0.000000
23777,25352105003,1057570,0,0,1818,0,0.000000,16384,1642,57570,4,1.000000,0.000000
23778,25353160478,1055475,0,0,1824,0,0.000000,16384,1636,55475,4,1.000000,0.000000
23779,25354220054,1059576,0,0,1798,0,0.000000,16384,1578,59576,4,1.000000,0.000000
23780,25355278389,1058335,0,0,1781,0,0.000000,16384,1576,58335,4,1.000000,0.000000
23781,25356346164,1067775,0,0,1740,0,0.000000,16384,1579,67775,4,1.000000,0.000000
23782,25357402773,1056609,0,0,1743,0,0.000000,16384,1545,56609,4,1.000000,0.000000
23783,25358462250,1059477,0,0,1696,0,0.000000,16384,1487,59477,4,1.000000,0.000000
23784,25359520155,1057905,0,0,1785,0,0.000000,16384,1616,57905,4,1.000000,0.000000
23785,25360576930,1056775,0,0,1817,0,0.000000,16384,1635,56775,4,1.000000,0.000000
23786,25361632815,1055885,0,0,1814,0,0.000000,16384,1594,55885,4,1.000000,0.000000
23787,25362671313,1038498,0,0,1744,0,0.000000,16384,1539,38498,4,1.000000,0.000000
23788,25363731080,1059767,0,0,1609,0,0.000000,16384,1474,59767,4,1.000000,0.000000
23789,25364788521,1057441,0,0,1816,0,0.000000,16384,1593,57441,4,1.000000,0.000000
23790,25365843987,1055466,0,0,1814,0,0.000000,16384,1593,55466,4,1.000000,0.000000
23791,25366917706,1073719,0,0,1832,0,0.000000,16384,1652,73719,4,1.000000,0.000000
23792,25367974950,1057244,0,0,1817,0,0.000000,16384,1640,57244,4,1.000000,0.000000
23793,25369031678,1056728,0,0,1815,0,0.000000,16384,1608,56728,4,1.000000,0.000000
23794,25370087547,1055869,0,0,1814,0,0.000000,16384,1594,55869,4,1.000000,0.000000
23795,25371143284,1055737,0,0,1814,0,0.000000,16384,1621,55737,4,1.000000,0.000000
23796,25372199039,1055755,0,0,1801,0,0.000000,16384,1628,55755,4,1.000000,0.000000
23797,25373254918,1055879,0,0,1825,0,0.000000,16384,1627,55879,4,1.000000,0.000000
23798,25374310699,1055781,0,0,1824,0,0.000000,16384,1603,55781,4,1.000000,0.000000
23799,25375366839,1056140,0,0,1813,0,0.000000,16384,1607,56140,4,1.000000,0.000000
23800,25376423302,1056463,0,0,1807,0,0.000000,16384,1633,56463,4,1.000000,0.000000
23801,25377484114,1060812,0,0,1833,0,0.000000,16384,1650,60812,4,1.000000,0.000000
23802,25378539982,1055868,0,0,1825,0,0.000000,16384,1605,55868,4,1.000000,0.000000
23803,25379595950,1055968,0,0,1823,0,0.000000,16384,1599,55968,4,1.000000,0.000000
23804,25380651995,1056045,0,0,1821,0,0.000000,16384,1643,56045,4,1.000000,0.000000
23805,25381753291,1101296,0,0,1878,0,0.000000,16384,1690,101296,4,1.000000,0.000000
23806,25382822158,1068867,0,0,1450,0,0.000000,16384,1256,68867,4,1.000000,0.000000
23807,25384031095,1208937,0,0,1696,0,0.000000,16384,1540,208937,4,1.000000,0.000000
23808,25385105019,1073924,0,0,1381,0,0.000000,16384,1201,73924,4,1.000000,0.000000
23809,25386179417,1074398,0,0,1388,0,0.000000,16384,1272,74398,4,1.000000,0.000000
23810,25387254270,1074853,0,0,1381,0,0.000000,16384,1223,74853,4,1.000000,0.000000
23811,25388621625,1367355,0,0,1768,0,0.000000,16384,1590,367355,4,1.000000,0.000000
23812,25389696918,1075293,0,0,1383,0,0.000000,16384,1211,75293,4,1.000000,0.000000
23813,25390776173,1079255,0,0,1382,0,0.000000,16384,1222,79255,4,1.000000,0.000000
23814,25391854146,1077973,0,0,1343,0,0.000000,16384,1226,77973,4,1.000000,0.000000
23815,25392932013,1077867,0,0,1422,0,0.000000,16384,1244,77867,4,1.000000,0.000000
23816,25394006351,1074338,0,0,1438,0,0.000000,16384,1285,74338,4,1.000000,0.000000
23817,25395076242,1069891,0,0,1450,0,0.000000,16384,1306,69891,4,1.000000,0.000000
23818,25396142470,1066228,0,0,1446,0,0.000000,16384,1254,66228,4,1.000000,0.000000
23819,25397234329,1091859,0,0,1459,0,0.000000,16384,1343,91859,4,1.000000,0.000000
23820,25398422880,1188551,0,0,1573,0,0.000000,16384,1360,188551,4,1.000000,0.000000
23821,25399527557,1104677,0,0,1473,0,0.000000,16384,1350,104677,4,1.000000,0.000000
23822,25400654574,1127017,0,0,1553,0,0.000000,16384,1352,127017,4,1.000000,0.000000
23823,25401683545,1028971,0,0,1408,0,0.000000,16384,1272,28971,4,1.000000,0.000000
23824,25402841834,1158289,0,0,1526,0,0.000000,16384,1356,158289,4,1.000000,0.000000
23825,25403915710,1073876,0,0,1368,0,0.000000,16384,1207,73876,4,1.000000,0.000000
23826,25404990366,1074656,0,0,1379,0,0.000000,16384,1263,74656,4,1.000000,0.000000
23827,25406074978,1084612,0,0,1397,0,0.000000,16384,1219,84612,4,1.000000,0.000000
23828,25407153280,1078302,0,0,1407,0,0.000000,16384,1252,78302,4,1.000000,0.000000
23829,25408247690,1094410,0,0,1416,0,0.000000,16384,1288,94410,4,1.000000,0.000000
23830,25409589475,1341785,0,0,1727,0,0.000000,16384,1520,341785,4,1.000000,0.000000
23831,25410695906,1106431,0,0,1433,0,0.000000,16384,1288,106431,4,1.000000,0.000000
23832,25411765135,1069229,0,0,1404,0,0.000000,16384,1217,69229,4,1.000000,0.000000
23833,25413724370,1959235,0,0,2490,0,0.000000,16384,2258,959235,4,1.000000,0.000000
23834,25414830612,1106242,0,0,1367,0,0.000000,16384,1202,106242,4,1.000000,0.000000
23835,25415907288,1076676,0,0,1381,0,0.000000,16384,1214,76676,4,1.000000,0.000000
23836,25416983517,1076229,0,0,1414,0,0.000000,16384,1298,76229,4,1.000000,0.000000
23837,25418030597,1047080,0,0,1316,0,0.000000,16384,1151,47080,4,1.000000,0.000000
23838,25419105919,1075322,0,0,1357,0,0.000000,16384,1190,75322,4,1.000000,0.000000
23839,25420182099,1076180,0,0,1399,0,0.000000,16384,1283,76180,4,1.000000,0.000000
23840,25422470262,2288163,0,0,3086,0,0.000000,16384,2750,1288163,4,1.000000,0.000000
23841,25423760558,1290296,0,0,1644,0,0.000000,16384,1416,290296,4,1.000000,0.000000
23842,25424969931,1209373,0,0,1625,0,0.000000,16384,1412,209373,4,1.000000,0.000000
23843,25426065927,1095996,0,0,1473,0,0.000000,16384,1347,95996,4,1.000000,0.000000
23844,25428687800,2621873,0,0,3440,0,0.000000,16384,3033,1621873,4,1.000000,0.000000
23845,25429767333,1079533,0,0,1382,0,0.000000,16384,1243,79533,4,1.000000,0.000000
23846,25430845588,1078255,0,0,1424,0,0.000000,16384,1282,78255,4,1.000000,0.000000
23847,25431925199,1079611,0,0,1349,0,0.000000,16384,1173,79611,4,1.000000,0.000000
23848,25433006859,1081660,0,0,1405,0,0.000000,16384,1271,81660,4,1.000000,0.000000
23849,25434080313,1073454,0,0,1422,0,0.000000,16384,1271,73454,4,1.000000,0.000000
23850,25435150379,1070066,0,0,1356,0,0.000000,16384,1178,70066,4,1.000000,0.000000
23851,25436248382,1098003,0,0,1421,0,0.000000,16384,1302,98003,4,1.000000,0.000000
23852,25437326657,1078275,0,0,1364,0,0.000000,16384,1208,78275,4,1.000000,0.000000
23853,25438405906,1079249,0,0,1389,0,0.000000,16384,1213,79249,4,1.000000,0.000000
23854,25440112632,1706726,0,0,2228,0,0.000000,16384,2004,706726,4,1.000000,0.000000
23855,25442133849,2021217,0,0,2605,0,0.000000,16384,2322,1021217,4,1.000000,0.000000
23856,25443214518,1080669,0,0,1360,0,0.000000,16384,1195,80669,4,1.000000,0.000000
23857,25444293928,1079410,0,0,1322,0,0.000000,16384,1205,79410,4,1.000000,0.000000
23858,25445493118,1199190,0,0,1555,0,0.000000,16384,1364,199190,4,1.000000,0.000000
23859,25446573625,1080507,0,0,1393,0,0.000000,16384,1253,80507,4,1.000000,0.000000
23860,25447652258,1078633,0,0,1390,0,0.000000,16384,1254,78633,4,1.000000,0.000000
23861,25448764231,1111973,0,0,1417,0,0.000000,16384,1227,111973,4,1.000000,0.000000
23862,25449847126,1082895,0,0,1177,0,0.000000,16384,1055,82895,4,1.000000,0.000000
23863,25450988100,1140974,0,0,1468,0,0.000000,16384,1342,140974,4,1.000000,0.000000
23864,25452067253,1079153,0,0,1302,0,0.000000,16384,1135,79153,4,1.000000,0.000000
23865,25453146716,1079463,0,0,1407,0,0.000000,16384,1252,79463,4,1.000000,0.000000
23866,25454421594,1274878,0,0,1642,0,0.000000,16384,1468,274878,4,1.000000,0.000000
23867,25455481796,1060202,0,0,1344,0,0.000000,16384,1182,60202,4,1.000000,0.000000
23868,25456552754,1070958,0,0,1336,0,0.000000,16384,1220,70958,4,1.000000,0.000000
23869,25457625587,1072833,0,0,1390,0,0.000000,16384,1229,72833,4,1.000000,0.000000
23870,25458686003,1060416,0,0,1309,0,0.000000,16384,1140,60416,4,1.000000,0.000000
23871,25459794012,1108009,0,0,1454,0,0.000000,16384,1336,108009,4,1.000000,0.000000
23872,25460864608,1070596,0,0,1438,0,0.000000,16384,1259,70596,4,1.000000,0.000000
23873,25461939615,1075007,0,0,1418,0,0.000000,16384,1265,75007,4,1.000000,0.000000
23874,25463010730,1071115,0,0,1410,0,0.000000,16384,1277,71115,4,1.000000,0.000000
23875,25464086300,1075570,0,0,1434,0,0.000000,16384,1242,75570,4,1.000000,0.000000
23876,25465192843,1106543,0,0,1466,0,0.000000,16384,1339,106543,4,1.000000,0.000000
23877,25466266640,1073797,0,0,1340,0,0.000000,16384,1186,73797,4,1.000000,0.000000
23878,25467339706,1073066,0,0,1420,0,0.000000,16384,1242,73066,4,1.000000,0.000000
23879,25468415729,1076023,0,0,1448,0,0.000000,16384,1332,76023,4,1.000000,0.000000
23880,25469482922,1067193,0,0,1409,0,0.000000,16384,1222,67193,4,1.000000,0.000000
23881,25470586093,1103171,0,0,1447,0,0.000000,16384,1298,103171,4,1.000000,0.000000
23882,25471665519,1079426,0,0,1367,0,0.000000,16384,1234,79426,4,1.000000,0.000000
23883,25472748689,1083170,0,0,1386,0,0.000000,16384,1203,83170,4,1.000000,0.000000
23884,25473825026,1076337,0,0,1345,0,0.000000,16384,1217,76337,4,1.000000,0.000000
23885,25474903726,1078700,0,0,1371,0,0.000000,16384,1236,78700,4,1.000000,0.000000
23886,25475979647,1075921,0,0,1324,0,0.000000,16384,1153,75921,4,1.000000,0.000000
23887,25477061910,1082263,0,0,1392,0,0.000000,16384,1250,82263,4,1.000000,0.000000
23888,25478140209,1078299,0,0,1369,0,0.000000,16384,1240,78299,4,1.000000,0.000000
23889,25479218498,1078289,0,0,1455,0,0.000000,16384,1257,78289,4,1.000000,0.000000
23890,25480292486,1073988,0,0,1432,0,0.000000,16384,1307,73988,4,1.000000,0.000000
23891,25481413052,1120566,0,0,1437,0,0.000000,16384,1269,120566,4,1.000000,0.000000
23892,25482493933,1080881,0,0,1402,0,0.000000,16384,1238,80881,4,1.000000,0.000000
23893,25483686683,1192750,0,0,1505,0,0.000000,16384,1369,192750,4,1.000000,0.000000
23894,25484763527,1076844,0,0,1402,0,0.000000,16384,1215,76844,4,1.000000,0.000000
23895,25485836960,1073433,0,0,1411,0,0.000000,16384,1282,73433,4,1.000000,0.000000
23896,25487316073,1479113,0,0,1914,0,0.000000,16384,1694,479113,4,1.000000,0.000000
23897,25488778696,1462623,0,0,1888,0,0.000000,16384,1664,462623,4,1.000000,0.000000
23898,25490091690,1312994,0,0,1701,0,0.000000,16384,1546,312994,4,1.000000,0.000000
23899,25491226205,1134515,0,0,1456,0,0.000000,16384,1275,134515,4,1.000000,0.000000
23900,25492301015,1074810,0,0,1369,0,0.000000,16384,1253,74810,4,1.000000,0.000000
23901,25493658355,1357340,0,0,1688,0,0.000000,16384,1468,357340,4,1.000000,0.000000
23902,25494739462,1081107,0,0,1375,0,0.000000,16384,1259,81107,4,1.000000,0.000000
23903,25495816332,1076870,0,0,1354,0,0.000000,16384,1194,76870,4,1.000000,0.000000
23904,25496888183,1071851,0,0,1362,0,0.000000,16384,1190,71851,4,1.000000,0.000000
23905,25498268498,1380315,0,0,1787,0,0.000000,16384,1609,380315,4,1.000000,0.000000
23906,25499347953,1079455,0,0,1426,0,0.000000,16384,1268,79455,4,1.000000,0.000000
23907,25500423967,1076014,0,0,1327,0,0.000000,16384,1211,76014,4,1.000000,0.000000
23908,25501497381,1073414,0,0,1395,0,0.000000,16384,1215,73414,4,1.000000,0.000000
23909,25502571338,1073957,0,0,1413,0,0.000000,16384,1261,73957,4,1.000000,0.000000
23910,25503645391,1074053,0,0,1407,0,0.000000,16384,1276,74053,4,1.000000,0.000000
23911,25505871650,2226259,0,0,2901,0,0.000000,16384,2580,1226259,4,1.000000,0.000000
23912,25506952741,1081091,0,0,1400,0,0.000000,16384,1235,81091,4,1.000000,0.000000
23913,25508028159,1075418,0,0,1398,0,0.000000,16384,1231,75418,4,1.000000,0.000000
23914,25509303569,1275410,0,0,1671,0,0.000000,16384,1505,275410,4,1.000000,0.000000
23915,25510752923,1449354,0,0,1770,0,0.000000,16384,1596,449354,4,1.000000,0.000000
23916,25512041932,1289009,0,0,1728,0,0.000000,16384,1508,289009,4,1.000000,0.000000
23917,25513115750,1073818,0,0,1431,0,0.000000,16384,1307,73818,4,1.000000,0.000000
23918,25514639398,1523648,0,0,1940,0,0.000000,16384,1724,523648,4,1.000000,0.000000
23919,25515708565,1069167,0,0,1303,0,0.000000,16384,1151,69167,4,1.000000,0.000000
23920,25516734611,1026046,0,0,1418,0,0.000000,16384,1238,26046,4,1.000000,0.000000
23921,25519179241,2444630,0,0,3359,0,0.000000,16384,3019,1444630,4,1.000000,0.000000
23922,25520357456,1178215,0,0,1488,0,0.000000,16384,1317,178215,4,1.000000,0.000000
23923,25521439714,1082258,0,0,1393,0,0.000000,16384,1232,82258,4,1.000000,0.000000
23924,25522512226,1072512,0,0,1415,0,0.000000,16384,1296,72512,4,1.000000,0.000000
23925,25523588996,1076770,0,0,1371,0,0.000000,16384,1189,76770,4,1.000000,0.000000
23926,25524673868,1084872,0,0,1338,0,0.000000,16384,1191,84872,4,1.000000,0.000000
23927,25525749266,1075398,0,0,1384,0,0.000000,16384,1268,75398,4,1.000000,0.000000
23928,25526821133,1071867,0,0,1400,0,0.000000,16384,1214,71867,4,1.000000,0.000000
23929,25527895293,1074160,0,0,1400,0,0.000000,16384,1254,74160,4,1.000000,0.000000
23930,25528973235,1077942,0,0,1405,0,0.000000,16384,1270,77942,4,1.000000,0.000000
23931,25530083196,1109961,0,0,1442,0,0.000000,16384,1248,109961,4,1.000000,0.000000
23932,25531156503,1073307,0,0,1361,0,0.000000,16384,1238,73307,4,1.000000,0.000000
23933,25532318258,1161755,0,0,1499,0,0.000000,16384,1330,161755,4,1.000000,0.000000
23934,25533389900,1071642,0,0,1371,0,0.000000,16384,1208,71642,4,1.000000,0.000000
23935,25534462834,1072934,0,0,1369,0,0.000000,16384,1253,72934,4,1.000000,0.000000
23936,25535538829,1075995,0,0,1473,0,0.000000,16384,1284,75995,4,1.000000,0.000000
23937,25536608396,1069567,0,0,1398,0,0.000000,16384,1254,69567,4,1.000000,0.000000
23938,25537683361,1074965,0,0,1425,0,0.000000,16384,1285,74965,4,1.000000,0.000000
23939,25538753481,1070120,0,0,1599,0,0.000000,16384,1404,70120,4,1.000000,0.000000
23940,25539819821,1066340,0,0,1449,0,0.000000,16384,1316,66340,4,1.000000,0.000000
23941,25540932349,1112528,0,0,1539,0,0.000000,16384,1336,112528,4,1.000000,0.000000
23942,25541998383,1066034,0,0,1564,0,0.000000,16384,1427,66034,4,1.000000,0.000000
23943,25543069989,1071606,0,0,1533,0,0.000000,16384,1334,71606,4,1.000000,0.000000
23944,25544154371,1084382,0,0,1484,0,0.000000,16384,1360,84382,4,1.000000,0.000000
23945,25545231105,1076734,0,0,1508,0,0.000000,16384,1300,76734,4,1.000000,0.000000
23946,25546304456,1073351,0,0,1422,0,0.000000,16384,1302,73351,4,1.000000,0.000000
23947,25548364801,2060345,0,0,2724,0,0.000000,16384,2392,1060345,4,1.000000,0.000000
23948,25549440457,1075656,0,0,1457,0,0.000000,16384,1341,75656,4,1.000000,0.000000
23949,25550507422,1066965,0,0,1508,0,0.000000,16384,1309,66965,4,1.000000,0.000000
23950,25551570198,1062776,0,0,1436,0,0.000000,16384,1299,62776,4,1.000000,0.000000
23951,25552665325,1095127,0,0,1566,0,0.000000,16384,1384,95127,4,1.000000,0.000000
23952,25553718166,1052841,0,0,1722,0,0.000000,16384,1566,52841,4,1.000000,0.000000
23953,25554787300,1069134,0,0,1761,0,0.000000,16384,1543,69134,4,1.000000,0.000000
23954,25555852536,1065236,0,0,1791,0,0.000000,16384,1578,65236,4,1.000000,0.000000
23955,25556919244,1066708,0,0,1757,0,0.000000,16384,1593,66708,4,1.000000,0.000000
23956,25557984593,1065349,0,0,1540,0,0.000000,16384,1357,65349,4,1.000000,0.000000
23957,25559048889,1064296,0,0,1560,0,0.000000,16384,1403,64296,4,1.000000,0.000000
23958,25560107056,1058167,0,0,1646,0,0.000000,16384,1463,58167,4,1.000000,0.000000
23959,25561164456,1057400,0,0,1724,0,0.000000,16384,1514,57400,4,1.000000,0.000000
23960,25562224158,1059702,0,0,1693,0,0.000000,16384,1542,59702,4,1.000000,0.000000
23961,25563309117,1084959,0,0,1731,0,0.000000,16384,1532,84959,4,1.000000,0.000000
23962,25564369753,1060636,0,0,1694,0,0.000000,16384,1489,60636,4,1.000000,0.000000
23963,25565428115,1058362,0,0,1659,0,0.000000,16384,1514,58362,4,1.000000,0.000000
23964,25566490427,1062312,0,0,1522,0,0.000000,16384,1316,62312,4,1.000000,0.000000
23965,25567553966,1063539,0,0,1588,0,0.000000,16384,1453,63539,4,1.000000,0.000000
23966,25568614972,1061006,0,0,1552,0,0.000000,16384,1351,61006,4,1.000000,0.000000
23967,25569673211,1058239,0,0,1552,0,0.000000,16384,1412,58239,4,1.000000,0.000000
23968,25570732412,1059201,0,0,1556,0,0.000000,16384,1360,59201,4,1.000000,0.000000
23969,25571792942,1060530,0,0,1623,0,0.000000,16384,1465,60530,4,1.000000,0.000000
23970,25572857471,1064529,0,0,1506,0,0.000000,16384,1328,64529,4,1.000000,0.000000
23971,25573943240,1085769,0,0,1629,0,0.000000,16384,1461,85769,4,1.000000,0.000000
23972,25575010946,1067706,0,0,1529,0,0.000000,16384,1361,67706,4,1.000000,0.000000
23973,25576077656,1066710,0,0,1474,0,0.000000,16384,1322,66710,4,1.000000,0.000000
23974,25577138284,1060628,0,0,1602,0,0.000000,16384,1417,60628,4,1.000000,0.000000
23975,25578196277,1057993,0,0,1598,0,0.000000,16384,1424,57993,4,1.000000,0.000000
23976,25579253771,1057494,0,0,1663,0,0.000000,16384,1498,57494,4,1.000000,0.000000
23977,25580311779,1058008,0,0,1662,0,0.000000,16384,1442,58008,4,1.000000,0.000000
23978,25581370749,1058970,0,0,1654,0,0.000000,16384,1511,58970,4,1.000000,0.000000
23979,25582434277,1063528,0,0,1476,0,0.000000,16384,1283,63528,4,1.000000,0.000000
23980,25583496915,1062638,0,0,1548,0,0.000000,16384,1416,62638,4,1.000000,0.000000
23981,25584581412,1084497,0,0,1556,0,0.000000,16384,1352,84497,4,1.000000,0.000000
23982,25585642024,1060612,0,0,1531,0,0.000000,16384,1399,60612,4,1.000000,0.000000
23983,25586678041,1036017,0,0,1518,0,0.000000,16384,1314,36017,4,1.000000,0.000000
23984,25587763176,1085135,0,0,1635,0,0.000000,16384,1489,85135,4,1.000000,0.000000
23985,25588825084,1061908,0,0,1566,0,0.000000,16384,1376,61908,4,1.000000,0.000000
23986,25589889625,1064541,0,0,1567,0,0.000000,16384,1412,64541,4,1.000000,0.000000
23987,25590955091,1065466,0,0,1485,0,0.000000,16384,1304,65466,4,1.000000,0.000000
23988,25592014897,1059806,0,0,1558,0,0.000000,16384,1411,59806,4,1.000000,0.000000
23989,25593075478,1060581,0,0,1551,0,0.000000,16384,1362,60581,4,1.000000,0.000000
23990,25594134649,1059171,0,0,1604,0,0.000000,16384,1443,59171,4,1.000000,0.000000
23991,25595276713,1142064,0,0,1649,0,0.000000,16384,1470,142064,4,1.000000,0.000000
23992,25596344911,1068198,0,0,1520,0,0.000000,16384,1346,68198,4,1.000000,0.000000
23993,25597408455,1063544,0,0,1519,0,0.000000,16384,1357,63544,4,1.000000,0.000000
23994,25598527988,1119533,0,0,1512,0,0.000000,16384,1348,119533,4,1.000000,0.000000
23995,25599599496,1071508,0,0,1483,0,0.000000,16384,1314,71508,4,1.000000,0.000000
23996,25600671684,1072188,0,0,1441,0,0.000000,16384,1306,72188,4,1.000000,0.000000
23997,25601751489,1079805,0,0,1474,0,0.000000,16384,1274,79805,4,1.000000,0.000000
23998,25602812597,1061108,0,0,1436,0,0.000000,16384,1320,61108,4,1.000000,0.000000
23999,25604157720,1345123,0,0,1812,0,0.000000,16384,1592,345123,4,1.000000,0.000000
24000,25605226152,1068432,0,0,1516,0,0.000000,16384,1366,68432,4,1.000000,0.000000
24001,25606322421,1096269,0,0,1519,0,0.000000,16384,1333,96269,4,1.000000,0.000000
24002,25607348161,1025740,0,0,1458,0,0.000000,16384,1330,25740,4,1.000000,0.000000
24003,25608412662,1064501,0,0,1545,0,0.000000,16384,1337,64501,4,1.000000,0.000000
24004,25609473336,1060674,0,0,1562,0,0.000000,16384,1429,60674,4,1.000000,0.000000
24005,25610532013,1058677,0,0,1551,0,0.000000,16384,1348,58677,4,1.000000,0.000000
24006,25611588901,1056888,0,0,1553,0,0.000000,16384,1416,56888,4,1.000000,0.000000
24007,25612633842,1044941,0,0,1530,0,0.000000,16384,1331,44941,4,1.000000,0.000000
24008,25613742991,1109149,0,0,1618,0,0.000000,16384,1468,109149,4,1.000000,0.000000
24009,25614805152,1062161,0,0,1483,0,0.000000,16384,1297,62161,4,1.000000,0.000000
24010,25615868976,1063824,0,0,1554,0,0.000000,16384,1414,63824,4,1.000000,0.000000
24011,25616953848,1084872,0,0,1555,0,0.000000,16384,1359,84872,4,1.000000,0.000000
24012,25617973077,1019229,0,0,1478,0,0.000000,16384,1348,19229,4,1.000000,0.000000
24013,25619035154,1062077,0,0,1549,0,0.000000,16384,1343,62077,4,1.000000,0.000000
24014,25620094344,1059190,0,0,1556,0,0.000000,16384,1422,59190,4,1.000000,0.000000
24015,25621153060,1058716,0,0,1557,0,0.000000,16384,1355,58716,4,1.000000,0.000000
24016,25622217351,1064291,0,0,1505,0,0.000000,16384,1375,64291,4,1.000000,0.000000
24017,25623280874,1063523,0,0,1530,0,0.000000,16384,1324,63523,4,1.000000,0.000000
24018,25624335412,1054538,0,0,1550,0,0.000000,16384,1421,54538,4,1.000000,0.000000
24019,25625402646,1067234,0,0,1489,0,0.000000,16384,1284,67234,4,1.000000,0.000000
24020,25626469460,1066814,0,0,1500,0,0.000000,16384,1382,66814,4,1.000000,0.000000
24021,25627551744,1082284,0,0,1538,0,0.000000,16384,1330,82284,4,1.000000,0.000000
24022,25628616275,1064531,0,0,1498,0,0.000000,16384,1370,64531,4,1.000000,0.000000
24023,25629761602,1145327,0,0,1624,0,0.000000,16384,1408,145327,4,1.000000,0.000000
24024,25630856146,1094544,0,0,1459,0,0.000000,16384,1339,94544,4,1.000000,0.000000
24025,25631921689,1065543,0,0,1493,0,0.000000,16384,1304,65543,4,1.000000,0.000000
24026,25632994972,1073283,0,0,1515,0,0.000000,16384,1368,73283,4,1.000000,0.000000
24027,25634072415,1077443,0,0,1432,0,0.000000,16384,1269,77443,4,1.000000,0.000000
24028,25635140276,1067861,0,0,1516,0,0.000000,16384,1347,67861,4,1.000000,0.000000
24029,25636208307,1068031,0,0,1531,0,0.000000,16384,1372,68031,4,1.000000,0.000000
24030,25637268863,1060556,0,0,1534,0,0.000000,16384,1357,60556,4,1.000000,0.000000
24031,25638356618,1087755,0,0,1567,0,0.000000,16384,1405,87755,4,1.000000,0.000000
24032,25639421438,1064820,0,0,1509,0,0.000000,16384,1335,64820,4,1.000000,0.000000
24033,25640495081,1073643,0,0,1487,0,0.000000,16384,1343,73643,4,1.000000,0.000000
24034,25641561700,1066619,0,0,1496,0,0.000000,16384,1304,66619,4,1.000000,0.000000
24035,25642627949,1066249,0,0,1524,0,0.000000,16384,1392,66249,4,1.000000,0.000000
24036,25643673545,1045596,0,0,1498,0,0.000000,16384,1294,45596,4,1.000000,0.000000
24037,25644739859,1066314,0,0,1482,0,0.000000,16384,1366,66314,4,1.000000,0.000000
24038,25645805893,1066034,0,0,1523,0,0.000000,16384,1317,66034,4,1.000000,0.000000
24039,25646866710,1060817,0,0,1534,0,0.000000,16384,1404,60817,4,1.000000,0.000000
24040,25647932697,1065987,0,0,1495,0,0.000000,16384,1300,65987,4,1.000000,0.000000
24041,25649045199,1112502,0,0,1513,0,0.000000,16384,1372,112502,4,1.000000,0.000000
24042,25650333042,1287843,0,0,1717,0,0.000000,16384,1497,287843,4,1.000000,0.000000
24043,25651402159,1069117,0,0,1539,0,0.000000,16384,1414,69117,4,1.000000,0.000000
24044,25652465513,1063354,0,0,1538,0,0.000000,16384,1327,63354,4,1.000000,0.000000
24045,25653526952,1061439,0,0,1536,0,0.000000,16384,1413,61439,4,1.000000,0.000000
24046,25654591829,1064877,0,0,1526,0,0.000000,16384,1313,64877,4,1.000000,0.000000
24047,25655653623,1061794,0,0,1530,0,0.000000,16384,1414,61794,4,1.000000,0.000000
24048,25656678809,1025186,0,0,1389,0,0.000000,16384,1204,25186,4,1.000000,0.000000
24049,25657757077,1078268,0,0,1504,0,0.000000,16384,1353,78268,4,1.000000,0.000000
24050,25658886304,1129227,0,0,1607,0,0.000000,16384,1416,129227,4,1.000000,0.000000
24051,25659968529,1082225,0,0,1551,0,0.000000,16384,1406,82225,4,1.000000,0.000000
24052,25661030553,1062024,0,0,1527,0,0.000000,16384,1338,62024,4,1.000000,0.000000
24053,25662197947,1167394,0,0,1666,0,0.000000,16384,1518,167394,4,1.000000,0.000000
24054,25663262335,1064388,0,0,1519,0,0.000000,16384,1310,64388,4,1.000000,0.000000
24055,25664473173,1210838,0,0,1686,0,0.000000,16384,1536,210838,4,1.000000,0.000000
24056,25665540100,1066927,0,0,1529,0,0.000000,16384,1333,66927,4,1.000000,0.000000
24057,25666605320,1065220,0,0,1522,0,0.000000,16384,1389,65220,4,1.000000,0.000000
24058,25667827883,1222563,0,0,1730,0,0.000000,16384,1525,222563,4,1.000000,0.000000
24059,25668891468,1063585,0,0,1518,0,0.000000,16384,1354,63585,4,1.000000,0.000000
24060,25669953316,1061848,0,0,1511,0,0.000000,16384,1340,61848,4,1.000000,0.000000
24061,25671047571,1094255,0,0,1523,0,0.000000,16384,1368,94255,4,1.000000,0.000000
24062,25672122315,1074744,0,0,1514,0,0.000000,16384,1334,74744,4,1.000000,0.000000
24063,25673730646,1608331,0,0,2203,0,0.000000,16384,1975,608331,4,1.000000,0.000000
24064,25674805610,1074964,0,0,1440,0,0.000000,16384,1285,74964,4,1.000000,0.000000
24065,25675877262,1071652,0,0,1424,0,0.000000,16384,1247,71652,4,1.000000,0.000000
24066,25676950789,1073527,0,0,1404,0,0.000000,16384,1288,73527,4,1.000000,0.000000
24067,25678023602,1072813,0,0,1410,0,0.000000,16384,1230,72813,4,1.000000,0.000000
24068,25679095427,1071825,0,0,1413,0,0.000000,16384,1218,71825,4,1.000000,0.000000
24069,25680170438,1075011,0,0,1420,0,0.000000,16384,1242,75011,4,1.000000,0.000000
24070,25681243918,1073480,0,0,1403,0,0.000000,16384,1287,73480,4,1.000000,0.000000
24071,25682349476,1105558,0,0,1396,0,0.000000,16384,1220,105558,4,1.000000,0.000000
24072,25683465207,1115731,0,0,1419,0,0.000000,16384,1263,115731,4,1.000000,0.000000
24073,25684538742,1073535,0,0,1378,0,0.000000,16384,1256,73535,4,1.000000,0.000000
24074,25685613050,1074308,0,0,1397,0,0.000000,16384,1211,74308,4,1.000000,0.000000
24075,25686725979,1112929,0,0,1429,0,0.000000,16384,1285,112929,4,1.000000,0.000000
24076,25687806606,1080627,0,0,1415,0,0.000000,16384,1271,80627,4,1.000000,0.000000
24077,25688885154,1078548,0,0,1412,0,0.000000,16384,1224,78548,4,1.000000,0.000000
24078,25689957242,1072088,0,0,1420,0,0.000000,16384,1304,72088,4,1.000000,0.000000
24079,25691029464,1072222,0,0,1416,0,0.000000,16384,1245,72222,4,1.000000,0.000000
24080,25692100906,1071442,0,0,1426,0,0.000000,16384,1265,71442,4,1.000000,0.000000
24081,25693196163,1095257,0,0,1474,0,0.000000,16384,1335,95257,4,1.000000,0.000000
24082,25694273313,1077150,0,0,1406,0,0.000000,16384,1219,77150,4,1.000000,0.000000
24083,25695456350,1183037,0,0,1483,0,0.000000,16384,1357,183037,4,1.000000,0.000000
24084,25696509148,1052798,0,0,873,0,0.000000,16384,761,52798,4,1.000000,0.000000
24085,25697593632,1084484,0,0,899,0,0.000000,16384,791,84484,4,1.000000,0.000000
24086,25698693856,1100224,0,0,0,0,0.000000,16384,0,100224,4,1.000000,0.000000
24087,25699779379,1085523,0,0,0,0,0.000000,16384,0,85523,4,1.000000,0.000000
24088,25701286079,1506700,0,0,1374,0,0.000000,16384,1258,506700,4,1.000000,0.000000
24089,25702373444,1087365,0,0,1413,0,0.000000,16384,1228,87365,4,1.000000,0.000000
24090,25703611290,1237846,0,0,1509,0,0.000000,16384,1358,237846,4,1.000000,0.000000
24091,25704759617,1148327,0,0,1065,0,0.000000,16384,953,148327,4,1.000000,0.000000
24092,25705854280,1094663,0,0,0,0,0.000000,16384,0,94663,4,1.000000,0.000000
24093,25707176520,1322240,0,0,678,0,0.000000,16384,570,322240,4,1.000000,0.000000
24094,25708261548,1085028,0,0,1189,0,0.000000,16384,1077,85028,4,1.000000,0.000000
24095,25709348725,1087177,0,0,1340,0,0.000000,16384,1224,87177,4,1.000000,0.000000
24096,25710428612,1079887,0,0,664,0,0.000000,16384,556,79887,4,1.000000,0.000000
24097,25712027440,1598828,0,0,1878,0,0.000000,16384,1669,598828,4,1.000000,0.000000
24098,25713109610,1082170,0,0,1369,0,0.000000,16384,1238,82170,4,1.000000,0.000000
24099,25714283448,1173838,0,0,1192,0,0.000000,16384,1080,173838,4,1.000000,0.000000
24100,25715702096,1418648,0,0,1578,0,0.000000,16384,1368,418648,4,1.000000,0.000000
24101,25716813202,1111106,0,0,1396,0,0.000000,16384,1270,111106,4,1.000000,0.000000
24102,25717899475,1086273,0,0,1383,0,0.000000,16384,1234,86273,4,1.000000,0.000000
24103,25719134764,1235289,0,0,1557,0,0.000000,16384,1374,235289,4,1.000000,0.000000
24104,25720239712,1104948,0,0,1299,0,0.000000,16384,1183,104948,4,1.000000,0.000000
24105,25721342794,1103082,0,0,1381,0,0.000000,16384,1207,103082,4,1.000000,0.000000
24106,25722761675,1418881,0,0,1378,0,0.000000,16384,1220,418881,4,1.000000,0.000000
24107,25723847214,1085539,0,0,1376,0,0.000000,16384,1260,85539,4,1.000000,0.000000
24108,25724928596,1081382,0,0,1346,0,0.000000,16384,1174,81382,4,1.000000,0.000000
24109,25726017708,1089112,0,0,1245,0,0.000000,16384,1090,89112,4,1.000000,0.000000
24110,25727101844,1084136,0,0,1326,0,0.000000,16384,1205,84136,4,1.000000,0.000000
24111,25728317469,1215625,0,0,1451,0,0.000000,16384,1297,215625,4,1.000000,0.000000
24112,25729409344,1091875,0,0,1174,0,0.000000,16384,1032,91875,4,1.000000,0.000000
24113,25730849112,1439768,0,0,1325,0,0.000000,16384,1177,439768,4,1.000000,0.000000
24114,25732511707,1662595,0,0,2092,0,0.000000,16384,1868,662595,4,1.000000,0.000000
24115,25733601023,1089316,0,0,1376,0,0.000000,16384,1260,89316,4,1.000000,0.000000
24116,25734702320,1101297,0,0,1355,0,0.000000,16384,1176,101297,4,1.000000,0.000000
24117,25735874931,1172611,0,0,1461,0,0.000000,16384,1308,172611,4,1.000000,0.000000
24118,25737069678,1194747,0,0,1512,0,0.000000,16384,1351,194747,4,1.000000,0.000000
24119,25738151723,1082045,0,0,1199,0,0.000000,16384,1052,82045,4,1.000000,0.000000
24120,25739236685,1084962,0,0,1300,0,0.000000,16384,1160,84962,4,1.000000,0.000000
24121,25740507573,1270888,0,0,1531,0,0.000000,16384,1387,270888,4,1.000000,0.000000
24122,25741586609,1079036,0,0,1301,0,0.000000,16384,1134,79036,4,1.000000,0.000000
24123,25742677903,1091294,0,0,1326,0,0.000000,16384,1189,91294,4,1.000000,0.000000
24124,25743757240,1079337,0,0,1227,0,0.000000,16384,1111,79337,4,1.000000,0.000000
24125,25744837855,1080615,0,0,1303,0,0.000000,16384,1159,80615,4,1.000000,0.000000
24126,25746645119,1807264,0,0,1946,0,0.000000,16384,1744,807264,4,1.000000,0.000000
24127,25747699246,1054127,0,0,1287,0,0.000000,16384,1124,54127,4,1.000000,0.000000
24128,25748784693,1085447,0,0,1346,0,0.000000,16384,1187,85447,4,1.000000,0.000000
24129,25750877562,2092869,0,0,2337,0,0.000000,16384,2109,1092869,4,1.000000,0.000000
24130,25751958738,1081176,0,0,1201,0,0.000000,16384,1079,81176,4,1.000000,0.000000
24131,25753064211,1105473,0,0,1487,0,0.000000,16384,1283,105473,4,1.000000,0.000000
24132,25754148226,1084015,0,0,1418,0,0.000000,16384,1296,84015,4,1.000000,0.000000
24133,25755236987,1088761,0,0,1468,0,0.000000,16384,1294,88761,4,1.000000,0.000000
24134,25756314851,1077864,0,0,1223,0,0.000000,16384,1072,77864,4,1.000000,0.000000
24135,25757403556,1088705,0,0,1261,0,0.000000,16384,1142,88705,4,1.000000,0.000000
24136,25759142773,1739217,0,0,2152,0,0.000000,16384,1924,739217,4,1.000000,0.000000
24137,25760227416,1084643,0,0,1188,0,0.000000,16384,1076,84643,4,1.000000,0.000000
24138,25761304670,1077254,0,0,1219,0,0.000000,16384,1075,77254,4,1.000000,0.000000
24139,25762399555,1094885,0,0,1115,0,0.000000,16384,986,94885,4,1.000000,0.000000
24140,25763484463,1084908,0,0,1414,0,0.000000,16384,1243,84908,4,1.000000,0.000000
24141,25764918663,1434200,0,0,1757,0,0.000000,16384,1574,434200,4,1.000000,0.000000
24142,25765998513,1079850,0,0,1310,0,0.000000,16384,1157,79850,4,1.000000,0.000000
24143,25767075306,1076793,0,0,1421,0,0.000000,16384,1305,76793,4,1.000000,0.000000
24144,25768140701,1065395,0,0,1477,0,0.000000,16384,1279,65395,4,1.000000,0.000000
24145,25769204289,1063588,0,0,1518,0,0.000000,16384,1380,63588,4,1.000000,0.000000
24146,25770264239,1059950,0,0,1523,0,0.000000,16384,1334,59950,4,1.000000,0.000000
24147,25771335437,1071198,0,0,913,0,0.000000,16384,824,71198,4,1.000000,0.000000
24148,25772686473,1351036,0,0,844,0,0.000000,16384,769,351036,4,1.000000,0.000000
24149,25773760212,1073739,0,0,1483,0,0.000000,16384,1280,73739,4,1.000000,0.000000
24150,25774831352,1071140,0,0,1150,0,0.000000,16384,1038,71140,4,1.000000,0.000000
24151,25775981529,1150177,0,0,1490,0,0.000000,16384,1354,150177,4,1.000000,0.000000
24152,25777164437,1182908,0,0,1555,0,0.000000,16384,1354,182908,4,1.000000,0.000000
24153,25778238710,1074273,0,0,1398,0,0.000000,16384,1283,74273,4,1.000000,0.000000
24154,25779311481,1072771,0,0,1380,0,0.000000,16384,1204,72771,4,1.000000,0.000000
24155,25780464585,1153104,0,0,1327,0,0.000000,16384,1171,153104,4,1.000000,0.000000
24156,25781537425,1072840,0,0,1417,0,0.000000,16384,1301,72840,4,1.000000,0.000000
24157,25782613235,1075810,0,0,1461,0,0.000000,16384,1267,75810,4,1.000000,0.000000
24158,25783694965,1081730,0,0,722,0,0.000000,16384,671,81730,4,1.000000,0.000000
24159,25786133734,2438769,0,0,3168,0,0.000000,16384,2815,1438769,4,1.000000,0.000000
24160,25787213126,1079392,0,0,1245,0,0.000000,16384,1090,79392,4,1.000000,0.000000
24161,25788321179,1108053,0,0,1291,0,0.000000,16384,1151,108053,4,1.000000,0.000000
24162,25789399401,1078222,0,0,1116,0,0.000000,16384,1005,78222,4,1.000000,0.000000
24163,25790763042,1363641,0,0,1796,0,0.000000,16384,1580,363641,4,1.000000,0.000000
24164,25791835712,1072670,0,0,1415,0,0.000000,16384,1291,72670,4,1.000000,0.000000
24165,25792913053,1077341,0,0,1395,0,0.000000,16384,1238,77341,4,1.000000,0.000000
24166,25793990048,1076995,0,0,935,0,0.000000,16384,842,76995,4,1.000000,0.000000
24167,25795063534,1073486,0,0,1180,0,0.000000,16384,1037,73486,4,1.000000,0.000000
24168,25796135367,1071833,0,0,1409,0,0.000000,16384,1246,71833,4,1.000000,0.000000
24169,25797217226,1081859,0,0,1443,0,0.000000,16384,1317,81859,4,1.000000,0.000000
24170,25798295092,1077866,0,0,1431,0,0.000000,16384,1238,77866,4,1.000000,0.000000
24171,25799503368,1208276,0,0,1553,0,0.000000,16384,1420,208276,4,1.000000,0.000000
24172,25800580859,1077491,0,0,1454,0,0.000000,16384,1267,77491,4,1.000000,0.000000
24173,25801653518,1072659,0,0,1440,0,0.000000,16384,1291,72659,4,1.000000,0.000000
24174,25802686299,1032781,0,0,1074,0,0.000000,16384,961,32781,4,1.000000,0.000000
24175,25803751798,1065499,0,0,1441,0,0.000000,16384,1286,65499,4,1.000000,0.000000
24176,25804818485,1066687,0,0,1352,0,0.000000,16384,1175,66687,4,1.000000,0.000000
24177,25805888609,1070124,0,0,1398,0,0.000000,16384,1283,70124,4,1.000000,0.000000
24178,25806954148,1065539,0,0,1426,0,0.000000,16384,1257,65539,4,1.000000,0.000000
24179,25808023378,1069230,0,0,1422,0,0.000000,16384,1259,69230,4,1.000000,0.000000
24180,25809094417,1071039,0,0,1434,0,0.000000,16384,1307,71039,4,1.000000,0.000000
24181,25810231375,1136958,0,0,1467,0,0.000000,16384,1266,136958,4,1.000000,0.000000
24182,25811305006,1073631,0,0,1161,0,0.000000,16384,1041,73631,4,1.000000,0.000000
24183,25812333919,1028913,0,0,1331,0,0.000000,16384,1215,28913,4,1.000000,0.000000
24184,25813694817,1360898,0,0,1727,0,0.000000,16384,1507,360898,4,1.000000,0.000000
24185,25814768235,1073418,0,0,1404,0,0.000000,16384,1288,73418,4,1.000000,0.000000
24186,25815838537,1070302,0,0,1278,0,0.000000,16384,1126,70302,4,1.000000,0.000000
24187,25816917961,1079424,0,0,1220,0,0.000000,16384,1070,79424,4,1.000000,0.000000
24188,25817993094,1075133,0,0,1393,0,0.000000,16384,1251,75133,4,1.000000,0.000000
24189,25819068851,1075757,0,0,1384,0,0.000000,16384,1251,75757,4,1.000000,0.000000
24190,25820148837,1079986,0,0,1389,0,0.000000,16384,1205,79986,4,1.000000,0.000000
24191,25821301803,1152966,0,0,1497,0,0.000000,16384,1362,152966,4,1.000000,0.000000
24192,25822369974,1068171,0,0,1386,0,0.000000,16384,1225,68171,4,1.000000,0.000000
24193,25823445495,1075521,0,0,1396,0,0.000000,16384,1225,75521,4,1.000000,0.000000
24194,25824521854,1076359,0,0,1395,0,0.000000,16384,1279,76359,4,1.000000,0.000000
24195,25825597689,1075835,0,0,1359,0,0.000000,16384,1190,75835,4,1.000000,0.000000
24196,25826638432,1040743,0,0,1346,0,0.000000,16384,1183,40743,4,1.000000,0.000000
24197,25827686465,1048033,0,0,1360,0,0.000000,16384,1244,48033,4,1.000000,0.000000
24198,25828754540,1068075,0,0,1391,0,0.000000,16384,1225,68075,4,1.000000,0.000000
24199,25829828889,1074349,0,0,1104,0,0.000000,16384,977,74349,4,1.000000,0.000000
24200,25830903756,1074867,0,0,1319,0,0.000000,16384,1168,74867,4,1.000000,0.000000
24201,25832016646,1112890,0,0,1425,0,0.000000,16384,1309,112890,4,1.000000,0.000000
24202,25833093859,1077213,0,0,1382,0,0.000000,16384,1198,77213,4,1.000000,0.000000
24203,25834168234,1074375,0,0,1379,0,0.000000,16384,1231,74375,4,1.000000,0.000000
24204,25835246564,1078330,0,0,1381,0,0.000000,16384,1258,78330,4,1.000000,0.000000
24205,25836323680,1077116,0,0,1358,0,0.000000,16384,1180,77116,4,1.000000,0.000000
24206,25837398477,1074797,0,0,1397,0,0.000000,16384,1250,74797,4,1.000000,0.000000
24207,25838476137,1077660,0,0,1349,0,0.000000,16384,1228,77660,4,1.000000,0.000000
24208,25839556634,1080497,0,0,1382,0,0.000000,16384,1199,80497,4,1.000000,0.000000
24209,25840631363,1074729,0,0,1398,0,0.000000,16384,1254,74729,4,1.000000,0.000000
24210,25841707412,1076049,0,0,1388,0,0.000000,16384,1256,76049,4,1.000000,0.000000
24211,25842818998,1111586,0,0,1150,0,0.000000,16384,1013,111586,4,1.000000,0.000000
24212,25843893614,1074616,0,0,1373,0,0.000000,16384,1194,74616,4,1.000000,0.000000
24213,25844968626,1075012,0,0,1322,0,0.000000,16384,1206,75012,4,1.000000,0.000000
24214,25846046878,1078252,0,0,1339,0,0.000000,16384,1201,78252,4,1.000000,0.000000
24215,25847118297,1071419,0,0,1376,0,0.000000,16384,1195,71419,4,1.000000,0.000000
24216,25848191378,1073081,0,0,1393,0,0.000000,16384,1264,73081,4,1.000000,0.000000
24217,25849265718,1074340,0,0,1366,0,0.000000,16384,1224,74340,4,1.000000,0.000000
24218,25850340887,1075169,0,0,1386,0,0.000000,16384,1203,75169,4,1.000000,0.000000
24219,25851413865,1072978,0,0,1388,0,0.000000,16384,1265,72978,4,1.000000,0.000000
24220,25852491448,1077583,0,0,1352,0,0.000000,16384,1207,77583,4,1.000000,0.000000
24221,25853591588,1100140,0,0,1378,0,0.000000,16384,1196,100140,4,1.000000,0.000000
24222,25854671744,1080156,0,0,1362,0,0.000000,16384,1241,80156,4,1.000000,0.000000
24223,25855742144,1070400,0,0,1391,0,0.000000,16384,1243,70400,4,1.000000,0.000000
24224,25856814055,1071911,0,0,1135,0,0.000000,16384,1001,71911,4,1.000000,0.000000
24225,25857888023,1073968,0,0,1332,0,0.000000,16384,1170,73968,4,1.000000,0.000000
24226,25858966858,1078835,0,0,1394,0,0.000000,16384,1278,78835,4,1.000000,0.000000
24227,25860044119,1077261,0,0,1374,0,0.000000,16384,1207,77261,4,1.000000,0.000000
24228,25861116949,1072830,0,0,1363,0,0.000000,16384,1198,72830,4,1.000000,0.000000
24229,25862188199,1071250,0,0,1372,0,0.000000,16384,1256,71250,4,1.000000,0.000000
24230,25863259395,1071196,0,0,1410,0,0.000000,16384,1235,71196,4,1.000000,0.000000
24231,25864358067,1098672,0,0,1439,0,0.000000,16384,1282,98672,4,1.000000,0.000000
24232,25865439145,1081078,0,0,1402,0,0.000000,16384,1272,81078,4,1.000000,0.000000
24233,25866519396,1080251,0,0,1410,0,0.000000,16384,1222,80251,4,1.000000,0.000000
24234,25867593219,1073823,0,0,1383,0,0.000000,16384,1249,73823,4,1.000000,0.000000
24235,25868688671,1095452,0,0,1450,0,0.000000,16384,1298,95452,4,1.000000,0.000000
24236,25869760189,1071518,0,0,1093,0,0.000000,16384,968,71518,4,1.000000,0.000000
24237,25870832608,1072419,0,0,1350,0,0.000000,16384,1183,72419,4,1.000000,0.000000
24238,25871909258,1076650,0,0,1385,0,0.000000,16384,1269,76650,4,1.000000,0.000000
24239,25872987382,1078124,0,0,1344,0,0.000000,16384,1186,78124,4,1.000000,0.000000
24240,25874061794,1074412,0,0,1365,0,0.000000,16384,1191,74412,4,1.000000,0.000000
24241,25875181664,1119870,0,0,1450,0,0.000000,16384,1334,119870,4,1.000000,0.000000
24242,25876259665,1078001,0,0,1305,0,0.000000,16384,1145,78001,4,1.000000,0.000000
24243,25877336483,1076818,0,0,1361,0,0.000000,16384,1189,76818,4,1.000000,0.000000
24244,25878415484,1079001,0,0,1414,0,0.000000,16384,1298,79001,4,1.000000,0.000000
24245,25879492124,1076640,0,0,1402,0,0.000000,16384,1229,76640,4,1.000000,0.000000
24246,25880566644,1074520,0,0,1372,0,0.000000,16384,1213,74520,4,1.000000,0.000000
24247,25881647837,1081193,0,0,1363,0,0.000000,16384,1247,81193,4,1.000000,0.000000
24248,25882690763,1042926,0,0,1074,0,0.000000,16384,961,42926,4,1.000000,0.000000
24249,25883773726,1082963,0,0,1372,0,0.000000,16384,1192,82963,4,1.000000,0.000000
24250,25884846367,1072641,0,0,1352,0,0.000000,16384,1201,72641,4,1.000000,0.000000
24251,25886230249,1383882,0,0,1806,0,0.000000,16384,1606,383882,4,1.000000,0.000000
24252,25887305158,1074909,0,0,1395,0,0.000000,16384,1257,74909,4,1.000000,0.000000
24253,25888378365,1073207,0,0,1402,0,0.000000,16384,1262,73207,4,1.000000,0.000000
24254,25889448403,1070038,0,0,1361,0,0.000000,16384,1182,70038,4,1.000000,0.000000
24255,25890525396,1076993,0,0,1420,0,0.000000,16384,1289,76993,4,1.000000,0.000000
24256,25891601402,1076006,0,0,1423,0,0.000000,16384,1266,76006,4,1.000000,0.000000
24257,25892681092,1079690,0,0,1326,0,0.000000,16384,1154,79690,4,1.000000,0.000000
24258,25893753004,1071912,0,0,1375,0,0.000000,16384,1256,71912,4,1.000000,0.000000
24259,25894830529,1077525,0,0,1374,0,0.000000,16384,1225,77525,4,1.000000,0.000000
24260,25895908254,1077725,0,0,1181,0,0.000000,16384,1038,77725,4,1.000000,0.000000
24261,25897012460,1104206,0,0,1284,0,0.000000,16384,1132,104206,4,1.000000,0.000000
24262,25898621559,1609099,0,0,2069,0,0.000000,16384,1845,609099,4,1.000000,0.000000
24263,25899688944,1067385,0,0,1334,0,0.000000,16384,1218,67385,4,1.000000,0.000000
24264,25900764493,1075549,0,0,1373,0,0.000000,16384,1215,75549,4,1.000000,0.000000
24265,25901836346,1071853,0,0,1364,0,0.000000,16384,1190,71853,4,1.000000,0.000000
24266,25902906750,1070404,0,0,1412,0,0.000000,16384,1296,70404,4,1.000000,0.000000
24267,25903977692,1070942,0,0,1412,0,0.000000,16384,1239,70942,4,1.000000,0.000000
24268,25905046951,1069259,0,0,1374,0,0.000000,16384,1215,69259,4,1.000000,0.000000
24269,25906115362,1068411,0,0,1356,0,0.000000,16384,1240,68411,4,1.000000,0.000000
24270,25907182106,1066744,0,0,1415,0,0.000000,16384,1235,66744,4,1.000000,0.000000
24271,25909119681,1937575,0,0,2514,0,0.000000,16384,2246,937575,4,1.000000,0.000000
24272,25910190720,1071039,0,0,1174,0,0.000000,16384,1062,71039,4,1.000000,0.000000
24273,25911264646,1073926,0,0,1391,0,0.000000,16384,1223,73926,4,1.000000,0.000000
24274,25912337161,1072515,0,0,1407,0,0.000000,16384,1243,72515,4,1.000000,0.000000
24275,25913412023,1074862,0,0,1437,0,0.000000,16384,1313,74862,4,1.000000,0.000000
24276,25914443886,1031863,0,0,1400,0,0.000000,16384,1213,31863,4,1.000000,0.000000
24277,25915513455,1069569,0,0,1422,0,0.000000,16384,1281,69569,4,1.000000,0.000000
24278,25916583710,1070255,0,0,1455,0,0.000000,16384,1302,70255,4,1.000000,0.000000
24279,25917654257,1070547,0,0,1411,0,0.000000,16384,1232,70547,4,1.000000,0.000000
24280,25918681371,1027114,0,0,1341,0,0.000000,16384,1225,27114,4,1.000000,0.000000
24281,25919776730,1095359,0,0,1487,0,0.000000,16384,1309,95359,4,1.000000,0.000000
24282,25920845901,1069171,0,0,1426,0,0.000000,16384,1272,69171,4,1.000000,0.000000
24283,25921915075,1069174,0,0,1413,0,0.000000,16384,1280,69174,4,1.000000,0.000000
24284,25922985145,1070070,0,0,1107,0,0.000000,16384,979,70070,4,1.000000,0.000000
24285,25924242285,1257140,0,0,1651,0,0.000000,16384,1461,257140,4,1.000000,0.000000
24286,25925312313,1070028,0,0,1407,0,0.000000,16384,1265,70028,4,1.000000,0.000000
24287,25926379211,1066898,0,0,1397,0,0.000000,16384,1212,66898,4,1.000000,0.000000
24288,25927447479,1068268,0,0,1376,0,0.000000,16384,1254,68268,4,1.000000,0.000000
24289,25928522845,1075366,0,0,1434,0,0.000000,16384,1275,75366,4,1.000000,0.000000
24290,25929593004,1070159,0,0,1415,0,0.000000,16384,1242,70159,4,1.000000,0.000000
24291,25930776993,1183989,0,0,1561,0,0.000000,16384,1420,183989,4,1.000000,0.000000
24292,25931851045,1074052,0,0,1376,0,0.000000,16384,1194,74052,4,1.000000,0.000000
24293,25932928554,1077509,0,0,1415,0,0.000000,16384,1286,77509,4,1.000000,0.000000
24294,25933998625,1070071,0,0,1421,0,0.000000,16384,1264,70071,4,1.000000,0.000000
24295,25935072879,1074254,0,0,1402,0,0.000000,16384,1227,74254,4,1.000000,0.000000
24296,25936144024,1071145,0,0,1108,0,0.000000,16384,995,71145,4,1.000000,0.000000
24297,25937219855,1075831,0,0,1418,0,0.000000,16384,1295,75831,4,1.000000,0.000000
24298,25938293231,1073376,0,0,1377,0,0.000000,16384,1195,73376,4,1.000000,0.000000
24299,25939372269,1079038,0,0,1435,0,0.000000,16384,1289,79038,4,1.000000,0.000000
24300,25940448869,1076600,0,0,1370,0,0.000000,16384,1236,76600,4,1.000000,0.000000
24301,25941687227,1238358,0,0,1659,0,0.000000,16384,1461,238358,4,1.000000,0.000000
24302,25942763315,1076088,0,0,1376,0,0.000000,16384,1247,76088,4,1.000000,0.000000
24303,25943838414,1075099,0,0,1383,0,0.000000,16384,1200,75099,4,1.000000,0.000000
24304,25944911522,1073108,0,0,1412,0,0.000000,16384,1272,73108,4,1.000000,0.000000
24305,25945987024,1075502,0,0,1391,0,0.000000,16384,1252,75502,4,1.000000,0.000000
24306,25947058105,1071081,0,0,1382,0,0.000000,16384,1199,71081,4,1.000000,0.000000
24307,25948133993,1075888,0,0,1433,0,0.000000,16384,1307,75888,4,1.000000,0.000000
24308,25949213069,1079076,0,0,1244,0,0.000000,16384,1114,79076,4,1.000000,0.000000
24309,25950289379,1076310,0,0,860,0,0.000000,16384,766,76310,4,1.000000,0.000000
24310,25951358149,1068770,0,0,1226,0,0.000000,16384,1091,68770,4,1.000000,0.000000
24311,25952447628,1089479,0,0,1531,0,0.000000,16384,1334,89479,4,1.000000,0.000000
24312,25953512651,1065023,0,0,1480,0,0.000000,16384,1356,65023,4,1.000000,0.000000
24313,25954577504,1064853,0,0,1494,0,0.000000,16384,1289,64853,4,1.000000,0.000000
24314,25955639626,1062122,0,0,1336,0,0.000000,16384,1213,62122,4,1.000000,0.000000
24315,25956878251,1238625,0,0,1730,0,0.000000,16384,1520,238625,4,1.000000,0.000000
24316,25957973920,1095669,0,0,1522,0,0.000000,16384,1396,95669,4,1.000000,0.000000
24317,25959039648,1065728,0,0,1412,0,0.000000,16384,1232,65728,4,1.000000,0.000000
24318,25960099764,1060116,0,0,1456,0,0.000000,16384,1304,60116,4,1.000000,0.000000
24319,25961159920,1060156,0,0,1530,0,0.000000,16384,1366,60156,4,1.000000,0.000000
24320,25962220488,1060568,0,0,1509,0,0.000000,16384,1337,60568,4,1.000000,0.000000
24321,25963317047,1096559,0,0,1227,0,0.000000,16384,1111,96559,4,1.000000,0.000000
24322,25964614800,1297753,0,0,1656,0,0.000000,16384,1439,297753,4,1.000000,0.000000
24323,25965687359,1072559,0,0,1397,0,0.000000,16384,1278,72559,4,1.000000,0.000000
24324,25966756083,1068724,0,0,1425,0,0.000000,16384,1207,68724,4,1.000000,0.000000
24325,25967820271,1064188,0,0,1532,0,0.000000,16384,1368,64188,4,1.000000,0.000000
24326,25968880394,1060123,0,0,1518,0,0.000000,16384,1347,60123,4,1.000000,0.000000
24327,25969940575,1060181,0,0,1628,0,0.000000,16384,1450,60181,4,1.000000,0.000000
24328,25971007770,1067195,0,0,1674,0,0.000000,16384,1512,67195,4,1.000000,0.000000
24329,25972078200,1070430,0,0,1367,0,0.000000,16384,1201,70430,4,1.000000,0.000000
24330,25973146311,1068111,0,0,1417,0,0.000000,16384,1251,68111,4,1.000000,0.000000
24331,25974249497,1103186,0,0,1548,0,0.000000,16384,1403,103186,4,1.000000,0.000000
24332,25975315981,1066484,0,0,1502,0,0.000000,16384,1311,66484,4,1.000000,0.000000
24333,25976382616,1066635,0,0,1293,0,0.000000,16384,1177,66635,4,1.000000,0.000000
24334,25977520085,1137469,0,0,1554,0,0.000000,16384,1365,137469,4,1.000000,0.000000
24335,25978585665,1065580,0,0,1519,0,0.000000,16384,1372,65580,4,1.000000,0.000000
24336,25979650453,1064788,0,0,1490,0,0.000000,16384,1315,64788,4,1.000000,0.000000
24337,25980681122,1030669,0,0,1445,0,0.000000,16384,1287,30669,4,1.000000,0.000000
24338,25982258442,1577320,0,0,2199,0,0.000000,16384,1971,577320,4,1.000000,0.000000
24339,25983329249,1070807,0,0,1489,0,0.000000,16384,1318,70807,4,1.000000,0.000000
24340,25984394744,1065495,0,0,1430,0,0.000000,16384,1270,65495,4,1.000000,0.000000
24341,25985517618,1122874,0,0,1435,0,0.000000,16384,1302,122874,4,1.000000,0.000000
24342,25986682920,1165302,0,0,1509,0,0.000000,16384,1306,165302,4,1.000000,0.000000
24343,25987751722,1068802,0,0,1487,0,0.000000,16384,1371,68802,4,1.000000,0.000000
24344,25988815861,1064139,0,0,1497,0,0.000000,16384,1292,64139,4,1.000000,0.000000
24345,25989878418,1062557,0,0,1267,0,0.000000,16384,1140,62557,4,1.000000,0.000000
24346,25990945526,1067108,0,0,1496,0,0.000000,16384,1351,67108,4,1.000000,0.000000
24347,25992008576,1063050,0,0,1505,0,0.000000,16384,1314,63050,4,1.000000,0.000000
24348,25993073539,1064963,0,0,1459,0,0.000000,16384,1338,64963,4,1.000000,0.000000
24349,25994139208,1065669,0,0,1501,0,0.000000,16384,1295,65669,4,1.000000,0.000000
24350,25995200491,1061283,0,0,1503,0,0.000000,16384,1377,61283,4,1.000000,0.000000
24351,25996288844,1088353,0,0,1504,0,0.000000,16384,1309,88353,4,1.000000,0.000000
24352,25997351101,1062257,0,0,1498,0,0.000000,16384,1358,62257,4,1.000000,0.000000
24353,25998412919,1061818,0,0,1449,0,0.000000,16384,1281,61818,4,1.000000,0.000000
24354,25999472256,1059337,0,0,1510,0,0.000000,16384,1346,59337,4,1.000000,0.000000
24355,26000533061,1060805,0,0,1518,0,0.000000,16384,1357,60805,4,1.000000,0.000000
24356,26001597800,1064739,0,0,1519,0,0.000000,16384,1344,64739,4,1.000000,0.000000
24357,26002659994,1062194,0,0,1331,0,0.000000,16384,1215,62194,4,1.000000,0.000000
24358,26003683398,1023404,0,0,1429,0,0.000000,16384,1238,23404,4,1.000000,0.000000
24359,26004786660,1103262,0,0,1410,0,0.000000,16384,1269,103262,4,1.000000,0.000000
24360,26005860732,1074072,0,0,1368,0,0.000000,16384,1235,74072,4,1.000000,0.000000
24361,26006956179,1095447,0,0,1545,0,0.000000,16384,1341,95447,4,1.000000,0.000000
24362,26008023797,1067618,0,0,1498,0,0.000000,16384,1374,67618,4,1.000000,0.000000
24363,26009088186,1064389,0,0,1402,0,0.000000,16384,1215,64389,4,1.000000,0.000000
24364,26010149331,1061145,0,0,1523,0,0.000000,16384,1383,61145,4,1.000000,0.000000
24365,26011210545,1061214,0,0,1470,0,0.000000,16384,1291,61214,4,1.000000,0.000000
24366,26012303487,1092942,0,0,1518,0,0.000000,16384,1361,92942,4,1.000000,0.000000
24367,26013367708,1064221,0,0,1490,0,0.000000,16384,1327,64221,4,1.000000,0.000000
24368,26014430769,1063061,0,0,1454,0,0.000000,16384,1285,63061,4,1.000000,0.000000
24369,26015496287,1065518,0,0,1480,0,0.000000,16384,1343,65518,4,1.000000,0.000000
24370,26016568680,1072393,0,0,1383,0,0.000000,16384,1200,72393,4,1.000000,0.000000
24371,26017664125,1095445,0,0,1497,0,0.000000,16384,1364,95445,4,1.000000,0.000000
24372,26018758025,1093900,0,0,1595,0,0.000000,16384,1391,93900,4,1.000000,0.000000
24373,26019823175,1065150,0,0,1570,0,0.000000,16384,1439,65150,4,1.000000,0.000000
24374,26020884034,1060859,0,0,1522,0,0.000000,16384,1315,60859,4,1.000000,0.000000
24375,26021944588,1060554,0,0,1535,0,0.000000,16384,1406,60554,4,1.000000,0.000000
24376,26023006567,1061979,0,0,1573,0,0.000000,16384,1361,61979,4,1.000000,0.000000
24377,26024068392,1061825,0,0,1573,0,0.000000,16384,1447,61825,4,1.000000,0.000000
24378,26025197904,1129512,0,0,1550,0,0.000000,16384,1331,129512,4,1.000000,0.000000
24379,26026273953,1076049,0,0,1401,0,0.000000,16384,1286,76049,4,1.000000,0.000000
24380,26027354776,1080823,0,0,1401,0,0.000000,16384,1238,80823,4,1.000000,0.000000
24381,26028452473,1097697,0,0,1523,0,0.000000,16384,1354,97697,4,1.000000,0.000000
24382,26029516759,1064286,0,0,1450,0,0.000000,16384,1305,64286,4,1.000000,0.000000
24383,26030579842,1063083,0,0,1543,0,0.000000,16384,1352,63083,4,1.000000,0.000000
24384,26031643159,1063317,0,0,1484,0,0.000000,16384,1351,63317,4,1.000000,0.000000
24385,26032689097,1045938,0,0,1360,0,0.000000,16384,1181,45938,4,1.000000,0.000000
24386,26033760744,1071647,0,0,1484,0,0.000000,16384,1344,71647,4,1.000000,0.000000
24387,26035026204,1265460,0,0,1684,0,0.000000,16384,1471,265460,4,1.000000,0.000000
24388,26036095427,1069223,0,0,1431,0,0.000000,16384,1308,69223,4,1.000000,0.000000
24389,26037162505,1067078,0,0,1584,0,0.000000,16384,1385,67078,4,1.000000,0.000000
24390,26038226195,1063690,0,0,1501,0,0.000000,16384,1364,63690,4,1.000000,0.000000
24391,26039347221,1121026,0,0,1569,0,0.000000,16384,1373,121026,4,1.000000,0.000000
24392,26040487975,1140754,0,0,1585,0,0.000000,16384,1444,140754,4,1.000000,0.000000
24393,26041563597,1075622,0,0,1403,0,0.000000,16384,1226,75622,4,1.000000,0.000000
24394,26042634229,1070632,0,0,1260,0,0.000000,16384,1106,70632,4,1.000000,0.000000
24395,26044082216,1447987,0,0,1963,0,0.000000,16384,1754,447987,4,1.000000,0.000000
24396,26045151903,1069687,0,0,1448,0,0.000000,16384,1317,69687,4,1.000000,0.000000
24397,26046220356,1068453,0,0,1531,0,0.000000,16384,1347,68453,4,1.000000,0.000000
24398,26047608394,1388038,0,0,1824,0,0.000000,16384,1647,388038,4,1.000000,0.000000
24399,26048682648,1074254,0,0,1623,0,0.000000,16384,1428,74254,4,1.000000,0.000000
24400,26049751556,1068908,0,0,1522,0,0.000000,16384,1369,68908,4,1.000000,0.000000
24401,26051112139,1360583,0,0,1828,0,0.000000,16384,1641,360583,4,1.000000,0.000000
24402,26052181878,1069739,0,0,1447,0,0.000000,16384,1259,69739,4,1.000000,0.000000
24403,26053278426,1096548,0,0,1552,0,0.000000,16384,1404,96548,4,1.000000,0.000000
24404,26054343984,1065558,0,0,1493,0,0.000000,16384,1313,65558,4,1.000000,0.000000
24405,26055406735,1062751,0,0,1501,0,0.000000,16384,1345,62751,4,1.000000,0.000000
24406,26056471797,1065062,0,0,1386,0,0.000000,16384,1245,65062,4,1.000000,0.000000
24407,26057534872,1063075,0,0,1533,0,0.000000,16384,1342,63075,4,1.000000,0.000000
24408,26058663244,1128372,0,0,1497,0,0.000000,16384,1363,128372,4,1.000000,0.000000
24409,26059739108,1075864,0,0,1396,0,0.000000,16384,1211,75864,4,1.000000,0.000000
24410,26060805741,1066633,0,0,1584,0,0.000000,16384,1450,66633,4,1.000000,0.000000
24411,26061898009,1092268,0,0,1556,0,0.000000,16384,1343,92268,4,1.000000,0.000000
24412,26062959770,1061761,0,0,1600,0,0.000000,16384,1467,61761,4,1.000000,0.000000
24413,26064020428,1060658,0,0,1503,0,0.000000,16384,1294,60658,4,1.000000,0.000000
24414,26065078934,1058506,0,0,1534,0,0.000000,16384,1418,58506,4,1.000000,0.000000
24415,26066148157,1069223,0,0,1491,0,0.000000,16384,1285,69223,4,1.000000,0.000000
24416,26067413521,1265364,0,0,1741,0,0.000000,16384,1580,265364,4,1.000000,0.000000
24417,26068487784,1074263,0,0,1403,0,0.000000,16384,1214,74263,4,1.000000,0.000000
24418,26069555213,1067429,0,0,1407,0,0.000000,16384,1291,67429,4,1.000000,0.000000
24419,26070617921,1062708,0,0,1509,0,0.000000,16384,1324,62708,4,1.000000,0.000000
24420,26071786061,1168140,0,0,1605,0,0.000000,16384,1454,168140,4,1.000000,0.000000
24421,26072886652,1100591,0,0,1474,0,0.000000,16384,1290,100591,4,1.000000,0.000000
24422,26073956557,1069905,0,0,1461,0,0.000000,16384,1309,69905,4,1.000000,0.000000
24423,26075061471,1104914,0,0,1474,0,0.000000,16384,1320,104914,4,1.000000,0.000000
24424,26076131343,1069872,0,0,1408,0,0.000000,16384,1230,69872,4,1.000000,0.000000
24425,26077198837,1067494,0,0,1529,0,0.000000,16384,1400,67494,4,1.000000,0.000000
24426,26078261203,1062366,0,0,1486,0,0.000000,16384,1282,62366,4,1.000000,0.000000
24427,26079325386,1064183,0,0,1487,0,0.000000,16384,1368,64183,4,1.000000,0.000000
24428,26080540583,1215197,0,0,1775,0,0.000000,16384,1555,215197,4,1.000000,0.000000
24429,26081609517,1068934,0,0,1532,0,0.000000,16384,1381,68934,4,1.000000,0.000000
24430,26082698383,1088866,0,0,1197,0,0.000000,16384,1051,88866,4,1.000000,0.000000
24431,26084326020,1627637,0,0,2218,0,0.000000,16384,1962,627637,4,1.000000,0.000000
24432,26085402493,1076473,0,0,1373,0,0.000000,16384,1250,76473,4,1.000000,0.000000
24433,26086479001,1076508,0,0,1540,0,0.000000,16384,1361,76508,4,1.000000,0.000000
24434,26087613508,1134507,0,0,1458,0,0.000000,16384,1305,134507,4,1.000000,0.000000
24435,26088694452,1080944,0,0,1242,0,0.000000,16384,1126,80944,4,1.000000,0.000000
24436,26089758292,1063840,0,0,1463,0,0.000000,16384,1274,63840,4,1.000000,0.000000
24437,26090844212,1085920,0,0,1414,0,0.000000,16384,1271,85920,4,1.000000,0.000000
24438,26091913154,1068942,0,0,1396,0,0.000000,16384,1258,68942,4,1.000000,0.000000
24439,26093025247,1112093,0,0,1443,0,0.000000,16384,1247,112093,4,1.000000,0.000000
24440,26094095356,1070109,0,0,1486,0,0.000000,16384,1368,70109,4,1.000000,0.000000
24441,26095191267,1095911,0,0,1547,0,0.000000,16384,1340,95911,4,1.000000,0.000000
24442,26096254587,1063320,0,0,1298,0,0.000000,16384,1173,63320,4,1.000000,0.000000
24443,26097319453,1064866,0,0,1469,0,0.000000,16384,1321,64866,4,1.000000,0.000000
24444,26098420208,1100755,0,0,1471,0,0.000000,16384,1282,100755,4,1.000000,0.000000
24445,26099493924,1073716,0,0,1461,0,0.000000,16384,1346,73716,4,1.000000,0.000000
24446,26100569092,1075168,0,0,1532,0,0.000000,16384,1318,75168,4,1.000000,0.000000
24447,26101639227,1070135,0,0,1614,0,0.000000,16384,1478,70135,4,1.000000,0.000000
24448,26102686195,1046968,0,0,1556,0,0.000000,16384,1350,46968,4,1.000000,0.000000
24449,26103709533,1023338,0,0,1547,0,0.000000,16384,1413,23338,4,1.000000,0.000000
24450,26104778169,1068636,0,0,1578,0,0.000000,16384,1376,68636,4,1.000000,0.000000
24451,26105873176,1095007,0,0,1746,0,0.000000,16384,1564,95007,4,1.000000,0.000000
24452,26106991644,1118468,0,0,1521,0,0.000000,16384,1363,118468,4,1.000000,0.000000
24453,26108061708,1070064,0,0,1481,0,0.000000,16384,1320,70064,4,1.000000,0.000000
24454,26109132226,1070518,0,0,1469,0,0.000000,16384,1298,70518,4,1.000000,0.000000
24455,26110198569,1066343,0,0,1402,0,0.000000,16384,1279,66343,4,1.000000,0.000000
24456,26111259691,1061122,0,0,1483,0,0.000000,16384,1280,61122,4,1.000000,0.000000
24457,26112326862,1067171,0,0,1516,0,0.000000,16384,1390,67171,4,1.000000,0.000000
24458,26113390401,1063539,0,0,1517,0,0.000000,16384,1318,63539,4,1.000000,0.000000
24459,26114455600,1065199,0,0,1471,0,0.000000,16384,1334,65199,4,1.000000,0.000000
24460,26115521097,1065497,0,0,1491,0,0.000000,16384,1316,65497,4,1.000000,0.000000
24461,26116613985,1092888,0,0,1530,0,0.000000,16384,1369,92888,4,1.000000,0.000000
24462,26117679789,1065804,0,0,1491,0,0.000000,16384,1329,65804,4,1.000000,0.000000
24463,26119001011,1321222,0,0,1765,0,0.000000,16384,1591,321222,4,1.000000,0.000000
24464,26120073686,1072675,0,0,1503,0,0.000000,16384,1304,72675,4,1.000000,0.000000
24465,26121138246,1064560,0,0,1526,0,0.000000,16384,1389,64560,4,1.000000,0.000000
24466,26122199610,1061364,0,0,1525,0,0.000000,16384,1332,61364,4,1.000000,0.000000
24467,26123261497,1061887,0,0,1401,0,0.000000,16384,1261,61887,4,1.000000,0.000000
24468,26124324951,1063454,0,0,1476,0,0.000000,16384,1322,63454,4,1.000000,0.000000
24469,26125390580,1065629,0,0,1511,0,0.000000,16384,1330,65629,4,1.000000,0.000000
24470,26126685064,1294484,0,0,1752,0,0.000000,16384,1560,294484,4,1.000000,0.000000
24471,26127779735,1094671,0,0,1537,0,0.000000,16384,1389,94671,4,1.000000,0.000000
24472,26128842982,1063247,0,0,1496,0,0.000000,16384,1319,63247,4,1.000000,0.000000
24473,26129910346,1067364,0,0,1585,0,0.000000,16384,1426,67364,4,1.000000,0.000000
24474,26130972471,1062125,0,0,1504,0,0.000000,16384,1326,62125,4,1.000000,0.000000
24475,26132033853,1061382,0,0,1523,0,0.000000,16384,1365,61382,4,1.000000,0.000000
24476,26133098985,1065132,0,0,1466,0,0.000000,16384,1307,65132,4,1.000000,0.000000
24477,26134186378,1087393,0,0,1499,0,0.000000,16384,1326,87393,4,1.000000,0.000000
24478,26135254245,1067867,0,0,1424,0,0.000000,16384,1293,67867,4,1.000000,0.000000
24479,26136331023,1076778,0,0,1422,0,0.000000,16384,1232,76778,4,1.000000,0.000000
24480,26137421704,1090681,0,0,1554,0,0.000000,16384,1423,90681,4,1.000000,0.000000
24481,26138526953,1105249,0,0,1561,0,0.000000,16384,1349,105249,4,1.000000,0.000000
24482,26139547551,1020598,0,0,1441,0,0.000000,16384,1317,20598,4,1.000000,0.000000
24483,26140612963,1065412,0,0,1466,0,0.000000,16384,1290,65412,4,1.000000,0.000000
24484,26141676707,1063744,0,0,1497,0,0.000000,16384,1337,63744,4,1.000000,0.000000
24485,26142744456,1067749,0,0,1386,0,0.000000,16384,1249,67749,4,1.000000,0.000000
24486,26143812175,1067719,0,0,1484,0,0.000000,16384,1289,67719,4,1.000000,0.000000
24487,26144876328,1064153,0,0,1523,0,0.000000,16384,1398,64153,4,1.000000,0.000000
24488,26145937291,1060963,0,0,1494,0,0.000000,16384,1289,60963,4,1.000000,0.000000
24489,26146997736,1060445,0,0,1521,0,0.000000,16384,1399,60445,4,1.000000,0.000000
24490,26148060164,1062428,0,0,1515,0,0.000000,16384,1310,62428,4,1.000000,0.000000
24491,26149148247,1088083,0,0,1466,0,0.000000,16384,1335,88083,4,1.000000,0.000000
24492,26150212647,1064400,0,0,1441,0,0.000000,16384,1272,64400,4,1.000000,0.000000
24493,26151282322,1069675,0,0,1415,0,0.000000,16384,1252,69675,4,1.000000,0.000000
24494,26152347420,1065098,0,0,1503,0,0.000000,16384,1363,65098,4,1.000000,0.000000
24495,26153409746,1062326,0,0,1484,0,0.000000,16384,1288,62326,4,1.000000,0.000000
24496,26154473867,1064121,0,0,1482,0,0.000000,16384,1365,64121,4,1.000000,0.000000
24497,26155543725,1069858,0,0,1441,0,0.000000,16384,1247,69858,4,1.000000,0.000000
24498,26156609051,1065326,0,0,1465,0,0.000000,16384,1323,65326,4,1.000000,0.000000
24499,26157678672,1069621,0,0,1489,0,0.000000,16384,1321,69621,4,1.000000,0.000000
24500,26158747414,1068742,0,0,1398,0,0.000000,16384,1235,68742,4,1.000000,0.000000
24501,26159849955,1102541,0,0,1528,0,0.000000,16384,1387,102541,4,1.000000,0.000000
24502,26160918674,1068719,0,0,1339,0,0.000000,16384,1165,68719,4,1.000000,0.000000
24503,26161979933,1061259,0,0,1214,0,0.000000,16384,1080,61259,4,1.000000,0.000000
24504,26163043399,1063466,0,0,1368,0,0.000000,16384,1252,63466,4,1.000000,0.000000
24505,26164109695,1066296,0,0,1467,0,0.000000,16384,1281,66296,4,1.000000,0.000000
24506,26165179958,1070263,0,0,1386,0,0.000000,16384,1241,70263,4,1.000000,0.000000
24507,26166293282,1113324,0,0,1523,0,0.000000,16384,1367,113324,4,1.000000,0.000000
24508,26167364287,1071005,0,0,1495,0,0.000000,16384,1315,71005,4,1.000000,0.000000
24509,26168430994,1066707,0,0,1483,0,0.000000,16384,1349,66707,4,1.000000,0.000000
24510,26169495617,1064623,0,0,1471,0,0.000000,16384,1269,64623,4,1.000000,0.000000
24511,26170592707,1097090,0,0,1533,0,0.000000,16384,1416,97090,4,1.000000,0.000000
24512,26171737918,1145211,0,0,1605,0,0.000000,16384,1386,145211,4,1.000000,0.000000
24513,26172806061,1068143,0,0,1429,0,0.000000,16384,1313,68143,4,1.000000,0.000000
24514,26173874253,1068192,0,0,1496,0,0.000000,16384,1298,68192,4,1.000000,0.000000
24515,26174997882,1123629,0,0,1521,0,0.000000,16384,1383,123629,4,1.000000,0.000000
24516,26176060885,1063003,0,0,1407,0,0.000000,16384,1240,63003,4,1.000000,0.000000
24517,26177125347,1064462,0,0,1494,0,0.000000,16384,1329,64462,4,1.000000,0.000000
24518,26178189315,1063968,0,0,1458,0,0.000000,16384,1314,63968,4,1.000000,0.000000
24519,26179256435,1067120,0,0,1493,0,0.000000,16384,1301,67120,4,1.000000,0.000000
24520,26180326090,1069655,0,0,1475,0,0.000000,16384,1354,69655,4,1.000000,0.000000
24521,26181424475,1098385,0,0,1526,0,0.000000,16384,1313,98385,4,1.000000,0.000000
24522,26182490180,1065705,0,0,1450,0,0.000000,16384,1332,65705,4,1.000000,0.000000
24523,26183687756,1197576,0,0,1507,0,0.000000,16384,1316,197576,4,1.000000,0.000000
24524,26184764775,1077019,0,0,1378,0,0.000000,16384,1237,77019,4,1.000000,0.000000
24525,26185840667,1075892,0,0,1384,0,0.000000,16384,1253,75892,4,1.000000,0.000000
24526,26186914246,1073579,0,0,1390,0,0.000000,16384,1206,73579,4,1.000000,0.000000
24527,26188062636,1148390,0,0,1481,0,0.000000,16384,1344,148390,4,1.000000,0.000000
24528,26189128034,1065398,0,0,1333,0,0.000000,16384,1188,65398,4,1.000000,0.000000
24529,26190320609,1192575,0,0,1428,0,0.000000,16384,1241,192575,4,1.000000,0.000000
24530,26191395218,1074609,0,0,1399,0,0.000000,16384,1283,74609,4,1.000000,0.000000
24531,26192586903,1191685,0,0,1488,0,0.000000,16384,1302,191685,4,1.000000,0.000000
24532,26193664406,1077503,0,0,1379,0,0.000000,16384,1232,77503,4,1.000000,0.000000
24533,26194755933,1091527,0,0,1414,0,0.000000,16384,1283,91527,4,1.000000,0.000000
24534,26196212375,1456442,0,0,1847,0,0.000000,16384,1639,456442,4,1.000000,0.000000
24535,26197286991,1074616,0,0,1405,0,0.000000,16384,1244,74616,4,1.000000,0.000000
24536,26198362229,1075238,0,0,1470,0,0.000000,16384,1299,75238,4,1.000000,0.000000
24537,26199436765,1074536,0,0,1439,0,0.000000,16384,1309,74536,4,1.000000,0.000000
24538,26200508243,1071478,0,0,1380,0,0.000000,16384,1197,71478,4,1.000000,0.000000
24539,26201579605,1071362,0,0,1035,0,0.000000,16384,921,71362,4,1.000000,0.000000
24540,26202910003,1330398,0,0,1456,0,0.000000,16384,1319,330398,4,1.000000,0.000000
24541,26204186396,1276393,0,0,1419,0,0.000000,16384,1263,276393,4,1.000000,0.000000
24542,26205261589,1075193,0,0,1397,0,0.000000,16384,1221,75193,4,1.000000,0.000000
24543,26206365536,1103947,0,0,1516,0,0.000000,16384,1389,103947,4,1.000000,0.000000
24544,26207437820,1072284,0,0,1429,0,0.000000,16384,1238,72284,4,1.000000,0.000000
24545,26208504347,1066527,0,0,1481,0,0.000000,16384,1347,66527,4,1.000000,0.000000
24546,26209600137,1095790,0,0,1566,0,0.000000,16384,1371,95790,4,1.000000,0.000000
24547,26210707580,1107443,0,0,1611,0,0.000000,16384,1470,107443,4,1.000000,0.000000
24548,26211779263,1071683,0,0,1479,0,0.000000,16384,1283,71683,4,1.000000,0.000000
24549,26213119043,1339780,0,0,1832,0,0.000000,16384,1653,339780,4,1.000000,0.000000
24550,26214187975,1068932,0,0,1465,0,0.000000,16384,1284,68932,4,1.000000,0.000000
24551,26215279400,1091425,0,0,1553,0,0.000000,16384,1411,91425,4,1.000000,0.000000
24552,26216340699,1061299,0,0,1349,0,0.000000,16384,1173,61299,4,1.000000,0.000000
24553,26217402169,1061470,0,0,1637,0,0.000000,16384,1496,61470,4,1.000000,0.000000
24554,26218462145,1059976,0,0,1557,0,0.000000,16384,1344,59976,4,1.000000,0.000000
24555,26219553220,1091075,0,0,1813,0,0.000000,16384,1633,91075,4,1.000000,0.000000
24556,26220890244,1337024,0,0,1886,0,0.000000,16384,1696,337024,4,1.000000,0.000000
24557,26221959352,1069108,0,0,1482,0,0.000000,16384,1291,69108,4,1.000000,0.000000
24558,26223020101,1060749,0,0,1591,0,0.000000,16384,1371,60749,4,1.000000,0.000000
24559,26224080984,1060883,0,0,1619,0,0.000000,16384,1460,60883,4,1.000000,0.000000
24560,26225141962,1060978,0,0,1665,0,0.000000,16384,1483,60978,4,1.000000,0.000000
24561,26226225498,1083536,0,0,1701,0,0.000000,16384,1491,83536,4,1.000000,0.000000
24562,26227283339,1057841,0,0,1657,0,0.000000,16384,1513,57841,4,1.000000,0.000000
24563,26228365867,1082528,0,0,1613,0,0.000000,16384,1412,82528,4,1.000000,0.000000
24564,26229433823,1067956,0,0,1333,0,0.000000,16384,1217,67956,4,1.000000,0.000000
24565,26230498311,1064488,0,0,1627,0,0.000000,16384,1407,64488,4,1.000000,0.000000
24566,26231560579,1062268,0,0,1563,0,0.000000,16384,1434,62268,4,1.000000,0.000000
24567,26232620531,1059952,0,0,1651,0,0.000000,16384,1444,59952,4,1.000000,0.000000
24568,26233673903,1053372,0,0,1646,0,0.000000,16384,1475,53372,4,1.000000,0.000000
24569,26234746173,1072270,0,0,1454,0,0.000000,16384,1289,72270,4,1.000000,0.000000
24570,26235817032,1070859,0,0,1453,0,0.000000,16384,1317,70859,4,1.000000,0.000000
24571,26236943672,1126640,0,0,1593,0,0.000000,16384,1393,126640,4,1.000000,0.000000
24572,26238019117,1075445,0,0,1395,0,0.000000,16384,1278,75445,4,1.000000,0.000000
24573,26239092975,1073858,0,0,1450,0,0.000000,16384,1254,73858,4,1.000000,0.000000
24574,26240166408,1073433,0,0,1419,0,0.000000,16384,1280,73433,4,1.000000,0.000000
24575,26241239944,1073536,0,0,1454,0,0.000000,16384,1299,73536,4,1.000000,0.000000
24576,26242305763,1065819,0,0,1430,0,0.000000,16384,1253,65819,4,1.000000,0.000000
24577,26243377752,1071989,0,0,1286,0,0.000000,16384,1170,71989,4,1.000000,0.000000
24578,26244451790,1074038,0,0,1418,0,0.000000,16384,1259,74038,4,1.000000,0.000000
24579,26245523535,1071745,0,0,1443,0,0.000000,16384,1270,71745,4,1.000000,0.000000
24580,26246592657,1069122,0,0,1435,0,0.000000,16384,1313,69122,4,1.000000,0.000000
24581,26247690859,1098202,0,0,1451,0,0.000000,16384,1254,98202,4,1.000000,0.000000
24582,26248757103,1066244,0,0,1450,0,0.000000,16384,1317,66244,4,1.000000,0.000000
24583,26249828731,1071628,0,0,1446,0,0.000000,16384,1281,71628,4,1.000000,0.000000
24584,26251184980,1356249,0,0,1726,0,0.000000,16384,1555,356249,4,1.000000,0.000000
24585,26252261696,1076716,0,0,1424,0,0.000000,16384,1246,76716,4,1.000000,0.000000
24586,26253331466,1069770,0,0,1433,0,0.000000,16384,1279,69770,4,1.000000,0.000000
24587,26254421357,1089891,0,0,1226,0,0.000000,16384,1110,89891,4,1.000000,0.000000
24588,26255491421,1070064,0,0,1188,0,0.000000,16384,1063,70064,4,1.000000,0.000000
24589,26256568614,1077193,0,0,1285,0,0.000000,16384,1121,77193,4,1.000000,0.000000
24590,26257640946,1072332,0,0,1430,0,0.000000,16384,1275,72332,4,1.000000,0.000000
24591,26259206147,1565201,0,0,1983,0,0.000000,16384,1758,565201,4,1.000000,0.000000
24592,26260241329,1035182,0,0,1360,0,0.000000,16384,1245,35182,4,1.000000,0.000000
24593,26261314795,1073466,0,0,1438,0,0.000000,16384,1253,73466,4,1.000000,0.000000
24594,26262380349,1065554,0,0,1430,0,0.000000,16384,1283,65554,4,1.000000,0.000000
24595,26263448973,1068624,0,0,1436,0,0.000000,16384,1290,68624,4,1.000000,0.000000
24596,26264525237,1076264,0,0,1440,0,0.000000,16384,1250,76264,4,1.000000,0.000000
24597,26265598657,1073420,0,0,1416,0,0.000000,16384,1300,73420,4,1.000000,0.000000
24598,26266685328,1086671,0,0,1375,0,0.000000,16384,1209,86671,4,1.000000,0.000000
24599,26268283688,1598360,0,0,1995,0,0.000000,16384,1784,598360,4,1.000000,0.000000
24600,26269357825,1074137,0,0,1211,0,0.000000,16384,1062,74137,4,1.000000,0.000000
24601,26270448351,1090526,0,0,1416,0,0.000000,16384,1274,90526,4,1.000000,0.000000
24602,26271520277,1071926,0,0,1416,0,0.000000,16384,1272,71926,4,1.000000,0.000000
24603,26272591422,1071145,0,0,1435,0,0.000000,16384,1243,71145,4,1.000000,0.000000
24604,26273661455,1070033,0,0,1427,0,0.000000,16384,1311,70033,4,1.000000,0.000000
24605,26274906007,1244552,0,0,1586,0,0.000000,16384,1379,244552,4,1.000000,0.000000
24606,26275983166,1077159,0,0,1366,0,0.000000,16384,1237,77159,4,1.000000,0.000000
24607,26277060291,1077125,0,0,1403,0,0.000000,16384,1259,77125,4,1.000000,0.000000
24608,26278131776,1071485,0,0,1424,0,0.000000,16384,1236,71485,4,1.000000,0.000000
24609,26279154770,1022994,0,0,1355,0,0.000000,16384,1239,22994,4,1.000000,0.000000
24610,26280225688,1070918,0,0,1420,0,0.000000,16384,1259,70918,4,1.000000,0.000000
24611,26281327778,1102090,0,0,1463,0,0.000000,16384,1292,102090,4,1.000000,0.000000
24612,26282393709,1065931,0,0,1430,0,0.000000,16384,1302,65931,4,1.000000,0.000000
24613,26283468451,1074742,0,0,1296,0,0.000000,16384,1131,74742,4,1.000000,0.000000
24614,26284542518,1074067,0,0,1397,0,0.000000,16384,1242,74067,4,1.000000,0.000000
24615,26285622445,1079927,0,0,1403,0,0.000000,16384,1279,79927,4,1.000000,0.000000
24616,26286681681,1059236,0,0,1410,0,0.000000,16384,1222,59236,4,1.000000,0.000000
24617,26287748004,1066323,0,0,1429,0,0.000000,16384,1288,66323,4,1.000000,0.000000
24618,26288810537,1062533,0,0,1429,0,0.000000,16384,1279,62533,4,1.000000,0.000000
24619,26289881978,1071441,0,0,1408,0,0.000000,16384,1227,71441,4,1.000000,0.000000
24620,26290955062,1073084,0,0,1374,0,0.000000,16384,1258,73084,4,1.000000,0.000000
24621,26292060108,1105046,0,0,1471,0,0.000000,16384,1291,105046,4,1.000000,0.000000
24622,26293137642,1077534,0,0,1407,0,0.000000,16384,1255,77534,4,1.000000,0.000000
24623,26294210076,1072434,0,0,1411,0,0.000000,16384,1281,72434,4,1.000000,0.000000
24624,26295283892,1073816,0,0,1387,0,0.000000,16384,1203,73816,4,1.000000,0.000000
24625,26296364098,1080206,0,0,1429,0,0.000000,16384,1291,80206,4,1.000000,0.000000
24626,26297438493,1074395,0,0,1435,0,0.000000,16384,1281,74395,4,1.000000,0.000000
24627,26298507915,1069422,0,0,1432,0,0.000000,16384,1254,69422,4,1.000000,0.000000
24628,26299573474,1065559,0,0,1426,0,0.000000,16384,1310,65559,4,1.000000,0.000000
24629,26300641471,1067997,0,0,1430,0,0.000000,16384,1241,67997,4,1.000000,0.000000
24630,26301694510,1053039,0,0,1392,0,0.000000,16384,1249,53039,4,1.000000,0.000000
24631,26302820944,1126434,0,0,1498,0,0.000000,16384,1344,126434,4,1.000000,0.000000
24632,26303894708,1073764,0,0,1407,0,0.000000,16384,1225,73764,4,1.000000,0.000000
24633,26304966490,1071782,0,0,1427,0,0.000000,16384,1311,71782,4,1.000000,0.000000
24634,26306036265,1069775,0,0,1424,0,0.000000,16384,1245,69775,4,1.000000,0.000000
24635,26307103446,1067181,0,0,1453,0,0.000000,16384,1300,67181,4,1.000000,0.000000
24636,26308173362,1069916,0,0,1416,0,0.000000,16384,1276,69916,4,1.000000,0.000000
24637,26309244221,1070859,0,0,1433,0,0.000000,16384,1239,70859,4,1.000000,0.000000
24638,26310311643,1067422,0,0,1446,0,0.000000,16384,1328,67422,4,1.000000,0.000000
24639,26311385793,1074150,0,0,1438,0,0.000000,16384,1261,74150,4,1.000000,0.000000
24640,26312465321,1079528,0,0,1439,0,0.000000,16384,1284,79528,4,1.000000,0.000000
24641,26313569547,1104226,0,0,1461,0,0.000000,16384,1316,104226,4,1.000000,0.000000
24642,26314837636,1268089,0,0,1651,0,0.000000,16384,1459,268089,4,1.000000,0.000000
24643,26315919951,1082315,0,0,1414,0,0.000000,16384,1274,82315,4,1.000000,0.000000
24644,26316997033,1077082,0,0,1399,0,0.000000,16384,1213,77082,4,1.000000,0.000000
24645,26318160119,1163086,0,0,1499,0,0.000000,16384,1374,163086,4,1.000000,0.000000
24646,26319343834,1183715,0,0,1526,0,0.000000,16384,1327,183715,4,1.000000,0.000000
24647,26320419956,1076122,0,0,1408,0,0.000000,16384,1271,76122,4,1.000000,0.000000
24648,26321489276,1069320,0,0,1398,0,0.000000,16384,1254,69320,4,1.000000,0.000000
24649,26322605208,1115932,0,0,1326,0,0.000000,16384,1155,115932,4,1.000000,0.000000
24650,26323689601,1084393,0,0,1403,0,0.000000,16384,1270,84393,4,1.000000,0.000000
24651,26324793436,1103835,0,0,1456,0,0.000000,16384,1298,103835,4,1.000000,0.000000
24652,26325864482,1071046,0,0,1404,0,0.000000,16384,1230,71046,4,1.000000,0.000000
24653,26326936999,1072517,0,0,1414,0,0.000000,16384,1298,72517,4,1.000000,0.000000
24654,26328003140,1066141,0,0,1410,0,0.000000,16384,1229,66141,4,1.000000,0.000000
24655,26329074126,1070986,0,0,1418,0,0.000000,16384,1267,70986,4,1.000000,0.000000
24656,26330143269,1069143,0,0,1417,0,0.000000,16384,1281,69143,4,1.000000,0.000000
24657,26331215433,1072164,0,0,1394,0,0.000000,16384,1208,72164,4,1.000000,0.000000
24658,26332287911,1072478,0,0,1391,0,0.000000,16384,1261,72478,4,1.000000,0.000000
24659,26333360103,1072192,0,0,1414,0,0.000000,16384,1265,72192,4,1.000000,0.000000
24660,26334432110,1072007,0,0,1414,0,0.000000,16384,1231,72007,4,1.000000,0.000000
24661,26335530990,1098880,0,0,1461,0,0.000000,16384,1345,98880,4,1.000000,0.000000
24662,26336605140,1074150,0,0,1414,0,0.000000,16384,1229,74150,4,1.000000,0.000000
24663,26337683104,1077964,0,0,1427,0,0.000000,16384,1280,77964,4,1.000000,0.000000
24664,26338749389,1066285,0,0,1445,0,0.000000,16384,1299,66285,4,1.000000,0.000000
24665,26339813454,1064065,0,0,1422,0,0.000000,16384,1232,64065,4,1.000000,0.000000
24666,26340879771,1066317,0,0,1421,0,0.000000,16384,1305,66317,4,1.000000,0.000000
24667,26341947032,1067261,0,0,1434,0,0.000000,16384,1259,67261,4,1.000000,0.000000
24668,26343014484,1067452,0,0,1468,0,0.000000,16384,1311,67452,4,1.000000,0.000000
24669,26344080024,1065540,0,0,1446,0,0.000000,16384,1301,65540,4,1.000000,0.000000
24670,26345146534,1066510,0,0,1488,0,0.000000,16384,1296,66510,4,1.000000,0.000000
24671,26346236820,1090286,0,0,1520,0,0.000000,16384,1391,90286,4,1.000000,0.000000
24672,26347303971,1067151,0,0,1464,0,0.000000,16384,1265,67151,4,1.000000,0.000000
24673,26348375189,1071218,0,0,1457,0,0.000000,16384,1334,71218,4,1.000000,0.000000
24674,26349444274,1069085,0,0,1466,0,0.000000,16384,1285,69085,4,1.000000,0.000000
24675,26350515505,1071231,0,0,1456,0,0.000000,16384,1305,71231,4,1.000000,0.000000
24676,26351587380,1071875,0,0,1458,0,0.000000,16384,1307,71875,4,1.000000,0.000000
24677,26352659465,1072085,0,0,1458,0,0.000000,16384,1273,72085,4,1.000000,0.000000
24678,26353729571,1070106,0,0,1453,0,0.000000,16384,1336,70106,4,1.000000,0.000000
24679,26354798970,1069399,0,0,1457,0,0.000000,16384,1260,69399,4,1.000000,0.000000
24680,26355871633,1072663,0,0,1470,0,0.000000,16384,1332,72663,4,1.000000,0.000000
24681,26356985492,1113859,0,0,1499,0,0.000000,16384,1324,113859,4,1.000000,0.000000
24682,26358059452,1073960,0,0,1381,0,0.000000,16384,1224,73960,4,1.000000,0.000000
24683,26359128942,1069490,0,0,1416,0,0.000000,16384,1294,69490,4,1.000000,0.000000
24684,26360194254,1065312,0,0,1431,0,0.000000,16384,1239,65312,4,1.000000,0.000000
24685,26361272318,1078064,0,0,1449,0,0.000000,16384,1311,78064,4,1.000000,0.000000
24686,26362346573,1074255,0,0,1340,0,0.000000,16384,1201,74255,4,1.000000,0.000000
24687,26363418470,1071897,0,0,1421,0,0.000000,16384,1229,71897,4,1.000000,0.000000
24688,26364493413,1074943,0,0,1392,0,0.000000,16384,1275,74943,4,1.000000,0.000000
24689,26365585363,1091950,0,0,1396,0,0.000000,16384,1237,91950,4,1.000000,0.000000
24690,26366687742,1102379,0,0,1476,0,0.000000,16384,1303,102379,4,1.000000,0.000000
24691,26367795007,1107265,0,0,1484,0,0.000000,16384,1346,107265,4,1.000000,0.000000
24692,26368862999,1067992,0,0,1470,0,0.000000,16384,1272,67992,4,1.000000,0.000000
24693,26369931645,1068646,0,0,1411,0,0.000000,16384,1295,68646,4,1.000000,0.000000
24694,26370998927,1067282,0,0,1432,0,0.000000,16384,1258,67282,4,1.000000,0.000000
24695,26372072786,1073859,0,0,1416,0,0.000000,16384,1258,73859,4,1.000000,0.000000
24696,26373146810,1074024,0,0,1413,0,0.000000,16384,1286,74024,4,1.000000,0.000000
24697,26374220557,1073747,0,0,1429,0,0.000000,16384,1237,73747,4,1.000000,0.000000
24698,26375288521,1067964,0,0,1440,0,0.000000,16384,1307,67964,4,1.000000,0.000000
24699,26376381516,1092995,0,0,1246,0,0.000000,16384,1122,92995,4,1.000000,0.000000
24700,26377452187,1070671,0,0,1130,0,0.000000,16384,998,70671,4,1.000000,0.000000
24701,26378550786,1098599,0,0,1326,0,0.000000,16384,1154,98599,4,1.000000,0.000000
24702,26379621299,1070513,0,0,1423,0,0.000000,16384,1290,70513,4,1.000000,0.000000
24703,26380681420,1060121,0,0,1405,0,0.000000,16384,1254,60121,4,1.000000,0.000000
24704,26381750526,1069106,0,0,1462,0,0.000000,16384,1282,69106,4,1.000000,0.000000
24705,26382817797,1067271,0,0,1471,0,0.000000,16384,1344,67271,4,1.000000,0.000000
24706,26383893362,1075565,0,0,1465,0,0.000000,16384,1266,75565,4,1.000000,0.000000
24707,26385036075,1142713,0,0,1447,0,0.000000,16384,1321,142713,4,1.000000,0.000000
24708,26386106756,1070681,0,0,1449,0,0.000000,16384,1277,70681,4,1.000000,0.000000
24709,26387177797,1071041,0,0,1453,0,0.000000,16384,1293,71041,4,1.000000,0.000000
24710,26388249080,1071283,0,0,1449,0,0.000000,16384,1309,71283,4,1.000000,0.000000
24711,26389350683,1101603,0,0,1499,0,0.000000,16384,1303,101603,4,1.000000,0.000000
24712,26390418090,1067407,0,0,1460,0,0.000000,16384,1343,67407,4,1.000000,0.000000
24713,26391487519,1069429,0,0,1455,0,0.000000,16384,1260,69429,4,1.000000,0.000000
24714,26392541091,1053572,0,0,1440,0,0.000000,16384,1300,53572,4,1.000000,0.000000
24715,26393610088,1068997,0,0,1459,0,0.000000,16384,1300,68997,4,1.000000,0.000000
24716,26394698882,1088794,0,0,1451,0,0.000000,16384,1278,88794,4,1.000000,0.000000
24717,26395776753,1077871,0,0,1428,0,0.000000,16384,1305,77871,4,1.000000,0.000000
24718,26396845771,1069018,0,0,1457,0,0.000000,16384,1260,69018,4,1.000000,0.000000
24719,26397914947,1069176,0,0,1408,0,0.000000,16384,1276,69176,4,1.000000,0.000000
24720,26398980166,1065219,0,0,1430,0,0.000000,16384,1275,65219,4,1.000000,0.000000
24721,26400075189,1095023,0,0,1497,0,0.000000,16384,1320,95023,4,1.000000,0.000000
24722,26401150396,1075207,0,0,1480,0,0.000000,16384,1343,75207,4,1.000000,0.000000
24723,26402225586,1075190,0,0,1486,0,0.000000,16384,1287,75190,4,1.000000,0.000000
24724,26403299544,1073958,0,0,1447,0,0.000000,16384,1331,73958,4,1.000000,0.000000
24725,26404368944,1069400,0,0,1406,0,0.000000,16384,1227,69400,4,1.000000,0.000000
24726,26405439128,1070184,0,0,1373,0,0.000000,16384,1220,70184,4,1.000000,0.000000
24727,26406508261,1069133,0,0,1376,0,0.000000,16384,1259,69133,4,1.000000,0.000000
24728,26407585914,1077653,0,0,1414,0,0.000000,16384,1226,77653,4,1.000000,0.000000
24729,26408657410,1071496,0,0,1436,0,0.000000,16384,1289,71496,4,1.000000,0.000000
24730,26409683225,1025815,0,0,1349,0,0.000000,16384,1220,25815,4,1.000000,0.000000
24731,26411099976,1416751,0,0,1836,0,0.000000,16384,1628,416751,4,1.000000,0.000000
24732,26412185277,1085301,0,0,1417,0,0.000000,16384,1255,85301,4,1.000000,0.000000
24733,26413265073,1079796,0,0,1440,0,0.000000,16384,1271,79796,4,1.000000,0.000000
24734,26414343110,1078037,0,0,1434,0,0.000000,16384,1309,78037,4,1.000000,0.000000
24735,26415427465,1084355,0,0,1406,0,0.000000,16384,1219,84355,4,1.000000,0.000000
24736,26416512665,1085200,0,0,1437,0,0.000000,16384,1297,85200,4,1.000000,0.000000
24737,26417592055,1079390,0,0,1456,0,0.000000,16384,1298,79390,4,1.000000,0.000000
24738,26418661833,1069778,0,0,1444,0,0.000000,16384,1270,69778,4,1.000000,0.000000
24739,26419735578,1073745,0,0,1454,0,0.000000,16384,1329,73745,4,1.000000,0.000000
24740,26420808426,1072848,0,0,1457,0,0.000000,16384,1258,72848,4,1.000000,0.000000
24741,26421914912,1106486,0,0,1463,0,0.000000,16384,1335,106486,4,1.000000,0.000000
24742,26422992915,1078003,0,0,1399,0,0.000000,16384,1237,78003,4,1.000000,0.000000
24743,26424071464,1078549,0,0,1398,0,0.000000,16384,1228,78549,4,1.000000,0.000000
24744,26425146442,1074978,0,0,1365,0,0.000000,16384,1249,74978,4,1.000000,0.000000
24745,26426221887,1075445,0,0,1394,0,0.000000,16384,1223,75445,4,1.000000,0.000000
24746,26427294209,1072322,0,0,1431,0,0.000000,16384,1270,72322,4,1.000000,0.000000
24747,26428363070,1068861,0,0,1401,0,0.000000,16384,1276,68861,4,1.000000,0.000000
24748,26429439211,1076141,0,0,1392,0,0.000000,16384,1206,76141,4,1.000000,0.000000
24749,26430523896,1084685,0,0,1403,0,0.000000,16384,1264,84685,4,1.000000,0.000000
24750,26431614673,1090777,0,0,1404,0,0.000000,16384,1264,90777,4,1.000000,0.000000
24751,26432695065,1080392,0,0,1413,0,0.000000,16384,1224,80392,4,1.000000,0.000000
24752,26433774849,1079784,0,0,1389,0,0.000000,16384,1268,79784,4,1.000000,0.000000
24753,26434855310,1080461,0,0,1424,0,0.000000,16384,1263,80461,4,1.000000,0.000000
24754,26435927616,1072306,0,0,1448,0,0.000000,16384,1277,72306,4,1.000000,0.000000
24755,26436997760,1070144,0,0,1436,0,0.000000,16384,1311,70144,4,1.000000,0.000000
24756,26438066358,1068598,0,0,1464,0,0.000000,16384,1265,68598,4,1.000000,0.000000
24757,26439137974,1071616,0,0,1459,0,0.000000,16384,1330,71616,4,1.000000,0.000000
24758,26440207742,1069768,0,0,1450,0,0.000000,16384,1278,69768,4,1.000000,0.000000
24759,26441284749,1077007,0,0,1404,0,0.000000,16384,1245,77007,4,1.000000,0.000000
24760,26442369381,1084632,0,0,1408,0,0.000000,16384,1285,84632,4,1.000000,0.000000
24761,26443480287,1110906,0,0,1389,0,0.000000,16384,1205,110906,4,1.000000,0.000000
24762,26444570928,1090641,0,0,1348,0,0.000000,16384,1207,90641,4,1.000000,0.000000
24763,26445848026,1277098,0,0,1608,0,0.000000,16384,1438,277098,4,1.000000,0.000000
24764,26446923442,1075416,0,0,1251,0,0.000000,16384,1095,75416,4,1.000000,0.000000
24765,26448004637,1081195,0,0,1386,0,0.000000,16384,1260,81195,4,1.000000,0.000000
24766,26449084033,1079396,0,0,1412,0,0.000000,16384,1259,79396,4,1.000000,0.000000
24767,26450256407,1172374,0,0,1491,0,0.000000,16384,1312,172374,4,1.000000,0.000000
24768,26451343812,1087405,0,0,1397,0,0.000000,16384,1281,87405,4,1.000000,0.000000
24769,26452421120,1077308,0,0,1447,0,0.000000,16384,1249,77308,4,1.000000,0.000000
24770,26453489221,1068101,0,0,1492,0,0.000000,16384,1354,68101,4,1.000000,0.000000
24771,26454593196,1103975,0,0,1515,0,0.000000,16384,1333,103975,4,1.000000,0.000000
24772,26455659993,1066797,0,0,1591,0,0.000000,16384,1437,66797,4,1.000000,0.000000
24773,26456718125,1058132,0,0,1354,0,0.000000,16384,1200,58132,4,1.000000,0.000000
24774,26457782518,1064393,0,0,1604,0,0.000000,16384,1423,64393,4,1.000000,0.000000
24775,26458804129,1021611,0,0,1569,0,0.000000,16384,1396,21611,4,1.000000,0.000000
24776,26459855876,1051747,0,0,1538,0,0.000000,16384,1374,51747,4,1.000000,0.000000
24777,26460937434,1081558,0,0,1435,0,0.000000,16384,1285,81558,4,1.000000,0.000000
24778,26462687880,1750446,0,0,2388,0,0.000000,16384,2097,750446,4,1.000000,0.000000
24779,26463763690,1075810,0,0,1435,0,0.000000,16384,1316,75810,4,1.000000,0.000000
24780,26464836435,1072745,0,0,1435,0,0.000000,16384,1261,72745,4,1.000000,0.000000
24781,26466086416,1249981,0,0,1606,0,0.000000,16384,1444,249981,4,1.000000,0.000000
24782,26467163535,1077119,0,0,1476,0,0.000000,16384,1303,77119,4,1.000000,0.000000
24783,26468234545,1071010,0,0,1589,0,0.000000,16384,1426,71010,4,1.000000,0.000000
24784,26469305243,1070698,0,0,1585,0,0.000000,16384,1394,70698,4,1.000000,0.000000
24785,26470380091,1074848,0,0,1591,0,0.000000,16384,1446,74848,4,1.000000,0.000000
24786,26471446699,1066608,0,0,1638,0,0.000000,16384,1418,66608,4,1.000000,0.000000
24787,26472509996,1063297,0,0,1626,0,0.000000,16384,1488,63297,4,1.000000,0.000000
24788,26473574503,1064507,0,0,1519,0,0.000000,16384,1321,64507,4,1.000000,0.000000
24789,26474638242,1063739,0,0,1635,0,0.000000,16384,1483,63739,4,1.000000,0.000000
24790,26475678376,1040134,0,0,1597,0,0.000000,16384,1413,40134,4,1.000000,0.000000
24791,26476771425,1093049,0,0,1778,0,0.000000,16384,1568,93049,4,1.000000,0.000000
24792,26478128537,1357112,0,0,1864,0,0.000000,16384,1678,357112,4,1.000000,0.000000
24793,26479203887,1075350,0,0,1521,0,0.000000,16384,1357,75350,4,1.000000,0.000000
24794,26480270513,1066626,0,0,1541,0,0.000000,16384,1373,66626,4,1.000000,0.000000
24795,26481340427,1069914,0,0,1517,0,0.000000,16384,1349,69914,4,1.000000,0.000000
24796,26482408564,1068137,0,0,1569,0,0.000000,16384,1401,68137,4,1.000000,0.000000
24797,26483472079,1063515,0,0,1616,0,0.000000,16384,1444,63515,4,1.000000,0.000000
24798,26484532529,1060450,0,0,1607,0,0.000000,16384,1415,60450,4,1.000000,0.000000
24799,26485601570,1069041,0,0,1573,0,0.000000,16384,1279,69041,4,1.000000,0.000000
24800,26486663557,1061987,0,0,1627,0,0.000000,16384,1395,61987,4,1.000000,0.000000
24801,26487770821,1107264,0,0,1653,0,0.000000,16384,1445,107264,4,1.000000,0.000000
24802,26489522000,1751179,0,0,2379,0,0.000000,16384,2030,751179,4,1.000000,0.000000
24803,26490588736,1066736,0,0,1453,0,0.000000,16384,1275,66736,4,1.000000,0.000000
24804,26491652777,1064041,0,0,1502,0,0.000000,16384,1202,64041,4,1.000000,0.000000
24805,26492676597,1023820,0,0,1435,0,0.000000,16384,1160,23820,4,1.000000,0.000000
24806,26493741260,1064663,0,0,1620,0,0.000000,16384,1309,64663,4,1.000000,0.000000
24807,26494806770,1065510,0,0,1608,0,0.000000,16384,1285,65510,4,1.000000,0.000000
24808,26495921947,1115177,0,0,1454,0,0.000000,16384,1174,115177,4,1.000000,0.000000
24809,26496990029,1068082,0,0,1455,0,0.000000,16384,1165,68082,4,1.000000,0.000000
24810,26498054378,1064349,0,0,1440,0,0.000000,16384,1160,64349,4,1.000000,0.000000
24811,26499140847,1086469,0,0,1617,0,0.000000,16384,1481,86469,4,1.000000,0.000000
24812,26500199762,1058915,0,0,1659,0,0.000000,16384,1450,58915,4,1.000000,0.000000
24813,26501258160,1058398,0,0,1658,0,0.000000,16384,1484,58398,4,1.000000,0.000000
24814,26502316376,1058216,0,0,1663,0,0.000000,16384,1498,58216,4,1.000000,0.000000
24815,26503374240,1057864,0,0,1663,0,0.000000,16384,1443,57864,4,1.000000,0.000000
24816,26504777368,1403128,0,0,2045,0,0.000000,16384,1823,403128,4,1.000000,0.000000
24817,26505845749,1068381,0,0,1473,0,0.000000,16384,1355,68381,4,1.000000,0.000000
24818,26506909848,1064099,0,0,1526,0,0.000000,16384,1326,64099,4,1.000000,0.000000
24819,26507972311,1062463,0,0,1545,0,0.000000,16384,1409,62463,4,1.000000,0.000000
24820,26509032893,1060582,0,0,1629,0,0.000000,16384,1410,60582,4,1.000000,0.000000
24821,26510134015,1101122,0,0,1512,0,0.000000,16384,1395,101122,4,1.000000,0.000000
24822,26511199296,1065281,0,0,1584,0,0.000000,16384,1364,65281,4,1.000000,0.000000
24823,26512262564,1063268,0,0,1667,0,0.000000,16384,1520,63268,4,1.000000,0.000000
24824,26513320769,1058205,0,0,1749,0,0.000000,16384,1556,58205,4,1.000000,0.000000
24825,26514378849,1058080,0,0,1802,0,0.000000,16384,1582,58080,4,1.000000,0.000000
24826,26515437301,1058452,0,0,1815,0,0.000000,16384,1623,58452,4,1.000000,0.000000
24827,26516504770,1067469,0,0,1609,0,0.000000,16384,1461,67469,4,1.000000,0.000000
24828,26517571251,1066481,0,0,1416,0,0.000000,16384,1240,66481,4,1.000000,0.000000
24829,26518641610,1070359,0,0,1483,0,0.000000,16384,1327,70359,4,1.000000,0.000000
24830,26519689961,1048351,0,0,1547,0,0.000000,16384,1378,48351,4,1.000000,0.000000
24831,26520792692,1102731,0,0,1727,0,0.000000,16384,1556,102731,4,1.000000,0.000000
24832,26521852501,1059809,0,0,1666,0,0.000000,16384,1446,59809,4,1.000000,0.000000
24833,26522913210,1060709,0,0,1555,0,0.000000,16384,1424,60709,4,1.000000,0.000000
24834,26523993442,1080232,0,0,1635,0,0.000000,16384,1430,80232,4,1.000000,0.000000
24835,26525063567,1070125,0,0,1488,0,0.000000,16384,1350,70125,4,1.000000,0.000000
24836,26526131043,1067476,0,0,1538,0,0.000000,16384,1340,67476,4,1.000000,0.000000
24837,26527192482,1061439,0,0,1611,0,0.000000,16384,1460,61439,4,1.000000,0.000000
24838,26528250688,1058206,0,0,1658,0,0.000000,16384,1469,58206,4,1.000000,0.000000
24839,26529308805,1058117,0,0,1659,0,0.000000,16384,1465,58117,4,1.000000,0.000000
24840,26530365028,1056223,0,0,1664,0,0.000000,16384,1520,56223,4,1.000000,0.000000
24841,26531473046,1108018,0,0,1856,0,0.000000,16384,1633,108018,4,1.000000,0.000000
24842,26532565428,1092382,0,0,1843,0,0.000000,16384,1624,92382,4,1.000000,0.000000
24843,26533655873,1090445,0,0,1835,0,0.000000,16384,1637,90445,4,1.000000,0.000000
24844,26534702544,1046671,0,0,1780,0,0.000000,16384,1611,46671,4,1.000000,0.000000
24845,26535766002,1063458,0,0,1762,0,0.000000,16384,1565,63458,4,1.000000,0.000000
24846,26536829844,1063842,0,0,1721,0,0.000000,16384,1501,63842,4,1.000000,0.000000
24847,26537892753,1062909,0,0,1727,0,0.000000,16384,1570,62909,4,1.000000,0.000000
24848,26538956146,1063393,0,0,1901,0,0.000000,16384,1708,63393,4,1.000000,0.000000
24849,26540019289,1063143,0,0,1751,0,0.000000,16384,1541,63143,4,1.000000,0.000000
24850,26541153929,1134640,0,0,1565,0,0.000000,16384,1392,134640,4,1.000000,0.000000
24851,26542243194,1089265,0,0,1600,0,0.000000,16384,1433,89265,4,1.000000,0.000000
24852,26543302780,1059586,0,0,1748,0,0.000000,16384,1528,59586,4,1.000000,0.000000
24853,26544361007,1058227,0,0,1811,0,0.000000,16384,1635,58227,4,1.000000,0.000000
24854,26545419780,1058773,0,0,1699,0,0.000000,16384,1535,58773,4,1.000000,0.000000
24855,26546477611,1057831,0,0,1723,0,0.000000,16384,1503,57831,4,1.000000,0.000000
24856,26547534696,1057085,0,0,1807,0,0.000000,16384,1613,57085,4,1.000000,0.000000
24857,26548592854,1058158,0,0,1649,0,0.000000,16384,1503,58158,4,1.000000,0.000000
24858,26549649343,1056489,0,0,1525,0,0.000000,16384,1317,56489,4,1.000000,0.000000
24859,26550806384,1157041,0,0,1794,0,0.000000,16384,1622,157041,4,1.000000,0.000000
24860,26551868879,1062495,0,0,1620,0,0.000000,16384,1440,62495,4,1.000000,0.000000
24861,26552951461,1082582,0,0,1479,0,0.000000,16384,1320,82582,4,1.000000,0.000000
24862,26554017071,1065610,0,0,1500,0,0.000000,16384,1327,65610,4,1.000000,0.000000
24863,26555078141,1061070,0,0,1559,0,0.000000,16384,1401,61070,4,1.000000,0.000000
24864,26556134803,1056662,0,0,1554,0,0.000000,16384,1376,56662,4,1.000000,0.000000
24865,26557192965,1058162,0,0,1607,0,0.000000,16384,1434,58162,4,1.000000,0.000000
24866,26558251514,1058549,0,0,1691,0,0.000000,16384,1524,58549,4,1.000000,0.000000
24867,26559309529,1058015,0,0,1703,0,0.000000,16384,1482,58015,4,1.000000,0.000000
24868,26560370398,1060869,0,0,1632,0,0.000000,16384,1483,60869,4,1.000000,0.000000
24869,26561430655,1060257,0,0,1642,0,0.000000,16384,1454,60257,4,1.000000,0.000000
24870,26562493172,1062517,0,0,1565,0,0.000000,16384,1392,62517,4,1.000000,0.000000
24871,26563575818,1082646,0,0,1681,0,0.000000,16384,1516,82646,4,1.000000,0.000000
24872,26564641909,1066091,0,0,1468,0,0.000000,16384,1284,66091,4,1.000000,0.000000
24873,26565681254,1039345,0,0,1450,0,0.000000,16384,1301,39345,4,1.000000,0.000000
24874,26566742873,1061619,0,0,1556,0,0.000000,16384,1385,61619,4,1.000000,0.000000
24875,26567801553,1058680,0,0,1568,0,0.000000,16384,1400,58680,4,1.000000,0.000000
24876,26568858117,1056564,0,0,1655,0,0.000000,16384,1458,56564,4,1.000000,0.000000
24877,26569916692,1058575,0,0,1665,0,0.000000,16384,1520,58575,4,1.000000,0.000000
24878,26570975489,1058797,0,0,1660,0,0.000000,16384,1446,58797,4,1.000000,0.000000
24879,26572033342,1057853,0,0,1663,0,0.000000,16384,1493,57853,4,1.000000,0.000000
24880,26573096218,1062876,0,0,1587,0,0.000000,16384,1417,62876,4,1.000000,0.000000
24881,26574194059,1097841,0,0,1571,0,0.000000,16384,1390,97841,4,1.000000,0.000000
24882,26575255166,1061107,0,0,1556,0,0.000000,16384,1401,61107,4,1.000000,0.000000
24883,26576316326,1061160,0,0,1455,0,0.000000,16384,1289,61160,4,1.000000,0.000000
24884,26577377120,1060794,0,0,1608,0,0.000000,16384,1438,60794,4,1.000000,0.000000
24885,26578437916,1060796,0,0,1591,0,0.000000,16384,1402,60796,4,1.000000,0.000000
24886,26579497783,1059867,0,0,1662,0,0.000000,16384,1515,59867,4,1.000000,0.000000
24887,26580555415,1057632,0,0,1661,0,0.000000,16384,1441,57632,4,1.000000,0.000000
24888,26581611691,1056276,0,0,1663,0,0.000000,16384,1501,56276,4,1.000000,0.000000
24889,26582674311,1062620,0,0,1667,0,0.000000,16384,1489,62620,4,1.000000,0.000000
24890,26583733335,1059024,0,0,1583,0,0.000000,16384,1392,59024,4,1.000000,0.000000
24891,26584814471,1081136,0,0,1694,0,0.000000,16384,1542,81136,4,1.000000,0.000000
24892,26585871717,1057246,0,0,1652,0,0.000000,16384,1438,57246,4,1.000000,0.000000
24893,26586928406,1056689,0,0,1656,0,0.000000,16384,1489,56689,4,1.000000,0.000000
24894,26587984440,1056034,0,0,1656,0,0.000000,16384,1484,56034,4,1.000000,0.000000
24895,26589041575,1057135,0,0,1662,0,0.000000,16384,1451,57135,4,1.000000,0.000000
24896,26590098103,1056528,0,0,1812,0,0.000000,16384,1637,56528,4,1.000000,0.000000
24897,26591153664,1055561,0,0,1813,0,0.000000,16384,1639,55561,4,1.000000,0.000000
24898,26592210809,1057145,0,0,1821,0,0.000000,16384,1597,57145,4,1.000000,0.000000
24899,26593268366,1057557,0,0,1783,0,0.000000,16384,1565,57557,4,1.000000,0.000000
24900,26594326814,1058448,0,0,1676,0,0.000000,16384,1529,58448,4,1.000000,0.000000
24901,26595394936,1068122,0,0,1750,0,0.000000,16384,1555,68122,4,1.000000,0.000000
24902,26596452441,1057505,0,0,1808,0,0.000000,16384,1588,57505,4,1.000000,0.000000
24903,26597510890,1058449,0,0,1700,0,0.000000,16384,1531,58449,4,1.000000,0.000000
24904,26598570379,1059489,0,0,1736,0,0.000000,16384,1565,59489,4,1.000000,0.000000
24905,26599628827,1058448,0,0,1814,0,0.000000,16384,1594,58448,4,1.000000,0.000000
24906,26600670754,1041927,0,0,1798,0,0.000000,16384,1588,41927,4,1.000000,0.000000
24907,26601728701,1057947,0,0,1773,0,0.000000,16384,1605,57947,4,1.000000,0.000000
24908,26602794041,1065340,0,0,1407,0,0.000000,16384,1225,65340,4,1.000000,0.000000
24909,26603862036,1067995,0,0,1566,0,0.000000,16384,1434,67995,4,1.000000,0.000000
24910,26604925677,1063641,0,0,1555,0,0.000000,16384,1351,63641,4,1.000000,0.000000
24911,26606002677,1077000,0,0,1661,0,0.000000,16384,1503,77000,4,1.000000,0.000000
24912,26607058917,1056240,0,0,1807,0,0.000000,16384,1625,56240,4,1.000000,0.000000
24913,26608117610,1058693,0,0,1814,0,0.000000,16384,1594,58693,4,1.000000,0.000000
24914,26609174970,1057360,0,0,1819,0,0.000000,16384,1601,57360,4,1.000000,0.000000
24915,26610237745,1062775,0,0,1780,0,0.000000,16384,1611,62775,4,1.000000,0.000000
24916,26611299335,1061590,0,0,1597,0,0.000000,16384,1420,61590,4,1.000000,0.000000
24917,26612357841,1058506,0,0,1668,0,0.000000,16384,1472,58506,4,1.000000,0.000000
24918,26613445186,1087345,0,0,1814,0,0.000000,16384,1639,87345,4,1.000000,0.000000
24919,26614539660,1094474,0,0,1849,0,0.000000,16384,1660,94474,4,1.000000,0.000000
24920,26615631294,1091634,0,0,1819,0,0.000000,16384,1599,91634,4,1.000000,0.000000
24921,26616712309,1081015,0,0,1829,0,0.000000,16384,1605,81015,4,1.000000,0.000000
24922,26617782086,1069777,0,0,1775,0,0.000000,16384,1608,69777,4,1.000000,0.000000
24923,26618847335,1065249,0,0,1766,0,0.000000,16384,1593,65249,4,1.000000,0.000000
24924,26619910474,1063139,0,0,1789,0,0.000000,16384,1569,63139,4,1.000000,0.000000
24925,26620974382,1063908,0,0,1784,0,0.000000,16384,1578,63908,4,1.000000,0.000000
24926,26622035184,1060802,0,0,1665,0,0.000000,16384,1519,60802,4,1.000000,0.000000
24927,26623093915,1058731,0,0,1623,0,0.000000,16384,1415,58731,4,1.000000,0.000000
24928,26624153446,1059531,0,0,1575,0,0.000000,16384,1425,59531,4,1.000000,0.000000
24929,26625210761,1057315,0,0,1659,0,0.000000,16384,1469,57315,4,1.000000,0.000000
24930,26626266996,1056235,0,0,1662,0,0.000000,16384,1468,56235,4,1.000000,0.000000
24931,26627380937,1113941,0,0,1839,0,0.000000,16384,1659,113941,4,1.000000,0.000000
24932,26628471775,1090838,0,0,1827,0,0.000000,16384,1641,90838,4,1.000000,0.000000
24933,26629565141,1093366,0,0,1844,0,0.000000,16384,1624,93366,4,1.000000,0.000000
24934,26630653479,1088338,0,0,1959,0,0.000000,16384,1735,88338,4,1.000000,0.000000
24935,26631700731,1047252,0,0,1905,0,0.000000,16384,1681,47252,4,1.000000,0.000000
24936,26632762686,1061955,0,0,1918,0,0.000000,16384,1724,61955,4,1.000000,0.000000
24937,26633824861,1062175,0,0,1921,0,0.000000,16384,1724,62175,4,1.000000,0.000000
24938,26634887299,1062438,0,0,1907,0,0.000000,16384,1712,62438,4,1.000000,0.000000
24939,26635949685,1062386,0,0,1910,0,0.000000,16384,1708,62386,4,1.000000,0.000000
24940,26637009054,1059369,0,0,1816,0,0.000000,16384,1596,59369,4,1.000000,0.000000
24941,26638076788,1067734,0,0,1641,0,0.000000,16384,1458,67734,4,1.000000,0.000000
24942,26639134753,1057965,0,0,1814,0,0.000000,16384,1638,57965,4,1.000000,0.000000
24943,26640191201,1056448,0,0,1823,0,0.000000,16384,1618,56448,4,1.000000,0.000000
24944,26641247697,1056496,0,0,1822,0,0.000000,16384,1602,56496,4,1.000000,0.000000
24945,26642304129,1056432,0,0,1823,0,0.000000,16384,1623,56432,4,1.000000,0.000000
24946,26643391095,1086966,0,0,1933,0,0.000000,16384,1733,86966,4,1.000000,0.000000
24947,26644478904,1087809,0,0,1953,0,0.000000,16384,1749,87809,4,1.000000,0.000000
24948,26645568534,1089630,0,0,1920,0,0.000000,16384,1724,89630,4,1.000000,0.000000
24949,26646656653,1088119,0,0,1970,0,0.000000,16384,1758,88119,4,1.000000,0.000000
24950,26647715249,1058596,0,0,1894,0,0.000000,16384,1669,58596,4,1.000000,0.000000
24951,26648789357,1074108,0,0,1927,0,0.000000,16384,1707,74108,4,1.000000,0.000000
24952,26649881134,1091777,0,0,1965,0,0.000000,16384,1742,91777,4,1.000000,0.000000
24953,26650944190,1063056,0,0,1878,0,0.000000,16384,1673,63056,4,1.000000,0.000000
24954,26652007057,1062867,0,0,1894,0,0.000000,16384,1703,62867,4,1.000000,0.000000
24955,26653069436,1062379,0,0,1894,0,0.000000,16384,1703,62379,4,1.000000,0.000000
24956,26654131926,1062490,0,0,1891,0,0.000000,16384,1690,62490,4,1.000000,0.000000
24957,26655191244,1059318,0,0,1813,0,0.000000,16384,1593,59318,4,1.000000,0.000000
24958,26656247969,1056725,0,0,1825,0,0.000000,16384,1608,56725,4,1.000000,0.000000
24959,26657304143,1056174,0,0,1822,0,0.000000,16384,1645,56174,4,1.000000,0.000000
24960,26658395514,1091371,0,0,1893,0,0.000000,16384,1701,91371,4,1.000000,0.000000
24961,26659492893,1097379,0,0,1973,0,0.000000,16384,1766,97379,4,1.000000,0.000000
24962,26660581195,1088302,0,0,1969,0,0.000000,16384,1750,88302,4,1.000000,0.000000
24963,26661672731,1091536,0,0,1963,0,0.000000,16384,1739,91536,4,1.000000,0.000000
24964,26662709608,1036877,0,0,1876,0,0.000000,16384,1656,36877,4,1.000000,0.000000
24965,26663772667,1063059,0,0,1870,0,0.000000,16384,1652,63059,4,1.000000,0.000000
24966,26664834472,1061805,0,0,1922,0,0.000000,16384,1725,61805,4,1.000000,0.000000
24967,26665896662,1062190,0,0,1917,0,0.000000,16384,1721,62190,4,1.000000,0.000000
24968,26666959235,1062573,0,0,1871,0,0.000000,16384,1684,62573,4,1.000000,0.000000
24969,26668018524,1059289,0,0,1816,0,0.000000,16384,1602,59289,4,1.000000,0.000000
24970,26669075411,1056887,0,0,1826,0,0.000000,16384,1606,56887,4,1.000000,0.000000
24971,26670171424,1096013,0,0,1991,0,0.000000,16384,1767,96013,4,1.000000,0.000000
24972,26671230411,1058987,0,0,1831,0,0.000000,16384,1651,58987,4,1.000000,0.000000
24973,26672287131,1056720,0,0,1825,0,0.000000,16384,1648,56720,4,1.000000,0.000000
24974,26673378731,1091600,0,0,1952,0,0.000000,16384,1744,91600,4,1.000000,0.000000
24975,26674471982,1093251,0,0,1882,0,0.000000,16384,1658,93251,4,1.000000,0.000000
24976,26675535662,1063680,0,0,1718,0,0.000000,16384,1507,63680,4,1.000000,0.000000
24977,26676625973,1090311,0,0,1897,0,0.000000,16384,1705,90311,4,1.000000,0.000000
24978,26677708462,1082489,0,0,1954,0,0.000000,16384,1750,82489,4,1.000000,0.000000
24979,26678772079,1063617,0,0,1856,0,0.000000,16384,1672,63617,4,1.000000,0.000000
24980,26679835325,1063246,0,0,1925,0,0.000000,16384,1709,63246,4,1.000000,0.000000
24981,26680917971,1082646,0,0,1936,0,0.000000,16384,1712,82646,4,1.000000,0.000000
24982,26681982452,1064481,0,0,1909,0,0.000000,16384,1689,64481,4,1.000000,0.000000
24983,26683043532,1061080,0,0,1816,0,0.000000,16384,1614,61080,4,1.000000,0.000000
24984,26684076403,1032871,0,0,1666,0,0.000000,16384,1520,32871,4,1.000000,0.000000
24985,26685140396,1063993,0,0,1665,0,0.000000,16384,1453,63993,4,1.000000,0.000000
24986,26686199764,1059368,0,0,1669,0,0.000000,16384,1495,59368,4,1.000000,0.000000
24987,26687257657,1057893,0,0,1668,0,0.000000,16384,1502,57893,4,1.000000,0.000000
24988,26688314621,1056964,0,0,1660,0,0.000000,16384,1440,56964,4,1.000000,0.000000
24989,26689407693,1093072,0,0,1787,0,0.000000,16384,1618,93072,4,1.000000,0.000000
24990,26690495241,1087548,0,0,1955,0,0.000000,16384,1752,87548,4,1.000000,0.000000
24991,26691593830,1098589,0,0,1981,0,0.000000,16384,1772,98589,4,1.000000,0.000000
24992,26692682624,1088794,0,0,1981,0,0.000000,16384,1773,88794,4,1.000000,0.000000
24993,26693704236,1021612,0,0,1861,0,0.000000,16384,1638,21612,4,1.000000,0.000000
24994,26694764685,1060449,0,0,1928,0,0.000000,16384,1708,60449,4,1.000000,0.000000
24995,26695827489,1062804,0,0,1891,0,0.000000,16384,1667,62804,4,1.000000,0.000000
24996,26696890074,1062585,0,0,1918,0,0.000000,16384,1718,62585,4,1.000000,0.000000
24997,26697953224,1063150,0,0,1900,0,0.000000,16384,1708,63150,4,1.000000,0.000000
24998,26699016818,1063594,0,0,1771,0,0.000000,16384,1599,63594,4,1.000000,0.000000
24999,26700076536,1059718,0,0,1831,0,0.000000,16384,1611,59718,4,1.000000,0.000000
25000,26701133819,1057283,0,0,1827,0,0.000000,16384,1603,57283,4,1.000000,0.000000
25001,26702199134,1065315,0,0,1840,0,0.000000,16384,1657,65315,4,1.000000,0.000000
25002,26703255711,1056577,0,0,1806,0,0.000000,16384,1633,56577,4,1.000000,0.000000
25003,26704312221,1056510,0,0,1825,0,0.000000,16384,1617,56510,4,1.000000,0.000000
25004,26705398827,1086606,0,0,1948,0,0.000000,16384,1728,86606,4,1.000000,0.000000
25005,26706487439,1088612,0,0,1960,0,0.000000,16384,1736,88612,4,1.000000,0.000000
25006,26707579684,1092245,0,0,1975,0,0.000000,16384,1751,92245,4,1.000000,0.000000
25007,26708672873,1093189,0,0,1968,0,0.000000,16384,1751,93189,4,1.000000,0.000000
25008,26709703343,1030470,0,0,1870,0,0.000000,16384,1683,30470,4,1.000000,0.000000
25009,26710764806,1061463,0,0,1785,0,0.000000,16384,1615,61463,4,1.000000,0.000000
25010,26711828674,1063868,0,0,1791,0,0.000000,16384,1577,63868,4,1.000000,0.000000
25011,26712901297,1072623,0,0,1897,0,0.000000,16384,1783,72623,4,1.000000,0.000000
25012,26713961145,1059848,0,0,1832,0,0.000000,16384,1824,59848,4,1.000000,0.000000
25013,26715018621,1057476,0,0,1784,0,0.000000,16384,1780,57476,4,1.000000,0.000000
25014,26716076085,1057464,0,0,1650,0,0.000000,16384,1482,57464,4,1.000000,0.000000
25015,26717137290,1061205,0,0,1807,0,0.000000,16384,1635,61205,4,1.000000,0.000000
25016,26718199912,1062622,0,0,1697,0,0.000000,16384,1476,62622,4,1.000000,0.000000
25017,26719260104,1060192,0,0,1698,0,0.000000,16384,1519,60192,4,1.000000,0.000000
25018,26720317796,1057692,0,0,1819,0,0.000000,16384,1642,57692,4,1.000000,0.000000
25019,26721374879,1057083,0,0,1826,0,0.000000,16384,1619,57083,4,1.000000,0.000000
25020,26722430391,1055512,0,0,1823,0,0.000000,16384,1602,55512,4,1.000000,0.000000
25021,26723496474,1066083,0,0,1839,0,0.000000,16384,1638,66083,4,1.000000,0.000000
25022,26724552687,1056213,0,0,1824,0,0.000000,16384,1646,56213,4,1.000000,0.000000
25023,26725608639,1055952,0,0,1814,0,0.000000,16384,1630,55952,4,1.000000,0.000000
25024,26726664399,1055760,0,0,1824,0,0.000000,16384,1604,55760,4,1.000000,0.000000
25025,26727723721,1059322,0,0,1806,0,0.000000,16384,1589,59322,4,1.000000,0.000000
25026,26728782632,1058911,0,0,1809,0,0.000000,16384,1635,58911,4,1.000000,0.000000
25027,26729839205,1056573,0,0,1818,0,0.000000,16384,1643,56573,4,1.000000,0.000000
25028,26730896785,1057580,0,0,1799,0,0.000000,16384,1577,57580,4,1.000000,0.000000
25029,26731953419,1056634,0,0,1824,0,0.000000,16384,1604,56634,4,1.000000,0.000000
25030,26733009179,1055760,0,0,1815,0,0.000000,16384,1636,55760,4,1.000000,0.000000
25031,26734081786,1072607,0,0,1854,0,0.000000,16384,1670,72607,4,1.000000,0.000000
25032,26735137887,1056101,0,0,1819,0,0.000000,16384,1618,56101,4,1.000000,0.000000
25033,26736193722,1055835,0,0,1822,0,0.000000,16384,1602,55835,4,1.000000,0.000000
25034,26737249586,1055864,0,0,1826,0,0.000000,16384,1622,55864,4,1.000000,0.000000
25035,26738341227,1091641,0,0,1822,0,0.000000,16384,1645,91641,4,1.000000,0.000000
25036,26739403223,1061996,0,0,1562,0,0.000000,16384,1383,61996,4,1.000000,0.000000
25037,26740465618,1062395,0,0,1564,0,0.000000,16384,1397,62395,4,1.000000,0.000000
25038,26741557142,1091524,0,0,1798,0,0.000000,16384,1624,91524,4,1.000000,0.000000
25039,26742654003,1096861,0,0,1829,0,0.000000,16384,1605,96861,4,1.000000,0.000000
25040,26743709992,1055989,0,0,1790,0,0.000000,16384,1573,55989,4,1.000000,0.000000
25041,26744785574,1075582,0,0,1818,0,0.000000,16384,1642,75582,4,1.000000,0.000000
25042,26745847485,1061911,0,0,1574,0,0.000000,16384,1408,61911,4,1.000000,0.000000
25043,26746910117,1062632,0,0,1792,0,0.000000,16384,1572,62632,4,1.000000,0.000000
25044,26747970213,1060096,0,0,1664,0,0.000000,16384,1512,60096,4,1.000000,0.000000
25045,26749027918,1057705,0,0,1664,0,0.000000,16384,1476,57705,4,1.000000,0.000000
25046,26750089550,1061632,0,0,1760,0,0.000000,16384,1544,61632,4,1.000000,0.000000
25047,26751150721,1061171,0,0,1750,0,0.000000,16384,1588,61171,4,1.000000,0.000000
25048,26752220622,1069901,0,0,1487,0,0.000000,16384,1309,69901,4,1.000000,0.000000
25049,26753285625,1065003,0,0,1548,0,0.000000,16384,1399,65003,4,1.000000,0.000000
25050,26754343928,1058303,0,0,1595,0,0.000000,16384,1408,58303,4,1.000000,0.000000
25051,26755417975,1074047,0,0,1673,0,0.000000,16384,1488,74047,4,1.000000,0.000000
25052,26756478052,1060077,0,0,1650,0,0.000000,16384,1495,60077,4,1.000000,0.000000
25053,26757537502,1059450,0,0,1660,0,0.000000,16384,1440,59450,4,1.000000,0.000000
25054,26758598841,1061339,0,0,1578,0,0.000000,16384,1443,61339,4,1.000000,0.000000
25055,26759658403,1059562,0,0,1666,0,0.000000,16384,1465,59562,4,1.000000,0.000000
25056,26760672711,1014308,0,0,1584,0,0.000000,16384,1416,14308,4,1.000000,0.000000
25057,26761734534,1061823,0,0,1611,0,0.000000,16384,1439,61823,4,1.000000,0.000000
25058,26762795570,1061036,0,0,1652,0,0.000000,16384,1452,61036,4,1.000000,0.000000
25059,26763854322,1058752,0,0,1660,0,0.000000,16384,1515,58752,4,1.000000,0.000000
25060,26764912397,1058075,0,0,1649,0,0.000000,16384,1438,58075,4,1.000000,0.000000
25061,26765981838,1069441,0,0,1677,0,0.000000,16384,1504,69441,4,1.000000,0.000000
25062,26767043012,1061174,0,0,1607,0,0.000000,16384,1440,61174,4,1.000000,0.000000
25063,26768103755,1060743,0,0,1799,0,0.000000,16384,1579,60743,4,1.000000,0.000000
25064,26769160988,1057233,0,0,1827,0,0.000000,16384,1635,57233,4,1.000000,0.000000
25065,26770217980,1056992,0,0,1827,0,0.000000,16384,1648,56992,4,1.000000,0.000000
25066,26771274668,1056688,0,0,1827,0,0.000000,16384,1634,56688,4,1.000000,0.000000
25067,26772332224,1057556,0,0,1825,0,0.000000,16384,1605,57556,4,1.000000,0.000000
25068,26773389170,1056946,0,0,1824,0,0.000000,16384,1611,56946,4,1.000000,0.000000
25069,26774450699,1061529,0,0,1826,0,0.000000,16384,1648,61529,4,1.000000,0.000000
25070,26775513734,1063035,0,0,1579,0,0.000000,16384,1406,63035,4,1.000000,0.000000
25071,26776586453,1072719,0,0,1703,0,0.000000,16384,1500,72719,4,1.000000,0.000000
25072,26777644910,1058457,0,0,1667,0,0.000000,16384,1520,58457,4,1.000000,0.000000
25073,26778679350,1034440,0,0,1555,0,0.000000,16384,1349,34440,4,1.000000,0.000000
25074,26779741844,1062494,0,0,1653,0,0.000000,16384,1499,62494,4,1.000000,0.000000
25075,26780799724,1057880,0,0,1674,0,0.000000,16384,1487,57880,4,1.000000,0.000000
25076,26781856913,1057189,0,0,1815,0,0.000000,16384,1596,57189,4,1.000000,0.000000
25077,26782914267,1057354,0,0,1828,0,0.000000,16384,1639,57354,4,1.000000,0.000000
25078,26783971435,1057168,0,0,1829,0,0.000000,16384,1650,57168,4,1.000000,0.000000
25079,26785027719,1056284,0,0,1822,0,0.000000,16384,1625,56284,4,1.000000,0.000000
25080,26786083249,1055530,0,0,1822,0,0.000000,16384,1603,55530,4,1.000000,0.000000
25081,26787162042,1078793,0,0,1860,0,0.000000,16384,1643,78793,4,1.000000,0.000000
25082,26788218415,1056373,0,0,1827,0,0.000000,16384,1649,56373,4,1.000000,0.000000
25083,26789275730,1057315,0,0,1824,0,0.000000,16384,1647,57315,4,1.000000,0.000000
25084,26790332375,1056645,0,0,1826,0,0.000000,16384,1610,56645,4,1.000000,0.000000
25085,26791388679,1056304,0,0,1825,0,0.000000,16384,1605,56304,4,1.000000,0.000000
25086,26792444298,1055619,0,0,1826,0,0.000000,16384,1634,55619,4,1.000000,0.000000
25087,26793500776,1056478,0,0,1767,0,0.000000,16384,1601,56478,4,1.000000,0.000000
25088,26794558886,1058110,0,0,1644,0,0.000000,16384,1442,58110,4,1.000000,0.000000
25089,26795618147,1059261,0,0,1677,0,0.000000,16384,1496,59261,4,1.000000,0.000000
25090,26796673462,1055315,0,0,1816,0,0.000000,16384,1640,55315,4,1.000000,0.000000
25091,26797737233,1063771,0,0,1840,0,0.000000,16384,1633,63771,4,1.000000,0.000000
25092,26798776724,1039491,0,0,1710,0,0.000000,16384,1490,39491,4,1.000000,0.000000
25093,26799838372,1061648,0,0,1670,0,0.000000,16384,1520,61648,4,1.000000,0.000000
25094,26800896592,1058220,0,0,1667,0,0.000000,16384,1477,58220,4,1.000000,0.000000
25095,26801953535,1056943,0,0,1663,0,0.000000,16384,1468,56943,4,1.000000,0.000000
25096,26803015143,1061608,0,0,1779,0,0.000000,16384,1611,61608,4,1.000000,0.000000
25097,26804078786,1063643,0,0,1771,0,0.000000,16384,1574,63643,4,1.000000,0.000000
25098,26805138307,1059521,0,0,1666,0,0.000000,16384,1456,59521,4,1.000000,0.000000
25099,26806197521,1059214,0,0,1661,0,0.000000,16384,1516,59214,4,1.000000,0.000000
25100,26807254654,1057133,0,0,1806,0,0.000000,16384,1601,57133,4,1.000000,0.000000
25101,26808321661,1067007,0,0,1832,0,0.000000,16384,1611,67007,4,1.000000,0.000000
25102,26809410214,1088553,0,0,1895,0,0.000000,16384,1683,88553,4,1.000000,0.000000
25103,26810471905,1061691,0,0,1753,0,0.000000,16384,1589,61691,4,1.000000,0.000000
25104,26811529818,1057913,0,0,1666,0,0.000000,16384,1479,57913,4,1.000000,0.000000
25105,26812617789,1087971,0,0,1945,0,0.000000,16384,1724,87971,4,1.000000,0.000000
25106,26813700935,1083146,0,0,1965,0,0.000000,16384,1742,83146,4,1.000000,0.000000
25107,26814763293,1062358,0,0,1928,0,0.000000,16384,1714,62358,4,1.000000,0.000000
25108,26815825983,1062690,0,0,1865,0,0.000000,16384,1679,62690,4,1.000000,0.000000
25109,26816889293,1063310,0,0,1898,0,0.000000,16384,1705,63310,4,1.000000,0.000000
25110,26817951040,1061747,0,0,1883,0,0.000000,16384,1688,61747,4,1.000000,0.000000
25111,26819021752,1070712,0,0,1731,0,0.000000,16384,1511,70712,4,1.000000,0.000000
25112,26820081759,1060007,0,0,1659,0,0.000000,16384,1488,60007,4,1.000000,0.000000
25113,26821139633,1057874,0,0,1661,0,0.000000,16384,1492,57874,4,1.000000,0.000000
25114,26822196839,1057206,0,0,1740,0,0.000000,16384,1520,57206,4,1.000000,0.000000
25115,26823253498,1056659,0,0,1692,0,0.000000,16384,1530,56659,4,1.000000,0.000000
25116,26824309104,1055606,0,0,1750,0,0.000000,16384,1572,55606,4,1.000000,0.000000
25117,26825365869,1056765,0,0,1825,0,0.000000,16384,1605,56765,4,1.000000,0.000000
25118,26826422029,1056160,0,0,1826,0,0.000000,16384,1612,56160,4,1.000000,0.000000
25119,26827478032,1056003,0,0,1827,0,0.000000,16384,1649,56003,4,1.000000,0.000000
25120,26828533807,1055775,0,0,1826,0,0.000000,16384,1648,55775,4,1.000000,0.000000
25121,26829608749,1074942,0,0,1772,0,0.000000,16384,1557,74942,4,1.000000,0.000000
25122,26830670449,1061700,0,0,1658,0,0.000000,16384,1467,61700,4,1.000000,0.000000
25123,26831728623,1058174,0,0,1772,0,0.000000,16384,1605,58174,4,1.000000,0.000000
25124,26832785929,1057306,0,0,1608,0,0.000000,16384,1407,57306,4,1.000000,0.000000
25125,26833842283,1056354,0,0,1683,0,0.000000,16384,1507,56354,4,1.000000,0.000000
25126,26834898361,1056078,0,0,1824,0,0.000000,16384,1646,56078,4,1.000000,0.000000
25127,26835954334,1055973,0,0,1826,0,0.000000,16384,1616,55973,4,1.000000,0.000000
25128,26837009890,1055556,0,0,1824,0,0.000000,16384,1604,55556,4,1.000000,0.000000
25129,26838065661,1055771,0,0,1816,0,0.000000,16384,1621,55771,4,1.000000,0.000000
25130,26839124548,1058887,0,0,1752,0,0.000000,16384,1589,58887,4,1.000000,0.000000
25131,26840189565,1065017,0,0,1818,0,0.000000,16384,1612,65017,4,1.000000,0.000000
25132,26841246224,1056659,0,0,1823,0,0.000000,16384,1603,56659,4,1.000000,0.000000
25133,26842302426,1056202,0,0,1825,0,0.000000,16384,1626,56202,4,1.000000,0.000000
25134,26843358556,1056130,0,0,1825,0,0.000000,16384,1647,56130,4,1.000000,0.000000
25135,26844414782,1056226,0,0,1822,0,0.000000,16384,1635,56226,4,1.000000,0.000000
25136,26845473377,1058595,0,0,1795,0,0.000000,16384,1574,58595,4,1.000000,0.000000
25137,26846529807,1056430,0,0,1793,0,0.000000,16384,1587,56430,4,1.000000,0.000000
25138,26847586061,1056254,0,0,1813,0,0.000000,16384,1638,56254,4,1.000000,0.000000
25139,26848642045,1055984,0,0,1811,0,0.000000,16384,1629,55984,4,1.000000,0.000000
25140,26849672142,1030097,0,0,1762,0,0.000000,16384,1542,30097,4,1.000000,0.000000
25141,26850732682,1060540,0,0,1829,0,0.000000,16384,1618,60540,4,1.000000,0.000000
25142,26851788934,1056252,0,0,1823,0,0.000000,16384,1646,56252,4,1.000000,0.000000
25143,26852844918,1055984,0,0,1804,0,0.000000,16384,1628,55984,4,1.000000,0.000000
25144,26853900836,1055918,0,0,1810,0,0.000000,16384,1590,55918,4,1.000000,0.000000
25145,26854956681,1055845,0,0,1811,0,0.000000,16384,1589,55845,4,1.000000,0.000000
25146,26856012026,1055345,0,0,1823,0,0.000000,16384,1646,55345,4,1.000000,0.000000
25147,26857067632,1055606,0,0,1826,0,0.000000,16384,1648,55606,4,1.000000,0.000000
25148,26858123598,1055966,0,0,1800,0,0.000000,16384,1589,55966,4,1.000000,0.000000
25149,26859181514,1057916,0,0,1775,0,0.000000,16384,1555,57916,4,1.000000,0.000000
25150,26860238327,1056813,0,0,1824,0,0.000000,16384,1644,56813,4,1.000000,0.000000
25151,26861299319,1060992,0,0,1834,0,0.000000,16384,1654,60992,4,1.000000,0.000000
25152,26862358468,1059149,0,0,1638,0,0.000000,16384,1438,59149,4,1.000000,0.000000
25153,26863416586,1058118,0,0,1818,0,0.000000,16384,1608,58118,4,1.000000,0.000000
25154,26864473698,1057112,0,0,1830,0,0.000000,16384,1651,57112,4,1.000000,0.000000
25155,26865530861,1057163,0,0,1830,0,0.000000,16384,1651,57163,4,1.000000,0.000000
25156,26866587981,1057120,0,0,1827,0,0.000000,16384,1607,57120,4,1.000000,0.000000
25157,26867645808,1057827,0,0,1770,0,0.000000,16384,1550,57827,4,1.000000,0.000000
25158,26868670305,1024497,0,0,1747,0,0.000000,16384,1586,24497,4,1.000000,0.000000
25159,26869726190,1055885,0,0,1829,0,0.000000,16384,1650,55885,4,1.000000,0.000000
25160,26870783371,1057181,0,0,1805,0,0.000000,16384,1585,57181,4,1.000000,0.000000
25161,26871847040,1063669,0,0,1718,0,0.000000,16384,1515,63669,4,1.000000,0.000000
25162,26872903149,1056109,0,0,1825,0,0.000000,16384,1646,56109,4,1.000000,0.000000
25163,26873958917,1055768,0,0,1824,0,0.000000,16384,1642,55768,4,1.000000,0.000000
25164,26875014572,1055655,0,0,1821,0,0.000000,16384,1600,55655,4,1.000000,0.000000
25165,26876074655,1060083,0,0,1652,0,0.000000,16384,1465,60083,4,1.000000,0.000000
25166,26877133959,1059304,0,0,1807,0,0.000000,16384,1632,59304,4,1.000000,0.000000
25167,26878192047,1058088,0,0,1735,0,0.000000,16384,1534,58088,4,1.000000,0.000000
25168,26879251117,1059070,0,0,1683,0,0.000000,16384,1482,59070,4,1.000000,0.000000
25169,26880308710,1057593,0,0,1814,0,0.000000,16384,1638,57593,4,1.000000,0.000000
25170,26881364179,1055469,0,0,1823,0,0.000000,16384,1640,55469,4,1.000000,0.000000
25171,26882439437,1075258,0,0,1853,0,0.000000,16384,1629,75258,4,1.000000,0.000000
25172,26883496065,1056628,0,0,1826,0,0.000000,16384,1606,56628,4,1.000000,0.000000
25173,26884552957,1056892,0,0,1805,0,0.000000,16384,1625,56892,4,1.000000,0.000000
25174,26885609644,1056687,0,0,1817,0,0.000000,16384,1641,56687,4,1.000000,0.000000
25175,26886667676,1058032,0,0,1824,0,0.000000,16384,1616,58032,4,1.000000,0.000000
25176,26887724497,1056821,0,0,1818,0,0.000000,16384,1598,56821,4,1.000000,0.000000
25177,26888780463,1055966,0,0,1824,0,0.000000,16384,1627,55966,4,1.000000,0.000000
25178,26889836340,1055877,0,0,1763,0,0.000000,16384,1598,55877,4,1.000000,0.000000
25179,26890892230,1055890,0,0,1824,0,0.000000,16384,1622,55890,4,1.000000,0.000000
25180,26891948534,1056304,0,0,1732,0,0.000000,16384,1512,56304,4,1.000000,0.000000
25181,26893010276,1061742,0,0,1779,0,0.000000,16384,1601,61742,4,1.000000,0.000000
25182,26894065979,1055703,0,0,1821,0,0.000000,16384,1645,55703,4,1.000000,0.000000
25183,26895122399,1056420,0,0,1820,0,0.000000,16384,1610,56420,4,1.000000,0.000000
25184,26896178975,1056576,0,0,1719,0,0.000000,16384,1501,56576,4,1.000000,0.000000
25185,26897235247,1056272,0,0,1775,0,0.000000,16384,1608,56272,4,1.000000,0.000000
25186,26898290739,1055492,0,0,1826,0,0.000000,16384,1649,55492,4,1.000000,0.000000
25187,26899348246,1057507,0,0,1777,0,0.000000,16384,1559,57507,4,1.000000,0.000000
25188,26900405193,1056947,0,0,1827,0,0.000000,16384,1603,56947,4,1.000000,0.000000
25189,26901461693,1056500,0,0,1827,0,0.000000,16384,1650,56500,4,1.000000,0.000000
25190,26902520614,1058921,0,0,1808,0,0.000000,16384,1633,58921,4,1.000000,0.000000
25191,26903584608,1063994,0,0,1837,0,0.000000,16384,1625,63994,4,1.000000,0.000000
25192,26904641425,1056817,0,0,1797,0,0.000000,16384,1577,56817,4,1.000000,0.000000
25193,26905672943,1031518,0,0,1780,0,0.000000,16384,1598,31518,4,1.000000,0.000000
25194,26906728732,1055789,0,0,1825,0,0.000000,16384,1647,55789,4,1.000000,0.000000
25195,26907784573,1055841,0,0,1803,0,0.000000,16384,1599,55841,4,1.000000,0.000000
25196,26908841319,1056746,0,0,1807,0,0.000000,16384,1587,56746,4,1.000000,0.000000
25197,26909897029,1055710,0,0,1826,0,0.000000,16384,1631,55710,4,1.000000,0.000000
25198,26910955244,1058215,0,0,1702,0,0.000000,16384,1549,58215,4,1.000000,0.000000
25199,26912020052,1064808,0,0,1705,0,0.000000,16384,1493,64808,4,1.000000,0.000000
25200,26913081801,1061749,0,0,1594,0,0.000000,16384,1427,61749,4,1.000000,0.000000
25201,26914152033,1070232,0,0,1679,0,0.000000,16384,1506,70232,4,1.000000,0.000000
25202,26915209745,1057712,0,0,1661,0,0.000000,16384,1446,57712,4,1.000000,0.000000
25203,26916267101,1057356,0,0,1754,0,0.000000,16384,1591,57356,4,1.000000,0.000000
25204,26917324911,1057810,0,0,1784,0,0.000000,16384,1601,57810,4,1.000000,0.000000
25205,26918381871,1056960,0,0,1794,0,0.000000,16384,1574,56960,4,1.000000,0.000000
25206,26919439337,1057466,0,0,1769,0,0.000000,16384,1570,57466,4,1.000000,0.000000
25207,26920496604,1057267,0,0,1815,0,0.000000,16384,1640,57267,4,1.000000,0.000000
25208,26921553783,1057179,0,0,1819,0,0.000000,16384,1630,57179,4,1.000000,0.000000
25209,26922610184,1056401,0,0,1827,0,0.000000,16384,1607,56401,4,1.000000,0.000000
25210,26923669982,1059798,0,0,1776,0,0.000000,16384,1567,59798,4,1.000000,0.000000
25211,26924735303,1065321,0,0,1840,0,0.000000,16384,1660,65321,4,1.000000,0.000000
25212,26925791013,1055710,0,0,1820,0,0.000000,16384,1542,55710,4,1.000000,0.000000
25213,26926847291,1056278,0,0,1825,0,0.000000,16384,1647,56278,4,1.000000,0.000000
25214,26927903503,1056212,0,0,1814,0,0.000000,16384,1639,56212,4,1.000000,0.000000
25215,26928959367,1055864,0,0,1812,0,0.000000,16384,1596,55864,4,1.000000,0.000000
25216,26930015482,1056115,0,0,1775,0,0.000000,16384,1555,56115,4,1.000000,0.000000
25217,26931071255,1055773,0,0,1709,0,0.000000,16384,1554,55773,4,1.000000,0.000000
25218,26932126757,1055502,0,0,1807,0,0.000000,16384,1622,55502,4,1.000000,0.000000
25219,26933182353,1055596,0,0,1824,0,0.000000,16384,1604,55596,4,1.000000,0.000000
25220,26934237743,1055390,0,0,1823,0,0.000000,16384,1605,55390,4,1.000000,0.000000
25221,26935307192,1069449,0,0,1846,0,0.000000,16384,1664,69449,4,1.000000,0.000000
25222,26936363494,1056302,0,0,1728,0,0.000000,16384,1564,56302,4,1.000000,0.000000
25223,26937420061,1056567,0,0,1817,0,0.000000,16384,1597,56567,4,1.000000,0.000000
25224,26938475706,1055645,0,0,1822,0,0.000000,16384,1600,55645,4,1.000000,0.000000
25225,26939533137,1057431,0,0,1772,0,0.000000,16384,1605,57431,4,1.000000,0.000000
25226,26940591054,1057917,0,0,1823,0,0.000000,16384,1647,57917,4,1.000000,0.000000
25227,26941647241,1056187,0,0,1821,0,0.000000,16384,1598,56187,4,1.000000,0.000000
25228,26942670925,1023684,0,0,1762,0,0.000000,16384,1548,23684,4,1.000000,0.000000
25229,26943727302,1056377,0,0,1817,0,0.000000,16384,1641,56377,4,1.000000,0.000000
25230,26944783104,1055802,0,0,1813,0,0.000000,16384,1637,55802,4,1.000000,0.000000
25231,26945845083,1061979,0,0,1794,0,0.000000,16384,1575,61979,4,1.000000,0.000000
25232,26946901228,1056145,0,0,1822,0,0.000000,16384,1603,56145,4,1.000000,0.000000
25233,26947957566,1056338,0,0,1809,0,0.000000,16384,1630,56338,4,1.000000,0.000000
25234,26949013260,1055694,0,0,1823,0,0.000000,16384,1646,55694,4,1.000000,0.000000
25235,26950068924,1055664,0,0,1804,0,0.000000,16384,1596,55664,4,1.000000,0.000000
25236,26951125353,1056429,0,0,1764,0,0.000000,16384,1543,56429,4,1.000000,0.000000
25237,26952182136,1056783,0,0,1740,0,0.000000,16384,1575,56783,4,1.000000,0.000000
25238,26953238118,1055982,0,0,1789,0,0.000000,16384,1615,55982,4,1.000000,0.000000
25239,26954295135,1057017,0,0,1814,0,0.000000,16384,1594,57017,4,1.000000,0.000000
25240,26955351150,1056015,0,0,1822,0,0.000000,16384,1598,56015,4,1.000000,0.000000
25241,26956411969,1060819,0,0,1832,0,0.000000,16384,1654,60819,4,1.000000,0.000000
25242,26957467972,1056003,0,0,1816,0,0.000000,16384,1640,56003,4,1.000000,0.000000
25243,26958525034,1057062,0,0,1825,0,0.000000,16384,1615,57062,4,1.000000,0.000000
25244,26959583173,1058139,0,0,1783,0,0.000000,16384,1563,58139,4,1.000000,0.000000
25245,26960640218,1057045,0,0,1830,0,0.000000,16384,1641,57045,4,1.000000,0.000000
25246,26961670925,1030707,0,0,1780,0,0.000000,16384,1611,30707,4,1.000000,0.000000
25247,26962727632,1056707,0,0,1783,0,0.000000,16384,1577,56707,4,1.000000,0.000000
25248,26963786445,1058813,0,0,1817,0,0.000000,16384,1597,58813,4,1.000000,0.000000
25249,26964857316,1070871,0,0,1543,0,0.000000,16384,1408,70871,4,1.000000,0.000000
25250,26965928881,1071565,0,0,1475,0,0.000000,16384,1274,71565,4,1.000000,0.000000
25251,26967033850,1104969,0,0,1458,0,0.000000,16384,1342,104969,4,1.000000,0.000000
25252,26968113888,1080038,0,0,1401,0,0.000000,16384,1226,80038,4,1.000000,0.000000
25253,26969186588,1072700,0,0,1473,0,0.000000,16384,1316,72700,4,1.000000,0.000000
25254,26970253347,1066759,0,0,1476,0,0.000000,16384,1323,66759,4,1.000000,0.000000
25255,26971327430,1074083,0,0,1404,0,0.000000,16384,1220,74083,4,1.000000,0.000000
25256,26972399753,1072323,0,0,1470,0,0.000000,16384,1355,72323,4,1.000000,0.000000
25257,26973464114,1064361,0,0,1564,0,0.000000,16384,1351,64361,4,1.000000,0.000000
25258,26974523514,1059400,0,0,1564,0,0.000000,16384,1438,59400,4,1.000000,0.000000
25259,26975586991,1063477,0,0,1651,0,0.000000,16384,1434,63477,4,1.000000,0.000000
25260,26976677862,1090871,0,0,1606,0,0.000000,16384,1452,90871,4,1.000000,0.000000
25261,26977767846,1089984,0,0,1597,0,0.000000,16384,1415,89984,4,1.000000,0.000000
25262,26978830023,1062177,0,0,1555,0,0.000000,16384,1388,62177,4,1.000000,0.000000
25263,26979889175,1059152,0,0,1568,0,0.000000,16384,1395,59152,4,1.000000,0.000000
25264,26980947383,1058208,0,0,1668,0,0.000000,16384,1474,58208,4,1.000000,0.000000
25265,26982004984,1057601,0,0,1667,0,0.000000,16384,1522,57601,4,1.000000,0.000000
25266,26983061127,1056143,0,0,1661,0,0.000000,16384,1444,56143,4,1.000000,0.000000
25267,26984117760,1056633,0,0,1665,0,0.000000,16384,1497,56633,4,1.000000,0.000000
25268,26985174730,1056970,0,0,1665,0,0.000000,16384,1492,56970,4,1.000000,0.000000
25269,26986231183,1056453,0,0,1665,0,0.000000,16384,1453,56453,4,1.000000,0.000000
25270,26987287497,1056314,0,0,1664,0,0.000000,16384,1518,56314,4,1.000000,0.000000
25271,26988372444,1084947,0,0,1703,0,0.000000,16384,1502,84947,4,1.000000,0.000000
25272,26989429970,1057526,0,0,1743,0,0.000000,16384,1536,57526,4,1.000000,0.000000
25273,26990486089,1056119,0,0,1823,0,0.000000,16384,1645,56119,4,1.000000,0.000000
25274,26991542320,1056231,0,0,1816,0,0.000000,16384,1641,56231,4,1.000000,0.000000
25275,26992598390,1056070,0,0,1825,0,0.000000,16384,1601,56070,4,1.000000,0.000000
25276,26993654334,1055944,0,0,1818,0,0.000000,16384,1597,55944,4,1.000000,0.000000
25277,26994670706,1016372,0,0,1743,0,0.000000,16384,1578,16372,4,1.000000,0.000000
25278,26995728299,1057593,0,0,1614,0,0.000000,16384,1440,57593,4,1.000000,0.000000
25279,26996785744,1057445,0,0,1829,0,0.000000,16384,1608,57445,4,1.000000,0.000000
25280,26997842372,1056628,0,0,1827,0,0.000000,16384,1636,56628,4,1.000000,0.000000
25281,26998907696,1065324,0,0,1831,0,0.000000,16384,1652,65324,4,1.000000,0.000000
25282,26999966010,1058314,0,0,1770,0,0.000000,16384,1577,58314,4,1.000000,0.000000
25283,27001025919,1059909,0,0,1818,0,0.000000,16384,1598,59909,4,1.000000,0.000000
25284,27002082137,1056218,0,0,1814,0,0.000000,16384,1615,56218,4,1.000000,0.000000
25285,27003138590,1056453,0,0,1816,0,0.000000,16384,1640,56453,4,1.000000,0.000000
25286,27004194617,1056027,0,0,1824,0,0.000000,16384,1635,56027,4,1.000000,0.000000
25287,27005250594,1055977,0,0,1824,0,0.000000,16384,1604,55977,4,1.000000,0.000000
25288,27006306471,1055877,0,0,1825,0,0.000000,16384,1607,55877,4,1.000000,0.000000
25289,27007402613,1096142,0,0,1775,0,0.000000,16384,1607,96142,4,1.000000,0.000000
25290,27008463943,1061330,0,0,1640,0,0.000000,16384,1462,61330,4,1.000000,0.000000
25291,27009566469,1102526,0,0,1727,0,0.000000,16384,1513,102526,4,1.000000,0.000000
25292,27010631130,1064661,0,0,1627,0,0.000000,16384,1488,64661,4,1.000000,0.000000
25293,27011712971,1081841,0,0,1838,0,0.000000,16384,1631,81841,4,1.000000,0.000000
25294,27012802290,1089319,0,0,1611,0,0.000000,16384,1409,89319,4,1.000000,0.000000
25295,27013868655,1066365,0,0,1805,0,0.000000,16384,1632,66365,4,1.000000,0.000000
25296,27014931534,1062879,0,0,1781,0,0.000000,16384,1596,62879,4,1.000000,0.000000
25297,27015994156,1062622,0,0,1491,0,0.000000,16384,1302,62622,4,1.000000,0.000000
25298,27017057890,1063734,0,0,1571,0,0.000000,16384,1424,63734,4,1.000000,0.000000
25299,27018124342,1066452,0,0,1574,0,0.000000,16384,1373,66452,4,1.000000,0.000000
25300,27019189842,1065500,0,0,1567,0,0.000000,16384,1432,65500,4,1.000000,0.000000
25301,27020269628,1079786,0,0,1563,0,0.000000,16384,1353,79786,4,1.000000,0.000000
25302,27021328054,1058426,0,0,1623,0,0.000000,16384,1485,58426,4,1.000000,0.000000
25303,27022385743,1057689,0,0,1662,0,0.000000,16384,1453,57689,4,1.000000,0.000000
25304,27023444632,1058889,0,0,1657,0,0.000000,16384,1483,58889,4,1.000000,0.000000
25305,27024502052,1057420,0,0,1656,0,0.000000,16384,1491,57420,4,1.000000,0.000000
25306,27025559221,1057169,0,0,1664,0,0.000000,16384,1444,57169,4,1.000000,0.000000
25307,27026615728,1056507,0,0,1663,0,0.000000,16384,1520,56507,4,1.000000,0.000000
25308,27027670577,1054849,0,0,1646,0,0.000000,16384,1453,54849,4,1.000000,0.000000
25309,27028726894,1056317,0,0,1482,0,0.000000,16384,1330,56317,4,1.000000,0.000000
25310,27029783617,1056723,0,0,1667,0,0.000000,16384,1479,56723,4,1.000000,0.000000
25311,27030849487,1065870,0,0,1675,0,0.000000,16384,1475,65870,4,1.000000,0.000000
25312,27031906280,1056793,0,0,1664,0,0.000000,16384,1519,56793,4,1.000000,0.000000
25313,27032962901,1056621,0,0,1662,0,0.000000,16384,1451,56621,4,1.000000,0.000000
25314,27034018710,1055809,0,0,1786,0,0.000000,16384,1588,55809,4,1.000000,0.000000
25315,27035074742,1056032,0,0,1810,0,0.000000,16384,1635,56032,4,1.000000,0.000000
25316,27036132156,1057414,0,0,1795,0,0.000000,16384,1604,57414,4,1.000000,0.000000
25317,27037188271,1056115,0,0,1822,0,0.000000,16384,1602,56115,4,1.000000,0.000000
25318,27038243953,1055682,0,0,1826,0,0.000000,16384,1616,55682,4,1.000000,0.000000
25319,27039299427,1055474,0,0,1825,0,0.000000,16384,1648,55474,4,1.000000,0.000000
25320,27040356697,1057270,0,0,1705,0,0.000000,16384,1528,57270,4,1.000000,0.000000
25321,27041438887,1082190,0,0,1850,0,0.000000,16384,1630,82190,4,1.000000,0.000000
25322,27042500215,1061328,0,0,1835,0,0.000000,16384,1621,61328,4,1.000000,0.000000
25323,27043558344,1058129,0,0,1814,0,0.000000,16384,1639,58129,4,1.000000,0.000000
25324,27044628656,1070312,0,0,1789,0,0.000000,16384,1614,70312,4,1.000000,0.000000
25325,27045688978,1060322,0,0,1455,0,0.000000,16384,1262,60322,4,1.000000,0.000000
25326,27046754236,1065258,0,0,1639,0,0.000000,16384,1496,65258,4,1.000000,0.000000
25327,27047813026,1058790,0,0,1816,0,0.000000,16384,1596,58790,4,1.000000,0.000000
25328,27048870208,1057182,0,0,1823,0,0.000000,16384,1599,57182,4,1.000000,0.000000
25329,27049927619,1057411,0,0,1826,0,0.000000,16384,1647,57411,4,1.000000,0.000000
25330,27050985082,1057463,0,0,1828,0,0.000000,16384,1650,57463,4,1.000000,0.000000
25331,27052062883,1077801,0,0,1858,0,0.000000,16384,1651,77801,4,1.000000,0.000000
25332,27053118695,1055812,0,0,1823,0,0.000000,16384,1603,55812,4,1.000000,0.000000
25333,27054174786,1056091,0,0,1793,0,0.000000,16384,1593,56091,4,1.000000,0.000000
25334,27055231064,1056278,0,0,1797,0,0.000000,16384,1625,56278,4,1.000000,0.000000
25335,27056287171,1056107,0,0,1815,0,0.000000,16384,1623,56107,4,1.000000,0.000000
25336,27057347876,1060705,0,0,1831,0,0.000000,16384,1611,60705,4,1.000000,0.000000
25337,27058409192,1061316,0,0,1835,0,0.000000,16384,1619,61316,4,1.000000,0.000000
25338,27059465710,1056518,0,0,1828,0,0.000000,16384,1649,56518,4,1.000000,0.000000
25339,27060523808,1058098,0,0,1765,0,0.000000,16384,1596,58098,4,1.000000,0.000000
25340,27061581303,1057495,0,0,1826,0,0.000000,16384,1606,57495,4,1.000000,0.000000
25341,27062652287,1070984,0,0,1844,0,0.000000,16384,1619,70984,4,1.000000,0.000000
25342,27063673849,1021562,0,0,1747,0,0.000000,16384,1580,21562,4,1.000000,0.000000
25343,27064732866,1059017,0,0,1685,0,0.000000,16384,1513,59017,4,1.000000,0.000000
25344,27065790224,1057358,0,0,1790,0,0.000000,16384,1570,57358,4,1.000000,0.000000
25345,27067688398,1898174,0,0,2565,0,0.000000,16384,2311,898174,4,1.000000,0.000000
25346,27068760957,1072559,0,0,1467,0,0.000000,16384,1273,72559,4,1.000000,0.000000
25347,27069832279,1071322,0,0,1437,0,0.000000,16384,1320,71322,4,1.000000,0.000000
25348,27070897372,1065093,0,0,1524,0,0.000000,16384,1324,65093,4,1.000000,0.000000
25349,27071957260,1059888,0,0,1582,0,0.000000,16384,1447,59888,4,1.000000,0.000000
25350,27073015742,1058482,0,0,1657,0,0.000000,16384,1437,58482,4,1.000000,0.000000
25351,27074096878,1081136,0,0,1694,0,0.000000,16384,1530,81136,4,1.000000,0.000000
25352,27075154889,1058011,0,0,1666,0,0.000000,16384,1489,58011,4,1.000000,0.000000
25353,27076211913,1057024,0,0,1664,0,0.000000,16384,1456,57024,4,1.000000,0.000000
25354,27077274682,1062769,0,0,1586,0,0.000000,16384,1457,62769,4,1.000000,0.000000
25355,27078351266,1076584,0,0,1624,0,0.000000,16384,1405,76584,4,1.000000,0.000000
25356,27079411084,1059818,0,0,1538,0,0.000000,16384,1404,59818,4,1.000000,0.000000
25357,27080474469,1063385,0,0,1529,0,0.000000,16384,1328,63385,4,1.000000,0.000000
25358,27081534869,1060400,0,0,1559,0,0.000000,16384,1423,60400,4,1.000000,0.000000
25359,27082592673,1057804,0,0,1498,0,0.000000,16384,1298,57804,4,1.000000,0.000000
25360,27083651409,1058736,0,0,1665,0,0.000000,16384,1514,58736,4,1.000000,0.000000
25361,27084730497,1079088,0,0,1679,0,0.000000,16384,1490,79088,4,1.000000,0.000000
25362,27085789562,1059065,0,0,1668,0,0.000000,16384,1468,59065,4,1.000000,0.000000
25363,27086847166,1057604,0,0,1668,0,0.000000,16384,1521,57604,4,1.000000,0.000000
25364,27087904952,1057786,0,0,1667,0,0.000000,16384,1458,57786,4,1.000000,0.000000
25365,27088961625,1056673,0,0,1658,0,0.000000,16384,1483,56673,4,1.000000,0.000000
25366,27090019984,1058359,0,0,1630,0,0.000000,16384,1465,58359,4,1.000000,0.000000
25367,27091077242,1057258,0,0,1586,0,0.000000,16384,1389,57258,4,1.000000,0.000000
25368,27092133504,1056262,0,0,1666,0,0.000000,16384,1520,56262,4,1.000000,0.000000
25369,27093189738,1056234,0,0,1749,0,0.000000,16384,1536,56234,4,1.000000,0.000000
25370,27094245880,1056142,0,0,1824,0,0.000000,16384,1602,56142,4,1.000000,0.000000
25371,27095318864,1072984,0,0,1825,0,0.000000,16384,1648,72984,4,1.000000,0.000000
25372,27096380441,1061577,0,0,1605,0,0.000000,16384,1440,61577,4,1.000000,0.000000
25373,27097438478,1058037,0,0,1666,0,0.000000,16384,1458,58037,4,1.000000,0.000000
25374,27098494865,1056387,0,0,1665,0,0.000000,16384,1518,56387,4,1.000000,0.000000
25375,27099551417,1056552,0,0,1663,0,0.000000,16384,1462,56552,4,1.000000,0.000000
25376,27100610619,1059202,0,0,1623,0,0.000000,16384,1449,59202,4,1.000000,0.000000
25377,27101707942,1097323,0,0,1870,0,0.000000,16384,1683,97323,4,1.000000,0.000000
25378,27102771017,1063075,0,0,1910,0,0.000000,16384,1707,63075,4,1.000000,0.000000
25379,27103833086,1062069,0,0,1910,0,0.000000,16384,1685,62069,4,1.000000,0.000000
25380,27104892945,1059859,0,0,1824,0,0.000000,16384,1605,59859,4,1.000000,0.000000
25381,27105967377,1074432,0,0,1823,0,0.000000,16384,1632,74432,4,1.000000,0.000000
25382,27107028248,1060871,0,0,1903,0,0.000000,16384,1709,60871,4,1.000000,0.000000
25383,27108090643,1062395,0,0,1899,0,0.000000,16384,1707,62395,4,1.000000,0.000000
25384,27109149677,1059034,0,0,1829,0,0.000000,16384,1618,59034,4,1.000000,0.000000
25385,27110207567,1057890,0,0,1824,0,0.000000,16384,1604,57890,4,1.000000,0.000000
25386,27111265645,1058078,0,0,1761,0,0.000000,16384,1576,58078,4,1.000000,0.000000
25387,27112326494,1060849,0,0,1815,0,0.000000,16384,1640,60849,4,1.000000,0.000000
25388,27113387943,1061449,0,0,1780,0,0.000000,16384,1576,61449,4,1.000000,0.000000
25389,27114445669,1057726,0,0,1826,0,0.000000,16384,1606,57726,4,1.000000,0.000000
25390,27115502895,1057226,0,0,1816,0,0.000000,16384,1624,57226,4,1.000000,0.000000
25391,27116573019,1070124,0,0,1839,0,0.000000,16384,1658,70124,4,1.000000,0.000000
25392,27117634805,1061786,0,0,1655,0,0.000000,16384,1464,61786,4,1.000000,0.000000
25393,27118675750,1040945,0,0,1573,0,0.000000,16384,1399,40945,4,1.000000,0.000000
25394,27119734830,1059080,0,0,1660,0,0.000000,16384,1498,59080,4,1.000000,0.000000
25395,27120793129,1058299,0,0,1622,0,0.000000,16384,1409,58299,4,1.000000,0.000000
25396,27121851470,1058341,0,0,1820,0,0.000000,16384,1642,58341,4,1.000000,0.000000
25397,27122908640,1057170,0,0,1829,0,0.000000,16384,1651,57170,4,1.000000,0.000000
25398,27123964215,1055575,0,0,1824,0,0.000000,16384,1609,55575,4,1.000000,0.000000
25399,27125020299,1056084,0,0,1824,0,0.000000,16384,1604,56084,4,1.000000,0.000000
25400,27126076598,1056299,0,0,1828,0,0.000000,16384,1636,56299,4,1.000000,0.000000
25401,27127144834,1068236,0,0,1833,0,0.000000,16384,1654,68236,4,1.000000,0.000000
25402,27128201127,1056293,0,0,1813,0,0.000000,16384,1620,56293,4,1.000000,0.000000
25403,27129257395,1056268,0,0,1824,0,0.000000,16384,1604,56268,4,1.000000,0.000000
25404,27130312915,1055520,0,0,1823,0,0.000000,16384,1612,55520,4,1.000000,0.000000
25405,27131370034,1057119,0,0,1824,0,0.000000,16384,1646,57119,4,1.000000,0.000000
25406,27132427474,1057440,0,0,1827,0,0.000000,16384,1650,57440,4,1.000000,0.000000
25407,27133483587,1056113,0,0,1808,0,0.000000,16384,1586,56113,4,1.000000,0.000000
25408,27134539309,1055722,0,0,1826,0,0.000000,16384,1606,55722,4,1.000000,0.000000
25409,27135595186,1055877,0,0,1813,0,0.000000,16384,1633,55877,4,1.000000,0.000000
25410,27136650688,1055502,0,0,1813,0,0.000000,16384,1637,55502,4,1.000000,0.000000
25411,27137670766,1020078,0,0,1756,0,0.000000,16384,1548,20078,4,1.000000,0.000000
25412,27138727018,1056252,0,0,1822,0,0.000000,16384,1602,56252,4,1.000000,0.000000
25413,27139782824,1055806,0,0,1822,0,0.000000,16384,1638,55806,4,1.000000,0.000000
25414,27140842365,1059541,0,0,1670,0,0.000000,16384,1514,59541,4,1.000000,0.000000
25415,27141900300,1057935,0,0,1682,0,0.000000,16384,1568,57935,4,1.000000,0.000000
25416,27142956001,1055701,0,0,1825,0,0.000000,16384,1817,55701,4,1.000000,0.000000
25417,27144013212,1057211,0,0,1823,0,0.000000,16384,1819,57211,4,1.000000,0.000000
25418,27145071537,1058325,0,0,1753,0,0.000000,16384,1567,58325,4,1.000000,0.000000
25419,27146129889,1058352,0,0,1670,0,0.000000,16384,1516,58352,4,1.000000,0.000000
25420,27147186523,1056634,0,0,1812,0,0.000000,16384,1592,56634,4,1.000000,0.000000
25421,27148262408,1075885,0,0,1847,0,0.000000,16384,1623,75885,4,1.000000,0.000000
25422,27149318413,1056005,0,0,1825,0,0.000000,16384,1648,56005,4,1.000000,0.000000
25423,27150374847,1056434,0,0,1824,0,0.000000,16384,1646,56434,4,1.000000,0.000000
25424,27151431242,1056395,0,0,1805,0,0.000000,16384,1595,56395,4,1.000000,0.000000
25425,27152487139,1055897,0,0,1820,0,0.000000,16384,1601,55897,4,1.000000,0.000000
25426,27153542806,1055667,0,0,1823,0,0.000000,16384,1630,55667,4,1.000000,0.000000
25427,27154598506,1055700,0,0,1823,0,0.000000,16384,1646,55700,4,1.000000,0.000000
25428,27155654008,1055502,0,0,1821,0,0.000000,16384,1627,55502,4,1.000000,0.000000
25429,27156670421,1016413,0,0,1749,0,0.000000,16384,1529,16413,4,1.000000,0.000000
25430,27157727726,1057305,0,0,1810,0,0.000000,16384,1616,57305,4,1.000000,0.000000
25431,27158789168,1061442,0,0,1832,0,0.000000,16384,1653,61442,4,1.000000,0.000000
25432,27159845138,1055970,0,0,1823,0,0.000000,16384,1632,55970,4,1.000000,0.000000
25433,27160902877,1057739,0,0,1756,0,0.000000,16384,1536,57739,4,1.000000,0.000000
25434,27161959375,1056498,0,0,1824,0,0.000000,16384,1622,56498,4,1.000000,0.000000
25435,27163019759,1060384,0,0,1828,0,0.000000,16384,1650,60384,4,1.000000,0.000000
25436,27164080310,1060551,0,0,1833,0,0.000000,16384,1649,60551,4,1.000000,0.000000
25437,27165137302,1056992,0,0,1824,0,0.000000,16384,1604,56992,4,1.000000,0.000000
25438,27166194080,1056778,0,0,1825,0,0.000000,16384,1601,56778,4,1.000000,0.000000
25439,27167250199,1056119,0,0,1810,0,0.000000,16384,1635,56119,4,1.000000,0.000000
25440,27168309960,1059761,0,0,1816,0,0.000000,16384,1639,59761,4,1.000000,0.000000
25441,27169378709,1068749,0,0,1840,0,0.000000,16384,1628,68749,4,1.000000,0.000000
25442,27170437601,1058892,0,0,1811,0,0.000000,16384,1591,58892,4,1.000000,0.000000
25443,27171494590,1056989,0,0,1824,0,0.000000,16384,1630,56989,4,1.000000,0.000000
25444,27172550428,1055838,0,0,1827,0,0.000000,16384,1649,55838,4,1.000000,0.000000
25445,27173606232,1055804,0,0,1828,0,0.000000,16384,1635,55804,4,1.000000,0.000000
25446,27174661672,1055440,0,0,1822,0,0.000000,16384,1602,55440,4,1.000000,0.000000
25447,27175671038,1009366,0,0,1739,0,0.000000,16384,1542,9366,4,1.000000,0.000000
25448,27176727085,1056047,0,0,1815,0,0.000000,16384,1639,56047,4,1.000000,0.000000
25449,27177787850,1060765,0,0,1721,0,0.000000,16384,1531,60765,4,1.000000,0.000000
25450,27178850184,1062334,0,0,1747,0,0.000000,16384,1527,62334,4,1.000000,0.000000
25451,27179917380,1067196,0,0,1843,0,0.000000,16384,1659,67196,4,1.000000,0.000000
25452,27180976017,1058637,0,0,1681,0,0.000000,16384,1525,58637,4,1.000000,0.000000
25453,27182037124,1061107,0,0,1662,0,0.000000,16384,1442,61107,4,1.000000,0.000000
25454,27183096120,1058996,0,0,1728,0,0.000000,16384,1558,58996,4,1.000000,0.000000
25455,27184684894,1588774,0,0,2440,0,0.000000,16384,2162,588774,4,1.000000,0.000000
25456,27185754562,1069668,0,0,1392,0,0.000000,16384,1275,69668,4,1.000000,0.000000
25457,27186868461,1113899,0,0,1460,0,0.000000,16384,1264,113899,4,1.000000,0.000000
25458,27187937746,1069285,0,0,1380,0,0.000000,16384,1245,69285,4,1.000000,0.000000
25459,27189078641,1140895,0,0,1471,0,0.000000,16384,1317,140895,4,1.000000,0.000000
25460,27190148186,1069545,0,0,1379,0,0.000000,16384,1197,69545,4,1.000000,0.000000
25461,27191243315,1095129,0,0,1482,0,0.000000,16384,1366,95129,4,1.000000,0.000000
25462,27192307546,1064231,0,0,1564,0,0.000000,16384,1351,64231,4,1.000000,0.000000
25463,27193366426,1058880,0,0,1629,0,0.000000,16384,1491,58880,4,1.000000,0.000000
25464,27194422373,1055947,0,0,1764,0,0.000000,16384,1555,55947,4,1.000000,0.000000
25465,27195496508,1074135,0,0,1712,0,0.000000,16384,1506,74135,4,1.000000,0.000000
25466,27196554909,1058401,0,0,1664,0,0.000000,16384,1519,58401,4,1.000000,0.000000
25467,27197612116,1057207,0,0,1788,0,0.000000,16384,1579,57207,4,1.000000,0.000000
25468,27198671530,1059414,0,0,1817,0,0.000000,16384,1596,59414,4,1.000000,0.000000
25469,27199729050,1057520,0,0,1811,0,0.000000,16384,1625,57520,4,1.000000,0.000000
25470,27200787671,1058621,0,0,1715,0,0.000000,16384,1561,58621,4,1.000000,0.000000
25471,27201880211,1092540,0,0,1714,0,0.000000,16384,1495,92540,4,1.000000,0.000000
25472,27202938939,1058728,0,0,1814,0,0.000000,16384,1607,58728,4,1.000000,0.000000
25473,27203995504,1056565,0,0,1828,0,0.000000,16384,1649,56565,4,1.000000,0.000000
25474,27205052057,1056553,0,0,1828,0,0.000000,16384,1649,56553,4,1.000000,0.000000
25475,27206108268,1056211,0,0,1824,0,0.000000,16384,1600,56211,4,1.000000,0.000000
25476,27207163940,1055672,0,0,1824,0,0.000000,16384,1605,55672,4,1.000000,0.000000
25477,27208220339,1056399,0,0,1744,0,0.000000,16384,1578,56399,4,1.000000,0.000000
25478,27209276800,1056461,0,0,1665,0,0.000000,16384,1491,56461,4,1.000000,0.000000
25479,27210334167,1057367,0,0,1799,0,0.000000,16384,1579,57367,4,1.000000,0.000000
25480,27211391734,1057567,0,0,1777,0,0.000000,16384,1590,57567,4,1.000000,0.000000
25481,27212462116,1070382,0,0,1832,0,0.000000,16384,1653,70382,4,1.000000,0.000000
25482,27213522316,1060200,0,0,1822,0,0.000000,16384,1624,60200,4,1.000000,0.000000
25483,27214580120,1057804,0,0,1828,0,0.000000,16384,1608,57804,4,1.000000,0.000000
25484,27215636750,1056630,0,0,1813,0,0.000000,16384,1607,56630,4,1.000000,0.000000
25485,27216670616,1033866,0,0,1765,0,0.000000,16384,1599,33866,4,1.000000,0.000000
25486,27217730310,1059694,0,0,1828,0,0.000000,16384,1636,59694,4,1.000000,0.000000
25487,27218791266,1060956,0,0,1834,0,0.000000,16384,1614,60956,4,1.000000,0.000000
25488,27219847930,1056664,0,0,1812,0,0.000000,16384,1597,56664,4,1.000000,0.000000
25489,27220906301,1058371,0,0,1743,0,0.000000,16384,1582,58371,4,1.000000,0.000000
25490,27221965058,1058757,0,0,1786,0,0.000000,16384,1597,58757,4,1.000000,0.000000
25491,27223034139,1069081,0,0,1757,0,0.000000,16384,1538,69081,4,1.000000,0.000000
25492,27224091264,1057125,0,0,1816,0,0.000000,16384,1619,57125,4,1.000000,0.000000
25493,27225147544,1056280,0,0,1822,0,0.000000,16384,1646,56280,4,1.000000,0.000000
25494,27226203293,1055749,0,0,1825,0,0.000000,16384,1634,55749,4,1.000000,0.000000
25495,27227259277,1055984,0,0,1823,0,0.000000,16384,1603,55984,4,1.000000,0.000000
25496,27228316667,1057390,0,0,1807,0,0.000000,16384,1595,57390,4,1.000000,0.000000
25497,27229372713,1056046,0,0,1820,0,0.000000,16384,1643,56046,4,1.000000,0.000000
25498,27230428523,1055810,0,0,1825,0,0.000000,16384,1647,55810,4,1.000000,0.000000
25499,27231484353,1055830,0,0,1825,0,0.000000,16384,1604,55830,4,1.000000,0.000000
25500,27232540149,1055796,0,0,1785,0,0.000000,16384,1565,55796,4,1.000000,0.000000
25501,27233601536,1061387,0,0,1834,0,0.000000,16384,1654,61387,4,1.000000,0.000000
25502,27234657755,1056219,0,0,1828,0,0.000000,16384,1650,56219,4,1.000000,0.000000
25503,27235670574,1012819,0,0,1731,0,0.000000,16384,1525,12819,4,1.000000,0.000000
25504,27236726558,1055984,0,0,1825,0,0.000000,16384,1605,55984,4,1.000000,0.000000
25505,27237782592,1056034,0,0,1826,0,0.000000,16384,1643,56034,4,1.000000,0.000000
25506,27238838177,1055585,0,0,1825,0,0.000000,16384,1648,55585,4,1.000000,0.000000
25507,27239893910,1055733,0,0,1825,0,0.000000,16384,1621,55733,4,1.000000,0.000000
25508,27240953955,1060045,0,0,1696,0,0.000000,16384,1476,60045,4,1.000000,0.000000
25509,27242012506,1058551,0,0,1823,0,0.000000,16384,1646,58551,4,1.000000,0.000000
25510,27243069057,1056551,0,0,1822,0,0.000000,16384,1645,56551,4,1.000000,0.000000
25511,27244133372,1064315,0,0,1840,0,0.000000,16384,1630,64315,4,1.000000,0.000000
25512,27245195781,1062409,0,0,1655,0,0.000000,16384,1446,62409,4,1.000000,0.000000
25513,27246258006,1062225,0,0,1548,0,0.000000,16384,1421,62225,4,1.000000,0.000000
25514,27247317146,1059140,0,0,1561,0,0.000000,16384,1347,59140,4,1.000000,0.000000
25515,27248374843,1057697,0,0,1720,0,0.000000,16384,1564,57697,4,1.000000,0.000000
25516,27249431963,1057120,0,0,1814,0,0.000000,16384,1624,57120,4,1.000000,0.000000
25517,27250488782,1056819,0,0,1826,0,0.000000,16384,1606,56819,4,1.000000,0.000000
25518,27251545386,1056604,0,0,1825,0,0.000000,16384,1610,56604,4,1.000000,0.000000
25519,27252601604,1056218,0,0,1823,0,0.000000,16384,1645,56218,4,1.000000,0.000000
25520,27253657923,1056319,0,0,1807,0,0.000000,16384,1634,56319,4,1.000000,0.000000
25521,27254743718,1085795,0,0,1858,0,0.000000,16384,1636,85795,4,1.000000,0.000000
25522,27255800006,1056288,0,0,1827,0,0.000000,16384,1606,56288,4,1.000000,0.000000
25523,27256857958,1057952,0,0,1828,0,0.000000,16384,1635,57952,4,1.000000,0.000000
25524,27257945161,1087203,0,0,1760,0,0.000000,16384,1596,87203,4,1.000000,0.000000
25525,27258964799,1019638,0,0,1423,0,0.000000,16384,1232,19638,4,1.000000,0.000000
25526,27260027613,1062814,0,0,1561,0,0.000000,16384,1434,62814,4,1.000000,0.000000
25527,27261086893,1059280,0,0,1624,0,0.000000,16384,1404,59280,4,1.000000,0.000000
25528,27262145023,1058130,0,0,1733,0,0.000000,16384,1564,58130,4,1.000000,0.000000
25529,27263205783,1060760,0,0,1816,0,0.000000,16384,1640,60760,4,1.000000,0.000000
25530,27264266363,1060580,0,0,1832,0,0.000000,16384,1613,60580,4,1.000000,0.000000
25531,27265339359,1072996,0,0,1849,0,0.000000,16384,1629,72996,4,1.000000,0.000000
25532,27266396182,1056823,0,0,1827,0,0.000000,16384,1632,56823,4,1.000000,0.000000
25533,27267466789,1070607,0,0,1762,0,0.000000,16384,1597,70607,4,1.000000,0.000000
25534,27268531926,1065137,0,0,1556,0,0.000000,16384,1355,65137,4,1.000000,0.000000
25535,27269599498,1067572,0,0,1332,0,0.000000,16384,1217,67572,4,1.000000,0.000000
25536,27270672492,1072994,0,0,1499,0,0.000000,16384,1312,72994,4,1.000000,0.000000
25537,27271736409,1063917,0,0,1526,0,0.000000,16384,1377,63917,4,1.000000,0.000000
25538,27272796033,1059624,0,0,1558,0,0.000000,16384,1371,59624,4,1.000000,0.000000
25539,27273887938,1091905,0,0,1579,0,0.000000,16384,1430,91905,4,1.000000,0.000000
25540,27274960355,1072417,0,0,1484,0,0.000000,16384,1301,72417,4,1.000000,0.000000
25541,27276053052,1092697,0,0,1513,0,0.000000,16384,1359,92697,4,1.000000,0.000000
25542,27277114831,1061779,0,0,1526,0,0.000000,16384,1353,61779,4,1.000000,0.000000
25543,27278183671,1068840,0,0,1558,0,0.000000,16384,1396,68840,4,1.000000,0.000000
25544,27279248964,1065293,0,0,1530,0,0.000000,16384,1356,65293,4,1.000000,0.000000
25545,27280311073,1062109,0,0,1561,0,0.000000,16384,1399,62109,4,1.000000,0.000000
25546,27281372938,1061865,0,0,1543,0,0.000000,16384,1365,61865,4,1.000000,0.000000
25547,27282433125,1060187,0,0,1514,0,0.000000,16384,1356,60187,4,1.000000,0.000000
25548,27283490509,1057384,0,0,1567,0,0.000000,16384,1389,57384,4,1.000000,0.000000
25549,27284548737,1058228,0,0,1593,0,0.000000,16384,1435,58228,4,1.000000,0.000000
25550,27285608169,1059432,0,0,1650,0,0.000000,16384,1440,59432,4,1.000000,0.000000
25551,27286683773,1075604,0,0,1472,0,0.000000,16384,1346,75604,4,1.000000,0.000000
25552,27287751468,1067695,0,0,1501,0,0.000000,16384,1314,67695,4,1.000000,0.000000
25553,27288812985,1061517,0,0,1562,0,0.000000,16384,1413,61517,4,1.000000,0.000000
25554,27289869993,1057008,0,0,1553,0,0.000000,16384,1359,57008,4,1.000000,0.000000
25555,27290929382,1059389,0,0,1560,0,0.000000,16384,1418,59389,4,1.000000,0.000000
25556,27291987856,1058474,0,0,1559,0,0.000000,16384,1358,58474,4,1.000000,0.000000
25557,27293045856,1058000,0,0,1562,0,0.000000,16384,1427,58000,4,1.000000,0.000000
25558,27294108079,1062223,0,0,1525,0,0.000000,16384,1324,62223,4,1.000000,0.000000
25559,27295175377,1067298,0,0,1463,0,0.000000,16384,1328,67298,4,1.000000,0.000000
25560,27296238528,1063151,0,0,1454,0,0.000000,16384,1286,63151,4,1.000000,0.000000
25561,27297321103,1082575,0,0,1589,0,0.000000,16384,1421,82575,4,1.000000,0.000000
25562,27298381657,1060554,0,0,1562,0,0.000000,16384,1381,60554,4,1.000000,0.000000
25563,27299440082,1058425,0,0,1633,0,0.000000,16384,1478,58425,4,1.000000,0.000000
25564,27300498130,1058048,0,0,1570,0,0.000000,16384,1365,58048,4,1.000000,0.000000
25565,27301558390,1060260,0,0,1615,0,0.000000,16384,1479,60260,4,1.000000,0.000000
25566,27303442282,1883892,0,0,2565,0,0.000000,16384,2238,883892,4,1.000000,0.000000
25567,27304508549,1066267,0,0,1568,0,0.000000,16384,1443,66267,4,1.000000,0.000000
25568,27305567525,1058976,0,0,1557,0,0.000000,16384,1346,58976,4,1.000000,0.000000
25569,27306626142,1058617,0,0,1656,0,0.000000,16384,1505,58617,4,1.000000,0.000000
25570,27307673732,1047590,0,0,1639,0,0.000000,16384,1452,47590,4,1.000000,0.000000
25571,27308778596,1104864,0,0,1720,0,0.000000,16384,1516,104864,4,1.000000,0.000000
25572,27309869882,1091286,0,0,1581,0,0.000000,16384,1447,91286,4,1.000000,0.000000
25573,27310942249,1072367,0,0,1420,0,0.000000,16384,1234,72367,4,1.000000,0.000000
25574,27312011941,1069692,0,0,1482,0,0.000000,16384,1332,69692,4,1.000000,0.000000
25575,27313079891,1067950,0,0,1564,0,0.000000,16384,1386,67950,4,1.000000,0.000000
25576,27314144487,1064596,0,0,1663,0,0.000000,16384,1505,64596,4,1.000000,0.000000
25577,27315203713,1059226,0,0,1613,0,0.000000,16384,1397,59226,4,1.000000,0.000000
25578,27316260024,1056311,0,0,1694,0,0.000000,16384,1542,56311,4,1.000000,0.000000
25579,27317317386,1057362,0,0,1813,0,0.000000,16384,1621,57362,4,1.000000,0.000000
25580,27318378380,1060994,0,0,1821,0,0.000000,16384,1601,60994,4,1.000000,0.000000
25581,27319465953,1087573,0,0,1867,0,0.000000,16384,1646,87573,4,1.000000,0.000000
25582,27320529975,1064022,0,0,1618,0,0.000000,16384,1483,64022,4,1.000000,0.000000
25583,27323176509,2646534,0,0,3426,0,0.000000,16384,3021,1646534,4,1.000000,0.000000
25584,27324243003,1066494,0,0,1480,0,0.000000,16384,1341,66494,4,1.000000,0.000000
25585,27325309399,1066396,0,0,1516,0,0.000000,16384,1337,66396,4,1.000000,0.000000
25586,27326374257,1064858,0,0,1512,0,0.000000,16384,1355,64858,4,1.000000,0.000000
25587,27327437444,1063187,0,0,1493,0,0.000000,16384,1330,63187,4,1.000000,0.000000
25588,27328592730,1155286,0,0,1544,0,0.000000,16384,1375,155286,4,1.000000,0.000000
25589,27329673058,1080328,0,0,1405,0,0.000000,16384,1265,80328,4,1.000000,0.000000
25590,27331063170,1390112,0,0,1776,0,0.000000,16384,1576,390112,4,1.000000,0.000000
25591,27332162732,1099562,0,0,1451,0,0.000000,16384,1286,99562,4,1.000000,0.000000
25592,27333231651,1068919,0,0,1517,0,0.000000,16384,1350,68919,4,1.000000,0.000000
25593,27334294173,1062522,0,0,1559,0,0.000000,16384,1392,62522,4,1.000000,0.000000
25594,27335357887,1063714,0,0,1548,0,0.000000,16384,1379,63714,4,1.000000,0.000000
25595,27336423850,1065963,0,0,1278,0,0.000000,16384,1162,65963,4,1.000000,0.000000
25596,27337497172,1073322,0,0,1417,0,0.000000,16384,1228,73322,4,1.000000,0.000000
25597,27338569965,1072793,0,0,1428,0,0.000000,16384,1283,72793,4,1.000000,0.000000
25598,27339637022,1067057,0,0,1517,0,0.000000,16384,1353,67057,4,1.000000,0.000000
25599,27340676290,1039268,0,0,1496,0,0.000000,16384,1325,39268,4,1.000000,0.000000
25600,27341739166,1062876,0,0,1539,0,0.000000,16384,1384,62876,4,1.000000,0.000000
25601,27342831562,1092396,0,0,1576,0,0.000000,16384,1396,92396,4,1.000000,0.000000
25602,27343915515,1083953,0,0,1680,0,0.000000,16384,1489,83953,4,1.000000,0.000000
25603,27344983360,1067845,0,0,1606,0,0.000000,16384,1457,67845,4,1.000000,0.000000
25604,27346051311,1067951,0,0,1525,0,0.000000,16384,1329,67951,4,1.000000,0.000000
25605,27347181453,1130142,0,0,1458,0,0.000000,16384,1318,130142,4,1.000000,0.000000
25606,27348260148,1078695,0,0,1406,0,0.000000,16384,1254,78695,4,1.000000,0.000000
25607,27350624718,2364570,0,0,2860,0,0.000000,16384,2564,1364570,4,1.000000,0.000000
25608,27351681891,1057173,0,0,1399,0,0.000000,16384,1218,57173,4,1.000000,0.000000
25609,27352792123,1110232,0,0,1433,0,0.000000,16384,1281,110232,4,1.000000,0.000000
25610,27353861211,1069088,0,0,1521,0,0.000000,16384,1363,69088,4,1.000000,0.000000
25611,27354947775,1086564,0,0,1561,0,0.000000,16384,1384,86564,4,1.000000,0.000000
25612,27356008665,1060890,0,0,1554,0,0.000000,16384,1389,60890,4,1.000000,0.000000
25613,27357074584,1065919,0,0,1625,0,0.000000,16384,1450,65919,4,1.000000,0.000000
25614,27358141070,1066486,0,0,1504,0,0.000000,16384,1334,66486,4,1.000000,0.000000
25615,27359202765,1061695,0,0,1608,0,0.000000,16384,1442,61695,4,1.000000,0.000000
25616,27360271803,1069038,0,0,1572,0,0.000000,16384,1383,69038,4,1.000000,0.000000
25617,27361336287,1064484,0,0,1537,0,0.000000,16384,1390,64484,4,1.000000,0.000000
25618,27362398985,1062698,0,0,1545,0,0.000000,16384,1356,62698,4,1.000000,0.000000
25619,27363534409,1135424,0,0,1536,0,0.000000,16384,1389,135424,4,1.000000,0.000000
25620,27364605904,1071495,0,0,1422,0,0.000000,16384,1258,71495,4,1.000000,0.000000
25621,27365718170,1112266,0,0,1451,0,0.000000,16384,1283,112266,4,1.000000,0.000000
25622,27366788295,1070125,0,0,1492,0,0.000000,16384,1352,70125,4,1.000000,0.000000
25623,27368105751,1317456,0,0,1808,0,0.000000,16384,1608,317456,4,1.000000,0.000000
25624,27369180021,1074270,0,0,1421,0,0.000000,16384,1256,74270,4,1.000000,0.000000
25625,27370249511,1069490,0,0,1025,0,0.000000,16384,913,69490,4,1.000000,0.000000
25626,27371320697,1071186,0,0,1409,0,0.000000,16384,1214,71186,4,1.000000,0.000000
25627,27372393407,1072710,0,0,1417,0,0.000000,16384,1227,72710,4,1.000000,0.000000
25628,27373699878,1306471,0,0,1676,0,0.000000,16384,1528,306471,4,1.000000,0.000000
25629,27375224551,1524673,0,0,1980,0,0.000000,16384,1771,524673,4,1.000000,0.000000
25630,27376303647,1079096,0,0,1116,0,0.000000,16384,987,79096,4,1.000000,0.000000
25631,27377412055,1108408,0,0,1434,0,0.000000,16384,1242,108408,4,1.000000,0.000000
25632,27378486800,1074745,0,0,1394,0,0.000000,16384,1278,74745,4,1.000000,0.000000
25633,27379563457,1076657,0,0,1407,0,0.000000,16384,1242,76657,4,1.000000,0.000000
25634,27380637817,1074360,0,0,1471,0,0.000000,16384,1304,74360,4,1.000000,0.000000
25635,27381680262,1042445,0,0,1448,0,0.000000,16384,1312,42445,4,1.000000,0.000000
25636,27382743699,1063437,0,0,1503,0,0.000000,16384,1302,63437,4,1.000000,0.000000
25637,27383837755,1094056,0,0,1532,0,0.000000,16384,1407,94056,4,1.000000,0.000000
25638,27384903176,1065421,0,0,1486,0,0.000000,16384,1282,65421,4,1.000000,0.000000
25639,27385971627,1068451,0,0,1605,0,0.000000,16384,1472,68451,4,1.000000,0.000000
25640,27387036177,1064550,0,0,1610,0,0.000000,16384,1401,64550,4,1.000000,0.000000
25641,27388123646,1087469,0,0,1645,0,0.000000,16384,1483,87469,4,1.000000,0.000000
25642,27389215698,1092052,0,0,1520,0,0.000000,16384,1346,92052,4,1.000000,0.000000
25643,27390278332,1062634,0,0,1616,0,0.000000,16384,1444,62634,4,1.000000,0.000000
25644,27391340415,1062083,0,0,1506,0,0.000000,16384,1342,62083,4,1.000000,0.000000
25645,27392402489,1062074,0,0,1551,0,0.000000,16384,1384,62074,4,1.000000,0.000000
25646,27393461961,1059472,0,0,1580,0,0.000000,16384,1407,59472,4,1.000000,0.000000
25647,27395064170,1602209,0,0,2250,0,0.000000,16384,2026,602209,4,1.000000,0.000000
25648,27396129734,1065564,0,0,1508,0,0.000000,16384,1306,65564,4,1.000000,0.000000
25649,27397210239,1080505,0,0,1541,0,0.000000,16384,1407,80505,4,1.000000,0.000000
25650,27398272957,1062718,0,0,1504,0,0.000000,16384,1310,62718,4,1.000000,0.000000
25651,27399362566,1089609,0,0,1517,0,0.000000,16384,1375,89609,4,1.000000,0.000000
25652,27400425281,1062715,0,0,1497,0,0.000000,16384,1317,62715,4,1.000000,0.000000
25653,27401487689,1062408,0,0,1500,0,0.000000,16384,1344,62408,4,1.000000,0.000000
25654,27402572593,1084904,0,0,1359,0,0.000000,16384,1224,84904,4,1.000000,0.000000
25655,27403636774,1064181,0,0,1608,0,0.000000,16384,1411,64181,4,1.000000,0.000000
25656,27405053261,1416487,0,0,1988,0,0.000000,16384,1764,416487,4,1.000000,0.000000
25657,27406120037,1066776,0,0,1549,0,0.000000,16384,1409,66776,4,1.000000,0.000000
25658,27407180304,1060267,0,0,1626,0,0.000000,16384,1430,60267,4,1.000000,0.000000
25659,27408238942,1058638,0,0,1657,0,0.000000,16384,1477,58638,4,1.000000,0.000000
25660,27409296437,1057495,0,0,1660,0,0.000000,16384,1500,57495,4,1.000000,0.000000
25661,27410381472,1085035,0,0,1632,0,0.000000,16384,1413,85035,4,1.000000,0.000000
25662,27411444836,1063364,0,0,1418,0,0.000000,16384,1301,63364,4,1.000000,0.000000
25663,27412508858,1064022,0,0,1561,0,0.000000,16384,1364,64022,4,1.000000,0.000000
25664,27413568496,1059638,0,0,1555,0,0.000000,16384,1416,59638,4,1.000000,0.000000
25665,27414626831,1058335,0,0,1649,0,0.000000,16384,1429,58335,4,1.000000,0.000000
25666,27415674605,1047774,0,0,1640,0,0.000000,16384,1498,47774,4,1.000000,0.000000
25667,27416736531,1061926,0,0,1607,0,0.000000,16384,1413,61926,4,1.000000,0.000000
25668,27417794595,1058064,0,0,1679,0,0.000000,16384,1497,58064,4,1.000000,0.000000
25669,27418852840,1058245,0,0,1656,0,0.000000,16384,1498,58245,4,1.000000,0.000000
25670,27419921578,1068738,0,0,1576,0,0.000000,16384,1368,68738,4,1.000000,0.000000
25671,27421027307,1105729,0,0,1657,0,0.000000,16384,1513,105729,4,1.000000,0.000000
25672,27422094255,1066948,0,0,1568,0,0.000000,16384,1364,66948,4,1.000000,0.000000
25673,27423156177,1061922,0,0,1667,0,0.000000,16384,1505,61922,4,1.000000,0.000000
25674,27424218582,1062405,0,0,1605,0,0.000000,16384,1427,62405,4,1.000000,0.000000
25675,27425280355,1061773,0,0,1672,0,0.000000,16384,1475,61773,4,1.000000,0.000000
25676,27426338413,1058058,0,0,1671,0,0.000000,16384,1524,58058,4,1.000000,0.000000
25677,27427397611,1059198,0,0,1518,0,0.000000,16384,1308,59198,4,1.000000,0.000000
25678,27428490143,1092532,0,0,1787,0,0.000000,16384,1617,92532,4,1.000000,0.000000
25679,27429556220,1066077,0,0,1486,0,0.000000,16384,1318,66077,4,1.000000,0.000000
25680,27430619988,1063768,0,0,1623,0,0.000000,16384,1449,63768,4,1.000000,0.000000
25681,27431674617,1054629,0,0,1644,0,0.000000,16384,1477,54629,4,1.000000,0.000000
25682,27432737639,1063022,0,0,1800,0,0.000000,16384,1581,63022,4,1.000000,0.000000
25683,27433796360,1058721,0,0,1804,0,0.000000,16384,1610,58721,4,1.000000,0.000000
25684,27434853614,1057254,0,0,1818,0,0.000000,16384,1641,57254,4,1.000000,0.000000
25685,27435909800,1056186,0,0,1818,0,0.000000,16384,1625,56186,4,1.000000,0.000000
25686,27436964955,1055155,0,0,1814,0,0.000000,16384,1594,55155,4,1.000000,0.000000
25687,27438020871,1055916,0,0,1806,0,0.000000,16384,1599,55916,4,1.000000,0.000000
25688,27439077376,1056505,0,0,1815,0,0.000000,16384,1640,56505,4,1.000000,0.000000
25689,27440135013,1057637,0,0,1822,0,0.000000,16384,1640,57637,4,1.000000,0.000000
25690,27441192289,1057276,0,0,1792,0,0.000000,16384,1572,57276,4,1.000000,0.000000
25691,27442262155,1069866,0,0,1612,0,0.000000,16384,1437,69866,4,1.000000,0.000000
25692,27443325084,1062929,0,0,1460,0,0.000000,16384,1299,62929,4,1.000000,0.000000
25693,27444387605,1062521,0,0,1562,0,0.000000,16384,1399,62521,4,1.000000,0.000000
25694,27445446605,1059000,0,0,1632,0,0.000000,16384,1455,59000,4,1.000000,0.000000
25695,27446506948,1060343,0,0,1657,0,0.000000,16384,1457,60343,4,1.000000,0.000000
25696,27447566368,1059420,0,0,1605,0,0.000000,16384,1469,59420,4,1.000000,0.000000
25697,27448624464,1058096,0,0,1793,0,0.000000,16384,1573,58096,4,1.000000,0.000000
25698,27449670622,1046158,0,0,1782,0,0.000000,16384,1570,46158,4,1.000000,0.000000
25699,27450727387,1056765,0,0,1810,0,0.000000,16384,1635,56765,4,1.000000,0.000000
25700,27451783777,1056390,0,0,1805,0,0.000000,16384,1628,56390,4,1.000000,0.000000
25701,27452858331,1074554,0,0,1841,0,0.000000,16384,1617,74554,4,1.000000,0.000000
25702,27453914751,1056420,0,0,1826,0,0.000000,16384,1606,56420,4,1.000000,0.000000
25703,27454971062,1056311,0,0,1825,0,0.000000,16384,1642,56311,4,1.000000,0.000000
25704,27456028174,1057112,0,0,1686,0,0.000000,16384,1529,57112,4,1.000000,0.000000
25705,27457085536,1057362,0,0,1795,0,0.000000,16384,1575,57362,4,1.000000,0.000000
25706,27458142977,1057441,0,0,1668,0,0.000000,16384,1483,57441,4,1.000000,0.000000
25707,27459205429,1062452,0,0,1567,0,0.000000,16384,1412,62452,4,1.000000,0.000000
25708,27460267059,1061630,0,0,1560,0,0.000000,16384,1371,61630,4,1.000000,0.000000
25709,27461325601,1058542,0,0,1557,0,0.000000,16384,1409,58542,4,1.000000,0.000000
25710,27462383728,1058127,0,0,1710,0,0.000000,16384,1491,58127,4,1.000000,0.000000
25711,27463457617,1073889,0,0,1782,0,0.000000,16384,1607,73889,4,1.000000,0.000000
25712,27464516457,1058840,0,0,1813,0,0.000000,16384,1637,58840,4,1.000000,0.000000
25713,27465573937,1057480,0,0,1807,0,0.000000,16384,1594,57480,4,1.000000,0.000000
25714,27466631101,1057164,0,0,1817,0,0.000000,16384,1597,57164,4,1.000000,0.000000
25715,27467670969,1039868,0,0,1791,0,0.000000,16384,1609,39868,4,1.000000,0.000000
25716,27468727542,1056573,0,0,1522,0,0.000000,16384,1364,56573,4,1.000000,0.000000
25717,27469787734,1060192,0,0,1653,0,0.000000,16384,1457,60192,4,1.000000,0.000000
25718,27470849897,1062163,0,0,1614,0,0.000000,16384,1474,62163,4,1.000000,0.000000
25719,27471909259,1059362,0,0,1665,0,0.000000,16384,1445,59362,4,1.000000,0.000000
25720,27472967167,1057908,0,0,1664,0,0.000000,16384,1504,57908,4,1.000000,0.000000
25721,27474050916,1083749,0,0,1756,0,0.000000,16384,1576,83749,4,1.000000,0.000000
25722,27475112356,1061440,0,0,1660,0,0.000000,16384,1439,61440,4,1.000000,0.000000
25723,27476173595,1061239,0,0,1608,0,0.000000,16384,1472,61239,4,1.000000,0.000000
25724,27477236789,1063194,0,0,1559,0,0.000000,16384,1360,63194,4,1.000000,0.000000
25725,27478305263,1068474,0,0,1481,0,0.000000,16384,1353,68474,4,1.000000,0.000000
25726,27479367765,1062502,0,0,1540,0,0.000000,16384,1332,62502,4,1.000000,0.000000
25727,27480430777,1063012,0,0,1523,0,0.000000,16384,1398,63012,4,1.000000,0.000000
25728,27481490537,1059760,0,0,1541,0,0.000000,16384,1329,59760,4,1.000000,0.000000
25729,27482557060,1066523,0,0,1384,0,0.000000,16384,1269,66523,4,1.000000,0.000000
25730,27483619604,1062544,0,0,1557,0,0.000000,16384,1363,62544,4,1.000000,0.000000
25731,27484677231,1057627,0,0,1535,0,0.000000,16384,1393,57627,4,1.000000,0.000000
25732,27485739056,1061825,0,0,1561,0,0.000000,16384,1364,61825,4,1.000000,0.000000
25733,27486797417,1058361,0,0,1560,0,0.000000,16384,1421,58361,4,1.000000,0.000000
25734,27487854463,1057046,0,0,1558,0,0.000000,16384,1355,57046,4,1.000000,0.000000
25735,27488911799,1057336,0,0,1556,0,0.000000,16384,1423,57336,4,1.000000,0.000000
25736,27489969704,1057905,0,0,1557,0,0.000000,16384,1348,57905,4,1.000000,0.000000
25737,27491025972,1056268,0,0,1567,0,0.000000,16384,1440,56268,4,1.000000,0.000000
25738,27492081817,1055845,0,0,1663,0,0.000000,16384,1443,55845,4,1.000000,0.000000
25739,27493138187,1056370,0,0,1618,0,0.000000,16384,1463,56370,4,1.000000,0.000000
25740,27494194049,1055862,0,0,1606,0,0.000000,16384,1425,55862,4,1.000000,0.000000
25741,27495257053,1063004,0,0,1791,0,0.000000,16384,1574,63004,4,1.000000,0.000000
25742,27496314683,1057630,0,0,1821,0,0.000000,16384,1644,57630,4,1.000000,0.000000
25743,27497373653,1058970,0,0,1805,0,0.000000,16384,1631,58970,4,1.000000,0.000000
25744,27498430965,1057312,0,0,1822,0,0.000000,16384,1602,57312,4,1.000000,0.000000
25745,27499488254,1057289,0,0,1814,0,0.000000,16384,1594,57289,4,1.000000,0.000000
25746,27500543772,1055518,0,0,1825,0,0.000000,16384,1641,55518,4,1.000000,0.000000
25747,27501632643,1088871,0,0,1827,0,0.000000,16384,1648,88871,4,1.000000,0.000000
25748,27502674659,1042016,0,0,1607,0,0.000000,16384,1410,42016,4,1.000000,0.000000
25749,27503738186,1063527,0,0,1565,0,0.000000,16384,1409,63527,4,1.000000,0.000000
25750,27504803688,1065502,0,0,1610,0,0.000000,16384,1428,65502,4,1.000000,0.000000
25751,27505882248,1078560,0,0,1681,0,0.000000,16384,1485,78560,4,1.000000,0.000000
25752,27506939244,1056996,0,0,1660,0,0.000000,16384,1517,56996,4,1.000000,0.000000
25753,27507996801,1057557,0,0,1649,0,0.000000,16384,1430,57557,4,1.000000,0.000000
25754,27509054146,1057345,0,0,1725,0,0.000000,16384,1549,57345,4,1.000000,0.000000
25755,27510113272,1059126,0,0,1687,0,0.000000,16384,1523,59126,4,1.000000,0.000000
25756,27511173370,1060098,0,0,1753,0,0.000000,16384,1533,60098,4,1.000000,0.000000
25757,27512233190,1059820,0,0,1723,0,0.000000,16384,1542,59820,4,1.000000,0.000000
25758,27513290905,1057715,0,0,1722,0,0.000000,16384,1563,57715,4,1.000000,0.000000
25759,27514348204,1057299,0,0,1753,0,0.000000,16384,1533,57299,4,1.000000,0.000000
25760,27515405003,1056799,0,0,1818,0,0.000000,16384,1606,56799,4,1.000000,0.000000
25761,27516472911,1067908,0,0,1836,0,0.000000,16384,1656,67908,4,1.000000,0.000000
25762,27517530234,1057323,0,0,1823,0,0.000000,16384,1646,57323,4,1.000000,0.000000
25763,27518587524,1057290,0,0,1679,0,0.000000,16384,1463,57290,4,1.000000,0.000000
25764,27519643204,1055680,0,0,1809,0,0.000000,16384,1608,55680,4,1.000000,0.000000
25765,27520671644,1028440,0,0,1652,0,0.000000,16384,1509,28440,4,1.000000,0.000000
25766,27521731666,1060022,0,0,1768,0,0.000000,16384,1553,60022,4,1.000000,0.000000
25767,27522790316,1058650,0,0,1748,0,0.000000,16384,1541,58650,4,1.000000,0.000000
25768,27523846858,1056542,0,0,1817,0,0.000000,16384,1640,56542,4,1.000000,0.000000
25769,27524903331,1056473,0,0,1816,0,0.000000,16384,1636,56473,4,1.000000,0.000000
25770,27525958797,1055466,0,0,1815,0,0.000000,16384,1595,55466,4,1.000000,0.000000
25771,27527036462,1077665,0,0,1858,0,0.000000,16384,1634,77665,4,1.000000,0.000000
25772,27528092876,1056414,0,0,1814,0,0.000000,16384,1633,56414,4,1.000000,0.000000
25773,27529148277,1055401,0,0,1813,0,0.000000,16384,1638,55401,4,1.000000,0.000000
25774,27530204002,1055725,0,0,1823,0,0.000000,16384,1615,55725,4,1.000000,0.000000
25775,27531259974,1055972,0,0,1821,0,0.000000,16384,1601,55972,4,1.000000,0.000000
25776,27532315767,1055793,0,0,1821,0,0.000000,16384,1624,55793,4,1.000000,0.000000
25777,27533371688,1055921,0,0,1822,0,0.000000,16384,1644,55921,4,1.000000,0.000000
25778,27534428404,1056716,0,0,1804,0,0.000000,16384,1615,56716,4,1.000000,0.000000
25779,27535484455,1056051,0,0,1822,0,0.000000,16384,1602,56051,4,1.000000,0.000000
25780,27536540389,1055934,0,0,1821,0,0.000000,16384,1609,55934,4,1.000000,0.000000
25781,27537600500,1060111,0,0,1822,0,0.000000,16384,1645,60111,4,1.000000,0.000000
25782,27538656383,1055883,0,0,1822,0,0.000000,16384,1646,55883,4,1.000000,0.000000
25783,27539672648,1016265,0,0,1749,0,0.000000,16384,1530,16265,4,1.000000,0.000000
25784,27540729098,1056450,0,0,1795,0,0.000000,16384,1585,56450,4,1.000000,0.000000
25785,27541797409,1068311,0,0,1818,0,0.000000,16384,1641,68311,4,1.000000,0.000000
25786,27542859130,1061721,0,0,1643,0,0.000000,16384,1466,61721,4,1.000000,0.000000
25787,27543916788,1057658,0,0,1667,0,0.000000,16384,1463,57658,4,1.000000,0.000000
25788,27544973691,1056903,0,0,1635,0,0.000000,16384,1495,56903,4,1.000000,0.000000
25789,27546034056,1060365,0,0,1620,0,0.000000,16384,1408,60365,4,1.000000,0.000000
25790,27547095026,1060970,0,0,1556,0,0.000000,16384,1414,60970,4,1.000000,0.000000
25791,27548168964,1073938,0,0,1560,0,0.000000,16384,1365,73938,4,1.000000,0.000000
25792,27549227979,1059015,0,0,1559,0,0.000000,16384,1411,59015,4,1.000000,0.000000
25793,27550286585,1058606,0,0,1618,0,0.000000,16384,1431,58606,4,1.000000,0.000000
25794,27551342988,1056403,0,0,1659,0,0.000000,16384,1471,56403,4,1.000000,0.000000
25795,27552399579,1056591,0,0,1667,0,0.000000,16384,1515,56591,4,1.000000,0.000000
25796,27553457817,1058238,0,0,1663,0,0.000000,16384,1443,58238,4,1.000000,0.000000
25797,27554515702,1057885,0,0,1667,0,0.000000,16384,1508,57885,4,1.000000,0.000000
25798,27555572021,1056319,0,0,1802,0,0.000000,16384,1621,56319,4,1.000000,0.000000
25799,27556627894,1055873,0,0,1824,0,0.000000,16384,1603,55873,4,1.000000,0.000000
25800,27557670810,1042916,0,0,1798,0,0.000000,16384,1583,42916,4,1.000000,0.000000
25801,27558732491,1061681,0,0,1823,0,0.000000,16384,1646,61681,4,1.000000,0.000000
25802,27559788944,1056453,0,0,1823,0,0.000000,16384,1645,56453,4,1.000000,0.000000
25803,27560844822,1055878,0,0,1807,0,0.000000,16384,1590,55878,4,1.000000,0.000000
25804,27561903359,1058537,0,0,1783,0,0.000000,16384,1563,58537,4,1.000000,0.000000
25805,27562962452,1059093,0,0,1756,0,0.000000,16384,1592,59093,4,1.000000,0.000000
25806,27564018554,1056102,0,0,1775,0,0.000000,16384,1599,56102,4,1.000000,0.000000
25807,27565074998,1056444,0,0,1815,0,0.000000,16384,1595,56444,4,1.000000,0.000000
25808,27566131937,1056939,0,0,1829,0,0.000000,16384,1609,56939,4,1.000000,0.000000
25809,27567188323,1056386,0,0,1825,0,0.000000,16384,1647,56386,4,1.000000,0.000000
25810,27568244806,1056483,0,0,1824,0,0.000000,16384,1647,56483,4,1.000000,0.000000
25811,27569310697,1065891,0,0,1812,0,0.000000,16384,1599,65891,4,1.000000,0.000000
25812,27570367131,1056434,0,0,1823,0,0.000000,16384,1603,56434,4,1.000000,0.000000
25813,27571425151,1058020,0,0,1767,0,0.000000,16384,1587,58020,4,1.000000,0.000000
25814,27572482406,1057255,0,0,1737,0,0.000000,16384,1577,57255,4,1.000000,0.000000
25815,27573538822,1056416,0,0,1734,0,0.000000,16384,1514,56416,4,1.000000,0.000000
25816,27574595369,1056547,0,0,1781,0,0.000000,16384,1579,56547,4,1.000000,0.000000
25817,27575651647,1056278,0,0,1818,0,0.000000,16384,1642,56278,4,1.000000,0.000000
25818,27576673787,1022140,0,0,1752,0,0.000000,16384,1566,22140,4,1.000000,0.000000
25819,27577730218,1056431,0,0,1824,0,0.000000,16384,1604,56431,4,1.000000,0.000000
25820,27578786650,1056432,0,0,1828,0,0.000000,16384,1621,56432,4,1.000000,0.000000
25821,27579860323,1073673,0,0,1855,0,0.000000,16384,1671,73673,4,1.000000,0.000000
25822,27580920807,1060484,0,0,1629,0,0.000000,16384,1456,60484,4,1.000000,0.000000
25823,27581983082,1062275,0,0,1765,0,0.000000,16384,1545,62275,4,1.000000,0.000000
25824,27583040468,1057386,0,0,1707,0,0.000000,16384,1547,57386,4,1.000000,0.000000
25825,27584097826,1057358,0,0,1827,0,0.000000,16384,1647,57358,4,1.000000,0.000000
25826,27585155932,1058106,0,0,1806,0,0.000000,16384,1586,58106,4,1.000000,0.000000
25827,27586213570,1057638,0,0,1807,0,0.000000,16384,1588,57638,4,1.000000,0.000000
25828,27587270239,1056669,0,0,1825,0,0.000000,16384,1647,56669,4,1.000000,0.000000
25829,27588331463,1061224,0,0,1832,0,0.000000,16384,1653,61224,4,1.000000,0.000000
25830,27589391763,1060300,0,0,1832,0,0.000000,16384,1620,60300,4,1.000000,0.000000
25831,27590460321,1068558,0,0,1841,0,0.000000,16384,1621,68558,4,1.000000,0.000000
25832,27591518390,1058069,0,0,1828,0,0.000000,16384,1628,58069,4,1.000000,0.000000
25833,27592574712,1056322,0,0,1826,0,0.000000,16384,1648,56322,4,1.000000,0.000000
25834,27593631800,1057088,0,0,1834,0,0.000000,16384,1754,57088,4,1.000000,0.000000
25835,27594674269,1042469,0,0,1808,0,0.000000,16384,1804,42469,4,1.000000,0.000000
25836,27595732588,1058319,0,0,1805,0,0.000000,16384,1801,58319,4,1.000000,0.000000
25837,27596790598,1058010,0,0,1759,0,0.000000,16384,1534,58010,4,1.000000,0.000000
25838,27597848366,1057768,0,0,1708,0,0.000000,16384,1521,57768,4,1.000000,0.000000
25839,27598905321,1056955,0,0,1827,0,0.000000,16384,1648,56955,4,1.000000,0.000000
25840,27599962068,1056747,0,0,1707,0,0.000000,16384,1510,56747,4,1.000000,0.000000
25841,27601024679,1062611,0,0,1721,0,0.000000,16384,1514,62611,4,1.000000,0.000000
25842,27602083184,1058505,0,0,1786,0,0.000000,16384,1616,58505,4,1.000000,0.000000
25843,27603145860,1062676,0,0,1787,0,0.000000,16384,1603,62676,4,1.000000,0.000000
25844,27604207407,1061547,0,0,1830,0,0.000000,16384,1611,61547,4,1.000000,0.000000
25845,27605269523,1062116,0,0,1822,0,0.000000,16384,1605,62116,4,1.000000,0.000000
25846,27606327281,1057758,0,0,1828,0,0.000000,16384,1649,57758,4,1.000000,0.000000
25847,27607384381,1057100,0,0,1827,0,0.000000,16384,1649,57100,4,1.000000,0.000000
25848,27608440157,1055776,0,0,1826,0,0.000000,16384,1612,55776,4,1.000000,0.000000
25849,27609496143,1055986,0,0,1824,0,0.000000,16384,1604,55986,4,1.000000,0.000000
25850,27610552232,1056089,0,0,1809,0,0.000000,16384,1619,56089,4,1.000000,0.000000
25851,27611616647,1064415,0,0,1837,0,0.000000,16384,1657,64415,4,1.000000,0.000000
25852,27612674215,1057568,0,0,1629,0,0.000000,16384,1439,57568,4,1.000000,0.000000
25853,27613732589,1058374,0,0,1713,0,0.000000,16384,1516,58374,4,1.000000,0.000000
25854,27614788931,1056342,0,0,1825,0,0.000000,16384,1647,56342,4,1.000000,0.000000
25855,27615845173,1056242,0,0,1827,0,0.000000,16384,1638,56242,4,1.000000,0.000000
25856,27616902014,1056841,0,0,1809,0,0.000000,16384,1589,56841,4,1.000000,0.000000
25857,27617958362,1056348,0,0,1823,0,0.000000,16384,1608,56348,4,1.000000,0.000000
25858,27619016022,1057660,0,0,1792,0,0.000000,16384,1621,57660,4,1.000000,0.000000
25859,27620073069,1057047,0,0,1831,0,0.000000,16384,1653,57047,4,1.000000,0.000000
25860,27621129383,1056314,0,0,1769,0,0.000000,16384,1548,56314,4,1.000000,0.000000
25861,27622205391,1076008,0,0,1747,0,0.000000,16384,1544,76008,4,1.000000,0.000000
25862,27623264404,1059013,0,0,1751,0,0.000000,16384,1588,59013,4,1.000000,0.000000
25863,27624321413,1057009,0,0,1830,0,0.000000,16384,1633,57009,4,1.000000,0.000000
25864,27625377743,1056330,0,0,1827,0,0.000000,16384,1607,56330,4,1.000000,0.000000
25865,27626434438,1056695,0,0,1806,0,0.000000,16384,1599,56695,4,1.000000,0.000000
25866,27627489977,1055539,0,0,1824,0,0.000000,16384,1646,55539,4,1.000000,0.000000
25867,27628545669,1055692,0,0,1827,0,0.000000,16384,1648,55692,4,1.000000,0.000000
25868,27629601676,1056007,0,0,1817,0,0.000000,16384,1595,56007,4,1.000000,0.000000
25869,27630657524,1055848,0,0,1827,0,0.000000,16384,1605,55848,4,1.000000,0.000000
25870,27631670433,1012909,0,0,1750,0,0.000000,16384,1584,12909,4,1.000000,0.000000
25871,27632732914,1062481,0,0,1837,0,0.000000,16384,1657,62481,4,1.000000,0.000000
25872,27633788872,1055958,0,0,1825,0,0.000000,16384,1607,55958,4,1.000000,0.000000
25873,27634844772,1055900,0,0,1825,0,0.000000,16384,1605,55900,4,1.000000,0.000000
25874,27635900789,1056017,0,0,1826,0,0.000000,16384,1637,56017,4,1.000000,0.000000
25875,27636956630,1055841,0,0,1816,0,0.000000,16384,1640,55841,4,1.000000,0.000000
25876,27638019986,1063356,0,0,1721,0,0.000000,16384,1522,63356,4,1.000000,0.000000
25877,27639084829,1064843,0,0,1557,0,0.000000,16384,1380,64843,4,1.000000,0.000000
25878,27640144675,1059846,0,0,1667,0,0.000000,16384,1508,59846,4,1.000000,0.000000
25879,27641202573,1057898,0,0,1613,0,0.000000,16384,1398,57898,4,1.000000,0.000000
25880,27642262841,1060268,0,0,1549,0,0.000000,16384,1428,60268,4,1.000000,0.000000
25881,27643336539,1073698,0,0,1484,0,0.000000,16384,1279,73698,4,1.000000,0.000000
25882,27644398610,1062071,0,0,1555,0,0.000000,16384,1424,62071,4,1.000000,0.000000
25883,27645458539,1059929,0,0,1566,0,0.000000,16384,1354,59929,4,1.000000,0.000000
25884,27646516263,1057724,0,0,1664,0,0.000000,16384,1518,57724,4,1.000000,0.000000
25885,27647575591,1059328,0,0,1663,0,0.000000,16384,1465,59328,4,1.000000,0.000000
25886,27648633957,1058366,0,0,1663,0,0.000000,16384,1477,58366,4,1.000000,0.000000
25887,27649673815,1039858,0,0,1635,0,0.000000,16384,1481,39858,4,1.000000,0.000000
25888,27650732219,1058404,0,0,1812,0,0.000000,16384,1592,58404,4,1.000000,0.000000
25889,27651789366,1057147,0,0,1816,0,0.000000,16384,1605,57147,4,1.000000,0.000000
25890,27652844838,1055472,0,0,1814,0,0.000000,16384,1638,55472,4,1.000000,0.000000
25891,27653908870,1064032,0,0,1839,0,0.000000,16384,1660,64032,4,1.000000,0.000000
25892,27654965255,1056385,0,0,1619,0,0.000000,16384,1401,56385,4,1.000000,0.000000
25893,27656020503,1055248,0,0,1827,0,0.000000,16384,1635,55248,4,1.000000,0.000000
25894,27657075991,1055488,0,0,1828,0,0.000000,16384,1650,55488,4,1.000000,0.000000
25895,27658131686,1055695,0,0,1825,0,0.000000,16384,1631,55695,4,1.000000,0.000000
25896,27659187193,1055507,0,0,1822,0,0.000000,16384,1602,55507,4,1.000000,0.000000
25897,27660242869,1055676,0,0,1823,0,0.000000,16384,1611,55676,4,1.000000,0.000000
25898,27661298789,1055920,0,0,1826,0,0.000000,16384,1648,55920,4,1.000000,0.000000
25899,27662356204,1057415,0,0,1774,0,0.000000,16384,1600,57415,4,1.000000,0.000000
25900,27663417782,1061578,0,0,1800,0,0.000000,16384,1580,61578,4,1.000000,0.000000
25901,27664487094,1069312,0,0,1839,0,0.000000,16384,1618,69312,4,1.000000,0.000000
25902,27665543992,1056898,0,0,1827,0,0.000000,16384,1649,56898,4,1.000000,0.000000
25903,27666600312,1056320,0,0,1817,0,0.000000,16384,1641,56320,4,1.000000,0.000000
25904,27667657131,1056819,0,0,1828,0,0.000000,16384,1614,56819,4,1.000000,0.000000
25905,27668679040,1021909,0,0,1755,0,0.000000,16384,1536,21909,4,1.000000,0.000000
25906,27669739300,1060260,0,0,1834,0,0.000000,16384,1651,60260,4,1.000000,0.000000
25907,27670796544,1057244,0,0,1815,0,0.000000,16384,1640,57244,4,1.000000,0.000000
25908,27671852481,1055937,0,0,1827,0,0.000000,16384,1621,55937,4,1.000000,0.000000
25909,27672908440,1055959,0,0,1825,0,0.000000,16384,1605,55959,4,1.000000,0.000000
25910,27673965823,1057383,0,0,1817,0,0.000000,16384,1617,57383,4,1.000000,0.000000
25911,27675040502,1074679,0,0,1858,0,0.000000,16384,1674,74679,4,1.000000,0.000000
25912,27676096832,1056330,0,0,1828,0,0.000000,16384,1647,56330,4,1.000000,0.000000
25913,27677153863,1057031,0,0,1825,0,0.000000,16384,1602,57031,4,1.000000,0.000000
25914,27678210001,1056138,0,0,1825,0,0.000000,16384,1605,56138,4,1.000000,0.000000
25915,27679265935,1055934,0,0,1827,0,0.000000,16384,1645,55934,4,1.000000,0.000000
25916,27680321849,1055914,0,0,1826,0,0.000000,16384,1648,55914,4,1.000000,0.000000
25917,27681384100,1062251,0,0,1632,0,0.000000,16384,1432,62251,4,1.000000,0.000000
25918,27682445946,1061846,0,0,1583,0,0.000000,16384,1421,61846,4,1.000000,0.000000
25919,27683504622,1058676,0,0,1639,0,0.000000,16384,1461,58676,4,1.000000,0.000000
25920,27684561052,1056430,0,0,1659,0,0.000000,16384,1458,56430,4,1.000000,0.000000
25921,27685643173,1082121,0,0,1466,0,0.000000,16384,1331,82121,4,1.000000,0.000000
25922,27686782230,1139057,0,0,1466,0,0.000000,16384,1295,139057,4,1.000000,0.000000
25923,27687857277,1075047,0,0,1385,0,0.000000,16384,1224,75047,4,1.000000,0.000000
25924,27689030797,1173520,0,0,1510,0,0.000000,16384,1373,173520,4,1.000000,0.000000
25925,27690105861,1075064,0,0,1362,0,0.000000,16384,1183,75064,4,1.000000,0.000000
25926,27691134543,1028682,0,0,1296,0,0.000000,16384,1164,28682,4,1.000000,0.000000
25927,27692210941,1076398,0,0,1381,0,0.000000,16384,1259,76398,4,1.000000,0.000000
25928,27693282617,1071676,0,0,1482,0,0.000000,16384,1279,71676,4,1.000000,0.000000
25929,27694350070,1067453,0,0,1502,0,0.000000,16384,1375,67453,4,1.000000,0.000000
25930,27695413229,1063159,0,0,1558,0,0.000000,16384,1354,63159,4,1.000000,0.000000
25931,27696493222,1079993,0,0,1589,0,0.000000,16384,1457,79993,4,1.000000,0.000000
25932,27697555857,1062635,0,0,1563,0,0.000000,16384,1343,62635,4,1.000000,0.000000
25933,27698618925,1063068,0,0,1790,0,0.000000,16384,1621,63068,4,1.000000,0.000000
25934,27699671877,1052952,0,0,1805,0,0.000000,16384,1633,52952,4,1.000000,0.000000
25935,27700730955,1059078,0,0,1807,0,0.000000,16384,1584,59078,4,1.000000,0.000000
25936,27701789160,1058205,0,0,1808,0,0.000000,16384,1588,58205,4,1.000000,0.000000
25937,27702848009,1058849,0,0,1623,0,0.000000,16384,1485,58849,4,1.000000,0.000000
25938,27703905554,1057545,0,0,1689,0,0.000000,16384,1491,57545,4,1.000000,0.000000
25939,27704962119,1056565,0,0,1765,0,0.000000,16384,1553,56565,4,1.000000,0.000000
25940,27706018744,1056625,0,0,1826,0,0.000000,16384,1648,56625,4,1.000000,0.000000
25941,27707086048,1067304,0,0,1844,0,0.000000,16384,1662,67304,4,1.000000,0.000000
25942,27708142967,1056919,0,0,1827,0,0.000000,16384,1611,56919,4,1.000000,0.000000
25943,27709199377,1056410,0,0,1814,0,0.000000,16384,1594,56410,4,1.000000,0.000000
25944,27710255504,1056127,0,0,1728,0,0.000000,16384,1558,56127,4,1.000000,0.000000
25945,27711313470,1057966,0,0,1681,0,0.000000,16384,1511,57966,4,1.000000,0.000000
25946,27712372873,1059403,0,0,1672,0,0.000000,16384,1452,59403,4,1.000000,0.000000
25947,27713435804,1062931,0,0,1638,0,0.000000,16384,1497,62931,4,1.000000,0.000000
25948,27714498900,1063096,0,0,1663,0,0.000000,16384,1468,63096,4,1.000000,0.000000
25949,27715556968,1058068,0,0,1800,0,0.000000,16384,1584,58068,4,1.000000,0.000000
25950,27716613628,1056660,0,0,1616,0,0.000000,16384,1480,56660,4,1.000000,0.000000
25951,27717671721,1058093,0,0,1794,0,0.000000,16384,1582,58093,4,1.000000,0.000000
25952,27718729349,1057628,0,0,1795,0,0.000000,16384,1575,57628,4,1.000000,0.000000
25953,27719785897,1056548,0,0,1827,0,0.000000,16384,1644,56548,4,1.000000,0.000000
25954,27720842913,1057016,0,0,1816,0,0.000000,16384,1640,57016,4,1.000000,0.000000
25955,27721899518,1056605,0,0,1829,0,0.000000,16384,1623,56605,4,1.000000,0.000000
25956,27722956224,1056706,0,0,1761,0,0.000000,16384,1542,56706,4,1.000000,0.000000
25957,27724013850,1057626,0,0,1829,0,0.000000,16384,1638,57626,4,1.000000,0.000000
25958,27725070111,1056261,0,0,1813,0,0.000000,16384,1638,56261,4,1.000000,0.000000
25959,27726126396,1056285,0,0,1813,0,0.000000,16384,1615,56285,4,1.000000,0.000000
25960,27727182537,1056141,0,0,1824,0,0.000000,16384,1604,56141,4,1.000000,0.000000
25961,27728261095,1078558,0,0,1859,0,0.000000,16384,1646,78558,4,1.000000,0.000000
25962,27729317249,1056154,0,0,1800,0,0.000000,16384,1627,56154,4,1.000000,0.000000
25963,27730373803,1056554,0,0,1826,0,0.000000,16384,1648,56554,4,1.000000,0.000000
25964,27731430034,1056231,0,0,1824,0,0.000000,16384,1600,56231,4,1.000000,0.000000
25965,27732486958,1056924,0,0,1777,0,0.000000,16384,1562,56924,4,1.000000,0.000000
25966,27733544337,1057379,0,0,1818,0,0.000000,16384,1641,57379,4,1.000000,0.000000
25967,27734602233,1057896,0,0,1817,0,0.000000,16384,1641,57896,4,1.000000,0.000000
25968,27735657565,1055332,0,0,1823,0,0.000000,16384,1606,55332,4,1.000000,0.000000
25969,27736670768,1013203,0,0,1748,0,0.000000,16384,1531,13203,4,1.000000,0.000000
25970,27737726952,1056184,0,0,1826,0,0.000000,16384,1649,56184,4,1.000000,0.000000
25971,27738788594,1061642,0,0,1834,0,0.000000,16384,1654,61642,4,1.000000,0.000000
25972,27739844538,1055944,0,0,1825,0,0.000000,16384,1615,55944,4,1.000000,0.000000
25973,27740902630,1058092,0,0,1738,0,0.000000,16384,1519,58092,4,1.000000,0.000000
25974,27741960929,1058299,0,0,1654,0,0.000000,16384,1508,58299,4,1.000000,0.000000
25975,27743019608,1058679,0,0,1787,0,0.000000,16384,1593,58679,4,1.000000,0.000000
25976,27744077245,1057637,0,0,1817,0,0.000000,16384,1597,57637,4,1.000000,0.000000
25977,27745134589,1057344,0,0,1757,0,0.000000,16384,1566,57344,4,1.000000,0.000000
25978,27746192964,1058375,0,0,1766,0,0.000000,16384,1600,58375,4,1.000000,0.000000
25979,27747249580,1056616,0,0,1825,0,0.000000,16384,1618,56616,4,1.000000,0.000000
25980,27748306105,1056525,0,0,1808,0,0.000000,16384,1588,56525,4,1.000000,0.000000
25981,27749370754,1064649,0,0,1830,0,0.000000,16384,1633,64649,4,1.000000,0.000000
25982,27750428062,1057308,0,0,1820,0,0.000000,16384,1643,57308,4,1.000000,0.000000
25983,27751484276,1056214,0,0,1825,0,0.000000,16384,1635,56214,4,1.000000,0.000000
25984,27752575152,1090876,0,0,1825,0,0.000000,16384,1605,90876,4,1.000000,0.000000
25985,27753640071,1064919,0,0,1640,0,0.000000,16384,1460,64919,4,1.000000,0.000000
25986,27754672071,1032000,0,0,1623,0,0.000000,16384,1462,32000,4,1.000000,0.000000
25987,27755707319,1035248,0,0,1758,0,0.000000,16384,1538,35248,4,1.000000,0.000000
25988,27756773025,1065706,0,0,1650,0,0.000000,16384,1493,65706,4,1.000000,0.000000
25989,27757833839,1060814,0,0,1648,0,0.000000,16384,1465,60814,4,1.000000,0.000000
25990,27758892789,1058950,0,0,1818,0,0.000000,16384,1599,58950,4,1.000000,0.000000
25991,27759962886,1070097,0,0,1801,0,0.000000,16384,1617,70097,4,1.000000,0.000000
25992,27761020520,1057634,0,0,1684,0,0.000000,16384,1528,57634,4,1.000000,0.000000
25993,27762081793,1061273,0,0,1693,0,0.000000,16384,1473,61273,4,1.000000,0.000000
25994,27763145134,1063341,0,0,1393,0,0.000000,16384,1277,63341,4,1.000000,0.000000
25995,27764206057,1060923,0,0,1563,0,0.000000,16384,1350,60923,4,1.000000,0.000000
25996,27765265434,1059377,0,0,1614,0,0.000000,16384,1478,59377,4,1.000000,0.000000
25997,27766323225,1057791,0,0,1655,0,0.000000,16384,1448,57791,4,1.000000,0.000000
25998,27767381837,1058612,0,0,1584,0,0.000000,16384,1424,58612,4,1.000000,0.000000
25999,27768440312,1058475,0,0,1548,0,0.000000,16384,1372,58475,4,1.000000,0.000000
26000,27769498898,1058586,0,0,1612,0,0.000000,16384,1438,58586,4,1.000000,0.000000
26001,27770571859,1072961,0,0,1811,0,0.000000,16384,1636,72961,4,1.000000,0.000000
26002,27771629047,1057188,0,0,1815,0,0.000000,16384,1600,57188,4,1.000000,0.000000
26003,27772674987,1045940,0,0,1791,0,0.000000,16384,1571,45940,4,1.000000,0.000000
26004,27773731760,1056773,0,0,1803,0,0.000000,16384,1623,56773,4,1.000000,0.000000
26005,27774789299,1057539,0,0,1773,0,0.000000,16384,1606,57539,4,1.000000,0.000000
26006,27775846846,1057547,0,0,1771,0,0.000000,16384,1558,57547,4,1.000000,0.000000
26007,27776908110,1061264,0,0,1777,0,0.000000,16384,1562,61264,4,1.000000,0.000000
26008,27777969102,1060992,0,0,1824,0,0.000000,16384,1646,60992,4,1.000000,0.000000
26009,27779026106,1057004,0,0,1818,0,0.000000,16384,1642,57004,4,1.000000,0.000000
26010,27780083405,1057299,0,0,1773,0,0.000000,16384,1558,57299,4,1.000000,0.000000
26011,27781161158,1077753,0,0,1793,0,0.000000,16384,1575,77753,4,1.000000,0.000000
26012,27782222493,1061335,0,0,1581,0,0.000000,16384,1451,61335,4,1.000000,0.000000
26013,27783285490,1062997,0,0,1596,0,0.000000,16384,1383,62997,4,1.000000,0.000000
26014,27784345999,1060509,0,0,1561,0,0.000000,16384,1425,60509,4,1.000000,0.000000
26015,27785403569,1057570,0,0,1560,0,0.000000,16384,1361,57570,4,1.000000,0.000000
26016,27786459329,1055760,0,0,1747,0,0.000000,16384,1564,55760,4,1.000000,0.000000
26017,27787517597,1058268,0,0,1700,0,0.000000,16384,1543,58268,4,1.000000,0.000000
26018,27788574627,1057030,0,0,1781,0,0.000000,16384,1561,57030,4,1.000000,0.000000
26019,27789630861,1056234,0,0,1813,0,0.000000,16384,1600,56234,4,1.000000,0.000000
26020,27790670357,1039496,0,0,1790,0,0.000000,16384,1619,39496,4,1.000000,0.000000
26021,27791742118,1071761,0,0,1841,0,0.000000,16384,1661,71761,4,1.000000,0.000000
26022,27792799172,1057054,0,0,1824,0,0.000000,16384,1600,57054,4,1.000000,0.000000
26023,27793857184,1058012,0,0,1824,0,0.000000,16384,1604,58012,4,1.000000,0.000000
26024,27794914378,1057194,0,0,1805,0,0.000000,16384,1626,57194,4,1.000000,0.000000
26025,27795970162,1055784,0,0,1824,0,0.000000,16384,1646,55784,4,1.000000,0.000000
26026,27797027349,1057187,0,0,1721,0,0.000000,16384,1518,57187,4,1.000000,0.000000
26027,27798085577,1058228,0,0,1801,0,0.000000,16384,1580,58228,4,1.000000,0.000000
26028,27799142144,1056567,0,0,1816,0,0.000000,16384,1641,56567,4,1.000000,0.000000
26029,27800198980,1056836,0,0,1825,0,0.000000,16384,1647,56836,4,1.000000,0.000000
26030,27801255313,1056333,0,0,1826,0,0.000000,16384,1612,56333,4,1.000000,0.000000
26031,27802318979,1063666,0,0,1835,0,0.000000,16384,1615,63666,4,1.000000,0.000000
26032,27803377173,1058194,0,0,1743,0,0.000000,16384,1564,58194,4,1.000000,0.000000
26033,27804434095,1056922,0,0,1827,0,0.000000,16384,1649,56922,4,1.000000,0.000000
26034,27805490240,1056145,0,0,1829,0,0.000000,16384,1622,56145,4,1.000000,0.000000
26035,27806546401,1056161,0,0,1823,0,0.000000,16384,1603,56161,4,1.000000,0.000000
26036,27807607687,1061286,0,0,1801,0,0.000000,16384,1605,61286,4,1.000000,0.000000
26037,27808671762,1064075,0,0,1673,0,0.000000,16384,1527,64075,4,1.000000,0.000000
26038,27809730350,1058588,0,0,1746,0,0.000000,16384,1481,58588,4,1.000000,0.000000
26039,27810787279,1056929,0,0,1812,0,0.000000,16384,1631,56929,4,1.000000,0.000000
26040,27811842963,1055684,0,0,1822,0,0.000000,16384,1602,55684,4,1.000000,0.000000
26041,27812910911,1067948,0,0,1769,0,0.000000,16384,1558,67948,4,1.000000,0.000000
26042,27813968051,1057140,0,0,1682,0,0.000000,16384,1533,57140,4,1.000000,0.000000
26043,27815023949,1055898,0,0,1815,0,0.000000,16384,1611,55898,4,1.000000,0.000000
26044,27816080266,1056317,0,0,1760,0,0.000000,16384,1540,56317,4,1.000000,0.000000
26045,27817136494,1056228,0,0,1813,0,0.000000,16384,1627,56228,4,1.000000,0.000000
26046,27818192085,1055591,0,0,1826,0,0.000000,16384,1648,55591,4,1.000000,0.000000
26047,27819248217,1056132,0,0,1799,0,0.000000,16384,1599,56132,4,1.000000,0.000000
26048,27820304357,1056140,0,0,1825,0,0.000000,16384,1605,56140,4,1.000000,0.000000
26049,27821361734,1057377,0,0,1806,0,0.000000,16384,1608,57377,4,1.000000,0.000000
26050,27822418613,1056879,0,0,1824,0,0.000000,16384,1646,56879,4,1.000000,0.000000
26051,27823485251,1066638,0,0,1657,0,0.000000,16384,1469,66638,4,1.000000,0.000000
26052,27824543990,1058739,0,0,1825,0,0.000000,16384,1605,58739,4,1.000000,0.000000
26053,27825601609,1057619,0,0,1827,0,0.000000,16384,1642,57619,4,1.000000,0.000000
26054,27826658645,1057036,0,0,1827,0,0.000000,16384,1648,57036,4,1.000000,0.000000
26055,27827716163,1057518,0,0,1816,0,0.000000,16384,1616,57518,4,1.000000,0.000000
26056,27828772802,1056639,0,0,1827,0,0.000000,16384,1607,56639,4,1.000000,0.000000
26057,27829829086,1056284,0,0,1827,0,0.000000,16384,1621,56284,4,1.000000,0.000000
26058,27830884937,1055851,0,0,1824,0,0.000000,16384,1647,55851,4,1.000000,0.000000
26059,27831941132,1056195,0,0,1809,0,0.000000,16384,1628,56195,4,1.000000,0.000000
26060,27832997329,1056197,0,0,1821,0,0.000000,16384,1600,56197,4,1.000000,0.000000
26061,27834074341,1077012,0,0,1825,0,0.000000,16384,1602,77012,4,1.000000,0.000000
26062,27835130732,1056391,0,0,1825,0,0.000000,16384,1649,56391,4,1.000000,0.000000
26063,27836186596,1055864,0,0,1823,0,0.000000,16384,1646,55864,4,1.000000,0.000000
26064,27837242082,1055486,0,0,1822,0,0.000000,16384,1611,55486,4,1.000000,0.000000
26065,27838298052,1055970,0,0,1823,0,0.000000,16384,1603,55970,4,1.000000,0.000000
26066,27839354247,1056195,0,0,1825,0,0.000000,16384,1630,56195,4,1.000000,0.000000
26067,27840410307,1056060,0,0,1824,0,0.000000,16384,1646,56060,4,1.000000,0.000000
26068,27841466330,1056023,0,0,1824,0,0.000000,16384,1633,56023,4,1.000000,0.000000
26069,27842522439,1056109,0,0,1823,0,0.000000,16384,1603,56109,4,1.000000,0.000000
26070,27843579425,1056986,0,0,1782,0,0.000000,16384,1575,56986,4,1.000000,0.000000
26071,27844643372,1063947,0,0,1838,0,0.000000,16384,1658,63947,4,1.000000,0.000000
26072,27845671385,1028013,0,0,1773,0,0.000000,16384,1596,28013,4,1.000000,0.000000
26073,27846729308,1057923,0,0,1758,0,0.000000,16384,1537,57923,4,1.000000,0.000000
26074,27847787066,1057758,0,0,1809,0,0.000000,16384,1607,57758,4,1.000000,0.000000
26075,27848845432,1058366,0,0,1781,0,0.000000,16384,1612,58366,4,1.000000,0.000000
26076,27849902243,1056811,0,0,1827,0,0.000000,16384,1635,56811,4,1.000000,0.000000
26077,27850958642,1056399,0,0,1822,0,0.000000,16384,1602,56399,4,1.000000,0.000000
26078,27852015123,1056481,0,0,1826,0,0.000000,16384,1611,56481,4,1.000000,0.000000
26079,27853071167,1056044,0,0,1824,0,0.000000,16384,1646,56044,4,1.000000,0.000000
26080,27854128382,1057215,0,0,1824,0,0.000000,16384,1647,57215,4,1.000000,0.000000
26081,27855190634,1062252,0,0,1836,0,0.000000,16384,1618,62252,4,1.000000,0.000000
26082,27856246547,1055913,0,0,1825,0,0.000000,16384,1604,55913,4,1.000000,0.000000
26083,27857302544,1055997,0,0,1828,0,0.000000,16384,1637,55997,4,1.000000,0.000000
26084,27858359968,1057424,0,0,1828,0,0.000000,16384,1649,57424,4,1.000000,0.000000
26085,27859417083,1057115,0,0,1765,0,0.000000,16384,1572,57115,4,1.000000,0.000000
26086,27860473671,1056588,0,0,1816,0,0.000000,16384,1596,56588,4,1.000000,0.000000
26087,27861529472,1055801,0,0,1826,0,0.000000,16384,1626,55801,4,1.000000,0.000000
26088,27862585243,1055771,0,0,1827,0,0.000000,16384,1649,55771,4,1.000000,0.000000
26089,27863643734,1058491,0,0,1740,0,0.000000,16384,1554,58491,4,1.000000,0.000000
26090,27864672122,1028388,0,0,1735,0,0.000000,16384,1515,28388,4,1.000000,0.000000
26091,27865735190,1063068,0,0,1838,0,0.000000,16384,1649,63068,4,1.000000,0.000000
26092,27866792261,1057071,0,0,1828,0,0.000000,16384,1650,57071,4,1.000000,0.000000
26093,27867848463,1056202,0,0,1826,0,0.000000,16384,1629,56202,4,1.000000,0.000000
26094,27868904798,1056335,0,0,1821,0,0.000000,16384,1601,56335,4,1.000000,0.000000
26095,27869961019,1056221,0,0,1813,0,0.000000,16384,1606,56221,4,1.000000,0.000000
26096,27871017782,1056763,0,0,1825,0,0.000000,16384,1647,56763,4,1.000000,0.000000
26097,27872073930,1056148,0,0,1804,0,0.000000,16384,1625,56148,4,1.000000,0.000000
26098,27873129713,1055783,0,0,1823,0,0.000000,16384,1603,55783,4,1.000000,0.000000
26099,27874185585,1055872,0,0,1822,0,0.000000,16384,1598,55872,4,1.000000,0.000000
26100,27875241071,1055486,0,0,1825,0,0.000000,16384,1648,55486,4,1.000000,0.000000
26101,27876300617,1059546,0,0,1831,0,0.000000,16384,1652,59546,4,1.000000,0.000000
26102,27877396010,1095393,0,0,1711,0,0.000000,16384,1507,95393,4,1.000000,0.000000
26103,27878461887,1065877,0,0,1622,0,0.000000,16384,1441,65877,4,1.000000,0.000000
26104,27879521925,1060038,0,0,1670,0,0.000000,16384,1511,60038,4,1.000000,0.000000
26105,27880611774,1089849,0,0,1855,0,0.000000,16384,1635,89849,4,1.000000,0.000000
26106,27881702886,1091112,0,0,1865,0,0.000000,16384,1641,91112,4,1.000000,0.000000
26107,27882766502,1063616,0,0,1586,0,0.000000,16384,1449,63616,4,1.000000,0.000000
26108,27883827911,1061409,0,0,1611,0,0.000000,16384,1412,61409,4,1.000000,0.000000
26109,27884887151,1059240,0,0,1646,0,0.000000,16384,1474,59240,4,1.000000,0.000000
26110,27885945024,1057873,0,0,1653,0,0.000000,16384,1485,57873,4,1.000000,0.000000
26111,27887034719,1089695,0,0,1713,0,0.000000,16384,1492,89695,4,1.000000,0.000000
26112,27888091475,1056756,0,0,1664,0,0.000000,16384,1515,56756,4,1.000000,0.000000
26113,27889148480,1057005,0,0,1664,0,0.000000,16384,1474,57005,4,1.000000,0.000000
26114,27890205149,1056669,0,0,1665,0,0.000000,16384,1470,56669,4,1.000000,0.000000
26115,27891261109,1055960,0,0,1784,0,0.000000,16384,1614,55960,4,1.000000,0.000000
26116,27892317546,1056437,0,0,1746,0,0.000000,16384,1551,56437,4,1.000000,0.000000
26117,27893374179,1056633,0,0,1659,0,0.000000,16384,1454,56633,4,1.000000,0.000000
26118,27894429678,1055499,0,0,1772,0,0.000000,16384,1605,55499,4,1.000000,0.000000
26119,27895485505,1055827,0,0,1826,0,0.000000,16384,1637,55827,4,1.000000,0.000000
26120,27896542391,1056886,0,0,1797,0,0.000000,16384,1577,56886,4,1.000000,0.000000
26121,27897604640,1062249,0,0,1808,0,0.000000,16384,1599,62249,4,1.000000,0.000000
26122,27898662089,1057449,0,0,1761,0,0.000000,16384,1596,57449,4,1.000000,0.000000
26123,27899670526,1008437,0,0,1740,0,0.000000,16384,1551,8437,4,1.000000,0.000000
26124,27900726341,1055815,0,0,1825,0,0.000000,16384,1604,55815,4,1.000000,0.000000
26125,27901782166,1055825,0,0,1822,0,0.000000,16384,1622,55825,4,1.000000,0.000000
26126,27902838475,1056309,0,0,1829,0,0.000000,16384,1651,56309,4,1.000000,0.000000
26127,27903896813,1058338,0,0,1723,0,0.000000,16384,1538,58338,4,1.000000,0.000000
26128,27904955089,1058276,0,0,1817,0,0.000000,16384,1597,58276,4,1.000000,0.000000
26129,27906017068,1061979,0,0,1701,0,0.000000,16384,1526,61979,4,1.000000,0.000000
26130,27907773747,1756679,0,0,2345,0,0.000000,16384,2072,756679,4,1.000000,0.000000
26131,27909260398,1486651,0,0,1782,0,0.000000,16384,1604,486651,4,1.000000,0.000000
26132,27910332903,1072505,0,0,1470,0,0.000000,16384,1312,72505,4,1.000000,0.000000
26133,27911407372,1074469,0,0,1468,0,0.000000,16384,1319,74469,4,1.000000,0.000000
26134,27912474834,1067462,0,0,1489,0,0.000000,16384,1302,67462,4,1.000000,0.000000
26135,27913543566,1068732,0,0,1460,0,0.000000,16384,1338,68732,4,1.000000,0.000000
26136,27914610602,1067036,0,0,1508,0,0.000000,16384,1299,67036,4,1.000000,0.000000
26137,27915673593,1062991,0,0,1561,0,0.000000,16384,1438,62991,4,1.000000,0.000000
26138,27916734402,1060809,0,0,1563,0,0.000000,16384,1345,60809,4,1.000000,0.000000
26139,27917793551,1059149,0,0,1664,0,0.000000,16384,1516,59149,4,1.000000,0.000000
26140,27918851701,1058150,0,0,1668,0,0.000000,16384,1476,58150,4,1.000000,0.000000
26141,27919933250,1081549,0,0,1695,0,0.000000,16384,1495,81549,4,1.000000,0.000000
26142,27920989895,1056645,0,0,1657,0,0.000000,16384,1513,56645,4,1.000000,0.000000
26143,27922047306,1057411,0,0,1475,0,0.000000,16384,1274,57411,4,1.000000,0.000000
26144,27923103826,1056520,0,0,1680,0,0.000000,16384,1530,56520,4,1.000000,0.000000
26145,27924163766,1059940,0,0,1667,0,0.000000,16384,1470,59940,4,1.000000,0.000000
26146,27925222713,1058947,0,0,1783,0,0.000000,16384,1571,58947,4,1.000000,0.000000
26147,27926278605,1055892,0,0,1823,0,0.000000,16384,1646,55892,4,1.000000,0.000000
26148,27927333719,1055114,0,0,1824,0,0.000000,16384,1649,55114,4,1.000000,0.000000
26149,27928390231,1056512,0,0,1809,0,0.000000,16384,1585,56512,4,1.000000,0.000000
26150,27929447063,1056832,0,0,1824,0,0.000000,16384,1604,56832,4,1.000000,0.000000
26151,27930513963,1066900,0,0,1842,0,0.000000,16384,1657,66900,4,1.000000,0.000000
26152,27931570001,1056038,0,0,1814,0,0.000000,16384,1638,56038,4,1.000000,0.000000
26153,27932626053,1056052,0,0,1795,0,0.000000,16384,1592,56052,4,1.000000,0.000000
26154,27933670289,1044236,0,0,1788,0,0.000000,16384,1568,44236,4,1.000000,0.000000
26155,27934726164,1055875,0,0,1824,0,0.000000,16384,1634,55875,4,1.000000,0.000000
26156,27935782257,1056093,0,0,1822,0,0.000000,16384,1645,56093,4,1.000000,0.000000
26157,27936838105,1055848,0,0,1820,0,0.000000,16384,1623,55848,4,1.000000,0.000000
26158,27937894162,1056057,0,0,1805,0,0.000000,16384,1585,56057,4,1.000000,0.000000
26159,27938950760,1056598,0,0,1815,0,0.000000,16384,1612,56598,4,1.000000,0.000000
26160,27940006319,1055559,0,0,1826,0,0.000000,16384,1648,55559,4,1.000000,0.000000
26161,27941079081,1072762,0,0,1840,0,0.000000,16384,1657,72762,4,1.000000,0.000000
26162,27942135321,1056240,0,0,1823,0,0.000000,16384,1601,56240,4,1.000000,0.000000
26163,27943191396,1056075,0,0,1794,0,0.000000,16384,1574,56075,4,1.000000,0.000000
26164,27944251267,1059871,0,0,1766,0,0.000000,16384,1601,59871,4,1.000000,0.000000
26165,27945309499,1058232,0,0,1822,0,0.000000,16384,1645,58232,4,1.000000,0.000000
26166,27946366449,1056950,0,0,1715,0,0.000000,16384,1495,56950,4,1.000000,0.000000
26167,27947423390,1056941,0,0,1768,0,0.000000,16384,1572,56941,4,1.000000,0.000000
26168,27948481673,1058283,0,0,1743,0,0.000000,16384,1582,58283,4,1.000000,0.000000
26169,27949539087,1057414,0,0,1819,0,0.000000,16384,1612,57414,4,1.000000,0.000000
26170,27950597105,1058018,0,0,1797,0,0.000000,16384,1577,58018,4,1.000000,0.000000
26171,27951663500,1066395,0,0,1842,0,0.000000,16384,1645,66395,4,1.000000,0.000000
26172,27952673047,1009547,0,0,1740,0,0.000000,16384,1579,9547,4,1.000000,0.000000
26173,27953729600,1056553,0,0,1828,0,0.000000,16384,1622,56553,4,1.000000,0.000000
26174,27954785878,1056278,0,0,1827,0,0.000000,16384,1607,56278,4,1.000000,0.000000
26175,27955841836,1055958,0,0,1825,0,0.000000,16384,1623,55958,4,1.000000,0.000000
26176,27956897662,1055826,0,0,1825,0,0.000000,16384,1648,55826,4,1.000000,0.000000
26177,27957954106,1056444,0,0,1798,0,0.000000,16384,1613,56444,4,1.000000,0.000000
26178,27959009631,1055525,0,0,1822,0,0.000000,16384,1602,55525,4,1.000000,0.000000
26179,27960065360,1055729,0,0,1825,0,0.000000,16384,1609,55729,4,1.000000,0.000000
26180,27961121316,1055956,0,0,1826,0,0.000000,16384,1648,55956,4,1.000000,0.000000
26181,27962181763,1060447,0,0,1816,0,0.000000,16384,1639,60447,4,1.000000,0.000000
26182,27963238351,1056588,0,0,1810,0,0.000000,16384,1593,56588,4,1.000000,0.000000
26183,27964297774,1059423,0,0,1726,0,0.000000,16384,1517,59423,4,1.000000,0.000000
26184,27965355403,1057629,0,0,1818,0,0.000000,16384,1642,57629,4,1.000000,0.000000
26185,27966411551,1056148,0,0,1824,0,0.000000,16384,1647,56148,4,1.000000,0.000000
26186,27967468705,1057154,0,0,1828,0,0.000000,16384,1605,57154,4,1.000000,0.000000
26187,27968525360,1056655,0,0,1823,0,0.000000,16384,1604,56655,4,1.000000,0.000000
26188,27969582480,1057120,0,0,1811,0,0.000000,16384,1628,57120,4,1.000000,0.000000
26189,27970638737,1056257,0,0,1825,0,0.000000,16384,1647,56257,4,1.000000,0.000000
26190,27971670382,1031645,0,0,1754,0,0.000000,16384,1551,31645,4,1.000000,0.000000
26191,27972734345,1063963,0,0,1835,0,0.000000,16384,1615,63963,4,1.000000,0.000000
26192,27973791717,1057372,0,0,1825,0,0.000000,16384,1633,57372,4,1.000000,0.000000
26193,27974848367,1056650,0,0,1826,0,0.000000,16384,1648,56650,4,1.000000,0.000000
26194,27975904374,1056007,0,0,1804,0,0.000000,16384,1610,56007,4,1.000000,0.000000
26195,27976960207,1055833,0,0,1820,0,0.000000,16384,1600,55833,4,1.000000,0.000000
26196,27978016949,1056742,0,0,1828,0,0.000000,16384,1620,56742,4,1.000000,0.000000
26197,27979076469,1059520,0,0,1579,0,0.000000,16384,1447,59520,4,1.000000,0.000000
26198,27980136364,1059895,0,0,1820,0,0.000000,16384,1600,59895,4,1.000000,0.000000
26199,27981193520,1057156,0,0,1815,0,0.000000,16384,1591,57156,4,1.000000,0.000000
26200,27982251113,1057593,0,0,1741,0,0.000000,16384,1581,57593,4,1.000000,0.000000
26201,27983322727,1071614,0,0,1588,0,0.000000,16384,1412,71614,4,1.000000,0.000000
26202,27984383098,1060371,0,0,1632,0,0.000000,16384,1445,60371,4,1.000000,0.000000
26203,27985441753,1058655,0,0,1666,0,0.000000,16384,1513,58655,4,1.000000,0.000000
26204,27986499345,1057592,0,0,1661,0,0.000000,16384,1441,57592,4,1.000000,0.000000
26205,27987556662,1057317,0,0,1786,0,0.000000,16384,1604,57317,4,1.000000,0.000000
26206,27988614745,1058083,0,0,1688,0,0.000000,16384,1529,58083,4,1.000000,0.000000
26207,27989671377,1056632,0,0,1771,0,0.000000,16384,1552,56632,4,1.000000,0.000000
26208,27990727017,1055640,0,0,1823,0,0.000000,16384,1613,55640,4,1.000000,0.000000
26209,27991782946,1055929,0,0,1826,0,0.000000,16384,1648,55929,4,1.000000,0.000000
26210,27992839402,1056456,0,0,1727,0,0.000000,16384,1551,56456,4,1.000000,0.000000
26211,27993919086,1079684,0,0,1765,0,0.000000,16384,1545,79684,4,1.000000,0.000000
26212,27994975495,1056409,0,0,1815,0,0.000000,16384,1617,56409,4,1.000000,0.000000
26213,27996031567,1056072,0,0,1817,0,0.000000,16384,1641,56072,4,1.000000,0.000000
26214,27997088097,1056530,0,0,1773,0,0.000000,16384,1583,56530,4,1.000000,0.000000
26215,27998145752,1057655,0,0,1759,0,0.000000,16384,1539,57655,4,1.000000,0.000000
26216,27999202404,1056652,0,0,1798,0,0.000000,16384,1610,56652,4,1.000000,0.000000
26217,28000320481,1118077,0,0,1826,0,0.000000,16384,1648,118077,4,1.000000,0.000000
26218,28001386116,1065635,0,0,1616,0,0.000000,16384,1422,65635,4,1.000000,0.000000
26219,28002448350,1062234,0,0,1540,0,0.000000,16384,1384,62234,4,1.000000,0.000000
26220,28003507566,1059216,0,0,1607,0,0.000000,16384,1427,59216,4,1.000000,0.000000
26221,28004585861,1078295,0,0,1644,0,0.000000,16384,1454,78295,4,1.000000,0.000000
26222,28005685457,1099596,0,0,1871,0,0.000000,16384,1684,99596,4,1.000000,0.000000
26223,28006746879,1061422,0,0,1671,0,0.000000,16384,1484,61422,4,1.000000,0.000000
26224,28007809688,1062809,0,0,1808,0,0.000000,16384,1588,62809,4,1.000000,0.000000
26225,28008874112,1064424,0,0,1806,0,0.000000,16384,1624,64424,4,1.000000,0.000000
26226,28009934033,1059921,0,0,1672,0,0.000000,16384,1514,59921,4,1.000000,0.000000
26227,28010991468,1057435,0,0,1645,0,0.000000,16384,1425,57435,4,1.000000,0.000000
26228,28012048743,1057275,0,0,1664,0,0.000000,16384,1514,57275,4,1.000000,0.000000
26229,28013128238,1079495,0,0,1698,0,0.000000,16384,1507,79495,4,1.000000,0.000000
26230,28014191135,1062897,0,0,1632,0,0.000000,16384,1438,62897,4,1.000000,0.000000
26231,28015264923,1073788,0,0,1680,0,0.000000,16384,1531,73788,4,1.000000,0.000000
26232,28016322858,1057935,0,0,1671,0,0.000000,16384,1459,57935,4,1.000000,0.000000
26233,28017380209,1057351,0,0,1816,0,0.000000,16384,1612,57351,4,1.000000,0.000000
26234,28018437201,1056992,0,0,1827,0,0.000000,16384,1648,56992,4,1.000000,0.000000
26235,28019497867,1060666,0,0,1817,0,0.000000,16384,1636,60666,4,1.000000,0.000000
26236,28020558871,1061004,0,0,1833,0,0.000000,16384,1607,61004,4,1.000000,0.000000
26237,28021616867,1057996,0,0,1824,0,0.000000,16384,1820,57996,4,1.000000,0.000000
26238,28022670586,1053719,0,0,1825,0,0.000000,16384,1817,53719,4,1.000000,0.000000
26239,28023727893,1057307,0,0,1787,0,0.000000,16384,1675,57307,4,1.000000,0.000000
26240,28024787150,1059257,0,0,1729,0,0.000000,16384,1567,59257,4,1.000000,0.000000
26241,28025856087,1068937,0,0,1707,0,0.000000,16384,1529,68937,4,1.000000,0.000000
26242,28026913518,1057431,0,0,1814,0,0.000000,16384,1594,57431,4,1.000000,0.000000
26243,28027969900,1056382,0,0,1825,0,0.000000,16384,1622,56382,4,1.000000,0.000000
26244,28029027489,1057589,0,0,1821,0,0.000000,16384,1644,57589,4,1.000000,0.000000
26245,28030084439,1056950,0,0,1827,0,0.000000,16384,1643,56950,4,1.000000,0.000000
26246,28031140571,1056132,0,0,1825,0,0.000000,16384,1605,56132,4,1.000000,0.000000
26247,28032196461,1055890,0,0,1826,0,0.000000,16384,1602,55890,4,1.000000,0.000000
26248,28033252464,1056003,0,0,1815,0,0.000000,16384,1640,56003,4,1.000000,0.000000
26249,28034308634,1056170,0,0,1810,0,0.000000,16384,1635,56170,4,1.000000,0.000000
26250,28035364762,1056128,0,0,1815,0,0.000000,16384,1601,56128,4,1.000000,0.000000
26251,28036426511,1061749,0,0,1802,0,0.000000,16384,1582,61749,4,1.000000,0.000000
26252,28037482809,1056298,0,0,1827,0,0.000000,16384,1640,56298,4,1.000000,0.000000
26253,28038538684,1055875,0,0,1827,0,0.000000,16384,1649,55875,4,1.000000,0.000000
26254,28039594714,1056030,0,0,1802,0,0.000000,16384,1603,56030,4,1.000000,0.000000
26255,28040650949,1056235,0,0,1824,0,0.000000,16384,1604,56235,4,1.000000,0.000000
26256,28041671820,1020871,0,0,1731,0,0.000000,16384,1547,20871,4,1.000000,0.000000
26257,28042729515,1057695,0,0,1817,0,0.000000,16384,1640,57695,4,1.000000,0.000000
26258,28043786452,1056937,0,0,1663,0,0.000000,16384,1464,56937,4,1.000000,0.000000
26259,28044848706,1062254,0,0,1538,0,0.000000,16384,1378,62254,4,1.000000,0.000000
26260,28045915646,1066940,0,0,1429,0,0.000000,16384,1253,66940,4,1.000000,0.000000
26261,28047015807,1100161,0,0,1721,0,0.000000,16384,1548,100161,4,1.000000,0.000000
26262,28048074500,1058693,0,0,1820,0,0.000000,16384,1643,58693,4,1.000000,0.000000
26263,28049133645,1059145,0,0,1714,0,0.000000,16384,1504,59145,4,1.000000,0.000000
26264,28050191214,1057569,0,0,1792,0,0.000000,16384,1582,57569,4,1.000000,0.000000
26265,28051248388,1057174,0,0,1817,0,0.000000,16384,1640,57174,4,1.000000,0.000000
26266,28052304979,1056591,0,0,1827,0,0.000000,16384,1649,56591,4,1.000000,0.000000
26267,28053360988,1056009,0,0,1822,0,0.000000,16384,1598,56009,4,1.000000,0.000000
26268,28054419212,1058224,0,0,1823,0,0.000000,16384,1604,58224,4,1.000000,0.000000
26269,28055476735,1057523,0,0,1831,0,0.000000,16384,1647,57523,4,1.000000,0.000000
26270,28056532856,1056121,0,0,1828,0,0.000000,16384,1650,56121,4,1.000000,0.000000
26271,28057596007,1063151,0,0,1837,0,0.000000,16384,1634,63151,4,1.000000,0.000000
26272,28058652152,1056145,0,0,1814,0,0.000000,16384,1595,56145,4,1.000000,0.000000
26273,28059673229,1021077,0,0,1743,0,0.000000,16384,1554,21077,4,1.000000,0.000000
26274,28060729633,1056404,0,0,1792,0,0.000000,16384,1621,56404,4,1.000000,0.000000
26275,28061785911,1056278,0,0,1814,0,0.000000,16384,1610,56278,4,1.000000,0.000000
26276,28062842392,1056481,0,0,1801,0,0.000000,16384,1581,56481,4,1.000000,0.000000
26277,28063898777,1056385,0,0,1664,0,0.000000,16384,1500,56385,4,1.000000,0.000000
26278,28064960224,1061447,0,0,1652,0,0.000000,16384,1476,61447,4,1.000000,0.000000
26279,28066021935,1061711,0,0,1762,0,0.000000,16384,1542,61711,4,1.000000,0.000000
26280,28067079650,1057715,0,0,1817,0,0.000000,16384,1635,57715,4,1.000000,0.000000
26281,28068148352,1068702,0,0,1829,0,0.000000,16384,1650,68702,4,1.000000,0.000000
26282,28069206915,1058563,0,0,1822,0,0.000000,16384,1619,58563,4,1.000000,0.000000
26283,28070263896,1056981,0,0,1738,0,0.000000,16384,1518,56981,4,1.000000,0.000000
26284,28071320049,1056153,0,0,1790,0,0.000000,16384,1611,56153,4,1.000000,0.000000
26285,28072376785,1056736,0,0,1826,0,0.000000,16384,1648,56736,4,1.000000,0.000000
26286,28073432638,1055853,0,0,1822,0,0.000000,16384,1615,55853,4,1.000000,0.000000
26287,28074490479,1057841,0,0,1689,0,0.000000,16384,1475,57841,4,1.000000,0.000000
26288,28075552762,1062283,0,0,1576,0,0.000000,16384,1447,62283,4,1.000000,0.000000
26289,28076613882,1061120,0,0,1667,0,0.000000,16384,1454,61120,4,1.000000,0.000000
26290,28077671613,1057731,0,0,1808,0,0.000000,16384,1607,57731,4,1.000000,0.000000
26291,28078740224,1068611,0,0,1844,0,0.000000,16384,1663,68611,4,1.000000,0.000000
26292,28079796223,1055999,0,0,1823,0,0.000000,16384,1641,55999,4,1.000000,0.000000
26293,28080853994,1057771,0,0,1824,0,0.000000,16384,1603,57771,4,1.000000,0.000000
26294,28081910704,1056710,0,0,1812,0,0.000000,16384,1589,56710,4,1.000000,0.000000
26295,28082967157,1056453,0,0,1780,0,0.000000,16384,1613,56453,4,1.000000,0.000000
26296,28084028151,1060994,0,0,1565,0,0.000000,16384,1392,60994,4,1.000000,0.000000
26297,28085090986,1062835,0,0,1589,0,0.000000,16384,1412,62835,4,1.000000,0.000000
26298,28086149329,1058343,0,0,1558,0,0.000000,16384,1398,58343,4,1.000000,0.000000
26299,28087207432,1058103,0,0,1556,0,0.000000,16384,1374,58103,4,1.000000,0.000000
26300,28088264544,1057112,0,0,1696,0,0.000000,16384,1543,57112,4,1.000000,0.000000
26301,28089332179,1067635,0,0,1841,0,0.000000,16384,1617,67635,4,1.000000,0.000000
26302,28090388416,1056237,0,0,1811,0,0.000000,16384,1591,56237,4,1.000000,0.000000
26303,28091444642,1056226,0,0,1815,0,0.000000,16384,1635,56226,4,1.000000,0.000000
26304,28092500858,1056216,0,0,1794,0,0.000000,16384,1622,56216,4,1.000000,0.000000
26305,28093559482,1058624,0,0,1658,0,0.000000,16384,1450,58624,4,1.000000,0.000000
26306,28094618966,1059484,0,0,1648,0,0.000000,16384,1476,59484,4,1.000000,0.000000
26307,28095671179,1052213,0,0,1800,0,0.000000,16384,1627,52213,4,1.000000,0.000000
26308,28096727763,1056584,0,0,1803,0,0.000000,16384,1584,56584,4,1.000000,0.000000
26309,28097783953,1056190,0,0,1807,0,0.000000,16384,1587,56190,4,1.000000,0.000000
26310,28098839614,1055661,0,0,1782,0,0.000000,16384,1611,55661,4,1.000000,0.000000
26311,28099913346,1073732,0,0,1849,0,0.000000,16384,1666,73732,4,1.000000,0.000000
26312,28100969788,1056442,0,0,1821,0,0.000000,16384,1611,56442,4,1.000000,0.000000
26313,28102025867,1056079,0,0,1818,0,0.000000,16384,1598,56079,4,1.000000,0.000000
26314,28103081882,1056015,0,0,1821,0,0.000000,16384,1627,56015,4,1.000000,0.000000
26315,28104137741,1055859,0,0,1823,0,0.000000,16384,1646,55859,4,1.000000,0.000000
26316,28105195011,1057270,0,0,1718,0,0.000000,16384,1525,57270,4,1.000000,0.000000
26317,28106256164,1061153,0,0,1680,0,0.000000,16384,1474,61153,4,1.000000,0.000000
26318,28107324826,1068662,0,0,1471,0,0.000000,16384,1341,68662,4,1.000000,0.000000
26319,28108391997,1067171,0,0,1451,0,0.000000,16384,1277,67171,4,1.000000,0.000000
26320,28109463386,1071389,0,0,1406,0,0.000000,16384,1247,71389,4,1.000000,0.000000
26321,28110685455,1222069,0,0,1598,0,0.000000,16384,1436,222069,4,1.000000,0.000000
26322,28111756704,1071249,0,0,1386,0,0.000000,16384,1213,71249,4,1.000000,0.000000
26323,28112828789,1072085,0,0,1448,0,0.000000,16384,1332,72085,4,1.000000,0.000000
26324,28113872909,1044120,0,0,1358,0,0.000000,16384,1184,44120,4,1.000000,0.000000
26325,28116692275,2819366,0,0,3618,0,0.000000,16384,3232,1819366,4,1.000000,0.000000
26326,28118052598,1360323,0,0,1785,0,0.000000,16384,1565,360323,4,1.000000,0.000000
26327,28119182564,1129966,0,0,1478,0,0.000000,16384,1362,129966,4,1.000000,0.000000
26328,28120253532,1070968,0,0,1389,0,0.000000,16384,1206,70968,4,1.000000,0.000000
26329,28121326647,1073115,0,0,1428,0,0.000000,16384,1279,73115,4,1.000000,0.000000
26330,28122395288,1068641,0,0,1473,0,0.000000,16384,1323,68641,4,1.000000,0.000000
26331,28123484481,1089193,0,0,1502,0,0.000000,16384,1316,89193,4,1.000000,0.000000
26332,28124551663,1067182,0,0,1467,0,0.000000,16384,1340,67182,4,1.000000,0.000000
26333,28125622219,1070556,0,0,1468,0,0.000000,16384,1268,70556,4,1.000000,0.000000
26334,28126680576,1058357,0,0,1419,0,0.000000,16384,1294,58357,4,1.000000,0.000000
26335,28127804179,1123603,0,0,1494,0,0.000000,16384,1317,123603,4,1.000000,0.000000
26336,28128875366,1071187,0,0,1442,0,0.000000,16384,1287,71187,4,1.000000,0.000000
26337,28129943640,1068274,0,0,1430,0,0.000000,16384,1291,68274,4,1.000000,0.000000
26338,28131008874,1065234,0,0,1454,0,0.000000,16384,1257,65234,4,1.000000,0.000000
26339,28132072125,1063251,0,0,1469,0,0.000000,16384,1353,63251,4,1.000000,0.000000
26340,28133370654,1298529,0,0,1749,0,0.000000,16384,1529,298529,4,1.000000,0.000000
26341,28134466963,1096309,0,0,1457,0,0.000000,16384,1326,96309,4,1.000000,0.000000
26342,28135537363,1070400,0,0,1450,0,0.000000,16384,1254,70400,4,1.000000,0.000000
26343,28136602259,1064896,0,0,1431,0,0.000000,16384,1306,64896,4,1.000000,0.000000
26344,28137988573,1386314,0,0,1825,0,0.000000,16384,1605,386314,4,1.000000,0.000000
26345,28139057036,1068463,0,0,1434,0,0.000000,16384,1309,68463,4,1.000000,0.000000
26346,28140388771,1331735,0,0,1742,0,0.000000,16384,1531,331735,4,1.000000,0.000000
26347,28141458359,1069588,0,0,1437,0,0.000000,16384,1293,69588,4,1.000000,0.000000
26348,28142522772,1064413,0,0,1465,0,0.000000,16384,1273,64413,4,1.000000,0.000000
26349,28143588856,1066084,0,0,1465,0,0.000000,16384,1349,66084,4,1.000000,0.000000
26350,28144656069,1067213,0,0,1440,0,0.000000,16384,1248,67213,4,1.000000,0.000000
26351,28146856198,2200129,0,0,2924,0,0.000000,16384,2620,1200129,4,1.000000,0.000000
26352,28148245442,1389244,0,0,1781,0,0.000000,16384,1605,389244,4,1.000000,0.000000
26353,28149444288,1198846,0,0,1352,0,0.000000,16384,1182,198846,4,1.000000,0.000000
26354,28150515067,1070779,0,0,1456,0,0.000000,16384,1294,70779,4,1.000000,0.000000
26355,28151582613,1067546,0,0,1589,0,0.000000,16384,1423,67546,4,1.000000,0.000000
26356,28152644623,1062010,0,0,1502,0,0.000000,16384,1332,62010,4,1.000000,0.000000
26357,28153708023,1063400,0,0,1728,0,0.000000,16384,1533,63400,4,1.000000,0.000000
26358,28154774147,1066124,0,0,1722,0,0.000000,16384,1565,66124,4,1.000000,0.000000
26359,28155842949,1068802,0,0,1763,0,0.000000,16384,1551,68802,4,1.000000,0.000000
26360,28156923993,1081044,0,0,1425,0,0.000000,16384,1279,81044,4,1.000000,0.000000
26361,28158044449,1120456,0,0,1599,0,0.000000,16384,1413,120456,4,1.000000,0.000000
26362,28159109733,1065284,0,0,1595,0,0.000000,16384,1424,65284,4,1.000000,0.000000
26363,28160174742,1065009,0,0,1587,0,0.000000,16384,1418,65009,4,1.000000,0.000000
26364,28161242296,1067554,0,0,1579,0,0.000000,16384,1395,67554,4,1.000000,0.000000
26365,28162309097,1066801,0,0,1562,0,0.000000,16384,1410,66801,4,1.000000,0.000000
26366,28163371140,1062043,0,0,1365,0,0.000000,16384,1213,62043,4,1.000000,0.000000
26367,28164683390,1312250,0,0,1787,0,0.000000,16384,1603,312250,4,1.000000,0.000000
26368,28165750034,1066644,0,0,1486,0,0.000000,16384,1296,66644,4,1.000000,0.000000
26369,28166814712,1064678,0,0,1500,0,0.000000,16384,1354,64678,4,1.000000,0.000000
26370,28167874597,1059885,0,0,1540,0,0.000000,16384,1359,59885,4,1.000000,0.000000
26371,28168964237,1089640,0,0,1648,0,0.000000,16384,1493,89640,4,1.000000,0.000000
26372,28170025793,1061556,0,0,1577,0,0.000000,16384,1368,61556,4,1.000000,0.000000
26373,28171087158,1061365,0,0,1610,0,0.000000,16384,1475,61365,4,1.000000,0.000000
26374,28172153051,1065893,0,0,1561,0,0.000000,16384,1349,65893,4,1.000000,0.000000
26375,28173225491,1072440,0,0,1394,0,0.000000,16384,1278,72440,4,1.000000,0.000000
26376,28174289083,1063592,0,0,1520,0,0.000000,16384,1327,63592,4,1.000000,0.000000
26377,28175350598,1061515,0,0,1631,0,0.000000,16384,1488,61515,4,1.000000,0.000000
26378,28176411610,1061012,0,0,1381,0,0.000000,16384,1203,61012,4,1.000000,0.000000
26379,28177575717,1164107,0,0,1624,0,0.000000,16384,1466,164107,4,1.000000,0.000000
26380,28178640622,1064905,0,0,1515,0,0.000000,16384,1326,64905,4,1.000000,0.000000
26381,28179734959,1094337,0,0,1659,0,0.000000,16384,1512,94337,4,1.000000,0.000000
26382,28180793621,1058662,0,0,1620,0,0.000000,16384,1400,58662,4,1.000000,0.000000
26383,28181853079,1059458,0,0,1624,0,0.000000,16384,1478,59458,4,1.000000,0.000000
26384,28182911920,1058841,0,0,1626,0,0.000000,16384,1436,58841,4,1.000000,0.000000
26385,28184083203,1171283,0,0,1769,0,0.000000,16384,1561,171283,4,1.000000,0.000000
26386,28185147375,1064172,0,0,1465,0,0.000000,16384,1332,64172,4,1.000000,0.000000
26387,28186273975,1126600,0,0,1554,0,0.000000,16384,1364,126600,4,1.000000,0.000000
26388,28187345918,1071943,0,0,1456,0,0.000000,16384,1311,71943,4,1.000000,0.000000
26389,28188415399,1069481,0,0,1537,0,0.000000,16384,1363,69481,4,1.000000,0.000000
26390,28189488469,1073070,0,0,1565,0,0.000000,16384,1403,73070,4,1.000000,0.000000
26391,28190686377,1197908,0,0,1692,0,0.000000,16384,1484,197908,4,1.000000,0.000000
26392,28191737233,1050856,0,0,1498,0,0.000000,16384,1370,50856,4,1.000000,0.000000
26393,28192804283,1067050,0,0,1416,0,0.000000,16384,1242,67050,4,1.000000,0.000000
26394,28193871574,1067291,0,0,1521,0,0.000000,16384,1359,67291,4,1.000000,0.000000
26395,28194944072,1072498,0,0,1535,0,0.000000,16384,1367,72498,4,1.000000,0.000000
26396,28196272836,1328764,0,0,1845,0,0.000000,16384,1663,328764,4,1.000000,0.000000
26397,28197455771,1182935,0,0,1638,0,0.000000,16384,1432,182935,4,1.000000,0.000000
26398,28198531132,1075361,0,0,1457,0,0.000000,16384,1325,75361,4,1.000000,0.000000
26399,28199610951,1079819,0,0,1458,0,0.000000,16384,1259,79819,4,1.000000,0.000000
26400,28200685261,1074310,0,0,1449,0,0.000000,16384,1328,74310,4,1.000000,0.000000
26401,28201782406,1097145,0,0,1490,0,0.000000,16384,1305,97145,4,1.000000,0.000000
26402,28203743644,1961238,0,0,2677,0,0.000000,16384,2414,961238,4,1.000000,0.000000
26403,28204814306,1070662,0,0,1093,0,0.000000,16384,976,70662,4,1.000000,0.000000
26404,28205883745,1069439,0,0,1444,0,0.000000,16384,1249,69439,4,1.000000,0.000000
26405,28206953879,1070134,0,0,1436,0,0.000000,16384,1300,70134,4,1.000000,0.000000
26406,28208022504,1068625,0,0,1398,0,0.000000,16384,1248,68625,4,1.000000,0.000000
26407,28209091964,1069460,0,0,1387,0,0.000000,16384,1205,69460,4,1.000000,0.000000
26408,28210168753,1076789,0,0,1387,0,0.000000,16384,1270,76789,4,1.000000,0.000000
26409,28211241963,1073210,0,0,1381,0,0.000000,16384,1224,73210,4,1.000000,0.000000
26410,28212314851,1072888,0,0,1425,0,0.000000,16384,1251,72888,4,1.000000,0.000000
26411,28213435239,1120388,0,0,1469,0,0.000000,16384,1344,120388,4,1.000000,0.000000
26412,28214515840,1080601,0,0,1438,0,0.000000,16384,1245,80601,4,1.000000,0.000000
26413,28215587324,1071484,0,0,1486,0,0.000000,16384,1352,71484,4,1.000000,0.000000
26414,28216656620,1069296,0,0,1480,0,0.000000,16384,1301,69296,4,1.000000,0.000000
26415,28217678052,1021432,0,0,1412,0,0.000000,16384,1259,21432,4,1.000000,0.000000
26416,28218707881,1029829,0,0,1570,0,0.000000,16384,1407,29829,4,1.000000,0.000000
26417,28219774893,1067012,0,0,1585,0,0.000000,16384,1408,67012,4,1.000000,0.000000
26418,28220836188,1061295,0,0,1533,0,0.000000,16384,1368,61295,4,1.000000,0.000000
26419,28221897114,1060926,0,0,1627,0,0.000000,16384,1456,60926,4,1.000000,0.000000
26420,28222959568,1062454,0,0,1611,0,0.000000,16384,1415,62454,4,1.000000,0.000000
26421,28224048732,1089164,0,0,1797,0,0.000000,16384,1625,89164,4,1.000000,0.000000
26422,28225113244,1064512,0,0,1736,0,0.000000,16384,1544,64512,4,1.000000,0.000000
26423,28226173984,1060740,0,0,1664,0,0.000000,16384,1457,60740,4,1.000000,0.000000
26424,28227230653,1056669,0,0,1793,0,0.000000,16384,1621,56669,4,1.000000,0.000000
26425,28228287253,1056600,0,0,1829,0,0.000000,16384,1648,56600,4,1.000000,0.000000
26426,28229344350,1057097,0,0,1587,0,0.000000,16384,1367,57097,4,1.000000,0.000000
26427,28230401559,1057209,0,0,1823,0,0.000000,16384,1644,57209,4,1.000000,0.000000
26428,28231459849,1058290,0,0,1777,0,0.000000,16384,1609,58290,4,1.000000,0.000000
26429,28232518431,1058582,0,0,1817,0,0.000000,16384,1600,58582,4,1.000000,0.000000
26430,28233575842,1057411,0,0,1774,0,0.000000,16384,1554,57411,4,1.000000,0.000000
26431,28234646967,1071125,0,0,1685,0,0.000000,16384,1535,71125,4,1.000000,0.000000
26432,28235672710,1025743,0,0,1754,0,0.000000,16384,1563,25743,4,1.000000,0.000000
26433,28236732457,1059747,0,0,1803,0,0.000000,16384,1584,59747,4,1.000000,0.000000
26434,28237789483,1057026,0,0,1817,0,0.000000,16384,1620,57026,4,1.000000,0.000000
26435,28238845805,1056322,0,0,1803,0,0.000000,16384,1630,56322,4,1.000000,0.000000
26436,28239901572,1055767,0,0,1805,0,0.000000,16384,1611,55767,4,1.000000,0.000000
26437,28240958697,1057125,0,0,1775,0,0.000000,16384,1555,57125,4,1.000000,0.000000
26438,28242017215,1058518,0,0,1666,0,0.000000,16384,1499,58518,4,1.000000,0.000000
26439,28243073623,1056408,0,0,1813,0,0.000000,16384,1638,56408,4,1.000000,0.000000
26440,28244129895,1056272,0,0,1753,0,0.000000,16384,1535,56272,4,1.000000,0.000000
26441,28245220112,1090217,0,0,1686,0,0.000000,16384,1496,90217,4,1.000000,0.000000
26442,28246281601,1061489,0,0,1619,0,0.000000,16384,1469,61489,4,1.000000,0.000000
26443,28247340683,1059082,0,0,1658,0,0.000000,16384,1438,59082,4,1.000000,0.000000
26444,28248398795,1058112,0,0,1658,0,0.000000,16384,1509,58112,4,1.000000,0.000000
26445,28249457774,1058979,0,0,1641,0,0.000000,16384,1454,58979,4,1.000000,0.000000
26446,28250521100,1063326,0,0,1522,0,0.000000,16384,1357,63326,4,1.000000,0.000000
26447,28251683280,1162180,0,0,1530,0,0.000000,16384,1359,162180,4,1.000000,0.000000
26448,28252764679,1081399,0,0,1480,0,0.000000,16384,1330,81399,4,1.000000,0.000000
26449,28253835943,1071264,0,0,1472,0,0.000000,16384,1286,71264,4,1.000000,0.000000
26450,28254907524,1071581,0,0,1538,0,0.000000,16384,1403,71581,4,1.000000,0.000000
26451,28255996799,1089275,0,0,1534,0,0.000000,16384,1309,89275,4,1.000000,0.000000
26452,28257058795,1061996,0,0,1515,0,0.000000,16384,1310,61996,4,1.000000,0.000000
26453,28258120329,1061534,0,0,1527,0,0.000000,16384,1404,61534,4,1.000000,0.000000
26454,28259178333,1058004,0,0,1526,0,0.000000,16384,1313,58004,4,1.000000,0.000000
26455,28260243197,1064864,0,0,1569,0,0.000000,16384,1444,64864,4,1.000000,0.000000
26456,28261307278,1064081,0,0,1672,0,0.000000,16384,1461,64081,4,1.000000,0.000000
26457,28262365376,1058098,0,0,1735,0,0.000000,16384,1546,58098,4,1.000000,0.000000
26458,28263423021,1057645,0,0,1818,0,0.000000,16384,1641,57645,4,1.000000,0.000000
26459,28264479851,1056830,0,0,1827,0,0.000000,16384,1629,56830,4,1.000000,0.000000
26460,28265540090,1060239,0,0,1697,0,0.000000,16384,1477,60239,4,1.000000,0.000000
26461,28266631298,1091208,0,0,1877,0,0.000000,16384,1683,91208,4,1.000000,0.000000
26462,28267671959,1040661,0,0,1783,0,0.000000,16384,1614,40661,4,1.000000,0.000000
26463,28268729794,1057835,0,0,1818,0,0.000000,16384,1617,57835,4,1.000000,0.000000
26464,28269777939,1048145,0,0,1779,0,0.000000,16384,1558,48145,4,1.000000,0.000000
26465,28270843433,1065494,0,0,1650,0,0.000000,16384,1490,65494,4,1.000000,0.000000
26466,28271907656,1064223,0,0,1665,0,0.000000,16384,1485,64223,4,1.000000,0.000000
26467,28272971867,1064211,0,0,1747,0,0.000000,16384,1528,64211,4,1.000000,0.000000
26468,28274036685,1064818,0,0,1607,0,0.000000,16384,1470,64818,4,1.000000,0.000000
26469,28275150726,1114041,0,0,1510,0,0.000000,16384,1311,114041,4,1.000000,0.000000
26470,28276216650,1065924,0,0,1502,0,0.000000,16384,1380,65924,4,1.000000,0.000000
26471,28277304018,1087368,0,0,1578,0,0.000000,16384,1364,87368,4,1.000000,0.000000
26472,28278361833,1057815,0,0,1558,0,0.000000,16384,1425,57815,4,1.000000,0.000000
26473,28279421158,1059325,0,0,1559,0,0.000000,16384,1355,59325,4,1.000000,0.000000
26474,28280482923,1061765,0,0,1553,0,0.000000,16384,1415,61765,4,1.000000,0.000000
26475,28281542001,1059078,0,0,1556,0,0.000000,16384,1359,59078,4,1.000000,0.000000
26476,28282601542,1059541,0,0,1560,0,0.000000,16384,1415,59541,4,1.000000,0.000000
26477,28283658959,1057417,0,0,1556,0,0.000000,16384,1365,57417,4,1.000000,0.000000
26478,28284679934,1020975,0,0,1496,0,0.000000,16384,1358,20975,4,1.000000,0.000000
26479,28285742921,1062987,0,0,1560,0,0.000000,16384,1361,62987,4,1.000000,0.000000
26480,28286803958,1061037,0,0,1673,0,0.000000,16384,1505,61037,4,1.000000,0.000000
26481,28287878901,1074943,0,0,1691,0,0.000000,16384,1519,74943,4,1.000000,0.000000
26482,28288937357,1058456,0,0,1643,0,0.000000,16384,1430,58456,4,1.000000,0.000000
26483,28289994944,1057587,0,0,1666,0,0.000000,16384,1520,57587,4,1.000000,0.000000
26484,28291051594,1056650,0,0,1662,0,0.000000,16384,1466,56650,4,1.000000,0.000000
26485,28292108471,1056877,0,0,1662,0,0.000000,16384,1474,56877,4,1.000000,0.000000
26486,28293165216,1056745,0,0,1782,0,0.000000,16384,1613,56745,4,1.000000,0.000000
26487,28294221304,1056088,0,0,1823,0,0.000000,16384,1616,56088,4,1.000000,0.000000
26488,28295277160,1055856,0,0,1821,0,0.000000,16384,1601,55856,4,1.000000,0.000000
26489,28296333224,1056064,0,0,1821,0,0.000000,16384,1623,56064,4,1.000000,0.000000
26490,28297388912,1055688,0,0,1824,0,0.000000,16384,1646,55688,4,1.000000,0.000000
26491,28298451952,1063040,0,0,1787,0,0.000000,16384,1599,63040,4,1.000000,0.000000
26492,28299510272,1058320,0,0,1748,0,0.000000,16384,1528,58320,4,1.000000,0.000000
26493,28300568089,1057817,0,0,1796,0,0.000000,16384,1605,57817,4,1.000000,0.000000
26494,28301626048,1057959,0,0,1659,0,0.000000,16384,1510,57959,4,1.000000,0.000000
26495,28302673562,1047514,0,0,1706,0,0.000000,16384,1486,47514,4,1.000000,0.000000
26496,28303733361,1059799,0,0,1809,0,0.000000,16384,1612,59799,4,1.000000,0.000000
26497,28304790900,1057539,0,0,1768,0,0.000000,16384,1602,57539,4,1.000000,0.000000
26498,28305851248,1060348,0,0,1637,0,0.000000,16384,1440,60348,4,1.000000,0.000000
26499,28306910536,1059288,0,0,1663,0,0.000000,16384,1481,59288,4,1.000000,0.000000
26500,28307967573,1057037,0,0,1697,0,0.000000,16384,1539,57037,4,1.000000,0.000000
26501,28309033584,1066011,0,0,1839,0,0.000000,16384,1617,66011,4,1.000000,0.000000
26502,28310089407,1055823,0,0,1825,0,0.000000,16384,1603,55823,4,1.000000,0.000000
26503,28311145283,1055876,0,0,1826,0,0.000000,16384,1645,55876,4,1.000000,0.000000
26504,28312201856,1056573,0,0,1764,0,0.000000,16384,1599,56573,4,1.000000,0.000000
26505,28313261168,1059312,0,0,1637,0,0.000000,16384,1423,59312,4,1.000000,0.000000
26506,28314319879,1058711,0,0,1660,0,0.000000,16384,1495,58711,4,1.000000,0.000000
26507,28315381386,1061507,0,0,1754,0,0.000000,16384,1579,61507,4,1.000000,0.000000
26508,28316440771,1059385,0,0,1788,0,0.000000,16384,1568,59385,4,1.000000,0.000000
26509,28317498663,1057892,0,0,1818,0,0.000000,16384,1608,57892,4,1.000000,0.000000
26510,28318556988,1058325,0,0,1817,0,0.000000,16384,1641,58325,4,1.000000,0.000000
26511,28319648185,1091197,0,0,1810,0,0.000000,16384,1631,91197,4,1.000000,0.000000
26512,28320676336,1028151,0,0,1731,0,0.000000,16384,1511,28151,4,1.000000,0.000000
26513,28321736970,1060634,0,0,1818,0,0.000000,16384,1613,60634,4,1.000000,0.000000
26514,28322793468,1056498,0,0,1814,0,0.000000,16384,1640,56498,4,1.000000,0.000000
26515,28323850553,1057085,0,0,1819,0,0.000000,16384,1634,57085,4,1.000000,0.000000
26516,28324907321,1056768,0,0,1823,0,0.000000,16384,1604,56768,4,1.000000,0.000000
26517,28325968512,1061191,0,0,1628,0,0.000000,16384,1446,61191,4,1.000000,0.000000
26518,28327028374,1059862,0,0,1576,0,0.000000,16384,1418,59862,4,1.000000,0.000000
26519,28328085545,1057171,0,0,1710,0,0.000000,16384,1490,57171,4,1.000000,0.000000
26520,28329141357,1055812,0,0,1814,0,0.000000,16384,1640,55812,4,1.000000,0.000000
26521,28330208032,1066675,0,0,1840,0,0.000000,16384,1659,66675,4,1.000000,0.000000
26522,28331264957,1056925,0,0,1816,0,0.000000,16384,1607,56925,4,1.000000,0.000000
26523,28332320918,1055961,0,0,1816,0,0.000000,16384,1596,55961,4,1.000000,0.000000
26524,28333377188,1056270,0,0,1825,0,0.000000,16384,1630,56270,4,1.000000,0.000000
26525,28334435190,1058002,0,0,1829,0,0.000000,16384,1651,58002,4,1.000000,0.000000
26526,28335492841,1057651,0,0,1799,0,0.000000,16384,1608,57651,4,1.000000,0.000000
26527,28336549884,1057043,0,0,1821,0,0.000000,16384,1601,57043,4,1.000000,0.000000
26528,28337606952,1057068,0,0,1823,0,0.000000,16384,1613,57068,4,1.000000,0.000000
26529,28338663164,1056212,0,0,1825,0,0.000000,16384,1647,56212,4,1.000000,0.000000
26530,28339670598,1007434,0,0,1725,0,0.000000,16384,1549,7434,4,1.000000,0.000000
26531,28340732070,1061472,0,0,1794,0,0.000000,16384,1574,61472,4,1.000000,0.000000
26532,28341787964,1055894,0,0,1824,0,0.000000,16384,1620,55894,4,1.000000,0.000000
26533,28342843766,1055802,0,0,1825,0,0.000000,16384,1647,55802,4,1.000000,0.000000
26534,28343899708,1055942,0,0,1826,0,0.000000,16384,1643,55942,4,1.000000,0.000000
26535,28344956754,1057046,0,0,1823,0,0.000000,16384,1604,57046,4,1.000000,0.000000
26536,28346015162,1058408,0,0,1718,0,0.000000,16384,1515,58408,4,1.000000,0.000000
26537,28347072399,1057237,0,0,1790,0,0.000000,16384,1619,57237,4,1.000000,0.000000
26538,28348127401,1055002,0,0,1810,0,0.000000,16384,1619,55002,4,1.000000,0.000000
26539,28349184476,1057075,0,0,1809,0,0.000000,16384,1590,57075,4,1.000000,0.000000
26540,28350241735,1057259,0,0,1826,0,0.000000,16384,1615,57259,4,1.000000,0.000000
26541,28351305572,1063837,0,0,1836,0,0.000000,16384,1656,63837,4,1.000000,0.000000
26542,28352361615,1056043,0,0,1824,0,0.000000,16384,1646,56043,4,1.000000,0.000000
26543,28353418638,1057023,0,0,1806,0,0.000000,16384,1587,57023,4,1.000000,0.000000
26544,28354479536,1060898,0,0,1810,0,0.000000,16384,1590,60898,4,1.000000,0.000000
26545,28355540450,1060914,0,0,1820,0,0.000000,16384,1640,60914,4,1.000000,0.000000
26546,28356597448,1056998,0,0,1813,0,0.000000,16384,1638,56998,4,1.000000,0.000000
26547,28357653653,1056205,0,0,1800,0,0.000000,16384,1590,56205,4,1.000000,0.000000
26548,28358671905,1018252,0,0,1741,0,0.000000,16384,1522,18252,4,1.000000,0.000000
26549,28359728199,1056294,0,0,1823,0,0.000000,16384,1647,56294,4,1.000000,0.000000
26550,28360783943,1055744,0,0,1824,0,0.000000,16384,1645,55744,4,1.000000,0.000000
26551,28361847763,1063820,0,0,1835,0,0.000000,16384,1625,63820,4,1.000000,0.000000
26552,28362904117,1056354,0,0,1811,0,0.000000,16384,1592,56354,4,1.000000,0.000000
26553,28363959775,1055658,0,0,1813,0,0.000000,16384,1619,55658,4,1.000000,0.000000
26554,28365043418,1083643,0,0,1867,0,0.000000,16384,1681,83643,4,1.000000,0.000000
26555,28366108510,1065092,0,0,1589,0,0.000000,16384,1409,65092,4,1.000000,0.000000
26556,28367167219,1058709,0,0,1663,0,0.000000,16384,1474,58709,4,1.000000,0.000000
26557,28368224146,1056927,0,0,1664,0,0.000000,16384,1513,56927,4,1.000000,0.000000
26558,28369281752,1057606,0,0,1665,0,0.000000,16384,1445,57606,4,1.000000,0.000000
26559,28370344103,1062351,0,0,1667,0,0.000000,16384,1506,62351,4,1.000000,0.000000
26560,28371407036,1062933,0,0,1665,0,0.000000,16384,1486,62933,4,1.000000,0.000000
26561,28372488347,1081311,0,0,1696,0,0.000000,16384,1484,81311,4,1.000000,0.000000
26562,28373581728,1093381,0,0,1850,0,0.000000,16384,1667,93381,4,1.000000,0.000000
26563,28374681793,1100065,0,0,1878,0,0.000000,16384,1689,100065,4,1.000000,0.000000
26564,28375701573,1019780,0,0,1845,0,0.000000,16384,1644,19780,4,1.000000,0.000000
26565,28376763971,1062398,0,0,1928,0,0.000000,16384,1705,62398,4,1.000000,0.000000
26566,28377826317,1062346,0,0,1923,0,0.000000,16384,1703,62346,4,1.000000,0.000000
26567,28378888353,1062036,0,0,1915,0,0.000000,16384,1691,62036,4,1.000000,0.000000
26568,28379950863,1062510,0,0,1899,0,0.000000,16384,1708,62510,4,1.000000,0.000000
26569,28381010065,1059202,0,0,1829,0,0.000000,16384,1651,59202,4,1.000000,0.000000
26570,28382066815,1056750,0,0,1827,0,0.000000,16384,1632,56750,4,1.000000,0.000000
26571,28383130216,1063401,0,0,1827,0,0.000000,16384,1607,63401,4,1.000000,0.000000
26572,28384187145,1056929,0,0,1826,0,0.000000,16384,1613,56929,4,1.000000,0.000000
26573,28385243930,1056785,0,0,1816,0,0.000000,16384,1640,56785,4,1.000000,0.000000
26574,28386303792,1059862,0,0,1613,0,0.000000,16384,1438,59862,4,1.000000,0.000000
26575,28387364231,1060439,0,0,1821,0,0.000000,16384,1601,60439,4,1.000000,0.000000
26576,28388421522,1057291,0,0,1830,0,0.000000,16384,1640,57291,4,1.000000,0.000000
26577,28389478746,1057224,0,0,1828,0,0.000000,16384,1649,57224,4,1.000000,0.000000
26578,28390535857,1057111,0,0,1827,0,0.000000,16384,1632,57111,4,1.000000,0.000000
26579,28391592648,1056791,0,0,1819,0,0.000000,16384,1599,56791,4,1.000000,0.000000
26580,28392649439,1056791,0,0,1802,0,0.000000,16384,1596,56791,4,1.000000,0.000000
26581,28393706243,1056804,0,0,1816,0,0.000000,16384,1640,56804,4,1.000000,0.000000
26582,28394768214,1061971,0,0,1776,0,0.000000,16384,1593,61971,4,1.000000,0.000000
26583,28395828124,1059910,0,0,1667,0,0.000000,16384,1448,59910,4,1.000000,0.000000
26584,28396889799,1061675,0,0,1796,0,0.000000,16384,1618,61675,4,1.000000,0.000000
26585,28397953467,1063668,0,0,1790,0,0.000000,16384,1618,63668,4,1.000000,0.000000
26586,28399016042,1062575,0,0,1774,0,0.000000,16384,1560,62575,4,1.000000,0.000000
26587,28400080649,1064607,0,0,1788,0,0.000000,16384,1571,64607,4,1.000000,0.000000
26588,28401140947,1060298,0,0,1812,0,0.000000,16384,1637,60298,4,1.000000,0.000000
26589,28402197921,1056974,0,0,1827,0,0.000000,16384,1649,56974,4,1.000000,0.000000
26590,28403254097,1056176,0,0,1827,0,0.000000,16384,1613,56176,4,1.000000,0.000000
26591,28404348420,1094323,0,0,1956,0,0.000000,16384,1735,94323,4,1.000000,0.000000
26592,28405443822,1095402,0,0,1952,0,0.000000,16384,1729,95402,4,1.000000,0.000000
26593,28406507202,1063380,0,0,1762,0,0.000000,16384,1576,63380,4,1.000000,0.000000
26594,28407586340,1079138,0,0,1840,0,0.000000,16384,1659,79138,4,1.000000,0.000000
26595,28408647334,1060994,0,0,1770,0,0.000000,16384,1573,60994,4,1.000000,0.000000
26596,28409673383,1026049,0,0,1735,0,0.000000,16384,1515,26049,4,1.000000,0.000000
26597,28410730913,1057530,0,0,1827,0,0.000000,16384,1646,57530,4,1.000000,0.000000
26598,28411786530,1055617,0,0,1824,0,0.000000,16384,1646,55617,4,1.000000,0.000000
26599,28412844709,1058179,0,0,1820,0,0.000000,16384,1615,58179,4,1.000000,0.000000
26600,28413912592,1067883,0,0,1454,0,0.000000,16384,1285,67883,4,1.000000,0.000000
26601,28415027304,1114712,0,0,1435,0,0.000000,16384,1272,114712,4,1.000000,0.000000
26602,28416103984,1076680,0,0,1404,0,0.000000,16384,1279,76680,4,1.000000,0.000000
26603,28417179395,1075411,0,0,1424,0,0.000000,16384,1234,75411,4,1.000000,0.000000
26604,28418257262,1077867,0,0,1417,0,0.000000,16384,1280,77867,4,1.000000,0.000000
26605,28419341237,1083975,0,0,1429,0,0.000000,16384,1278,83975,4,1.000000,0.000000
26606,28420383557,1042320,0,0,1333,0,0.000000,16384,1159,42320,4,1.000000,0.000000
26607,28421452960,1069403,0,0,1472,0,0.000000,16384,1349,69403,4,1.000000,0.000000
26608,28422517863,1064903,0,0,1527,0,0.000000,16384,1332,64903,4,1.000000,0.000000
26609,28423611498,1093635,0,0,1808,0,0.000000,16384,1633,93635,4,1.000000,0.000000
26610,28424712802,1101304,0,0,1868,0,0.000000,16384,1678,101304,4,1.000000,0.000000
26611,28425830812,1118010,0,0,1726,0,0.000000,16384,1506,118010,4,1.000000,0.000000
26612,28426894236,1063424,0,0,1759,0,0.000000,16384,1566,63424,4,1.000000,0.000000
26613,28427956606,1062370,0,0,1910,0,0.000000,16384,1716,62370,4,1.000000,0.000000
26614,28429016920,1060314,0,0,1833,0,0.000000,16384,1655,60314,4,1.000000,0.000000
26615,28430074234,1057314,0,0,1824,0,0.000000,16384,1601,57314,4,1.000000,0.000000
26616,28431134044,1059810,0,0,1848,0,0.000000,16384,1628,59810,4,1.000000,0.000000
26617,28432193853,1059809,0,0,1823,0,0.000000,16384,1633,59809,4,1.000000,0.000000
26618,28433252021,1058168,0,0,1734,0,0.000000,16384,1575,58168,4,1.000000,0.000000
26619,28434310292,1058271,0,0,1663,0,0.000000,16384,1451,58271,4,1.000000,0.000000
26620,28435397229,1086937,0,0,1946,0,0.000000,16384,1723,86937,4,1.000000,0.000000
26621,28436498677,1101448,0,0,1980,0,0.000000,16384,1765,101448,4,1.000000,0.000000
26622,28437586139,1087462,0,0,1965,0,0.000000,16384,1759,87462,4,1.000000,0.000000
26623,28438680097,1093958,0,0,1985,0,0.000000,16384,1775,93958,4,1.000000,0.000000
26624,28439707724,1027627,0,0,1875,0,0.000000,16384,1687,27627,4,1.000000,0.000000
26625,28440768186,1060462,0,0,1911,0,0.000000,16384,1718,60462,4,1.000000,0.000000
26626,28441830608,1062422,0,0,1911,0,0.000000,16384,1686,62422,4,1.000000,0.000000
26627,28442893136,1062528,0,0,1915,0,0.000000,16384,1695,62528,4,1.000000,0.000000
26628,28443955586,1062450,0,0,1824,0,0.000000,16384,1606,62450,4,1.000000,0.000000
26629,28445018242,1062656,0,0,1904,0,0.000000,16384,1710,62656,4,1.000000,0.000000
26630,28446086788,1068546,0,0,1675,0,0.000000,16384,1524,68546,4,1.000000,0.000000
26631,28447159644,1072856,0,0,1685,0,0.000000,16384,1464,72856,4,1.000000,0.000000
26632,28448217798,1058154,0,0,1743,0,0.000000,16384,1562,58154,4,1.000000,0.000000
26633,28449276409,1058611,0,0,1789,0,0.000000,16384,1619,58611,4,1.000000,0.000000
26634,28450332934,1056525,0,0,1743,0,0.000000,16384,1535,56525,4,1.000000,0.000000
26635,28451390108,1057174,0,0,1817,0,0.000000,16384,1593,57174,4,1.000000,0.000000
26636,28452446527,1056419,0,0,1817,0,0.000000,16384,1641,56419,4,1.000000,0.000000
26637,28453502323,1055796,0,0,1817,0,0.000000,16384,1640,55796,4,1.000000,0.000000
26638,28454559463,1057140,0,0,1805,0,0.000000,16384,1594,57140,4,1.000000,0.000000
26639,28455615676,1056213,0,0,1799,0,0.000000,16384,1579,56213,4,1.000000,0.000000
26640,28456670254,1054578,0,0,1809,0,0.000000,16384,1627,54578,4,1.000000,0.000000
26641,28457736165,1065911,0,0,1803,0,0.000000,16384,1629,65911,4,1.000000,0.000000
26642,28458794581,1058416,0,0,1822,0,0.000000,16384,1614,58416,4,1.000000,0.000000
26643,28459851640,1057059,0,0,1824,0,0.000000,16384,1604,57059,4,1.000000,0.000000
26644,28460907639,1055999,0,0,1826,0,0.000000,16384,1628,55999,4,1.000000,0.000000
26645,28461963539,1055900,0,0,1824,0,0.000000,16384,1645,55900,4,1.000000,0.000000
26646,28463019140,1055601,0,0,1823,0,0.000000,16384,1635,55601,4,1.000000,0.000000
26647,28464079260,1060120,0,0,1825,0,0.000000,16384,1606,60120,4,1.000000,0.000000
26648,28465143116,1063856,0,0,1630,0,0.000000,16384,1451,63856,4,1.000000,0.000000
26649,28466203916,1060800,0,0,1738,0,0.000000,16384,1577,60800,4,1.000000,0.000000
26650,28467262351,1058435,0,0,1824,0,0.000000,16384,1600,58435,4,1.000000,0.000000
26651,28468344000,1081649,0,0,1877,0,0.000000,16384,1444,81649,4,1.000000,0.000000
26652,28469400354,1056354,0,0,1848,0,0.000000,16384,1314,56354,4,1.000000,0.000000
26653,28470458275,1057921,0,0,1807,0,0.000000,16384,1286,57921,4,1.000000,0.000000
26654,28471515532,1057257,0,0,1729,0,0.000000,16384,1230,57257,4,1.000000,0.000000
26655,28472571994,1056462,0,0,1849,0,0.000000,16384,1315,56462,4,1.000000,0.000000
26656,28473628047,1056053,0,0,1838,0,0.000000,16384,1308,56053,4,1.000000,0.000000
26657,28474670561,1042514,0,0,1825,0,0.000000,16384,1297,42514,4,1.000000,0.000000
26658,28475726188,1055627,0,0,1848,0,0.000000,16384,1315,55627,4,1.000000,0.000000
26659,28476781940,1055752,0,0,1820,0,0.000000,16384,1475,55752,4,1.000000,0.000000
26660,28477837864,1055924,0,0,1826,0,0.000000,16384,1606,55924,4,1.000000,0.000000
26661,28478907494,1069630,0,0,1671,0,0.000000,16384,1472,69630,4,1.000000,0.000000
26662,28479969717,1062223,0,0,1772,0,0.000000,16384,1605,62223,4,1.000000,0.000000
26663,28481027396,1057679,0,0,1817,0,0.000000,16384,1623,57679,4,1.000000,0.000000
26664,28482082997,1055601,0,0,1820,0,0.000000,16384,1600,55601,4,1.000000,0.000000
26665,28483140949,1057952,0,0,1821,0,0.000000,16384,1611,57952,4,1.000000,0.000000
26666,28484197895,1056946,0,0,1813,0,0.000000,16384,1638,56946,4,1.000000,0.000000
26667,28485254675,1056780,0,0,1827,0,0.000000,16384,1647,56780,4,1.000000,0.000000
26668,28486318545,1063870,0,0,1675,0,0.000000,16384,1456,63870,4,1.000000,0.000000
26669,28487384020,1065475,0,0,1632,0,0.000000,16384,1472,65475,4,1.000000,0.000000
26670,28488443286,1059266,0,0,1666,0,0.000000,16384,1486,59266,4,1.000000,0.000000
26671,28489517301,1074015,0,0,1688,0,0.000000,16384,1478,74015,4,1.000000,0.000000
26672,28490606846,1089545,0,0,1851,0,0.000000,16384,1668,89545,4,1.000000,0.000000
26673,28491699675,1092829,0,0,1866,0,0.000000,16384,1680,92829,4,1.000000,0.000000
26674,28492763630,1063955,0,0,1844,0,0.000000,16384,1638,63955,4,1.000000,0.000000
26675,28493826092,1062462,0,0,1924,0,0.000000,16384,1705,62462,4,1.000000,0.000000
26676,28494888386,1062294,0,0,1916,0,0.000000,16384,1692,62294,4,1.000000,0.000000
26677,28495951660,1063274,0,0,1871,0,0.000000,16384,1664,63274,4,1.000000,0.000000
26678,28497011406,1059746,0,0,1761,0,0.000000,16384,1596,59746,4,1.000000,0.000000
26679,28498072379,1060973,0,0,1900,0,0.000000,16384,1708,60973,4,1.000000,0.000000
26680,28499134730,1062351,0,0,1894,0,0.000000,16384,1670,62351,4,1.000000,0.000000
26681,28500278891,1144161,0,0,1810,0,0.000000,16384,1590,144161,4,1.000000,0.000000
26682,28501341396,1062505,0,0,1542,0,0.000000,16384,1404,62505,4,1.000000,0.000000
26683,28502400953,1059557,0,0,1624,0,0.000000,16384,1426,59557,4,1.000000,0.000000
26684,28503490931,1089978,0,0,1824,0,0.000000,16384,1613,89978,4,1.000000,0.000000
26685,28504556264,1065333,0,0,1553,0,0.000000,16384,1424,65333,4,1.000000,0.000000
26686,28505652701,1096437,0,0,1842,0,0.000000,16384,1620,96437,4,1.000000,0.000000
26687,28506677687,1024986,0,0,1511,0,0.000000,16384,1349,24986,4,1.000000,0.000000
26688,28507737137,1059450,0,0,1657,0,0.000000,16384,1481,59450,4,1.000000,0.000000
26689,28508755015,1017878,0,0,1591,0,0.000000,16384,1398,17878,4,1.000000,0.000000
26690,28509815756,1060741,0,0,1378,0,0.000000,16384,1238,60741,4,1.000000,0.000000
26691,28510895578,1079822,0,0,1597,0,0.000000,16384,1423,79822,4,1.000000,0.000000
26692,28511953348,1057770,0,0,1660,0,0.000000,16384,1494,57770,4,1.000000,0.000000
26693,28513011415,1058067,0,0,1656,0,0.000000,16384,1439,58067,4,1.000000,0.000000
26694,28514067819,1056404,0,0,1625,0,0.000000,16384,1488,56404,4,1.000000,0.000000
26695,28515127750,1059931,0,0,1552,0,0.000000,16384,1351,59931,4,1.000000,0.000000
26696,28516185752,1058002,0,0,1628,0,0.000000,16384,1473,58002,4,1.000000,0.000000
26697,28517242692,1056940,0,0,1666,0,0.000000,16384,1480,56940,4,1.000000,0.000000
26698,28518299584,1056892,0,0,1658,0,0.000000,16384,1460,56892,4,1.000000,0.000000
26699,28519356943,1057359,0,0,1651,0,0.000000,16384,1509,57359,4,1.000000,0.000000
26700,28520454432,1097489,0,0,1626,0,0.000000,16384,1411,97489,4,1.000000,0.000000
26701,28521546156,1091724,0,0,1681,0,0.000000,16384,1515,91724,4,1.000000,0.000000
26702,28522604882,1058726,0,0,1665,0,0.000000,16384,1491,58726,4,1.000000,0.000000
26703,28523662482,1057600,0,0,1666,0,0.000000,16384,1455,57600,4,1.000000,0.000000
26704,28524672477,1009995,0,0,1589,0,0.000000,16384,1458,9995,4,1.000000,0.000000
26705,28525732114,1059637,0,0,1659,0,0.000000,16384,1445,59637,4,1.000000,0.000000
26706,28526790796,1058682,0,0,1633,0,0.000000,16384,1469,58682,4,1.000000,0.000000
26707,28527848752,1057956,0,0,1798,0,0.000000,16384,1622,57956,4,1.000000,0.000000
26708,28528905681,1056929,0,0,1657,0,0.000000,16384,1437,56929,4,1.000000,0.000000
26709,28529962605,1056924,0,0,1666,0,0.000000,16384,1506,56924,4,1.000000,0.000000
26710,28531020008,1057403,0,0,1666,0,0.000000,16384,1486,57403,4,1.000000,0.000000
26711,28532086783,1066775,0,0,1678,0,0.000000,16384,1470,66775,4,1.000000,0.000000
26712,28533142886,1056103,0,0,1663,0,0.000000,16384,1518,56103,4,1.000000,0.000000
26713,28534198961,1056075,0,0,1791,0,0.000000,16384,1584,56075,4,1.000000,0.000000
26714,28535255484,1056523,0,0,1744,0,0.000000,16384,1524,56523,4,1.000000,0.000000
26715,28536311632,1056148,0,0,1750,0,0.000000,16384,1588,56148,4,1.000000,0.000000
26716,28537367814,1056182,0,0,1816,0,0.000000,16384,1638,56182,4,1.000000,0.000000
26717,28538424001,1056187,0,0,1824,0,0.000000,16384,1602,56187,4,1.000000,0.000000
26718,28539479690,1055689,0,0,1822,0,0.000000,16384,1600,55689,4,1.000000,0.000000
26719,28540535736,1056046,0,0,1825,0,0.000000,16384,1645,56046,4,1.000000,0.000000
26720,28541591920,1056184,0,0,1826,0,0.000000,16384,1648,56184,4,1.000000,0.000000
26721,28542651704,1059784,0,0,1832,0,0.000000,16384,1626,59784,4,1.000000,0.000000
26722,28543670446,1018742,0,0,1755,0,0.000000,16384,1535,18742,4,1.000000,0.000000
26723,28544726331,1055885,0,0,1823,0,0.000000,16384,1635,55885,4,1.000000,0.000000
26724,28545782335,1056004,0,0,1800,0,0.000000,16384,1627,56004,4,1.000000,0.000000
26725,28546840516,1058181,0,0,1655,0,0.000000,16384,1456,58181,4,1.000000,0.000000
26726,28547899943,1059427,0,0,1708,0,0.000000,16384,1515,59427,4,1.000000,0.000000
26727,28548958444,1058501,0,0,1807,0,0.000000,16384,1632,58501,4,1.000000,0.000000
26728,28550016817,1058373,0,0,1756,0,0.000000,16384,1560,58373,4,1.000000,0.000000
26729,28551074279,1057462,0,0,1812,0,0.000000,16384,1592,57462,4,1.000000,0.000000
26730,28552129771,1055492,0,0,1820,0,0.000000,16384,1627,55492,4,1.000000,0.000000
26731,28553194179,1064408,0,0,1832,0,0.000000,16384,1653,64408,4,1.000000,0.000000
26732,28554250315,1056136,0,0,1821,0,0.000000,16384,1629,56136,4,1.000000,0.000000
26733,28555306074,1055759,0,0,1819,0,0.000000,16384,1598,55759,4,1.000000,0.000000
26734,28556362729,1056655,0,0,1819,0,0.000000,16384,1608,56655,4,1.000000,0.000000
26735,28557423206,1060477,0,0,1823,0,0.000000,16384,1646,60477,4,1.000000,0.000000
26736,28558483573,1060367,0,0,1817,0,0.000000,16384,1642,60367,4,1.000000,0.000000
26737,28559540337,1056764,0,0,1804,0,0.000000,16384,1583,56764,4,1.000000,0.000000
26738,28560596866,1056529,0,0,1686,0,0.000000,16384,1489,56529,4,1.000000,0.000000
26739,28561653954,1057088,0,0,1800,0,0.000000,16384,1627,57088,4,1.000000,0.000000
26740,28562670323,1016369,0,0,1750,0,0.000000,16384,1557,16369,4,1.000000,0.000000
26741,28563733645,1063322,0,0,1836,0,0.000000,16384,1616,63322,4,1.000000,0.000000
26742,28564789570,1055925,0,0,1825,0,0.000000,16384,1624,55925,4,1.000000,0.000000
26743,28565845886,1056316,0,0,1804,0,0.000000,16384,1630,56316,4,1.000000,0.000000
26744,28566903713,1057827,0,0,1767,0,0.000000,16384,1578,57827,4,1.000000,0.000000
26745,28567961666,1057953,0,0,1826,0,0.000000,16384,1606,57953,4,1.000000,0.000000
26746,28569018298,1056632,0,0,1825,0,0.000000,16384,1618,56632,4,1.000000,0.000000
26747,28570074196,1055898,0,0,1826,0,0.000000,16384,1648,55898,4,1.000000,0.000000
26748,28571129779,1055583,0,0,1805,0,0.000000,16384,1626,55583,4,1.000000,0.000000
26749,28572185960,1056181,0,0,1775,0,0.000000,16384,1555,56181,4,1.000000,0.000000
26750,28573242153,1056193,0,0,1813,0,0.000000,16384,1601,56193,4,1.000000,0.000000
26751,28574315287,1073134,0,0,1821,0,0.000000,16384,1645,73134,4,1.000000,0.000000
26752,28575378525,1063238,0,0,1569,0,0.000000,16384,1396,63238,4,1.000000,0.000000
26753,28576438032,1059507,0,0,1759,0,0.000000,16384,1547,59507,4,1.000000,0.000000
26754,28577494622,1056590,0,0,1814,0,0.000000,16384,1638,56590,4,1.000000,0.000000
26755,28578551848,1057226,0,0,1818,0,0.000000,16384,1643,57226,4,1.000000,0.000000
26756,28579608342,1056494,0,0,1817,0,0.000000,16384,1593,56494,4,1.000000,0.000000
26757,28580665344,1057002,0,0,1826,0,0.000000,16384,1606,57002,4,1.000000,0.000000
26758,28581724273,1058929,0,0,1815,0,0.000000,16384,1634,58929,4,1.000000,0.000000
26759,28582780561,1056288,0,0,1825,0,0.000000,16384,1648,56288,4,1.000000,0.000000
26760,28583836408,1055847,0,0,1813,0,0.000000,16384,1607,55847,4,1.000000,0.000000
26761,28584903384,1066976,0,0,1839,0,0.000000,16384,1619,66976,4,1.000000,0.000000
26762,28585959528,1056144,0,0,1824,0,0.000000,16384,1622,56144,4,1.000000,0.000000
26763,28587068338,1108810,0,0,1670,0,0.000000,16384,1524,108810,4,1.000000,0.000000
26764,28588134434,1066096,0,0,1614,0,0.000000,16384,1402,66096,4,1.000000,0.000000
26765,28589196389,1061955,0,0,1561,0,0.000000,16384,1418,61955,4,1.000000,0.000000
26766,28590253761,1057372,0,0,1613,0,0.000000,16384,1420,57372,4,1.000000,0.000000
26767,28591311255,1057494,0,0,1665,0,0.000000,16384,1484,57494,4,1.000000,0.000000
26768,28592399855,1088600,0,0,1820,0,0.000000,16384,1643,88600,4,1.000000,0.000000
26769,28593490600,1090745,0,0,1833,0,0.000000,16384,1626,90745,4,1.000000,0.000000
26770,28594554056,1063456,0,0,1781,0,0.000000,16384,1561,63456,4,1.000000,0.000000
26771,28595655957,1101901,0,0,1875,0,0.000000,16384,1672,101901,4,1.000000,0.000000
26772,28596703177,1047220,0,0,1785,0,0.000000,16384,1615,47220,4,1.000000,0.000000
26773,28597766530,1063353,0,0,1816,0,0.000000,16384,1626,63353,4,1.000000,0.000000
26774,28598830144,1063614,0,0,1807,0,0.000000,16384,1587,63614,4,1.000000,0.000000
26775,28599891907,1061763,0,0,1812,0,0.000000,16384,1603,61763,4,1.000000,0.000000
26776,28600952961,1061054,0,0,1820,0,0.000000,16384,1643,61054,4,1.000000,0.000000
26777,28602011924,1058963,0,0,1829,0,0.000000,16384,1650,58963,4,1.000000,0.000000
26778,28603068251,1056327,0,0,1823,0,0.000000,16384,1600,56327,4,1.000000,0.000000
26779,28604124615,1056364,0,0,1813,0,0.000000,16384,1593,56364,4,1.000000,0.000000
26780,28605181110,1056495,0,0,1828,0,0.000000,16384,1647,56495,4,1.000000,0.000000
26781,28606245643,1064533,0,0,1840,0,0.000000,16384,1659,64533,4,1.000000,0.000000
26782,28607304348,1058705,0,0,1743,0,0.000000,16384,1541,58705,4,1.000000,0.000000
26783,28608362222,1057874,0,0,1829,0,0.000000,16384,1609,57874,4,1.000000,0.000000
26784,28609417883,1055661,0,0,1827,0,0.000000,16384,1637,55661,4,1.000000,0.000000
26785,28610474812,1056929,0,0,1827,0,0.000000,16384,1649,56929,4,1.000000,0.000000
26786,28611531132,1056320,0,0,1825,0,0.000000,16384,1629,56320,4,1.000000,0.000000
26787,28612587498,1056366,0,0,1812,0,0.000000,16384,1592,56366,4,1.000000,0.000000
26788,28613643198,1055700,0,0,1710,0,0.000000,16384,1524,55700,4,1.000000,0.000000
26789,28614670627,1027429,0,0,1774,0,0.000000,16384,1607,27429,4,1.000000,0.000000
26790,28615732650,1062023,0,0,1646,0,0.000000,16384,1439,62023,4,1.000000,0.000000
26791,28616808988,1076338,0,0,1575,0,0.000000,16384,1419,76338,4,1.000000,0.000000
26792,28617868816,1059828,0,0,1668,0,0.000000,16384,1484,59828,4,1.000000,0.000000
26793,28618927881,1059065,0,0,1666,0,0.000000,16384,1464,59065,4,1.000000,0.000000
26794,28619986744,1058863,0,0,1668,0,0.000000,16384,1521,58863,4,1.000000,0.000000
26795,28621049462,1062718,0,0,1621,0,0.000000,16384,1413,62718,4,1.000000,0.000000
26796,28622108558,1059096,0,0,1666,0,0.000000,16384,1498,59096,4,1.000000,0.000000
26797,28623165747,1057189,0,0,1667,0,0.000000,16384,1496,57189,4,1.000000,0.000000
26798,28624222328,1056581,0,0,1746,0,0.000000,16384,1526,56581,4,1.000000,0.000000
26799,28625279205,1056877,0,0,1725,0,0.000000,16384,1556,56877,4,1.000000,0.000000
26800,28626337062,1057857,0,0,1598,0,0.000000,16384,1427,57857,4,1.000000,0.000000
26801,28627420964,1083902,0,0,1727,0,0.000000,16384,1514,83902,4,1.000000,0.000000
26802,28628479107,1058143,0,0,1808,0,0.000000,16384,1633,58143,4,1.000000,0.000000
26803,28629536802,1057695,0,0,1810,0,0.000000,16384,1638,57695,4,1.000000,0.000000
26804,28630593583,1056781,0,0,1807,0,0.000000,16384,1583,56781,4,1.000000,0.000000
26805,28631650439,1056856,0,0,1808,0,0.000000,16384,1588,56856,4,1.000000,0.000000
26806,28632717657,1067218,0,0,1569,0,0.000000,16384,1442,67218,4,1.000000,0.000000
26807,28633786578,1068921,0,0,1540,0,0.000000,16384,1331,68921,4,1.000000,0.000000
26808,28634851515,1064937,0,0,1804,0,0.000000,16384,1625,64937,4,1.000000,0.000000
26809,28635917873,1066358,0,0,1796,0,0.000000,16384,1624,66358,4,1.000000,0.000000
26810,28636983112,1065239,0,0,1785,0,0.000000,16384,1572,65239,4,1.000000,0.000000
26811,28638071076,1087964,0,0,1809,0,0.000000,16384,1589,87964,4,1.000000,0.000000
26812,28639135403,1064327,0,0,1762,0,0.000000,16384,1591,64327,4,1.000000,0.000000
26813,28640195729,1060326,0,0,1644,0,0.000000,16384,1475,60326,4,1.000000,0.000000
26814,28641252696,1056967,0,0,1667,0,0.000000,16384,1455,56967,4,1.000000,0.000000
26815,28642310019,1057323,0,0,1666,0,0.000000,16384,1520,57323,4,1.000000,0.000000
26816,28643398373,1088354,0,0,1819,0,0.000000,16384,1617,88354,4,1.000000,0.000000
26817,28644486862,1088489,0,0,1835,0,0.000000,16384,1615,88489,4,1.000000,0.000000
26818,28645575155,1088293,0,0,1968,0,0.000000,16384,1743,88293,4,1.000000,0.000000
26819,28646638860,1063705,0,0,1819,0,0.000000,16384,1633,63705,4,1.000000,0.000000
26820,28647673291,1034431,0,0,1676,0,0.000000,16384,1523,34431,4,1.000000,0.000000
26821,28648759297,1086006,0,0,1600,0,0.000000,16384,1380,86006,4,1.000000,0.000000
26822,28649827074,1067777,0,0,1551,0,0.000000,16384,1427,67777,4,1.000000,0.000000
26823,28650888837,1061763,0,0,1649,0,0.000000,16384,1437,61763,4,1.000000,0.000000
26824,28651947371,1058534,0,0,1569,0,0.000000,16384,1418,58534,4,1.000000,0.000000
26825,28653004994,1057623,0,0,1708,0,0.000000,16384,1519,57623,4,1.000000,0.000000
26826,28654064771,1059777,0,0,1887,0,0.000000,16384,1667,59777,4,1.000000,0.000000
26827,28655128812,1064041,0,0,1889,0,0.000000,16384,1669,64041,4,1.000000,0.000000
26828,28656187845,1059033,0,0,1830,0,0.000000,16384,1652,59033,4,1.000000,0.000000
26829,28657244540,1056695,0,0,1828,0,0.000000,16384,1649,56695,4,1.000000,0.000000
26830,28658300494,1055954,0,0,1825,0,0.000000,16384,1613,55954,4,1.000000,0.000000
26831,28659376931,1076437,0,0,1857,0,0.000000,16384,1638,76437,4,1.000000,0.000000
26832,28660432699,1055768,0,0,1826,0,0.000000,16384,1624,55768,4,1.000000,0.000000
26833,28661488995,1056296,0,0,1816,0,0.000000,16384,1640,56296,4,1.000000,0.000000
26834,28662545166,1056171,0,0,1825,0,0.000000,16384,1638,56171,4,1.000000,0.000000
26835,28663601091,1055925,0,0,1814,0,0.000000,16384,1595,55925,4,1.000000,0.000000
26836,28664662014,1060923,0,0,1590,0,0.000000,16384,1418,60923,4,1.000000,0.000000
26837,28665729694,1067680,0,0,1527,0,0.000000,16384,1363,67680,4,1.000000,0.000000
26838,28666784216,1054522,0,0,1782,0,0.000000,16384,1565,54522,4,1.000000,0.000000
26839,28667850266,1066050,0,0,1550,0,0.000000,16384,1426,66050,4,1.000000,0.000000
26840,28668912046,1061780,0,0,1584,0,0.000000,16384,1365,61780,4,1.000000,0.000000
26841,28669994608,1082562,0,0,1705,0,0.000000,16384,1548,82562,4,1.000000,0.000000
26842,28671056828,1062220,0,0,1666,0,0.000000,16384,1483,62220,4,1.000000,0.000000
26843,28672119232,1062404,0,0,1665,0,0.000000,16384,1462,62404,4,1.000000,0.000000
26844,28673176401,1057169,0,0,1667,0,0.000000,16384,1521,57169,4,1.000000,0.000000
26845,28674233067,1056666,0,0,1666,0,0.000000,16384,1459,56666,4,1.000000,0.000000
26846,28675289626,1056559,0,0,1667,0,0.000000,16384,1489,56559,4,1.000000,0.000000
26847,28676346075,1056449,0,0,1667,0,0.000000,16384,1505,56449,4,1.000000,0.000000
26848,28677448220,1102145,0,0,1850,0,0.000000,16384,1630,102145,4,1.000000,0.000000
26849,28678540028,1091808,0,0,1950,0,0.000000,16384,1726,91808,4,1.000000,0.000000
26850,28679627495,1087467,0,0,1969,0,0.000000,16384,1745,87467,4,1.000000,0.000000
26851,28680700977,1073482,0,0,1947,0,0.000000,16384,1742,73482,4,1.000000,0.000000
26852,28681763464,1062487,0,0,1930,0,0.000000,16384,1732,62487,4,1.000000,0.000000
26853,28682826012,1062548,0,0,1911,0,0.000000,16384,1716,62548,4,1.000000,0.000000
26854,28683889049,1063037,0,0,1918,0,0.000000,16384,1721,63037,4,1.000000,0.000000
26855,28684951540,1062491,0,0,1910,0,0.000000,16384,1692,62491,4,1.000000,0.000000
26856,28686010344,1058804,0,0,1828,0,0.000000,16384,1609,58804,4,1.000000,0.000000
26857,28687068366,1058022,0,0,1768,0,0.000000,16384,1572,58022,4,1.000000,0.000000
26858,28688129871,1061505,0,0,1567,0,0.000000,16384,1422,61505,4,1.000000,0.000000
26859,28689191111,1061240,0,0,1667,0,0.000000,16384,1438,61240,4,1.000000,0.000000
26860,28690681858,1490747,0,0,2110,0,0.000000,16384,1875,490747,4,1.000000,0.000000
26861,28691774100,1092242,0,0,1400,0,0.000000,16384,1213,92242,4,1.000000,0.000000
26862,28692844810,1070710,0,0,1377,0,0.000000,16384,1245,70710,4,1.000000,0.000000
26863,28693919037,1074227,0,0,1386,0,0.000000,16384,1247,74227,4,1.000000,0.000000
26864,28694993179,1074142,0,0,1365,0,0.000000,16384,1186,74142,4,1.000000,0.000000
26865,28696065223,1072044,0,0,1397,0,0.000000,16384,1267,72044,4,1.000000,0.000000
26866,28697135842,1070619,0,0,1436,0,0.000000,16384,1280,70619,4,1.000000,0.000000
26867,28698445886,1310044,0,0,1749,0,0.000000,16384,1568,310044,4,1.000000,0.000000
26868,28699514206,1068320,0,0,1430,0,0.000000,16384,1256,68320,4,1.000000,0.000000
26869,28700585830,1071624,0,0,1481,0,0.000000,16384,1324,71624,4,1.000000,0.000000
26870,28701650848,1065018,0,0,1606,0,0.000000,16384,1426,65018,4,1.000000,0.000000
26871,28702742858,1092010,0,0,1697,0,0.000000,16384,1537,92010,4,1.000000,0.000000
26872,28703801729,1058871,0,0,1649,0,0.000000,16384,1429,58871,4,1.000000,0.000000
26873,28704860739,1059010,0,0,1571,0,0.000000,16384,1435,59010,4,1.000000,0.000000
26874,28705917332,1056593,0,0,1657,0,0.000000,16384,1457,56593,4,1.000000,0.000000
26875,28706975028,1057696,0,0,1658,0,0.000000,16384,1477,57696,4,1.000000,0.000000
26876,28708034477,1059449,0,0,1668,0,0.000000,16384,1509,59449,4,1.000000,0.000000
26877,28709093167,1058690,0,0,1821,0,0.000000,16384,1601,58690,4,1.000000,0.000000
26878,28710150195,1057028,0,0,1818,0,0.000000,16384,1603,57028,4,1.000000,0.000000
26879,28711206293,1056098,0,0,1825,0,0.000000,16384,1648,56098,4,1.000000,0.000000
26880,28712261816,1055523,0,0,1827,0,0.000000,16384,1648,55523,4,1.000000,0.000000
26881,28713328454,1066638,0,0,1840,0,0.000000,16384,1623,66638,4,1.000000,0.000000
26882,28714384711,1056257,0,0,1816,0,0.000000,16384,1596,56257,4,1.000000,0.000000
26883,28715441171,1056460,0,0,1825,0,0.000000,16384,1633,56460,4,1.000000,0.000000
26884,28716502113,1060942,0,0,1824,0,0.000000,16384,1648,60942,4,1.000000,0.000000
26885,28717562759,1060646,0,0,1809,0,0.000000,16384,1613,60646,4,1.000000,0.000000
26886,28718619357,1056598,0,0,1815,0,0.000000,16384,1595,56598,4,1.000000,0.000000
26887,28719674974,1055617,0,0,1818,0,0.000000,16384,1613,55617,4,1.000000,0.000000
26888,28720735516,1060542,0,0,1830,0,0.000000,16384,1651,60542,4,1.000000,0.000000
26889,28721797225,1061709,0,0,1677,0,0.000000,16384,1497,61709,4,1.000000,0.000000
26890,28722855357,1058132,0,0,1826,0,0.000000,16384,1606,58132,4,1.000000,0.000000
26891,28723922809,1067452,0,0,1843,0,0.000000,16384,1642,67452,4,1.000000,0.000000
26892,28724978556,1055747,0,0,1825,0,0.000000,16384,1647,55747,4,1.000000,0.000000
26893,28726034707,1056151,0,0,1814,0,0.000000,16384,1629,56151,4,1.000000,0.000000
26894,28727092039,1057332,0,0,1819,0,0.000000,16384,1599,57332,4,1.000000,0.000000
26895,28728149817,1057778,0,0,1696,0,0.000000,16384,1504,57778,4,1.000000,0.000000
26896,28729206887,1057070,0,0,1752,0,0.000000,16384,1588,57070,4,1.000000,0.000000
26897,28730263527,1056640,0,0,1736,0,0.000000,16384,1530,56640,4,1.000000,0.000000
26898,28731319287,1055760,0,0,1766,0,0.000000,16384,1553,55760,4,1.000000,0.000000
26899,28732375180,1055893,0,0,1821,0,0.000000,16384,1644,55893,4,1.000000,0.000000
26900,28733432008,1056828,0,0,1822,0,0.000000,16384,1645,56828,4,1.000000,0.000000
26901,28734510132,1078124,0,0,1757,0,0.000000,16384,1542,78124,4,1.000000,0.000000
26902,28735566946,1056814,0,0,1821,0,0.000000,16384,1600,56814,4,1.000000,0.000000
26903,28736622670,1055724,0,0,1819,0,0.000000,16384,1643,55724,4,1.000000,0.000000
26904,28737670080,1047410,0,0,1802,0,0.000000,16384,1629,47410,4,1.000000,0.000000
26905,28738726192,1056112,0,0,1811,0,0.000000,16384,1593,56112,4,1.000000,0.000000
26906,28739782340,1056148,0,0,1820,0,0.000000,16384,1600,56148,4,1.000000,0.000000
26907,28740841037,1058697,0,0,1692,0,0.000000,16384,1533,58697,4,1.000000,0.000000
26908,28741899487,1058450,0,0,1792,0,0.000000,16384,1611,58450,4,1.000000,0.000000
26909,28742957552,1058065,0,0,1677,0,0.000000,16384,1457,58065,4,1.000000,0.000000
26910,28744013962,1056410,0,0,1823,0,0.000000,16384,1634,56410,4,1.000000,0.000000
26911,28745078933,1064971,0,0,1835,0,0.000000,16384,1655,64971,4,1.000000,0.000000
26912,28746136923,1057990,0,0,1809,0,0.000000,16384,1614,57990,4,1.000000,0.000000
26913,28747196348,1059425,0,0,1798,0,0.000000,16384,1578,59425,4,1.000000,0.000000
26914,28748256335,1059987,0,0,1704,0,0.000000,16384,1525,59987,4,1.000000,0.000000
26915,28749314027,1057692,0,0,1824,0,0.000000,16384,1646,57692,4,1.000000,0.000000
26916,28750371334,1057307,0,0,1797,0,0.000000,16384,1590,57307,4,1.000000,0.000000
26917,28751427956,1056622,0,0,1820,0,0.000000,16384,1600,56622,4,1.000000,0.000000
26918,28752484587,1056631,0,0,1824,0,0.000000,16384,1631,56631,4,1.000000,0.000000
26919,28753541234,1056647,0,0,1783,0,0.000000,16384,1614,56647,4,1.000000,0.000000
26920,28754597195,1055961,0,0,1811,0,0.000000,16384,1609,55961,4,1.000000,0.000000
26921,28755662852,1065657,0,0,1825,0,0.000000,16384,1605,65657,4,1.000000,0.000000
26922,28756670968,1008116,0,0,1710,0,0.000000,16384,1531,8116,4,1.000000,0.000000
26923,28757728162,1057194,0,0,1816,0,0.000000,16384,1640,57194,4,1.000000,0.000000
26924,28758785046,1056884,0,0,1821,0,0.000000,16384,1612,56884,4,1.000000,0.000000
26925,28759841287,1056241,0,0,1821,0,0.000000,16384,1601,56241,4,1.000000,0.000000
26926,28760898149,1056862,0,0,1717,0,0.000000,16384,1542,56862,4,1.000000,0.000000
26927,28761957043,1058894,0,0,1783,0,0.000000,16384,1613,58894,4,1.000000,0.000000
26928,28763016124,1059081,0,0,1699,0,0.000000,16384,1484,59081,4,1.000000,0.000000
26929,28764075378,1059254,0,0,1831,0,0.000000,16384,1620,59254,4,1.000000,0.000000
26930,28765132286,1056908,0,0,1826,0,0.000000,16384,1649,56908,4,1.000000,0.000000
26931,28766203129,1070843,0,0,1823,0,0.000000,16384,1646,70843,4,1.000000,0.000000
26932,28767266213,1063084,0,0,1738,0,0.000000,16384,1519,63084,4,1.000000,0.000000
26933,28768326709,1060496,0,0,1682,0,0.000000,16384,1498,60496,4,1.000000,0.000000
26934,28769384636,1057927,0,0,1790,0,0.000000,16384,1619,57927,4,1.000000,0.000000
26935,28770441643,1057007,0,0,1814,0,0.000000,16384,1605,57007,4,1.000000,0.000000
26936,28771502674,1061031,0,0,1824,0,0.000000,16384,1604,61031,4,1.000000,0.000000
26937,28772564681,1062007,0,0,1822,0,0.000000,16384,1627,62007,4,1.000000,0.000000
26938,28773622641,1057960,0,0,1826,0,0.000000,16384,1648,57960,4,1.000000,0.000000
26939,28774676346,1053705,0,0,1795,0,0.000000,16384,1604,53705,4,1.000000,0.000000
26940,28775735543,1059197,0,0,1823,0,0.000000,16384,1603,59197,4,1.000000,0.000000
26941,28776804283,1068740,0,0,1816,0,0.000000,16384,1608,68740,4,1.000000,0.000000
26942,28777861079,1056796,0,0,1816,0,0.000000,16384,1640,56796,4,1.000000,0.000000
26943,28778917513,1056434,0,0,1825,0,0.000000,16384,1645,56434,4,1.000000,0.000000
26944,28779974878,1057365,0,0,1810,0,0.000000,16384,1590,57365,4,1.000000,0.000000
26945,28781033301,1058423,0,0,1797,0,0.000000,16384,1579,58423,4,1.000000,0.000000
26946,28782097118,1063817,0,0,1687,0,0.000000,16384,1536,63817,4,1.000000,0.000000
26947,28783166771,1069653,0,0,1599,0,0.000000,16384,1408,69653,4,1.000000,0.000000
26948,28784258945,1092174,0,0,1786,0,0.000000,16384,1581,92174,4,1.000000,0.000000
26949,28785322843,1063898,0,0,1631,0,0.000000,16384,1493,63898,4,1.000000,0.000000
26950,28786384962,1062119,0,0,1610,0,0.000000,16384,1393,62119,4,1.000000,0.000000
26951,28787512605,1127643,0,0,1756,0,0.000000,16384,1580,127643,4,1.000000,0.000000
26952,28788577485,1064880,0,0,1530,0,0.000000,16384,1366,64880,4,1.000000,0.000000
26953,28789640065,1062580,0,0,1407,0,0.000000,16384,1264,62580,4,1.000000,0.000000
26954,28790773156,1133091,0,0,1651,0,0.000000,16384,1462,133091,4,1.000000,0.000000
26955,28791834666,1061510,0,0,1611,0,0.000000,16384,1429,61510,4,1.000000,0.000000
26956,28792892422,1057756,0,0,1667,0,0.000000,16384,1509,57756,4,1.000000,0.000000
26957,28793949716,1057294,0,0,1678,0,0.000000,16384,1458,57294,4,1.000000,0.000000
26958,28795006143,1056427,0,0,1765,0,0.000000,16384,1589,56427,4,1.000000,0.000000
26959,28796062799,1056656,0,0,1715,0,0.000000,16384,1551,56656,4,1.000000,0.000000
26960,28797118836,1056037,0,0,1813,0,0.000000,16384,1593,56037,4,1.000000,0.000000
26961,28798195841,1077005,0,0,1715,0,0.000000,16384,1518,77005,4,1.000000,0.000000
26962,28799264211,1068370,0,0,1498,0,0.000000,16384,1355,68370,4,1.000000,0.000000
26963,28800330179,1065968,0,0,1647,0,0.000000,16384,1442,65968,4,1.000000,0.000000
26964,28801389708,1059529,0,0,1551,0,0.000000,16384,1420,59529,4,1.000000,0.000000
26965,28802449417,1059709,0,0,1624,0,0.000000,16384,1404,59709,4,1.000000,0.000000
26966,28803507899,1058482,0,0,1663,0,0.000000,16384,1514,58482,4,1.000000,0.000000
26967,28804565936,1058037,0,0,1666,0,0.000000,16384,1475,58037,4,1.000000,0.000000
26968,28805623457,1057521,0,0,1666,0,0.000000,16384,1472,57521,4,1.000000,0.000000
26969,28806671702,1048245,0,0,1649,0,0.000000,16384,1507,48245,4,1.000000,0.000000
26970,28807731120,1059418,0,0,1557,0,0.000000,16384,1337,59418,4,1.000000,0.000000
26971,28808816112,1084992,0,0,1675,0,0.000000,16384,1528,84992,4,1.000000,0.000000
26972,28809875965,1059853,0,0,1561,0,0.000000,16384,1372,59853,4,1.000000,0.000000
26973,28810934127,1058162,0,0,1585,0,0.000000,16384,1426,58162,4,1.000000,0.000000
26974,28811991287,1057160,0,0,1701,0,0.000000,16384,1520,57160,4,1.000000,0.000000
26975,28813047836,1056549,0,0,1824,0,0.000000,16384,1604,56549,4,1.000000,0.000000
26976,28814103357,1055521,0,0,1826,0,0.000000,16384,1625,55521,4,1.000000,0.000000
26977,28815159273,1055916,0,0,1825,0,0.000000,16384,1647,55916,4,1.000000,0.000000
26978,28816216282,1057009,0,0,1664,0,0.000000,16384,1478,57009,4,1.000000,0.000000
26979,28817273198,1056916,0,0,1660,0,0.000000,16384,1462,56916,4,1.000000,0.000000
26980,28818329478,1056280,0,0,1803,0,0.000000,16384,1630,56280,4,1.000000,0.000000
26981,28819395138,1065660,0,0,1785,0,0.000000,16384,1597,65660,4,1.000000,0.000000
26982,28820451470,1056332,0,0,1825,0,0.000000,16384,1605,56332,4,1.000000,0.000000
26983,28821509569,1058099,0,0,1765,0,0.000000,16384,1566,58099,4,1.000000,0.000000
26984,28822567575,1058006,0,0,1761,0,0.000000,16384,1596,58006,4,1.000000,0.000000
26985,28823625846,1058271,0,0,1797,0,0.000000,16384,1596,58271,4,1.000000,0.000000
26986,28824670764,1044918,0,0,1753,0,0.000000,16384,1534,44918,4,1.000000,0.000000
26987,28825728292,1057528,0,0,1811,0,0.000000,16384,1626,57528,4,1.000000,0.000000
26988,28826784238,1055946,0,0,1814,0,0.000000,16384,1639,55946,4,1.000000,0.000000
26989,28827841577,1057339,0,0,1753,0,0.000000,16384,1549,57339,4,1.000000,0.000000
26990,28828900752,1059175,0,0,1781,0,0.000000,16384,1561,59175,4,1.000000,0.000000
26991,28830015777,1115025,0,0,1693,0,0.000000,16384,1539,115025,4,1.000000,0.000000
26992,28831082256,1066479,0,0,1516,0,0.000000,16384,1334,66479,4,1.000000,0.000000
26993,28832145399,1063143,0,0,1566,0,0.000000,16384,1413,63143,4,1.000000,0.000000
26994,28833202913,1057514,0,0,1559,0,0.000000,16384,1376,57514,4,1.000000,0.000000
26995,28834260377,1057464,0,0,1612,0,0.000000,16384,1441,57464,4,1.000000,0.000000
26996,28835318826,1058449,0,0,1657,0,0.000000,16384,1487,58449,4,1.000000,0.000000
26997,28836376401,1057575,0,0,1663,0,0.000000,16384,1450,57575,4,1.000000,0.000000
26998,28837432710,1056309,0,0,1664,0,0.000000,16384,1518,56309,4,1.000000,0.000000
26999,28838489687,1056977,0,0,1661,0,0.000000,16384,1465,56977,4,1.000000,0.000000
27000,28839545704,1056017,0,0,1659,0,0.000000,16384,1472,56017,4,1.000000,0.000000
27001,28840628144,1082440,0,0,1700,0,0.000000,16384,1547,82440,4,1.000000,0.000000
27002,28841674396,1046252,0,0,1639,0,0.000000,16384,1419,46252,4,1.000000,0.000000
27003,28842731020,1056624,0,0,1715,0,0.000000,16384,1546,56624,4,1.000000,0.000000
27004,28843786861,1055841,0,0,1820,0,0.000000,16384,1643,55841,4,1.000000,0.000000
27005,28844842940,1056079,0,0,1820,0,0.000000,16384,1602,56079,4,1.000000,0.000000
27006,28845898521,1055581,0,0,1821,0,0.000000,16384,1600,55581,4,1.000000,0.000000
27007,28846958015,1059494,0,0,1561,0,0.000000,16384,1427,59494,4,1.000000,0.000000
27008,28848020067,1062052,0,0,1538,0,0.000000,16384,1337,62052,4,1.000000,0.000000
27009,28849079600,1059533,0,0,1555,0,0.000000,16384,1419,59533,4,1.000000,0.000000
27010,28850139446,1059846,0,0,1564,0,0.000000,16384,1364,59846,4,1.000000,0.000000
27011,28851207128,1067682,0,0,1621,0,0.000000,16384,1464,67682,4,1.000000,0.000000
27012,28852263486,1056358,0,0,1657,0,0.000000,16384,1474,56358,4,1.000000,0.000000
27013,28853320040,1056554,0,0,1656,0,0.000000,16384,1458,56554,4,1.000000,0.000000
27014,28854376121,1056081,0,0,1679,0,0.000000,16384,1529,56081,4,1.000000,0.000000
27015,28855432495,1056374,0,0,1813,0,0.000000,16384,1601,56374,4,1.000000,0.000000
27016,28856488057,1055562,0,0,1822,0,0.000000,16384,1602,55562,4,1.000000,0.000000
27017,28857543868,1055811,0,0,1823,0,0.000000,16384,1632,55811,4,1.000000,0.000000
27018,28858599399,1055531,0,0,1821,0,0.000000,16384,1644,55531,4,1.000000,0.000000
27019,28859655222,1055823,0,0,1821,0,0.000000,16384,1625,55823,4,1.000000,0.000000
27020,28860671315,1016093,0,0,1719,0,0.000000,16384,1499,16093,4,1.000000,0.000000
27021,28861732335,1061020,0,0,1667,0,0.000000,16384,1510,61020,4,1.000000,0.000000
27022,28862791826,1059491,0,0,1604,0,0.000000,16384,1424,59491,4,1.000000,0.000000
27023,28863850383,1058557,0,0,1667,0,0.000000,16384,1474,58557,4,1.000000,0.000000
27024,28864905973,1055590,0,0,1692,0,0.000000,16384,1540,55590,4,1.000000,0.000000
27025,28865961943,1055970,0,0,1821,0,0.000000,16384,1603,55970,4,1.000000,0.000000
27026,28867018692,1056749,0,0,1796,0,0.000000,16384,1576,56749,4,1.000000,0.000000
27027,28868078831,1060139,0,0,1752,0,0.000000,16384,1585,60139,4,1.000000,0.000000
27028,28869137153,1058322,0,0,1814,0,0.000000,16384,1638,58322,4,1.000000,0.000000
27029,28870193713,1056560,0,0,1744,0,0.000000,16384,1527,56560,4,1.000000,0.000000
27030,28871249418,1055705,0,0,1697,0,0.000000,16384,1507,55705,4,1.000000,0.000000
27031,28872314602,1065184,0,0,1695,0,0.000000,16384,1544,65184,4,1.000000,0.000000
27032,28873371642,1057040,0,0,1761,0,0.000000,16384,1542,57040,4,1.000000,0.000000
27033,28874427513,1055871,0,0,1820,0,0.000000,16384,1602,55871,4,1.000000,0.000000
27034,28875484330,1056817,0,0,1809,0,0.000000,16384,1635,56817,4,1.000000,0.000000
27035,28876540602,1056272,0,0,1822,0,0.000000,16384,1645,56272,4,1.000000,0.000000
27036,28877596009,1055407,0,0,1820,0,0.000000,16384,1601,55407,4,1.000000,0.000000
27037,28878654503,1058494,0,0,1732,0,0.000000,16384,1521,58494,4,1.000000,0.000000
27038,28879672104,1017601,0,0,1588,0,0.000000,16384,1457,17601,4,1.000000,0.000000
27039,28880728538,1056434,0,0,1668,0,0.000000,16384,1454,56434,4,1.000000,0.000000
27040,28881784511,1055973,0,0,1827,0,0.000000,16384,1623,55973,4,1.000000,0.000000
27041,28882847730,1063219,0,0,1837,0,0.000000,16384,1657,63219,4,1.000000,0.000000
27042,28883903509,1055779,0,0,1822,0,0.000000,16384,1642,55779,4,1.000000,0.000000
27043,28884959304,1055795,0,0,1822,0,0.000000,16384,1602,55795,4,1.000000,0.000000
27044,28886015314,1056010,0,0,1804,0,0.000000,16384,1582,56010,4,1.000000,0.000000
27045,28887072246,1056932,0,0,1816,0,0.000000,16384,1641,56932,4,1.000000,0.000000
27046,28888130583,1058337,0,0,1769,0,0.000000,16384,1601,58337,4,1.000000,0.000000
27047,28889193708,1063125,0,0,1620,0,0.000000,16384,1401,63125,4,1.000000,0.000000
27048,28890253128,1059420,0,0,1660,0,0.000000,16384,1505,59420,4,1.000000,0.000000
27049,28891311102,1057974,0,0,1667,0,0.000000,16384,1482,57974,4,1.000000,0.000000
27050,28892368495,1057393,0,0,1734,0,0.000000,16384,1519,57393,4,1.000000,0.000000
27051,28893446278,1077783,0,0,1847,0,0.000000,16384,1664,77783,4,1.000000,0.000000
27052,28894506941,1060663,0,0,1757,0,0.000000,16384,1595,60663,4,1.000000,0.000000
27053,28895566493,1059552,0,0,1665,0,0.000000,16384,1445,59552,4,1.000000,0.000000
27054,28896623221,1056728,0,0,1807,0,0.000000,16384,1612,56728,4,1.000000,0.000000
27055,28897674239,1051018,0,0,1813,0,0.000000,16384,1638,51018,4,1.000000,0.000000
27056,28898731541,1057302,0,0,1809,0,0.000000,16384,1615,57302,4,1.000000,0.000000
27057,28899789373,1057832,0,0,1672,0,0.000000,16384,1452,57832,4,1.000000,0.000000
27058,28900850573,1061200,0,0,1676,0,0.000000,16384,1526,61200,4,1.000000,0.000000
27059,28901911469,1060896,0,0,1830,0,0.000000,16384,1640,60896,4,1.000000,0.000000
27060,28902967942,1056473,0,0,1822,0,0.000000,16384,1602,56473,4,1.000000,0.000000
27061,28904034619,1066677,0,0,1836,0,0.000000,16384,1617,66677,4,1.000000,0.000000
27062,28905092134,1057515,0,0,1822,0,0.000000,16384,1645,57515,4,1.000000,0.000000
27063,28906149209,1057075,0,0,1799,0,0.000000,16384,1522,57075,4,1.000000,0.000000
27064,28907205464,1056255,0,0,1821,0,0.000000,16384,1647,56255,4,1.000000,0.000000
27065,28908262124,1056660,0,0,1763,0,0.000000,16384,1597,56660,4,1.000000,0.000000
27066,28909318558,1056434,0,0,1820,0,0.000000,16384,1597,56434,4,1.000000,0.000000
27067,28910441855,1123297,0,0,1880,0,0.000000,16384,1660,123297,4,1.000000,0.000000
27068,28911506490,1064635,0,0,1664,0,0.000000,16384,1503,64635,4,1.000000,0.000000
27069,28912566239,1059749,0,0,1658,0,0.000000,16384,1478,59749,4,1.000000,0.000000
27070,28913623859,1057620,0,0,1647,0,0.000000,16384,1446,57620,4,1.000000,0.000000
27071,28914678153,1054294,0,0,1538,0,0.000000,16384,1404,54294,4,1.000000,0.000000
27072,28915738506,1060353,0,0,1563,0,0.000000,16384,1358,60353,4,1.000000,0.000000
27073,28916800991,1062485,0,0,1565,0,0.000000,16384,1434,62485,4,1.000000,0.000000
27074,28917863728,1062737,0,0,1649,0,0.000000,16384,1429,62737,4,1.000000,0.000000
27075,28918923053,1059325,0,0,1645,0,0.000000,16384,1492,59325,4,1.000000,0.000000
27076,28919998370,1075317,0,0,1557,0,0.000000,16384,1374,75317,4,1.000000,0.000000
27077,28921060253,1061883,0,0,1495,0,0.000000,16384,1349,61883,4,1.000000,0.000000
27078,28922121030,1060777,0,0,1610,0,0.000000,16384,1420,60777,4,1.000000,0.000000
27079,28923180916,1059886,0,0,1558,0,0.000000,16384,1395,59886,4,1.000000,0.000000
27080,28924239511,1058595,0,0,1559,0,0.000000,16384,1386,58595,4,1.000000,0.000000
27081,28925320675,1081164,0,0,1644,0,0.000000,16384,1457,81164,4,1.000000,0.000000
27082,28926380023,1059348,0,0,1638,0,0.000000,16384,1485,59348,4,1.000000,0.000000
27083,28927439903,1059880,0,0,1647,0,0.000000,16384,1427,59880,4,1.000000,0.000000
27084,28928498360,1058457,0,0,1643,0,0.000000,16384,1498,58457,4,1.000000,0.000000
27085,28929556849,1058489,0,0,1663,0,0.000000,16384,1472,58489,4,1.000000,0.000000
27086,28930615151,1058302,0,0,1661,0,0.000000,16384,1468,58302,4,1.000000,0.000000
27087,28931673197,1058046,0,0,1662,0,0.000000,16384,1514,58046,4,1.000000,0.000000
27088,28932731959,1058762,0,0,1631,0,0.000000,16384,1412,58762,4,1.000000,0.000000
27089,28933795389,1063430,0,0,1516,0,0.000000,16384,1390,63430,4,1.000000,0.000000
27090,28934853417,1058028,0,0,1544,0,0.000000,16384,1334,58028,4,1.000000,0.000000
27091,28935925097,1071680,0,0,1550,0,0.000000,16384,1422,71680,4,1.000000,0.000000
27092,28936982866,1057769,0,0,1702,0,0.000000,16384,1494,57769,4,1.000000,0.000000
27093,28938040499,1057633,0,0,1743,0,0.000000,16384,1542,57633,4,1.000000,0.000000
27094,28939099639,1059140,0,0,1795,0,0.000000,16384,1624,59140,4,1.000000,0.000000
27095,28940156924,1057285,0,0,1819,0,0.000000,16384,1627,57285,4,1.000000,0.000000
27096,28941212555,1055631,0,0,1816,0,0.000000,16384,1596,55631,4,1.000000,0.000000
27097,28942269290,1056735,0,0,1815,0,0.000000,16384,1605,56735,4,1.000000,0.000000
27098,28943327743,1058453,0,0,1690,0,0.000000,16384,1539,58453,4,1.000000,0.000000
27099,28944386200,1058457,0,0,1820,0,0.000000,16384,1617,58457,4,1.000000,0.000000
27100,28945443015,1056815,0,0,1817,0,0.000000,16384,1597,56815,4,1.000000,0.000000
27101,28946522473,1079458,0,0,1772,0,0.000000,16384,1581,79458,4,1.000000,0.000000
27102,28947579811,1057338,0,0,1824,0,0.000000,16384,1646,57338,4,1.000000,0.000000
27103,28948639172,1059361,0,0,1710,0,0.000000,16384,1515,59361,4,1.000000,0.000000
27104,28949671667,1032495,0,0,1620,0,0.000000,16384,1430,32495,4,1.000000,0.000000
27105,28950729983,1058316,0,0,1796,0,0.000000,16384,1624,58316,4,1.000000,0.000000
27106,28951788290,1058307,0,0,1724,0,0.000000,16384,1526,58307,4,1.000000,0.000000
27107,28952844772,1056482,0,0,1825,0,0.000000,16384,1605,56482,4,1.000000,0.000000
27108,28953900242,1055470,0,0,1824,0,0.000000,16384,1636,55470,4,1.000000,0.000000
27109,28954956502,1056260,0,0,1819,0,0.000000,16384,1642,56260,4,1.000000,0.000000
27110,28956012794,1056292,0,0,1825,0,0.000000,16384,1625,56292,4,1.000000,0.000000
27111,28957077159,1064365,0,0,1830,0,0.000000,16384,1611,64365,4,1.000000,0.000000
27112,28958133920,1056761,0,0,1788,0,0.000000,16384,1586,56761,4,1.000000,0.000000
27113,28959191865,1057945,0,0,1710,0,0.000000,16384,1555,57945,4,1.000000,0.000000
27114,28960248463,1056598,0,0,1826,0,0.000000,16384,1619,56598,4,1.000000,0.000000
27115,28961304364,1055901,0,0,1826,0,0.000000,16384,1605,55901,4,1.000000,0.000000
27116,28962360526,1056162,0,0,1826,0,0.000000,16384,1627,56162,4,1.000000,0.000000
27117,28963416989,1056463,0,0,1826,0,0.000000,16384,1647,56463,4,1.000000,0.000000
27118,28964474351,1057362,0,0,1807,0,0.000000,16384,1622,57362,4,1.000000,0.000000
27119,28965530778,1056427,0,0,1824,0,0.000000,16384,1604,56427,4,1.000000,0.000000
27120,28966586990,1056212,0,0,1797,0,0.000000,16384,1585,56212,4,1.000000,0.000000
27121,28967650501,1063511,0,0,1837,0,0.000000,16384,1657,63511,4,1.000000,0.000000
27122,28968673332,1022831,0,0,1647,0,0.000000,16384,1475,22831,4,1.000000,0.000000
27123,28969731405,1058073,0,0,1666,0,0.000000,16384,1456,58073,4,1.000000,0.000000
27124,28970789271,1057866,0,0,1810,0,0.000000,16384,1636,57866,4,1.000000,0.000000
27125,28971845748,1056477,0,0,1765,0,0.000000,16384,1589,56477,4,1.000000,0.000000
27126,28972901612,1055864,0,0,1811,0,0.000000,16384,1591,55864,4,1.000000,0.000000
27127,28973957743,1056131,0,0,1825,0,0.000000,16384,1608,56131,4,1.000000,0.000000
27128,28975016400,1058657,0,0,1721,0,0.000000,16384,1564,58657,4,1.000000,0.000000
27129,28976074262,1057862,0,0,1829,0,0.000000,16384,1638,57862,4,1.000000,0.000000
27130,28977131054,1056792,0,0,1826,0,0.000000,16384,1607,56792,4,1.000000,0.000000
27131,28978195111,1064057,0,0,1811,0,0.000000,16384,1596,64057,4,1.000000,0.000000
27132,28979301122,1106011,0,0,1674,0,0.000000,16384,1526,106011,4,1.000000,0.000000
27133,28980364673,1063551,0,0,1628,0,0.000000,16384,1431,63551,4,1.000000,0.000000
27134,28981454135,1089462,0,0,1816,0,0.000000,16384,1606,89462,4,1.000000,0.000000
27135,28982547106,1092971,0,0,1846,0,0.000000,16384,1664,92971,4,1.000000,0.000000
27136,28983640507,1093401,0,0,1860,0,0.000000,16384,1675,93401,4,1.000000,0.000000
27137,28984703793,1063286,0,0,1819,0,0.000000,16384,1607,63286,4,1.000000,0.000000
27138,28985766733,1062940,0,0,1814,0,0.000000,16384,1595,62940,4,1.000000,0.000000
27139,28986830094,1063361,0,0,1809,0,0.000000,16384,1619,63361,4,1.000000,0.000000
27140,28987893234,1063140,0,0,1800,0,0.000000,16384,1628,63140,4,1.000000,0.000000
27141,28988967804,1074570,0,0,1667,0,0.000000,16384,1468,74570,4,1.000000,0.000000
27142,28990031772,1063968,0,0,1533,0,0.000000,16384,1372,63968,4,1.000000,0.000000
27143,28991094430,1062658,0,0,1540,0,0.000000,16384,1366,62658,4,1.000000,0.000000
27144,28992153260,1058830,0,0,1675,0,0.000000,16384,1487,58830,4,1.000000,0.000000
27145,28993210697,1057437,0,0,1742,0,0.000000,16384,1581,57437,4,1.000000,0.000000
27146,28994268257,1057560,0,0,1747,0,0.000000,16384,1536,57560,4,1.000000,0.000000
27147,28995325113,1056856,0,0,1824,0,0.000000,16384,1600,56856,4,1.000000,0.000000
27148,28996382949,1057836,0,0,1825,0,0.000000,16384,1648,57836,4,1.000000,0.000000
27149,28997439362,1056413,0,0,1825,0,0.000000,16384,1648,56413,4,1.000000,0.000000
27150,28998494882,1055520,0,0,1824,0,0.000000,16384,1614,55520,4,1.000000,0.000000
27151,28999574899,1080017,0,0,1859,0,0.000000,16384,1639,80017,4,1.000000,0.000000
27152,29000633456,1058557,0,0,1737,0,0.000000,16384,1550,58557,4,1.000000,0.000000
27153,29001671373,1037917,0,0,1788,0,0.000000,16384,1619,37917,4,1.000000,0.000000
27154,29002727590,1056217,0,0,1823,0,0.000000,16384,1615,56217,4,1.000000,0.000000
27155,29003783647,1056057,0,0,1803,0,0.000000,16384,1583,56057,4,1.000000,0.000000
27156,29004841097,1057450,0,0,1752,0,0.000000,16384,1572,57450,4,1.000000,0.000000
27157,29005900744,1059647,0,0,1773,0,0.000000,16384,1606,59647,4,1.000000,0.000000
27158,29006960671,1059927,0,0,1704,0,0.000000,16384,1491,59927,4,1.000000,0.000000
27159,29008019171,1058500,0,0,1827,0,0.000000,16384,1614,58500,4,1.000000,0.000000
27160,29009077102,1057931,0,0,1789,0,0.000000,16384,1618,57931,4,1.000000,0.000000
27161,29010146853,1069751,0,0,1826,0,0.000000,16384,1646,69751,4,1.000000,0.000000
27162,29011206588,1059735,0,0,1732,0,0.000000,16384,1512,59735,4,1.000000,0.000000
27163,29012265723,1059135,0,0,1817,0,0.000000,16384,1611,59135,4,1.000000,0.000000
27164,29013344863,1079140,0,0,1852,0,0.000000,16384,1668,79140,4,1.000000,0.000000
27165,29014401987,1057124,0,0,1827,0,0.000000,16384,1650,57124,4,1.000000,0.000000
27166,29015459844,1057857,0,0,1828,0,0.000000,16384,1607,57857,4,1.000000,0.000000
27167,29016511827,1051983,0,0,1608,0,0.000000,16384,1422,51983,4,1.000000,0.000000
27168,29017576418,1064591,0,0,1618,0,0.000000,16384,1468,64591,4,1.000000,0.000000
27169,29018674551,1098133,0,0,1844,0,0.000000,16384,1624,98133,4,1.000000,0.000000
27170,29019707331,1032780,0,0,1741,0,0.000000,16384,1538,32780,4,1.000000,0.000000
27171,29020782859,1075528,0,0,1834,0,0.000000,16384,1655,75528,4,1.000000,0.000000
27172,29021845088,1062229,0,0,1806,0,0.000000,16384,1624,62229,4,1.000000,0.000000
27173,29022908489,1063401,0,0,1567,0,0.000000,16384,1355,63401,4,1.000000,0.000000
27174,29023966901,1058412,0,0,1663,0,0.000000,16384,1517,58412,4,1.000000,0.000000
27175,29025024192,1057291,0,0,1660,0,0.000000,16384,1462,57291,4,1.000000,0.000000
27176,29026080856,1056664,0,0,1718,0,0.000000,16384,1522,56664,4,1.000000,0.000000
27177,29027137428,1056572,0,0,1807,0,0.000000,16384,1632,56572,4,1.000000,0.000000
27178,29028194285,1056857,0,0,1798,0,0.000000,16384,1604,56857,4,1.000000,0.000000
27179,29029252661,1058376,0,0,1662,0,0.000000,16384,1444,58376,4,1.000000,0.000000
27180,29030310130,1057469,0,0,1749,0,0.000000,16384,1588,57469,4,1.000000,0.000000
27181,29031378442,1068312,0,0,1838,0,0.000000,16384,1658,68312,4,1.000000,0.000000
27182,29032435567,1057125,0,0,1818,0,0.000000,16384,1594,57125,4,1.000000,0.000000
27183,29033492023,1056456,0,0,1806,0,0.000000,16384,1586,56456,4,1.000000,0.000000
27184,29034548351,1056328,0,0,1825,0,0.000000,16384,1646,56328,4,1.000000,0.000000
27185,29035604437,1056086,0,0,1815,0,0.000000,16384,1640,56086,4,1.000000,0.000000
27186,29036659978,1055541,0,0,1811,0,0.000000,16384,1601,55541,4,1.000000,0.000000
27187,29037670397,1010419,0,0,1742,0,0.000000,16384,1522,10419,4,1.000000,0.000000
27188,29038729471,1059074,0,0,1730,0,0.000000,16384,1571,59074,4,1.000000,0.000000
27189,29039788169,1058698,0,0,1655,0,0.000000,16384,1474,58698,4,1.000000,0.000000
27190,29040845006,1056837,0,0,1667,0,0.000000,16384,1464,56837,4,1.000000,0.000000
27191,29041908660,1063654,0,0,1802,0,0.000000,16384,1629,63654,4,1.000000,0.000000
27192,29042964852,1056192,0,0,1785,0,0.000000,16384,1601,56192,4,1.000000,0.000000
27193,29044021226,1056374,0,0,1815,0,0.000000,16384,1595,56374,4,1.000000,0.000000
27194,29045116548,1095322,0,0,1690,0,0.000000,16384,1504,95322,4,1.000000,0.000000
27195,29046186171,1069623,0,0,1571,0,0.000000,16384,1417,69623,4,1.000000,0.000000
27196,29047251670,1065499,0,0,1612,0,0.000000,16384,1410,65499,4,1.000000,0.000000
27197,29048311623,1059953,0,0,1663,0,0.000000,16384,1518,59953,4,1.000000,0.000000
27198,29049370755,1059132,0,0,1632,0,0.000000,16384,1423,59132,4,1.000000,0.000000
27199,29050432704,1061949,0,0,1668,0,0.000000,16384,1498,61949,4,1.000000,0.000000
27200,29051491373,1058669,0,0,1666,0,0.000000,16384,1496,58669,4,1.000000,0.000000
27201,29052588591,1097218,0,0,1724,0,0.000000,16384,1504,97218,4,1.000000,0.000000
27202,29053646659,1058068,0,0,1667,0,0.000000,16384,1513,58068,4,1.000000,0.000000
27203,29054674880,1028221,0,0,1570,0,0.000000,16384,1388,28221,4,1.000000,0.000000
27204,29055734364,1059484,0,0,1660,0,0.000000,16384,1477,59484,4,1.000000,0.000000
27205,29056792933,1058569,0,0,1669,0,0.000000,16384,1512,58569,4,1.000000,0.000000
27206,29057850130,1057197,0,0,1663,0,0.000000,16384,1443,57197,4,1.000000,0.000000
27207,29058907104,1056974,0,0,1668,0,0.000000,16384,1513,56974,4,1.000000,0.000000
27208,29059964424,1057320,0,0,1666,0,0.000000,16384,1481,57320,4,1.000000,0.000000
27209,29061020975,1056551,0,0,1665,0,0.000000,16384,1465,56551,4,1.000000,0.000000
27210,29062077061,1056086,0,0,1666,0,0.000000,16384,1520,56086,4,1.000000,0.000000
27211,29063144852,1067791,0,0,1677,0,0.000000,16384,1467,67791,4,1.000000,0.000000
27212,29064201250,1056398,0,0,1741,0,0.000000,16384,1547,56398,4,1.000000,0.000000
27213,29065257048,1055798,0,0,1824,0,0.000000,16384,1647,55798,4,1.000000,0.000000
27214,29066312457,1055409,0,0,1823,0,0.000000,16384,1630,55409,4,1.000000,0.000000
27215,29067368833,1056376,0,0,1795,0,0.000000,16384,1575,56376,4,1.000000,0.000000
27216,29068427343,1058510,0,0,1787,0,0.000000,16384,1587,58510,4,1.000000,0.000000
27217,29069485489,1058146,0,0,1743,0,0.000000,16384,1582,58146,4,1.000000,0.000000
27218,29070547593,1062104,0,0,1770,0,0.000000,16384,1566,62104,4,1.000000,0.000000
27219,29071606660,1059067,0,0,1662,0,0.000000,16384,1460,59067,4,1.000000,0.000000
27220,29072665062,1058402,0,0,1665,0,0.000000,16384,1520,58402,4,1.000000,0.000000
27221,29073736723,1071661,0,0,1687,0,0.000000,16384,1479,71661,4,1.000000,0.000000
27222,29074793188,1056465,0,0,1799,0,0.000000,16384,1590,56465,4,1.000000,0.000000
27223,29075853927,1060739,0,0,1631,0,0.000000,16384,1492,60739,4,1.000000,0.000000
27224,29076914610,1060683,0,0,1796,0,0.000000,16384,1580,60683,4,1.000000,0.000000
27225,29077972447,1057837,0,0,1823,0,0.000000,16384,1603,57837,4,1.000000,0.000000
27226,29079029451,1057004,0,0,1823,0,0.000000,16384,1639,57004,4,1.000000,0.000000
27227,29080086579,1057128,0,0,1812,0,0.000000,16384,1637,57128,4,1.000000,0.000000
27228,29081142235,1055656,0,0,1819,0,0.000000,16384,1614,55656,4,1.000000,0.000000
27229,29082243766,1101531,0,0,1706,0,0.000000,16384,1486,101531,4,1.000000,0.000000
27230,29083317174,1073408,0,0,1452,0,0.000000,16384,1336,73408,4,1.000000,0.000000
27231,29084413798,1096624,0,0,1412,0,0.000000,16384,1236,96624,4,1.000000,0.000000
27232,29085479629,1065831,0,0,1441,0,0.000000,16384,1285,65831,4,1.000000,0.000000
27233,29086547568,1067939,0,0,1466,0,0.000000,16384,1321,67939,4,1.000000,0.000000
27234,29087611662,1064094,0,0,1512,0,0.000000,16384,1321,64094,4,1.000000,0.000000
27235,29088750364,1138702,0,0,1615,0,0.000000,16384,1461,138702,4,1.000000,0.000000
27236,29089815980,1065616,0,0,1512,0,0.000000,16384,1330,65616,4,1.000000,0.000000
27237,29090882084,1066104,0,0,1478,0,0.000000,16384,1344,66104,4,1.000000,0.000000
27238,29091946495,1064411,0,0,1506,0,0.000000,16384,1304,64411,4,1.000000,0.000000
27239,29093006408,1059913,0,0,1528,0,0.000000,16384,1404,59913,4,1.000000,0.000000
27240,29094063767,1057359,0,0,1506,0,0.000000,16384,1298,57359,4,1.000000,0.000000
27241,29095153542,1089775,0,0,1545,0,0.000000,16384,1425,89775,4,1.000000,0.000000
27242,29096212982,1059440,0,0,1556,0,0.000000,16384,1336,59440,4,1.000000,0.000000
27243,29097271176,1058194,0,0,1550,0,0.000000,16384,1428,58194,4,1.000000,0.000000
27244,29098328546,1057370,0,0,1613,0,0.000000,16384,1399,57370,4,1.000000,0.000000
27245,29099386490,1057944,0,0,1666,0,0.000000,16384,1505,57944,4,1.000000,0.000000
27246,29100444219,1057729,0,0,1649,0,0.000000,16384,1470,57729,4,1.000000,0.000000
27247,29101501899,1057680,0,0,1667,0,0.000000,16384,1463,57680,4,1.000000,0.000000
27248,29102567507,1065608,0,0,1631,0,0.000000,16384,1493,65608,4,1.000000,0.000000
27249,29103630892,1063385,0,0,1556,0,0.000000,16384,1342,63385,4,1.000000,0.000000
27250,29104673071,1042179,0,0,1618,0,0.000000,16384,1478,42179,4,1.000000,0.000000
27251,29105759563,1086492,0,0,1706,0,0.000000,16384,1506,86492,4,1.000000,0.000000
27252,29106816466,1056903,0,0,1666,0,0.000000,16384,1472,56903,4,1.000000,0.000000
27253,29107874387,1057921,0,0,1607,0,0.000000,16384,1465,57921,4,1.000000,0.000000
27254,29108936610,1062223,0,0,1618,0,0.000000,16384,1398,62223,4,1.000000,0.000000
27255,29109996748,1060138,0,0,1664,0,0.000000,16384,1516,60138,4,1.000000,0.000000
27256,29111054536,1057788,0,0,1665,0,0.000000,16384,1473,57788,4,1.000000,0.000000
27257,29112110999,1056463,0,0,1713,0,0.000000,16384,1511,56463,4,1.000000,0.000000
27258,29113166666,1055667,0,0,1825,0,0.000000,16384,1647,55667,4,1.000000,0.000000
27259,29114222480,1055814,0,0,1824,0,0.000000,16384,1644,55814,4,1.000000,0.000000
27260,29115278675,1056195,0,0,1826,0,0.000000,16384,1604,56195,4,1.000000,0.000000
27261,29116344212,1065537,0,0,1814,0,0.000000,16384,1592,65537,4,1.000000,0.000000
27262,29117401037,1056825,0,0,1778,0,0.000000,16384,1609,56825,4,1.000000,0.000000
27263,29118468530,1067493,0,0,1699,0,0.000000,16384,1528,67493,4,1.000000,0.000000
27264,29119527239,1058709,0,0,1627,0,0.000000,16384,1413,58709,4,1.000000,0.000000
27265,29120584544,1057305,0,0,1663,0,0.000000,16384,1518,57305,4,1.000000,0.000000
27266,29121642799,1058255,0,0,1673,0,0.000000,16384,1476,58255,4,1.000000,0.000000
27267,29122672569,1029770,0,0,1707,0,0.000000,16384,1509,29770,4,1.000000,0.000000
27268,29123732898,1060329,0,0,1800,0,0.000000,16384,1285,60329,4,1.000000,0.000000
27269,29124791252,1058354,0,0,1844,0,0.000000,16384,1312,58354,4,1.000000,0.000000
27270,29125846991,1055739,0,0,1851,0,0.000000,16384,1317,55739,4,1.000000,0.000000
27271,29126913507,1066516,0,0,1867,0,0.000000,16384,1328,66516,4,1.000000,0.000000
27272,29127970173,1056666,0,0,1851,0,0.000000,16384,1316,56666,4,1.000000,0.000000
27273,29129028935,1058762,0,0,1786,0,0.000000,16384,1271,58762,4,1.000000,0.000000
27274,29130086312,1057377,0,0,1844,0,0.000000,16384,1311,57377,4,1.000000,0.000000
27275,29131142275,1055963,0,0,1851,0,0.000000,16384,1317,55963,4,1.000000,0.000000
27276,29132198016,1055741,0,0,1763,0,0.000000,16384,1520,55741,4,1.000000,0.000000
27277,29133254062,1056046,0,0,1823,0,0.000000,16384,1617,56046,4,1.000000,0.000000
27278,29134311597,1057535,0,0,1782,0,0.000000,16384,1614,57535,4,1.000000,0.000000
27279,29135371614,1060017,0,0,1634,0,0.000000,16384,1448,60017,4,1.000000,0.000000
27280,29136430973,1059359,0,0,1669,0,0.000000,16384,1475,59359,4,1.000000,0.000000
27281,29137498123,1067150,0,0,1682,0,0.000000,16384,1533,67150,4,1.000000,0.000000
27282,29138554365,1056242,0,0,1796,0,0.000000,16384,1576,56242,4,1.000000,0.000000
27283,29139610814,1056449,0,0,1824,0,0.000000,16384,1604,56449,4,1.000000,0.000000
27284,29140669647,1058833,0,0,1826,0,0.000000,16384,1645,58833,4,1.000000,0.000000
27285,29141726339,1056692,0,0,1807,0,0.000000,16384,1632,56692,4,1.000000,0.000000
27286,29142782456,1056117,0,0,1823,0,0.000000,16384,1615,56117,4,1.000000,0.000000
27287,29143839838,1057382,0,0,1816,0,0.000000,16384,1596,57382,4,1.000000,0.000000
27288,29144895661,1055823,0,0,1827,0,0.000000,16384,1630,55823,4,1.000000,0.000000
27289,29145951404,1055743,0,0,1803,0,0.000000,16384,1630,55743,4,1.000000,0.000000
27290,29147008089,1056685,0,0,1656,0,0.000000,16384,1466,56685,4,1.000000,0.000000
27291,29148070563,1062474,0,0,1728,0,0.000000,16384,1522,62474,4,1.000000,0.000000
27292,29149131450,1060887,0,0,1757,0,0.000000,16384,1593,60887,4,1.000000,0.000000
27293,29150190423,1058973,0,0,1555,0,0.000000,16384,1365,58973,4,1.000000,0.000000
27294,29151248263,1057840,0,0,1590,0,0.000000,16384,1431,57840,4,1.000000,0.000000
27295,29152306693,1058430,0,0,1752,0,0.000000,16384,1571,58430,4,1.000000,0.000000
27296,29153363482,1056789,0,0,1810,0,0.000000,16384,1589,56789,4,1.000000,0.000000
27297,29154420170,1056688,0,0,1827,0,0.000000,16384,1620,56688,4,1.000000,0.000000
27298,29155477002,1056832,0,0,1826,0,0.000000,16384,1648,56832,4,1.000000,0.000000
27299,29156533149,1056147,0,0,1824,0,0.000000,16384,1646,56147,4,1.000000,0.000000
27300,29157589023,1055874,0,0,1812,0,0.000000,16384,1589,55874,4,1.000000,0.000000
27301,29158663945,1074922,0,0,1790,0,0.000000,16384,1573,74922,4,1.000000,0.000000
27302,29159723319,1059374,0,0,1804,0,0.000000,16384,1631,59374,4,1.000000,0.000000
27303,29160779477,1056158,0,0,1823,0,0.000000,16384,1645,56158,4,1.000000,0.000000
27304,29161835440,1055963,0,0,1823,0,0.000000,16384,1605,55963,4,1.000000,0.000000
27305,29162891978,1056538,0,0,1810,0,0.000000,16384,1591,56538,4,1.000000,0.000000
27306,29163947307,1055329,0,0,1825,0,0.000000,16384,1638,55329,4,1.000000,0.000000
27307,29165003133,1055826,0,0,1813,0,0.000000,16384,1638,55826,4,1.000000,0.000000
27308,29166059120,1055987,0,0,1818,0,0.000000,16384,1616,55987,4,1.000000,0.000000
27309,29167118711,1059591,0,0,1665,0,0.000000,16384,1452,59591,4,1.000000,0.000000
27310,29168178239,1059528,0,0,1667,0,0.000000,16384,1520,59528,4,1.000000,0.000000
27311,29169244632,1066393,0,0,1641,0,0.000000,16384,1445,66393,4,1.000000,0.000000
27312,29170300748,1056116,0,0,1754,0,0.000000,16384,1552,56116,4,1.000000,0.000000
27313,29171357735,1056987,0,0,1722,0,0.000000,16384,1565,56987,4,1.000000,0.000000
27314,29172415232,1057497,0,0,1710,0,0.000000,16384,1509,57497,4,1.000000,0.000000
27315,29173472713,1057481,0,0,1799,0,0.000000,16384,1579,57481,4,1.000000,0.000000
27316,29174529764,1057051,0,0,1819,0,0.000000,16384,1642,57051,4,1.000000,0.000000
27317,29175585966,1056202,0,0,1825,0,0.000000,16384,1647,56202,4,1.000000,0.000000
27318,29176641827,1055861,0,0,1808,0,0.000000,16384,1595,55861,4,1.000000,0.000000
27319,29177670913,1029086,0,0,1771,0,0.000000,16384,1551,29086,4,1.000000,0.000000
27320,29178727113,1056200,0,0,1822,0,0.000000,16384,1643,56200,4,1.000000,0.000000
27321,29179788712,1061599,0,0,1831,0,0.000000,16384,1652,61599,4,1.000000,0.000000
27322,29180846419,1057707,0,0,1800,0,0.000000,16384,1594,57707,4,1.000000,0.000000
27323,29181904572,1058153,0,0,1689,0,0.000000,16384,1478,58153,4,1.000000,0.000000
27324,29182962090,1057518,0,0,1699,0,0.000000,16384,1547,57518,4,1.000000,0.000000
27325,29184018844,1056754,0,0,1813,0,0.000000,16384,1616,56754,4,1.000000,0.000000
27326,29185075493,1056649,0,0,1791,0,0.000000,16384,1571,56649,4,1.000000,0.000000
27327,29186131982,1056489,0,0,1819,0,0.000000,16384,1619,56489,4,1.000000,0.000000
27328,29187188509,1056527,0,0,1821,0,0.000000,16384,1644,56527,4,1.000000,0.000000
27329,29188245199,1056690,0,0,1822,0,0.000000,16384,1635,56690,4,1.000000,0.000000
27330,29189336011,1090812,0,0,1818,0,0.000000,16384,1598,90812,4,1.000000,0.000000
27331,29190410156,1074145,0,0,1577,0,0.000000,16384,1409,74145,4,1.000000,0.000000
27332,29191508758,1098602,0,0,1498,0,0.000000,16384,1330,98602,4,1.000000,0.000000
27333,29192581374,1072616,0,0,1400,0,0.000000,16384,1269,72616,4,1.000000,0.000000
27334,29193657884,1076510,0,0,1385,0,0.000000,16384,1202,76510,4,1.000000,0.000000
27335,29195688473,2030589,0,0,2596,0,0.000000,16384,2346,1030589,4,1.000000,0.000000
27336,29196759512,1071039,0,0,1394,0,0.000000,16384,1220,71039,4,1.000000,0.000000
27337,29197824580,1065068,0,0,1375,0,0.000000,16384,1217,65068,4,1.000000,0.000000
27338,29198892667,1068087,0,0,1488,0,0.000000,16384,1354,68087,4,1.000000,0.000000
27339,29199957657,1064990,0,0,1560,0,0.000000,16384,1358,64990,4,1.000000,0.000000
27340,29201018604,1060947,0,0,1558,0,0.000000,16384,1417,60947,4,1.000000,0.000000
27341,29202116608,1098004,0,0,1610,0,0.000000,16384,1415,98004,4,1.000000,0.000000
27342,29203174811,1058203,0,0,1558,0,0.000000,16384,1401,58203,4,1.000000,0.000000
27343,29204233472,1058661,0,0,1563,0,0.000000,16384,1384,58661,4,1.000000,0.000000
27344,29205290814,1057342,0,0,1663,0,0.000000,16384,1477,57342,4,1.000000,0.000000
27345,29206347923,1057109,0,0,1666,0,0.000000,16384,1512,57109,4,1.000000,0.000000
27346,29207404572,1056649,0,0,1660,0,0.000000,16384,1440,56649,4,1.000000,0.000000
27347,29208462261,1057689,0,0,1667,0,0.000000,16384,1511,57689,4,1.000000,0.000000
27348,29209521203,1058942,0,0,1625,0,0.000000,16384,1441,58942,4,1.000000,0.000000
27349,29210579995,1058792,0,0,1665,0,0.000000,16384,1471,58792,4,1.000000,0.000000
27350,29211637438,1057443,0,0,1712,0,0.000000,16384,1557,57443,4,1.000000,0.000000
27351,29212672191,1034753,0,0,1761,0,0.000000,16384,1550,34753,4,1.000000,0.000000
27352,29213729263,1057072,0,0,1827,0,0.000000,16384,1607,57072,4,1.000000,0.000000
27353,29214783221,1053958,0,0,1718,0,0.000000,16384,1556,53958,4,1.000000,0.000000
27354,29215844428,1061207,0,0,1669,0,0.000000,16384,1491,61207,4,1.000000,0.000000
27355,29216902910,1058482,0,0,1664,0,0.000000,16384,1456,58482,4,1.000000,0.000000
27356,29217960859,1057949,0,0,1660,0,0.000000,16384,1515,57949,4,1.000000,0.000000
27357,29219018179,1057320,0,0,1659,0,0.000000,16384,1456,57320,4,1.000000,0.000000
27358,29220079952,1061773,0,0,1758,0,0.000000,16384,1558,61773,4,1.000000,0.000000
27359,29221140280,1060328,0,0,1665,0,0.000000,16384,1519,60328,4,1.000000,0.000000
27360,29222197181,1056901,0,0,1656,0,0.000000,16384,1442,56901,4,1.000000,0.000000
27361,29223269758,1072577,0,0,1652,0,0.000000,16384,1486,72577,4,1.000000,0.000000
27362,29224291489,1021731,0,0,1606,0,0.000000,16384,1432,21731,4,1.000000,0.000000
27363,29225352012,1060523,0,0,1662,0,0.000000,16384,1463,60523,4,1.000000,0.000000
27364,29226409652,1057640,0,0,1655,0,0.000000,16384,1512,57640,4,1.000000,0.000000
27365,29227467310,1057658,0,0,1644,0,0.000000,16384,1430,57658,4,1.000000,0.000000
27366,29228524568,1057258,0,0,1664,0,0.000000,16384,1497,57258,4,1.000000,0.000000
27367,29229585268,1060700,0,0,1557,0,0.000000,16384,1386,60700,4,1.000000,0.000000
27368,29230647514,1062246,0,0,1609,0,0.000000,16384,1427,62246,4,1.000000,0.000000
27369,29231677457,1029943,0,0,1561,0,0.000000,16384,1405,29943,4,1.000000,0.000000
27370,29232736825,1059368,0,0,1764,0,0.000000,16384,1544,59368,4,1.000000,0.000000
27371,29233809343,1072518,0,0,1850,0,0.000000,16384,1659,72518,4,1.000000,0.000000
27372,29234866014,1056671,0,0,1829,0,0.000000,16384,1651,56671,4,1.000000,0.000000
27373,29235924079,1058065,0,0,1829,0,0.000000,16384,1634,58065,4,1.000000,0.000000
27374,29236981726,1057647,0,0,1826,0,0.000000,16384,1606,57647,4,1.000000,0.000000
27375,29238038793,1057067,0,0,1803,0,0.000000,16384,1594,57067,4,1.000000,0.000000
27376,29239094882,1056089,0,0,1823,0,0.000000,16384,1646,56089,4,1.000000,0.000000
27377,29240150728,1055846,0,0,1825,0,0.000000,16384,1647,55846,4,1.000000,0.000000
27378,29241206336,1055608,0,0,1825,0,0.000000,16384,1601,55608,4,1.000000,0.000000
27379,29242267662,1061326,0,0,1784,0,0.000000,16384,1566,61326,4,1.000000,0.000000
27380,29243332236,1064574,0,0,1670,0,0.000000,16384,1524,64574,4,1.000000,0.000000
27381,29244401613,1069377,0,0,1673,0,0.000000,16384,1479,69377,4,1.000000,0.000000
27382,29245491591,1089978,0,0,1825,0,0.000000,16384,1603,89978,4,1.000000,0.000000
27383,29246555149,1063558,0,0,1748,0,0.000000,16384,1583,63558,4,1.000000,0.000000
27384,29247614187,1059038,0,0,1744,0,0.000000,16384,1569,59038,4,1.000000,0.000000
27385,29248674968,1060781,0,0,1815,0,0.000000,16384,1595,60781,4,1.000000,0.000000
27386,29249733905,1058937,0,0,1738,0,0.000000,16384,1542,58937,4,1.000000,0.000000
27387,29250792745,1058840,0,0,1564,0,0.000000,16384,1420,58840,4,1.000000,0.000000
27388,29251850562,1057817,0,0,1805,0,0.000000,16384,1585,57817,4,1.000000,0.000000
27389,29252907176,1056614,0,0,1825,0,0.000000,16384,1618,56614,4,1.000000,0.000000
27390,29253962678,1055502,0,0,1822,0,0.000000,16384,1645,55502,4,1.000000,0.000000
27391,29255040246,1077568,0,0,1845,0,0.000000,16384,1665,77568,4,1.000000,0.000000
27392,29256097075,1056829,0,0,1823,0,0.000000,16384,1599,56829,4,1.000000,0.000000
27393,29257152970,1055895,0,0,1824,0,0.000000,16384,1604,55895,4,1.000000,0.000000
27394,29258208708,1055738,0,0,1823,0,0.000000,16384,1639,55738,4,1.000000,0.000000
27395,29259264581,1055873,0,0,1814,0,0.000000,16384,1638,55873,4,1.000000,0.000000
27396,29260320000,1055419,0,0,1823,0,0.000000,16384,1619,55419,4,1.000000,0.000000
27397,29261375940,1055940,0,0,1823,0,0.000000,16384,1603,55940,4,1.000000,0.000000
27398,29262433137,1057197,0,0,1825,0,0.000000,16384,1623,57197,4,1.000000,0.000000
27399,29263492259,1059122,0,0,1715,0,0.000000,16384,1559,59122,4,1.000000,0.000000
27400,29264550836,1058577,0,0,1817,0,0.000000,16384,1611,58577,4,1.000000,0.000000
27401,29265615617,1064781,0,0,1840,0,0.000000,16384,1620,64781,4,1.000000,0.000000
27402,29266670258,1054641,0,0,1817,0,0.000000,16384,1616,54641,4,1.000000,0.000000
27403,29267731122,1060864,0,0,1817,0,0.000000,16384,1641,60864,4,1.000000,0.000000
27404,29268793222,1062100,0,0,1835,0,0.000000,16384,1648,62100,4,1.000000,0.000000
27405,29269850880,1057658,0,0,1760,0,0.000000,16384,1540,57658,4,1.000000,0.000000
27406,29270907939,1057059,0,0,1819,0,0.000000,16384,1611,57059,4,1.000000,0.000000
27407,29271967759,1059820,0,0,1817,0,0.000000,16384,1641,59820,4,1.000000,0.000000
27408,29273027974,1060215,0,0,1821,0,0.000000,16384,1641,60215,4,1.000000,0.000000
27409,29274085214,1057240,0,0,1824,0,0.000000,16384,1604,57240,4,1.000000,0.000000
27410,29275141929,1056715,0,0,1815,0,0.000000,16384,1591,56715,4,1.000000,0.000000
27411,29276208004,1066075,0,0,1755,0,0.000000,16384,1591,66075,4,1.000000,0.000000
27412,29277264983,1056979,0,0,1737,0,0.000000,16384,1561,56979,4,1.000000,0.000000
27413,29278321610,1056627,0,0,1728,0,0.000000,16384,1508,56627,4,1.000000,0.000000
27414,29279378667,1057057,0,0,1725,0,0.000000,16384,1551,57057,4,1.000000,0.000000
27415,29280437893,1059226,0,0,1692,0,0.000000,16384,1526,59226,4,1.000000,0.000000
27416,29281495968,1058075,0,0,1786,0,0.000000,16384,1566,58075,4,1.000000,0.000000
27417,29282552810,1056842,0,0,1826,0,0.000000,16384,1620,56842,4,1.000000,0.000000
27418,29283609917,1057107,0,0,1819,0,0.000000,16384,1642,57107,4,1.000000,0.000000
27419,29284668752,1058835,0,0,1827,0,0.000000,16384,1646,58835,4,1.000000,0.000000
27420,29285724671,1055919,0,0,1824,0,0.000000,16384,1603,55919,4,1.000000,0.000000
27421,29286788686,1064015,0,0,1836,0,0.000000,16384,1612,64015,4,1.000000,0.000000
27422,29287845206,1056520,0,0,1817,0,0.000000,16384,1637,56520,4,1.000000,0.000000
27423,29288901115,1055909,0,0,1789,0,0.000000,16384,1619,55909,4,1.000000,0.000000
27424,29289958557,1057442,0,0,1770,0,0.000000,16384,1557,57442,4,1.000000,0.000000
27425,29291015553,1056996,0,0,1814,0,0.000000,16384,1594,56996,4,1.000000,0.000000
27426,29292071147,1055594,0,0,1815,0,0.000000,16384,1636,55594,4,1.000000,0.000000
27427,29293127153,1056006,0,0,1824,0,0.000000,16384,1646,56006,4,1.000000,0.000000
27428,29294183557,1056404,0,0,1824,0,0.000000,16384,1617,56404,4,1.000000,0.000000
27429,29295240621,1057064,0,0,1762,0,0.000000,16384,1542,57064,4,1.000000,0.000000
27430,29296298357,1057736,0,0,1816,0,0.000000,16384,1631,57736,4,1.000000,0.000000
27431,29297367404,1069047,0,0,1668,0,0.000000,16384,1513,69047,4,1.000000,0.000000
27432,29298432141,1064737,0,0,1527,0,0.000000,16384,1324,64737,4,1.000000,0.000000
27433,29299494137,1061996,0,0,1561,0,0.000000,16384,1428,61996,4,1.000000,0.000000
27434,29300552960,1058823,0,0,1550,0,0.000000,16384,1341,58823,4,1.000000,0.000000
27435,29301646605,1093645,0,0,1704,0,0.000000,16384,1551,93645,4,1.000000,0.000000
27436,29302675630,1029025,0,0,1503,0,0.000000,16384,1309,29025,4,1.000000,0.000000
27437,29303707854,1032224,0,0,1619,0,0.000000,16384,1469,32224,4,1.000000,0.000000
27438,29304771064,1063210,0,0,1807,0,0.000000,16384,1617,63210,4,1.000000,0.000000
27439,29305835040,1063976,0,0,1807,0,0.000000,16384,1587,63976,4,1.000000,0.000000
27440,29306898349,1063309,0,0,1796,0,0.000000,16384,1591,63309,4,1.000000,0.000000
27441,29307982494,1084145,0,0,1813,0,0.000000,16384,1639,84145,4,1.000000,0.000000
27442,29309042468,1059974,0,0,1670,0,0.000000,16384,1485,59974,4,1.000000,0.000000
27443,29310102439,1059971,0,0,1631,0,0.000000,16384,1436,59971,4,1.000000,0.000000
27444,29311161534,1059095,0,0,1647,0,0.000000,16384,1506,59095,4,1.000000,0.000000
27445,29312220185,1058651,0,0,1665,0,0.000000,16384,1445,58651,4,1.000000,0.000000
27446,29313276911,1056726,0,0,1754,0,0.000000,16384,1570,56726,4,1.000000,0.000000
27447,29314333552,1056641,0,0,1827,0,0.000000,16384,1648,56641,4,1.000000,0.000000
27448,29315392092,1058540,0,0,1823,0,0.000000,16384,1622,58540,4,1.000000,0.000000
27449,29316449307,1057215,0,0,1825,0,0.000000,16384,1605,57215,4,1.000000,0.000000
27450,29317505383,1056076,0,0,1802,0,0.000000,16384,1602,56076,4,1.000000,0.000000
27451,29318572450,1067067,0,0,1841,0,0.000000,16384,1660,67067,4,1.000000,0.000000
27452,29319630558,1058108,0,0,1807,0,0.000000,16384,1623,58108,4,1.000000,0.000000
27453,29320671190,1040632,0,0,1776,0,0.000000,16384,1557,40632,4,1.000000,0.000000
27454,29321728024,1056834,0,0,1666,0,0.000000,16384,1487,56834,4,1.000000,0.000000
27455,29322784499,1056475,0,0,1810,0,0.000000,16384,1635,56475,4,1.000000,0.000000
27456,29323842522,1058023,0,0,1773,0,0.000000,16384,1562,58023,4,1.000000,0.000000
27457,29324900215,1057693,0,0,1824,0,0.000000,16384,1605,57693,4,1.000000,0.000000
27458,29325956595,1056380,0,0,1823,0,0.000000,16384,1637,56380,4,1.000000,0.000000
27459,29327016471,1059876,0,0,1632,0,0.000000,16384,1478,59876,4,1.000000,0.000000
27460,29328082504,1066033,0,0,1705,0,0.000000,16384,1485,66033,4,1.000000,0.000000
27461,29329155278,1072774,0,0,1683,0,0.000000,16384,1521,72774,4,1.000000,0.000000
27462,29330216352,1061074,0,0,1611,0,0.000000,16384,1433,61074,4,1.000000,0.000000
27463,29331276292,1059940,0,0,1618,0,0.000000,16384,1431,59940,4,1.000000,0.000000
27464,29332334476,1058184,0,0,1670,0,0.000000,16384,1521,58184,4,1.000000,0.000000
27465,29333391936,1057460,0,0,1667,0,0.000000,16384,1446,57460,4,1.000000,0.000000
27466,29334448879,1056943,0,0,1663,0,0.000000,16384,1501,56943,4,1.000000,0.000000
27467,29335506456,1057577,0,0,1663,0,0.000000,16384,1486,57577,4,1.000000,0.000000
27468,29336594030,1087574,0,0,1868,0,0.000000,16384,1648,87574,4,1.000000,0.000000
27469,29337687993,1093963,0,0,1946,0,0.000000,16384,1722,93963,4,1.000000,0.000000
27470,29338706358,1018365,0,0,1823,0,0.000000,16384,1639,18365,4,1.000000,0.000000
27471,29339781037,1074679,0,0,1916,0,0.000000,16384,1721,74679,4,1.000000,0.000000
27472,29340845078,1064041,0,0,1886,0,0.000000,16384,1696,64041,4,1.000000,0.000000
27473,29341908195,1063117,0,0,1875,0,0.000000,16384,1656,63117,4,1.000000,0.000000
27474,29342968658,1060463,0,0,1757,0,0.000000,16384,1537,60463,4,1.000000,0.000000
27475,29344026930,1058272,0,0,1819,0,0.000000,16384,1635,58272,4,1.000000,0.000000
27476,29345084508,1057578,0,0,1819,0,0.000000,16384,1643,57578,4,1.000000,0.000000
27477,29346141513,1057005,0,0,1813,0,0.000000,16384,1536,57005,4,1.000000,0.000000
27478,29347198619,1057106,0,0,1792,0,0.000000,16384,1621,57106,4,1.000000,0.000000
27479,29348257054,1058435,0,0,1827,0,0.000000,16384,1623,58435,4,1.000000,0.000000
27480,29349312993,1055939,0,0,1821,0,0.000000,16384,1601,55939,4,1.000000,0.000000
27481,29350380896,1067903,0,0,1753,0,0.000000,16384,1565,67903,4,1.000000,0.000000
27482,29351439494,1058598,0,0,1786,0,0.000000,16384,1616,58598,4,1.000000,0.000000
27483,29352496669,1057175,0,0,1825,0,0.000000,16384,1619,57175,4,1.000000,0.000000
27484,29353553442,1056773,0,0,1828,0,0.000000,16384,1608,56773,4,1.000000,0.000000
27485,29354613498,1060056,0,0,1614,0,0.000000,16384,1454,60056,4,1.000000,0.000000
27486,29355671469,1057971,0,0,1798,0,0.000000,16384,1618,57971,4,1.000000,0.000000
27487,29356730619,1059150,0,0,1803,0,0.000000,16384,1583,59150,4,1.000000,0.000000
27488,29357789712,1059093,0,0,1798,0,0.000000,16384,1586,59093,4,1.000000,0.000000
27489,29358850237,1060525,0,0,1739,0,0.000000,16384,1579,60525,4,1.000000,0.000000
27490,29359910031,1059794,0,0,1690,0,0.000000,16384,1498,59794,4,1.000000,0.000000
27491,29360986596,1076565,0,0,1844,0,0.000000,16384,1624,76565,4,1.000000,0.000000
27492,29362042746,1056150,0,0,1808,0,0.000000,16384,1619,56150,4,1.000000,0.000000
27493,29363099170,1056424,0,0,1807,0,0.000000,16384,1633,56424,4,1.000000,0.000000
27494,29364155626,1056456,0,0,1809,0,0.000000,16384,1608,56456,4,1.000000,0.000000
27495,29365211403,1055777,0,0,1816,0,0.000000,16384,1596,55777,4,1.000000,0.000000
27496,29366267131,1055728,0,0,1815,0,0.000000,16384,1616,55728,4,1.000000,0.000000
27497,29367328698,1061567,0,0,1727,0,0.000000,16384,1568,61567,4,1.000000,0.000000
27498,29368389774,1061076,0,0,1809,0,0.000000,16384,1603,61076,4,1.000000,0.000000
27499,29369447351,1057577,0,0,1826,0,0.000000,16384,1606,57577,4,1.000000,0.000000
27500,29370506486,1059135,0,0,1710,0,0.000000,16384,1536,59135,4,1.000000,0.000000
27501,29371574116,1067630,0,0,1834,0,0.000000,16384,1654,67630,4,1.000000,0.000000
27502,29372635292,1061176,0,0,1818,0,0.000000,16384,1608,61176,4,1.000000,0.000000
27503,29373673596,1038304,0,0,1764,0,0.000000,16384,1544,38304,4,1.000000,0.000000
27504,29374731567,1057971,0,0,1723,0,0.000000,16384,1560,57971,4,1.000000,0.000000
27505,29375790182,1058615,0,0,1817,0,0.000000,16384,1640,58615,4,1.000000,0.000000
27506,29376846985,1056803,0,0,1824,0,0.000000,16384,1600,56803,4,1.000000,0.000000
27507,29377904040,1057055,0,0,1814,0,0.000000,16384,1594,57055,4,1.000000,0.000000
27508,29378960901,1056861,0,0,1816,0,0.000000,16384,1638,56861,4,1.000000,0.000000
27509,29380017626,1056725,0,0,1775,0,0.000000,16384,1608,56725,4,1.000000,0.000000
27510,29381073312,1055686,0,0,1747,0,0.000000,16384,1532,55686,4,1.000000,0.000000
27511,29382137787,1064475,0,0,1836,0,0.000000,16384,1614,64475,4,1.000000,0.000000
27512,29383193993,1056206,0,0,1823,0,0.000000,16384,1646,56206,4,1.000000,0.000000
27513,29384250638,1056645,0,0,1809,0,0.000000,16384,1635,56645,4,1.000000,0.000000
27514,29385306819,1056181,0,0,1822,0,0.000000,16384,1607,56181,4,1.000000,0.000000
27515,29386362917,1056098,0,0,1810,0,0.000000,16384,1589,56098,4,1.000000,0.000000
27516,29387419044,1056127,0,0,1813,0,0.000000,16384,1628,56127,4,1.000000,0.000000
27517,29388475192,1056148,0,0,1824,0,0.000000,16384,1646,56148,4,1.000000,0.000000
27518,29389531373,1056181,0,0,1822,0,0.000000,16384,1622,56181,4,1.000000,0.000000
27519,29390621275,1089902,0,0,1767,0,0.000000,16384,1546,89902,4,1.000000,0.000000
27520,29391673662,1052387,0,0,1632,0,0.000000,16384,1477,52387,4,1.000000,0.000000
27521,29392744563,1070901,0,0,1682,0,0.000000,16384,1498,70901,4,1.000000,0.000000
27522,29393805275,1060712,0,0,1746,0,0.000000,16384,1526,60712,4,1.000000,0.000000
27523,29394873968,1068693,0,0,1529,0,0.000000,16384,1411,68693,4,1.000000,0.000000
27524,29395942154,1068186,0,0,1444,0,0.000000,16384,1247,68186,4,1.000000,0.000000
27525,29397015675,1073521,0,0,1434,0,0.000000,16384,1297,73521,4,1.000000,0.000000
27526,29398115468,1099793,0,0,1439,0,0.000000,16384,1283,99793,4,1.000000,0.000000
27527,29399236148,1120680,0,0,1470,0,0.000000,16384,1294,120680,4,1.000000,0.000000
27528,29400891977,1655829,0,0,2169,0,0.000000,16384,1945,655829,4,1.000000,0.000000
27529,29401972124,1080147,0,0,1372,0,0.000000,16384,1237,80147,4,1.000000,0.000000
27530,29403043460,1071336,0,0,1491,0,0.000000,16384,1289,71336,4,1.000000,0.000000
27531,29404134426,1090966,0,0,1565,0,0.000000,16384,1437,90966,4,1.000000,0.000000
27532,29405202951,1068525,0,0,1486,0,0.000000,16384,1282,68525,4,1.000000,0.000000
27533,29406433145,1230194,0,0,1660,0,0.000000,16384,1516,230194,4,1.000000,0.000000
27534,29407501646,1068501,0,0,1413,0,0.000000,16384,1224,68501,4,1.000000,0.000000
27535,29408568720,1067074,0,0,1480,0,0.000000,16384,1358,67074,4,1.000000,0.000000
27536,29409635324,1066604,0,0,1470,0,0.000000,16384,1282,66604,4,1.000000,0.000000
27537,29410688657,1053333,0,0,1419,0,0.000000,16384,1275,53333,4,1.000000,0.000000
27538,29411753510,1064853,0,0,1462,0,0.000000,16384,1311,64853,4,1.000000,0.000000
27539,29412816185,1062675,0,0,1446,0,0.000000,16384,1261,62675,4,1.000000,0.000000
27540,29413876213,1060028,0,0,1454,0,0.000000,16384,1338,60028,4,1.000000,0.000000
27541,29414991793,1115580,0,0,1531,0,0.000000,16384,1320,115580,4,1.000000,0.000000
27542,29416057015,1065222,0,0,1475,0,0.000000,16384,1350,65222,4,1.000000,0.000000
27543,29417119387,1062372,0,0,1467,0,0.000000,16384,1285,62372,4,1.000000,0.000000
27544,29418188629,1069242,0,0,1471,0,0.000000,16384,1316,69242,4,1.000000,0.000000
27545,29419258887,1070258,0,0,1453,0,0.000000,16384,1304,70258,4,1.000000,0.000000
27546,29420322339,1063452,0,0,1456,0,0.000000,16384,1274,63452,4,1.000000,0.000000
27547,29421384258,1061919,0,0,1474,0,0.000000,16384,1350,61919,4,1.000000,0.000000
27548,29422455830,1071572,0,0,1472,0,0.000000,16384,1272,71572,4,1.000000,0.000000
27549,29423526746,1070916,0,0,1418,0,0.000000,16384,1290,70916,4,1.000000,0.000000
27550,29424591693,1064947,0,0,1474,0,0.000000,16384,1304,64947,4,1.000000,0.000000
27551,29425680479,1088786,0,0,1496,0,0.000000,16384,1334,88786,4,1.000000,0.000000
27552,29427690376,2009897,0,0,2694,0,0.000000,16384,2392,1009897,4,1.000000,0.000000
27553,29428762326,1071950,0,0,1450,0,0.000000,16384,1300,71950,4,1.000000,0.000000
27554,29429833902,1071576,0,0,1443,0,0.000000,16384,1296,71576,4,1.000000,0.000000
27555,29430906411,1072509,0,0,1471,0,0.000000,16384,1286,72509,4,1.000000,0.000000
27556,29432019950,1113539,0,0,1445,0,0.000000,16384,1329,113539,4,1.000000,0.000000
27557,29433094903,1074953,0,0,1402,0,0.000000,16384,1213,74953,4,1.000000,0.000000
27558,29434166013,1071110,0,0,1419,0,0.000000,16384,1276,71110,4,1.000000,0.000000
27559,29435247708,1081695,0,0,1398,0,0.000000,16384,1259,81695,4,1.000000,0.000000
27560,29436324630,1076922,0,0,1419,0,0.000000,16384,1229,76922,4,1.000000,0.000000
27561,29437436426,1111796,0,0,1474,0,0.000000,16384,1351,111796,4,1.000000,0.000000
27562,29438513788,1077362,0,0,1374,0,0.000000,16384,1207,77362,4,1.000000,0.000000
27563,29439591293,1077505,0,0,1395,0,0.000000,16384,1230,77505,4,1.000000,0.000000
27564,29440663123,1071830,0,0,1480,0,0.000000,16384,1352,71830,4,1.000000,0.000000
27565,29441738690,1075567,0,0,1477,0,0.000000,16384,1275,75567,4,1.000000,0.000000
27566,29442803892,1065202,0,0,1520,0,0.000000,16384,1398,65202,4,1.000000,0.000000
27567,29443873780,1069888,0,0,1570,0,0.000000,16384,1355,69888,4,1.000000,0.000000
27568,29444938888,1065108,0,0,1607,0,0.000000,16384,1472,65108,4,1.000000,0.000000
27569,29446007314,1068426,0,0,1545,0,0.000000,16384,1339,68426,4,1.000000,0.000000
27570,29447071144,1063830,0,0,1489,0,0.000000,16384,1371,63830,4,1.000000,0.000000
27571,29448168895,1097751,0,0,1553,0,0.000000,16384,1335,97751,4,1.000000,0.000000
27572,29449233696,1064801,0,0,1621,0,0.000000,16384,1483,64801,4,1.000000,0.000000
27573,29450301593,1067897,0,0,1562,0,0.000000,16384,1364,67897,4,1.000000,0.000000
27574,29451364518,1062925,0,0,1613,0,0.000000,16384,1457,62925,4,1.000000,0.000000
27575,29452432023,1067505,0,0,1542,0,0.000000,16384,1361,67505,4,1.000000,0.000000
27576,29453495089,1063066,0,0,1600,0,0.000000,16384,1434,63066,4,1.000000,0.000000
27577,29454562292,1067203,0,0,1475,0,0.000000,16384,1306,67203,4,1.000000,0.000000
27578,29455637643,1075351,0,0,1486,0,0.000000,16384,1343,75351,4,1.000000,0.000000
27579,29456688882,1051239,0,0,1399,0,0.000000,16384,1213,51239,4,1.000000,0.000000
27580,29457760023,1071141,0,0,1453,0,0.000000,16384,1330,71141,4,1.000000,0.000000
27581,29458855598,1095575,0,0,1472,0,0.000000,16384,1291,95575,4,1.000000,0.000000
27582,29459924532,1068934,0,0,1480,0,0.000000,16384,1325,68934,4,1.000000,0.000000
27583,29460997662,1073130,0,0,1488,0,0.000000,16384,1330,73130,4,1.000000,0.000000
27584,29462070121,1072459,0,0,1479,0,0.000000,16384,1305,72459,4,1.000000,0.000000
27585,29463140712,1070591,0,0,1499,0,0.000000,16384,1358,70591,4,1.000000,0.000000
27586,29464685046,1544334,0,0,2146,0,0.000000,16384,1904,544334,4,1.000000,0.000000
27587,29466152509,1467463,0,0,1977,0,0.000000,16384,1769,467463,4,1.000000,0.000000
27588,29467289175,1136666,0,0,1500,0,0.000000,16384,1307,136666,4,1.000000,0.000000
27589,29468364466,1075291,0,0,1471,0,0.000000,16384,1351,75291,4,1.000000,0.000000
27590,29470523473,2159007,0,0,3005,0,0.000000,16384,2673,1159007,4,1.000000,0.000000
27591,29471653163,1129690,0,0,1540,0,0.000000,16384,1337,129690,4,1.000000,0.000000
27592,29472683780,1030617,0,0,1379,0,0.000000,16384,1246,30617,4,1.000000,0.000000
27593,29473754795,1071015,0,0,1450,0,0.000000,16384,1298,71015,4,1.000000,0.000000
27594,29474823093,1068298,0,0,1365,0,0.000000,16384,1185,68298,4,1.000000,0.000000
27595,29475899549,1076456,0,0,1409,0,0.000000,16384,1293,76456,4,1.000000,0.000000
27596,29476971644,1072095,0,0,1437,0,0.000000,16384,1265,72095,4,1.000000,0.000000
27597,29478044089,1072445,0,0,1500,0,0.000000,16384,1340,72445,4,1.000000,0.000000
27598,29479112739,1068650,0,0,1452,0,0.000000,16384,1303,68650,4,1.000000,0.000000
27599,29480178236,1065497,0,0,1497,0,0.000000,16384,1310,65497,4,1.000000,0.000000
27600,29481245304,1067068,0,0,1414,0,0.000000,16384,1298,67068,4,1.000000,0.000000
27601,29482343811,1098507,0,0,1473,0,0.000000,16384,1273,98507,4,1.000000,0.000000
27602,29483412222,1068411,0,0,1405,0,0.000000,16384,1268,68411,4,1.000000,0.000000
27603,29484478765,1066543,0,0,1526,0,0.000000,16384,1358,66543,4,1.000000,0.000000
27604,29485546013,1067248,0,0,1411,0,0.000000,16384,1248,67248,4,1.000000,0.000000
27605,29486612277,1066264,0,0,1391,0,0.000000,16384,1275,66264,4,1.000000,0.000000
27606,29487686886,1074609,0,0,1428,0,0.000000,16384,1235,74609,4,1.000000,0.000000
27607,29488758766,1071880,0,0,1454,0,0.000000,16384,1311,71880,4,1.000000,0.000000
27608,29489830435,1071669,0,0,1383,0,0.000000,16384,1240,71669,4,1.000000,0.000000
27609,29490907371,1076936,0,0,1436,0,0.000000,16384,1247,76936,4,1.000000,0.000000
27610,29491980829,1073458,0,0,1444,0,0.000000,16384,1328,73458,4,1.000000,0.000000
27611,29493079837,1099008,0,0,1522,0,0.000000,16384,1321,99008,4,1.000000,0.000000
27612,29494683671,1603834,0,0,2182,0,0.000000,16384,1939,603834,4,1.000000,0.000000
27613,29495755334,1071663,0,0,1383,0,0.000000,16384,1267,71663,4,1.000000,0.000000
27614,29496827578,1072244,0,0,1291,0,0.000000,16384,1146,72244,4,1.000000,0.000000
27615,29497904984,1077406,0,0,1429,0,0.000000,16384,1242,77406,4,1.000000,0.000000
27616,29498978513,1073529,0,0,1530,0,0.000000,16384,1406,73529,4,1.000000,0.000000
27617,29500049448,1070935,0,0,1557,0,0.000000,16384,1345,70935,4,1.000000,0.000000
27618,29501129331,1079883,0,0,1452,0,0.000000,16384,1335,79883,4,1.000000,0.000000
27619,29502205552,1076221,0,0,1378,0,0.000000,16384,1204,76221,4,1.000000,0.000000
27620,29503279575,1074023,0,0,1422,0,0.000000,16384,1265,74023,4,1.000000,0.000000
27621,29504377119,1097544,0,0,1443,0,0.000000,16384,1308,97544,4,1.000000,0.000000
27622,29505447576,1070457,0,0,1409,0,0.000000,16384,1221,70457,4,1.000000,0.000000
27623,29506516643,1069067,0,0,1548,0,0.000000,16384,1419,69067,4,1.000000,0.000000
27624,29507582760,1066117,0,0,1611,0,0.000000,16384,1390,66117,4,1.000000,0.000000
27625,29508652535,1069775,0,0,1623,0,0.000000,16384,1484,69775,4,1.000000,0.000000
27626,29509680494,1027959,0,0,1561,0,0.000000,16384,1364,27959,4,1.000000,0.000000
27627,29510750716,1070222,0,0,1586,0,0.000000,16384,1435,70222,4,1.000000,0.000000
27628,29511814188,1063472,0,0,1742,0,0.000000,16384,1553,63472,4,1.000000,0.000000
27629,29512878429,1064241,0,0,1733,0,0.000000,16384,1514,64241,4,1.000000,0.000000
27630,29513942793,1064364,0,0,1599,0,0.000000,16384,1460,64364,4,1.000000,0.000000
27631,29515038087,1095294,0,0,1670,0,0.000000,16384,1473,95294,4,1.000000,0.000000
27632,29516104974,1066887,0,0,1635,0,0.000000,16384,1452,66887,4,1.000000,0.000000
27633,29517173732,1068758,0,0,1690,0,0.000000,16384,1533,68758,4,1.000000,0.000000
27634,29518239021,1065289,0,0,1662,0,0.000000,16384,1442,65289,4,1.000000,0.000000
27635,29519305874,1066853,0,0,1549,0,0.000000,16384,1414,66853,4,1.000000,0.000000
27636,29520371683,1065809,0,0,1568,0,0.000000,16384,1367,65809,4,1.000000,0.000000
27637,29521439461,1067778,0,0,1559,0,0.000000,16384,1415,67778,4,1.000000,0.000000
27638,29522509153,1069692,0,0,1568,0,0.000000,16384,1376,69692,4,1.000000,0.000000
27639,29523837304,1328151,0,0,1952,0,0.000000,16384,1728,328151,4,1.000000,0.000000
27640,29524908970,1071666,0,0,1389,0,0.000000,16384,1272,71666,4,1.000000,0.000000
27641,29526016697,1107727,0,0,1466,0,0.000000,16384,1286,107727,4,1.000000,0.000000
27642,29527084003,1067306,0,0,1474,0,0.000000,16384,1319,67306,4,1.000000,0.000000
27643,29528148713,1064710,0,0,1475,0,0.000000,16384,1321,64710,4,1.000000,0.000000
27644,29529211620,1062907,0,0,1474,0,0.000000,16384,1296,62907,4,1.000000,0.000000
27645,29530274484,1062864,0,0,1488,0,0.000000,16384,1353,62864,4,1.000000,0.000000
27646,29531338108,1063624,0,0,1497,0,0.000000,16384,1296,63624,4,1.000000,0.000000
27647,29532422815,1084707,0,0,1488,0,0.000000,16384,1372,84707,4,1.000000,0.000000
27648,29533497497,1074682,0,0,1450,0,0.000000,16384,1256,74682,4,1.000000,0.000000
27649,29534565463,1067966,0,0,1483,0,0.000000,16384,1341,67966,4,1.000000,0.000000
27650,29535680955,1115492,0,0,1494,0,0.000000,16384,1321,115492,4,1.000000,0.000000
27651,29536781142,1100187,0,0,1373,0,0.000000,16384,1214,100187,4,1.000000,0.000000
27652,29537848698,1067556,0,0,1512,0,0.000000,16384,1374,67556,4,1.000000,0.000000
27653,29538950055,1101357,0,0,1564,0,0.000000,16384,1366,101357,4,1.000000,0.000000
27654,29540021067,1071012,0,0,1372,0,0.000000,16384,1255,71012,4,1.000000,0.000000
27655,29541094225,1073158,0,0,1361,0,0.000000,16384,1192,73158,4,1.000000,0.000000
27656,29542167608,1073383,0,0,1339,0,0.000000,16384,1177,73383,4,1.000000,0.000000
27657,29543241516,1073908,0,0,1387,0,0.000000,16384,1271,73908,4,1.000000,0.000000
27658,29544317719,1076203,0,0,1439,0,0.000000,16384,1258,76203,4,1.000000,0.000000
27659,29545385545,1067826,0,0,1495,0,0.000000,16384,1340,67826,4,1.000000,0.000000
27660,29546446941,1061396,0,0,1500,0,0.000000,16384,1337,61396,4,1.000000,0.000000
27661,29547533771,1086830,0,0,1534,0,0.000000,16384,1365,86830,4,1.000000,0.000000
27662,29548599822,1066051,0,0,1509,0,0.000000,16384,1349,66051,4,1.000000,0.000000
27663,29549709098,1109276,0,0,1670,0,0.000000,16384,1490,109276,4,1.000000,0.000000
27664,29550929933,1220835,0,0,1780,0,0.000000,16384,1560,220835,4,1.000000,0.000000
27665,29551996801,1066868,0,0,1496,0,0.000000,16384,1376,66868,4,1.000000,0.000000
27666,29553058495,1061694,0,0,1505,0,0.000000,16384,1298,61694,4,1.000000,0.000000
27667,29554124721,1066226,0,0,1459,0,0.000000,16384,1334,66226,4,1.000000,0.000000
27668,29555186921,1062200,0,0,1512,0,0.000000,16384,1323,62200,4,1.000000,0.000000
27669,29556251447,1064526,0,0,1581,0,0.000000,16384,1434,64526,4,1.000000,0.000000
27670,29557317057,1065610,0,0,1511,0,0.000000,16384,1321,65610,4,1.000000,0.000000
27671,29558416803,1099746,0,0,1557,0,0.000000,16384,1411,99746,4,1.000000,0.000000
27672,29559484021,1067218,0,0,1570,0,0.000000,16384,1371,67218,4,1.000000,0.000000
27673,29560548296,1064275,0,0,1601,0,0.000000,16384,1464,64275,4,1.000000,0.000000
27674,29561613233,1064937,0,0,1598,0,0.000000,16384,1378,64937,4,1.000000,0.000000
27675,29562673367,1060134,0,0,1278,0,0.000000,16384,1162,60134,4,1.000000,0.000000
27676,29563737953,1064586,0,0,1496,0,0.000000,16384,1336,64586,4,1.000000,0.000000
27677,29564799952,1061999,0,0,1610,0,0.000000,16384,1434,61999,4,1.000000,0.000000
27678,29565860400,1060448,0,0,1572,0,0.000000,16384,1392,60448,4,1.000000,0.000000
27679,29566981425,1121025,0,0,1673,0,0.000000,16384,1517,121025,4,1.000000,0.000000
27680,29568047570,1066145,0,0,1622,0,0.000000,16384,1402,66145,4,1.000000,0.000000
27681,29569145591,1098021,0,0,1663,0,0.000000,16384,1516,98021,4,1.000000,0.000000
27682,29570212997,1067406,0,0,1628,0,0.000000,16384,1439,67406,4,1.000000,0.000000
27683,29571274423,1061426,0,0,1624,0,0.000000,16384,1443,61426,4,1.000000,0.000000
27684,29572338004,1063581,0,0,1606,0,0.000000,16384,1447,63581,4,1.000000,0.000000
27685,29573356209,1018205,0,0,1534,0,0.000000,16384,1345,18205,4,1.000000,0.000000
27686,29574420979,1064770,0,0,1573,0,0.000000,16384,1426,64770,4,1.000000,0.000000
27687,29575483372,1062393,0,0,1503,0,0.000000,16384,1317,62393,4,1.000000,0.000000
27688,29576546964,1063592,0,0,1595,0,0.000000,16384,1445,63592,4,1.000000,0.000000
27689,29577608144,1061180,0,0,1622,0,0.000000,16384,1408,61180,4,1.000000,0.000000
27690,29578674903,1066759,0,0,1497,0,0.000000,16384,1375,66759,4,1.000000,0.000000
27691,29579775246,1100343,0,0,1556,0,0.000000,16384,1349,100343,4,1.000000,0.000000
27692,29580865129,1089883,0,0,1510,0,0.000000,16384,1381,89883,4,1.000000,0.000000
27693,29581940639,1075510,0,0,1388,0,0.000000,16384,1218,75510,4,1.000000,0.000000
27694,29583010131,1069492,0,0,1447,0,0.000000,16384,1285,69492,4,1.000000,0.000000
27695,29584077525,1067394,0,0,1526,0,0.000000,16384,1375,67394,4,1.000000,0.000000
27696,29585136973,1059448,0,0,1617,0,0.000000,16384,1432,59448,4,1.000000,0.000000
27697,29586196853,1059880,0,0,1622,0,0.000000,16384,1440,59880,4,1.000000,0.000000
27698,29587258352,1061499,0,0,1615,0,0.000000,16384,1377,61499,4,1.000000,0.000000
27699,29588320089,1061737,0,0,1594,0,0.000000,16384,1450,61737,4,1.000000,0.000000
27700,29589384715,1064626,0,0,1592,0,0.000000,16384,1380,64626,4,1.000000,0.000000
27701,29590474767,1090052,0,0,1634,0,0.000000,16384,1494,90052,4,1.000000,0.000000
27702,29591537975,1063208,0,0,1589,0,0.000000,16384,1385,63208,4,1.000000,0.000000
27703,29592600614,1062639,0,0,1601,0,0.000000,16384,1448,62639,4,1.000000,0.000000
27704,29593675443,1074829,0,0,1606,0,0.000000,16384,1423,74829,4,1.000000,0.000000
27705,29594739976,1064533,0,0,1593,0,0.000000,16384,1417,64533,4,1.000000,0.000000
27706,29595800715,1060739,0,0,1558,0,0.000000,16384,1394,60739,4,1.000000,0.000000
27707,29596860678,1059963,0,0,1598,0,0.000000,16384,1412,59963,4,1.000000,0.000000
27708,29597923245,1062567,0,0,1613,0,0.000000,16384,1463,62567,4,1.000000,0.000000
27709,29598988453,1065208,0,0,1555,0,0.000000,16384,1352,65208,4,1.000000,0.000000
27710,29600052692,1064239,0,0,1604,0,0.000000,16384,1471,64239,4,1.000000,0.000000
27711,29601139925,1087233,0,0,1645,0,0.000000,16384,1424,87233,4,1.000000,0.000000
27712,29602239209,1099284,0,0,1534,0,0.000000,16384,1399,99284,4,1.000000,0.000000
27713,29603307187,1067978,0,0,1574,0,0.000000,16384,1373,67978,4,1.000000,0.000000
27714,29604370606,1063419,0,0,1590,0,0.000000,16384,1439,63419,4,1.000000,0.000000
27715,29605433709,1063103,0,0,1606,0,0.000000,16384,1422,63103,4,1.000000,0.000000
27716,29606498636,1064927,0,0,1595,0,0.000000,16384,1420,64927,4,1.000000,0.000000
27717,29607560377,1061741,0,0,1597,0,0.000000,16384,1432,61741,4,1.000000,0.000000
27718,29608621716,1061339,0,0,1611,0,0.000000,16384,1414,61339,4,1.000000,0.000000
27719,29609678746,1057030,0,0,1571,0,0.000000,16384,1432,57030,4,1.000000,0.000000
27720,29610738220,1059474,0,0,1595,0,0.000000,16384,1382,59474,4,1.000000,0.000000
27721,29611823148,1084928,0,0,1640,0,0.000000,16384,1500,84928,4,1.000000,0.000000
27722,29612883758,1060610,0,0,1610,0,0.000000,16384,1407,60610,4,1.000000,0.000000
27723,29613949070,1065312,0,0,1619,0,0.000000,16384,1457,65312,4,1.000000,0.000000
27724,29615013708,1064638,0,0,1602,0,0.000000,16384,1424,64638,4,1.000000,0.000000
27725,29616078339,1064631,0,0,1615,0,0.000000,16384,1430,64631,4,1.000000,0.000000
27726,29617139881,1061542,0,0,1634,0,0.000000,16384,1483,61542,4,1.000000,0.000000
27727,29618202622,1062741,0,0,1552,0,0.000000,16384,1347,62741,4,1.000000,0.000000
27728,29619268228,1065606,0,0,1606,0,0.000000,16384,1473,65606,4,1.000000,0.000000
27729,29620334938,1066710,0,0,1592,0,0.000000,16384,1373,66710,4,1.000000,0.000000
27730,29621410200,1075262,0,0,1531,0,0.000000,16384,1405,75262,4,1.000000,0.000000
27731,29622527375,1117175,0,0,1652,0,0.000000,16384,1443,117175,4,1.000000,0.000000
27732,29623598989,1071614,0,0,1620,0,0.000000,16384,1455,71614,4,1.000000,0.000000
27733,29624665178,1066189,0,0,1572,0,0.000000,16384,1399,66189,4,1.000000,0.000000
27734,29625732800,1067622,0,0,1604,0,0.000000,16384,1423,67622,4,1.000000,0.000000
27735,29626794696,1061896,0,0,1319,0,0.000000,16384,1166,61896,4,1.000000,0.000000
27736,29627855539,1060843,0,0,1445,0,0.000000,16384,1327,60843,4,1.000000,0.000000
27737,29628919686,1064147,0,0,1596,0,0.000000,16384,1378,64147,4,1.000000,0.000000
27738,29629982639,1062953,0,0,1621,0,0.000000,16384,1476,62953,4,1.000000,0.000000
27739,29631052207,1069568,0,0,1499,0,0.000000,16384,1308,69568,4,1.000000,0.000000
27740,29632115557,1063350,0,0,1587,0,0.000000,16384,1441,63350,4,1.000000,0.000000
27741,29633218939,1103382,0,0,1639,0,0.000000,16384,1449,103382,4,1.000000,0.000000
27742,29634285239,1066300,0,0,1482,0,0.000000,16384,1329,66300,4,1.000000,0.000000
27743,29635559715,1274476,0,0,1715,0,0.000000,16384,1528,274476,4,1.000000,0.000000
27744,29636629498,1069783,0,0,1398,0,0.000000,16384,1243,69783,4,1.000000,0.000000
27745,29637678389,1048891,0,0,1391,0,0.000000,16384,1214,48891,4,1.000000,0.000000
27746,29638743841,1065452,0,0,1528,0,0.000000,16384,1402,65452,4,1.000000,0.000000
27747,29639805512,1061671,0,0,1611,0,0.000000,16384,1401,61671,4,1.000000,0.000000
27748,29640866447,1060935,0,0,1578,0,0.000000,16384,1431,60935,4,1.000000,0.000000
27749,29641931683,1065236,0,0,1550,0,0.000000,16384,1361,65236,4,1.000000,0.000000
27750,29642993471,1061788,0,0,1618,0,0.000000,16384,1454,61788,4,1.000000,0.000000
27751,29644086315,1092844,0,0,1614,0,0.000000,16384,1438,92844,4,1.000000,0.000000
27752,29645149569,1063254,0,0,1598,0,0.000000,16384,1413,63254,4,1.000000,0.000000
27753,29646210581,1061012,0,0,1624,0,0.000000,16384,1472,61012,4,1.000000,0.000000
27754,29647277053,1066472,0,0,1528,0,0.000000,16384,1330,66472,4,1.000000,0.000000
27755,29648341773,1064720,0,0,1544,0,0.000000,16384,1407,64720,4,1.000000,0.000000
27756,29649400798,1059025,0,0,1574,0,0.000000,16384,1368,59025,4,1.000000,0.000000
27757,29650464796,1063998,0,0,1604,0,0.000000,16384,1472,63998,4,1.000000,0.000000
27758,29651524698,1059902,0,0,1603,0,0.000000,16384,1385,59902,4,1.000000,0.000000
27759,29652586971,1062273,0,0,1596,0,0.000000,16384,1454,62273,4,1.000000,0.000000
27760,29653651447,1064476,0,0,1579,0,0.000000,16384,1385,64476,4,1.000000,0.000000
27761,29654750424,1098977,0,0,1574,0,0.000000,16384,1418,98977,4,1.000000,0.000000
27762,29655814537,1064113,0,0,1559,0,0.000000,16384,1379,64113,4,1.000000,0.000000
27763,29656878781,1064244,0,0,1588,0,0.000000,16384,1419,64244,4,1.000000,0.000000
27764,29657947379,1068598,0,0,1604,0,0.000000,16384,1433,68598,4,1.000000,0.000000
27765,29659009400,1062021,0,0,1625,0,0.000000,16384,1431,62021,4,1.000000,0.000000
27766,29660069217,1059817,0,0,1638,0,0.000000,16384,1496,59817,4,1.000000,0.000000
27767,29661128074,1058857,0,0,1615,0,0.000000,16384,1395,58857,4,1.000000,0.000000
27768,29662184279,1056205,0,0,1585,0,0.000000,16384,1447,56205,4,1.000000,0.000000
27769,29663244572,1060293,0,0,1603,0,0.000000,16384,1404,60293,4,1.000000,0.000000
27770,29664304811,1060239,0,0,1621,0,0.000000,16384,1457,60239,4,1.000000,0.000000
27771,29665390620,1085809,0,0,1665,0,0.000000,16384,1490,85809,4,1.000000,0.000000
27772,29666450951,1060331,0,0,1620,0,0.000000,16384,1418,60331,4,1.000000,0.000000
27773,29667606240,1155289,0,0,1765,0,0.000000,16384,1600,155289,4,1.000000,0.000000
27774,29668670122,1063882,0,0,1625,0,0.000000,16384,1436,63882,4,1.000000,0.000000
27775,29669740524,1070402,0,0,1625,0,0.000000,16384,1444,70402,4,1.000000,0.000000
27776,29670806485,1065961,0,0,1635,0,0.000000,16384,1476,65961,4,1.000000,0.000000
27777,29671867547,1061062,0,0,1625,0,0.000000,16384,1413,61062,4,1.000000,0.000000
27778,29672932878,1065331,0,0,1619,0,0.000000,16384,1483,65331,4,1.000000,0.000000
27779,29673992431,1059553,0,0,1611,0,0.000000,16384,1403,59553,4,1.000000,0.000000
27780,29675055983,1063552,0,0,1591,0,0.000000,16384,1439,63552,4,1.000000,0.000000
27781,29676142440,1086457,0,0,1658,0,0.000000,16384,1470,86457,4,1.000000,0.000000
27782,29677202773,1060333,0,0,1622,0,0.000000,16384,1435,60333,4,1.000000,0.000000
27783,29678265445,1062672,0,0,1566,0,0.000000,16384,1417,62672,4,1.000000,0.000000
27784,29679330549,1065104,0,0,1542,0,0.000000,16384,1350,65104,4,1.000000,0.000000
27785,29680395592,1065043,0,0,1612,0,0.000000,16384,1468,65043,4,1.000000,0.000000
27786,29681459945,1064353,0,0,1591,0,0.000000,16384,1375,64353,4,1.000000,0.000000
27787,29682523281,1063336,0,0,1580,0,0.000000,16384,1451,63336,4,1.000000,0.000000
27788,29683583650,1060369,0,0,1618,0,0.000000,16384,1407,60369,4,1.000000,0.000000
27789,29684646113,1062463,0,0,1569,0,0.000000,16384,1424,62463,4,1.000000,0.000000
27790,29685675609,1029496,0,0,1525,0,0.000000,16384,1334,29496,4,1.000000,0.000000
27791,29686783464,1107855,0,0,1644,0,0.000000,16384,1482,107855,4,1.000000,0.000000
27792,29687844166,1060702,0,0,1600,0,0.000000,16384,1422,60702,4,1.000000,0.000000
27793,29688905423,1061257,0,0,1591,0,0.000000,16384,1411,61257,4,1.000000,0.000000
27794,29689967073,1061650,0,0,1591,0,0.000000,16384,1435,61650,4,1.000000,0.000000
27795,29691028323,1061250,0,0,1586,0,0.000000,16384,1387,61250,4,1.000000,0.000000
27796,29692207200,1178877,0,0,1748,0,0.000000,16384,1586,178877,4,1.000000,0.000000
27797,29693276822,1069622,0,0,1467,0,0.000000,16384,1272,69622,4,1.000000,0.000000
27798,29694349020,1072198,0,0,1473,0,0.000000,16384,1357,72198,4,1.000000,0.000000
27799,29695421118,1072098,0,0,1416,0,0.000000,16384,1231,72098,4,1.000000,0.000000
27800,29696500063,1078945,0,0,1489,0,0.000000,16384,1338,78945,4,1.000000,0.000000
27801,29697680260,1180197,0,0,1628,0,0.000000,16384,1435,180197,4,1.000000,0.000000
27802,29698751804,1071544,0,0,1400,0,0.000000,16384,1261,71544,4,1.000000,0.000000
27803,29699824163,1072359,0,0,1492,0,0.000000,16384,1334,72359,4,1.000000,0.000000
27804,29700893149,1068986,0,0,1512,0,0.000000,16384,1334,68986,4,1.000000,0.000000
27805,29701968346,1075197,0,0,1481,0,0.000000,16384,1342,75197,4,1.000000,0.000000
27806,29703079474,1111128,0,0,1415,0,0.000000,16384,1225,111128,4,1.000000,0.000000
27807,29704156470,1076996,0,0,1412,0,0.000000,16384,1289,76996,4,1.000000,0.000000
27808,29705685022,1528552,0,0,1969,0,0.000000,16384,1745,528552,4,1.000000,0.000000
27809,29706760772,1075750,0,0,1336,0,0.000000,16384,1208,75750,4,1.000000,0.000000
27810,29707834344,1073572,0,0,1351,0,0.000000,16384,1174,73572,4,1.000000,0.000000
27811,29708937083,1102739,0,0,1420,0,0.000000,16384,1277,102739,4,1.000000,0.000000
27812,29710018010,1080927,0,0,1370,0,0.000000,16384,1236,80927,4,1.000000,0.000000
27813,29711094090,1076080,0,0,1375,0,0.000000,16384,1194,76080,4,1.000000,0.000000
27814,29712167884,1073794,0,0,1368,0,0.000000,16384,1234,73794,4,1.000000,0.000000
27815,29713239889,1072005,0,0,1415,0,0.000000,16384,1273,72005,4,1.000000,0.000000
27816,29714309313,1069424,0,0,1492,0,0.000000,16384,1303,69424,4,1.000000,0.000000
27817,29715359550,1050237,0,0,1485,0,0.000000,16384,1359,50237,4,1.000000,0.000000
27818,29716426257,1066707,0,0,1603,0,0.000000,16384,1393,66707,4,1.000000,0.000000
27819,29717492184,1065927,0,0,1583,0,0.000000,16384,1437,65927,4,1.000000,0.000000
27820,29718555409,1063225,0,0,1600,0,0.000000,16384,1410,63225,4,1.000000,0.000000
27821,29719649087,1093678,0,0,1626,0,0.000000,16384,1451,93678,4,1.000000,0.000000
27822,29720688369,1039282,0,0,1556,0,0.000000,16384,1391,39282,4,1.000000,0.000000
27823,29721755147,1066778,0,0,1613,0,0.000000,16384,1425,66778,4,1.000000,0.000000
27824,29722820996,1065849,0,0,1607,0,0.000000,16384,1459,65849,4,1.000000,0.000000
27825,29723886612,1065616,0,0,1578,0,0.000000,16384,1370,65616,4,1.000000,0.000000
27826,29724952315,1065703,0,0,1549,0,0.000000,16384,1421,65703,4,1.000000,0.000000
27827,29726014554,1062239,0,0,1628,0,0.000000,16384,1408,62239,4,1.000000,0.000000
27828,29727077257,1062703,0,0,1540,0,0.000000,16384,1412,62703,4,1.000000,0.000000
27829,29728140680,1063423,0,0,1626,0,0.000000,16384,1418,63423,4,1.000000,0.000000
27830,29729200945,1060265,0,0,1631,0,0.000000,16384,1469,60265,4,1.000000,0.000000
27831,29730287015,1086070,0,0,1660,0,0.000000,16384,1482,86070,4,1.000000,0.000000
27832,29731346832,1059817,0,0,1647,0,0.000000,16384,1445,59817,4,1.000000,0.000000
27833,29732408855,1062023,0,0,1643,0,0.000000,16384,1501,62023,4,1.000000,0.000000
27834,29733468820,1059965,0,0,1643,0,0.000000,16384,1431,59965,4,1.000000,0.000000
27835,29734688761,1219941,0,0,1654,0,0.000000,16384,1488,219941,4,1.000000,0.000000
27836,29735764997,1076236,0,0,1358,0,0.000000,16384,1188,76236,4,1.000000,0.000000
27837,29736846722,1081725,0,0,1412,0,0.000000,16384,1296,81725,4,1.000000,0.000000
27838,29737920045,1073323,0,0,1388,0,0.000000,16384,1216,73323,4,1.000000,0.000000
27839,29738996951,1076906,0,0,1367,0,0.000000,16384,1207,76906,4,1.000000,0.000000
27840,29740096830,1099879,0,0,1370,0,0.000000,16384,1254,99879,4,1.000000,0.000000
27841,29741309339,1212509,0,0,1530,0,0.000000,16384,1327,212509,4,1.000000,0.000000
27842,29742390348,1081009,0,0,1392,0,0.000000,16384,1259,81009,4,1.000000,0.000000
27843,29743470205,1079857,0,0,1375,0,0.000000,16384,1235,79857,4,1.000000,0.000000
27844,29744543055,1072850,0,0,1381,0,0.000000,16384,1199,72850,4,1.000000,0.000000
27845,29745619475,1076420,0,0,1415,0,0.000000,16384,1289,76420,4,1.000000,0.000000
27846,29746682757,1063282,0,0,1426,0,0.000000,16384,1265,63282,4,1.000000,0.000000
27847,29747750530,1067773,0,0,1462,0,0.000000,16384,1290,67773,4,1.000000,0.000000
27848,29748814767,1064237,0,0,1482,0,0.000000,16384,1346,64237,4,1.000000,0.000000
27849,29749887940,1073173,0,0,1608,0,0.000000,16384,1409,73173,4,1.000000,0.000000
27850,29750962674,1074734,0,0,1697,0,0.000000,16384,1516,74734,4,1.000000,0.000000
27851,29752062194,1099520,0,0,1708,0,0.000000,16384,1549,99520,4,1.000000,0.000000
27852,29753130403,1068209,0,0,1504,0,0.000000,16384,1301,68209,4,1.000000,0.000000
27853,29754197488,1067085,0,0,1359,0,0.000000,16384,1228,67085,4,1.000000,0.000000
27854,29755258315,1060827,0,0,1248,0,0.000000,16384,1133,60827,4,1.000000,0.000000
27855,29756317796,1059481,0,0,1244,0,0.000000,16384,1094,59481,4,1.000000,0.000000
27856,29757384744,1066948,0,0,1202,0,0.000000,16384,1055,66948,4,1.000000,0.000000
27857,29758456173,1071429,0,0,1304,0,0.000000,16384,1158,71429,4,1.000000,0.000000
27858,29759528264,1072091,0,0,1466,0,0.000000,16384,1339,72091,4,1.000000,0.000000
27859,29760599338,1071074,0,0,1484,0,0.000000,16384,1281,71074,4,1.000000,0.000000
27860,29761663410,1064072,0,0,1518,0,0.000000,16384,1396,64072,4,1.000000,0.000000
27861,29762765682,1102272,0,0,1303,0,0.000000,16384,1142,102272,4,1.000000,0.000000
27862,29763836035,1070353,0,0,1431,0,0.000000,16384,1260,70353,4,1.000000,0.000000
27863,29764899143,1063108,0,0,1374,0,0.000000,16384,1258,63108,4,1.000000,0.000000
27864,29765959895,1060752,0,0,1504,0,0.000000,16384,1303,60752,4,1.000000,0.000000
27865,29767021074,1061179,0,0,1559,0,0.000000,16384,1424,61179,4,1.000000,0.000000
27866,29768084405,1063331,0,0,1493,0,0.000000,16384,1299,63331,4,1.000000,0.000000
27867,29769144717,1060312,0,0,1583,0,0.000000,16384,1441,60312,4,1.000000,0.000000
27868,29770210109,1065392,0,0,1594,0,0.000000,16384,1381,65392,4,1.000000,0.000000
27869,29771274905,1064796,0,0,1604,0,0.000000,16384,1470,64796,4,1.000000,0.000000
27870,29772335634,1060729,0,0,1592,0,0.000000,16384,1383,60729,4,1.000000,0.000000
27871,29773425880,1090246,0,0,1626,0,0.000000,16384,1473,90246,4,1.000000,0.000000
27872,29774493609,1067729,0,0,1515,0,0.000000,16384,1332,67729,4,1.000000,0.000000
27873,29775559875,1066266,0,0,1548,0,0.000000,16384,1399,66266,4,1.000000,0.000000
27874,29776622268,1062393,0,0,1488,0,0.000000,16384,1301,62393,4,1.000000,0.000000
27875,29777674233,1051965,0,0,1566,0,0.000000,16384,1423,51965,4,1.000000,0.000000
27876,29778735734,1061501,0,0,1529,0,0.000000,16384,1336,61501,4,1.000000,0.000000
27877,29779805291,1069557,0,0,1535,0,0.000000,16384,1396,69557,4,1.000000,0.000000
27878,29780871575,1066284,0,0,1521,0,0.000000,16384,1324,66284,4,1.000000,0.000000
27879,29781935249,1063674,0,0,1566,0,0.000000,16384,1426,63674,4,1.000000,0.000000
27880,29782999225,1063976,0,0,1586,0,0.000000,16384,1390,63976,4,1.000000,0.000000
27881,29784088743,1089518,0,0,1669,0,0.000000,16384,1495,89518,4,1.000000,0.000000
27882,29785153021,1064278,0,0,1625,0,0.000000,16384,1459,64278,4,1.000000,0.000000
27883,29786226238,1073217,0,0,1600,0,0.000000,16384,1402,73217,4,1.000000,0.000000
27884,29787294389,1068151,0,0,1598,0,0.000000,16384,1460,68151,4,1.000000,0.000000
27885,29788362556,1068167,0,0,1579,0,0.000000,16384,1361,68167,4,1.000000,0.000000
27886,29789431526,1068970,0,0,1581,0,0.000000,16384,1452,68970,4,1.000000,0.000000
27887,29790493687,1062161,0,0,1607,0,0.000000,16384,1398,62161,4,1.000000,0.000000
27888,29791558445,1064758,0,0,1489,0,0.000000,16384,1361,64758,4,1.000000,0.000000
27889,29792624761,1066316,0,0,1617,0,0.000000,16384,1409,66316,4,1.000000,0.000000
27890,29793677268,1052507,0,0,1573,0,0.000000,16384,1424,52507,4,1.000000,0.000000
27891,29794791182,1113914,0,0,1607,0,0.000000,16384,1420,113914,4,1.000000,0.000000
27892,29795858085,1066903,0,0,1604,0,0.000000,16384,1429,66903,4,1.000000,0.000000
27893,29796891803,1033718,0,0,1517,0,0.000000,16384,1354,33718,4,1.000000,0.000000
27894,29797960480,1068677,0,0,1589,0,0.000000,16384,1412,68677,4,1.000000,0.000000
27895,29799025844,1065364,0,0,1582,0,0.000000,16384,1421,65364,4,1.000000,0.000000
27896,29800088145,1062301,0,0,1620,0,0.000000,16384,1421,62301,4,1.000000,0.000000
27897,29801150540,1062395,0,0,1635,0,0.000000,16384,1496,62395,4,1.000000,0.000000
27898,29802212348,1061808,0,0,1625,0,0.000000,16384,1407,61808,4,1.000000,0.000000
27899,29803283956,1071608,0,0,1469,0,0.000000,16384,1348,71608,4,1.000000,0.000000
27900,29804348013,1064057,0,0,1526,0,0.000000,16384,1314,64057,4,1.000000,0.000000
27901,29805441596,1093583,0,0,1594,0,0.000000,16384,1463,93583,4,1.000000,0.000000
27902,29806505015,1063419,0,0,1613,0,0.000000,16384,1405,63419,4,1.000000,0.000000
27903,29807575032,1070017,0,0,1513,0,0.000000,16384,1377,70017,4,1.000000,0.000000
27904,29808655173,1080141,0,0,1496,0,0.000000,16384,1296,80141,4,1.000000,0.000000
27905,29809689619,1034446,0,0,1374,0,0.000000,16384,1258,34446,4,1.000000,0.000000
27906,29810758707,1069088,0,0,1435,0,0.000000,16384,1264,69088,4,1.000000,0.000000
27907,29811825814,1067107,0,0,1608,0,0.000000,16384,1443,67107,4,1.000000,0.000000
27908,29812889826,1064012,0,0,1567,0,0.000000,16384,1378,64012,4,1.000000,0.000000
27909,29813955768,1065942,0,0,1593,0,0.000000,16384,1446,65942,4,1.000000,0.000000
27910,29815017991,1062223,0,0,1633,0,0.000000,16384,1414,62223,4,1.000000,0.000000
27911,29816106484,1088493,0,0,1672,0,0.000000,16384,1526,88493,4,1.000000,0.000000
27912,29817166404,1059920,0,0,1631,0,0.000000,16384,1440,59920,4,1.000000,0.000000
27913,29818229405,1063001,0,0,1633,0,0.000000,16384,1452,63001,4,1.000000,0.000000
27914,29819295688,1066283,0,0,1559,0,0.000000,16384,1399,66283,4,1.000000,0.000000
27915,29820367906,1072218,0,0,1562,0,0.000000,16384,1379,72218,4,1.000000,0.000000
27916,29821440976,1073070,0,0,1563,0,0.000000,16384,1411,73070,4,1.000000,0.000000
27917,29822509965,1068989,0,0,1516,0,0.000000,16384,1333,68989,4,1.000000,0.000000
27918,29823573419,1063454,0,0,1469,0,0.000000,16384,1316,63454,4,1.000000,0.000000
27919,29824641216,1067797,0,0,1480,0,0.000000,16384,1324,67797,4,1.000000,0.000000
27920,29825686999,1045783,0,0,1425,0,0.000000,16384,1249,45783,4,1.000000,0.000000
27921,29826787021,1100022,0,0,1486,0,0.000000,16384,1360,100022,4,1.000000,0.000000
27922,29827853204,1066183,0,0,1600,0,0.000000,16384,1390,66183,4,1.000000,0.000000
27923,29828917955,1064751,0,0,1570,0,0.000000,16384,1427,64751,4,1.000000,0.000000
27924,29830101478,1183523,0,0,1728,0,0.000000,16384,1444,183523,4,1.000000,0.000000
27925,29831169714,1068236,0,0,1607,0,0.000000,16384,1143,68236,4,1.000000,0.000000
27926,29832233042,1063328,0,0,1657,0,0.000000,16384,1179,63328,4,1.000000,0.000000
27927,29833296858,1063816,0,0,1652,0,0.000000,16384,1175,63816,4,1.000000,0.000000
27928,29834359135,1062277,0,0,1656,0,0.000000,16384,1177,62277,4,1.000000,0.000000
27929,29835423624,1064489,0,0,1621,0,0.000000,16384,1155,64489,4,1.000000,0.000000
27930,29836544291,1120667,0,0,1639,0,0.000000,16384,1165,120667,4,1.000000,0.000000
27931,29837639902,1095611,0,0,1606,0,0.000000,16384,1142,95611,4,1.000000,0.000000
27932,29838723563,1083661,0,0,1594,0,0.000000,16384,1134,83661,4,1.000000,0.000000
27933,29839787804,1064241,0,0,1607,0,0.000000,16384,1164,64241,4,1.000000,0.000000
27934,29840849420,1061616,0,0,1580,0,0.000000,16384,1419,61616,4,1.000000,0.000000
27935,29841914725,1065305,0,0,1627,0,0.000000,16384,1428,65305,4,1.000000,0.000000
27936,29842975115,1060390,0,0,1619,0,0.000000,16384,1482,60390,4,1.000000,0.000000
27937,29844037112,1061997,0,0,1611,0,0.000000,16384,1391,61997,4,1.000000,0.000000
27938,29845102189,1065077,0,0,1535,0,0.000000,16384,1407,65077,4,1.000000,0.000000
27939,29846166726,1064537,0,0,1614,0,0.000000,16384,1406,64537,4,1.000000,0.000000
27940,29847228352,1061626,0,0,1615,0,0.000000,16384,1458,61626,4,1.000000,0.000000
27941,29848340610,1112258,0,0,1631,0,0.000000,16384,1448,112258,4,1.000000,0.000000
27942,29849408089,1067479,0,0,1562,0,0.000000,16384,1387,67479,4,1.000000,0.000000
27943,29850480572,1072483,0,0,1599,0,0.000000,16384,1438,72483,4,1.000000,0.000000
27944,29851550668,1070096,0,0,1567,0,0.000000,16384,1375,70096,4,1.000000,0.000000
27945,29852617113,1066445,0,0,1511,0,0.000000,16384,1367,66445,4,1.000000,0.000000
27946,29853678066,1060953,0,0,1578,0,0.000000,16384,1385,60953,4,1.000000,0.000000
27947,29854740640,1062574,0,0,1609,0,0.000000,16384,1466,62574,4,1.000000,0.000000
27948,29855800890,1060250,0,0,1619,0,0.000000,16384,1399,60250,4,1.000000,0.000000
27949,29856862980,1062090,0,0,1632,0,0.000000,16384,1491,62090,4,1.000000,0.000000
27950,29857922786,1059806,0,0,1630,0,0.000000,16384,1435,59806,4,1.000000,0.000000
27951,29858981005,1058219,0,0,1566,0,0.000000,16384,1403,58219,4,1.000000,0.000000
27952,29860042452,1061447,0,0,1629,0,0.000000,16384,1452,61447,4,1.000000,0.000000
27953,29861101019,1058567,0,0,1606,0,0.000000,16384,1416,58567,4,1.000000,0.000000
27954,29862159297,1058278,0,0,1614,0,0.000000,16384,1468,58278,4,1.000000,0.000000
27955,29863224463,1065166,0,0,1608,0,0.000000,16384,1390,65166,4,1.000000,0.000000
27956,29864284015,1059552,0,0,1736,0,0.000000,16384,1577,59552,4,1.000000,0.000000
27957,29865341803,1057788,0,0,1828,0,0.000000,16384,1645,57788,4,1.000000,0.000000
27958,29866398412,1056609,0,0,1825,0,0.000000,16384,1605,56609,4,1.000000,0.000000
27959,29867455320,1056908,0,0,1824,0,0.000000,16384,1600,56908,4,1.000000,0.000000
27960,29868511146,1055826,0,0,1822,0,0.000000,16384,1645,55826,4,1.000000,0.000000
27961,29869582109,1070963,0,0,1838,0,0.000000,16384,1656,70963,4,1.000000,0.000000
27962,29870643830,1061721,0,0,1823,0,0.000000,16384,1618,61721,4,1.000000,0.000000
27963,29871673209,1029379,0,0,1771,0,0.000000,16384,1551,29379,4,1.000000,0.000000
27964,29872734088,1060879,0,0,1732,0,0.000000,16384,1561,60879,4,1.000000,0.000000
27965,29873794900,1060812,0,0,1831,0,0.000000,16384,1652,60812,4,1.000000,0.000000
27966,29874851575,1056675,0,0,1811,0,0.000000,16384,1597,56675,4,1.000000,0.000000
27967,29875944821,1093246,0,0,1880,0,0.000000,16384,1660,93246,4,1.000000,0.000000
27968,29877006029,1061208,0,0,1663,0,0.000000,16384,1494,61208,4,1.000000,0.000000
27969,29878063970,1057941,0,0,1661,0,0.000000,16384,1490,57941,4,1.000000,0.000000
27970,29879123484,1059514,0,0,1629,0,0.000000,16384,1423,59514,4,1.000000,0.000000
27971,29880196900,1073416,0,0,1684,0,0.000000,16384,1534,73416,4,1.000000,0.000000
27972,29881253412,1056512,0,0,1662,0,0.000000,16384,1462,56512,4,1.000000,0.000000
27973,29882310044,1056632,0,0,1663,0,0.000000,16384,1478,56632,4,1.000000,0.000000
27974,29883367086,1057042,0,0,1664,0,0.000000,16384,1509,57042,4,1.000000,0.000000
27975,29884455699,1088613,0,0,1821,0,0.000000,16384,1601,88613,4,1.000000,0.000000
27976,29885545933,1090234,0,0,1820,0,0.000000,16384,1603,90234,4,1.000000,0.000000
27977,29886640118,1094185,0,0,1933,0,0.000000,16384,1734,94185,4,1.000000,0.000000
27978,29887707149,1067031,0,0,1937,0,0.000000,16384,1737,67031,4,1.000000,0.000000
27979,29888769715,1062566,0,0,1913,0,0.000000,16384,1717,62566,4,1.000000,0.000000
27980,29889832379,1062664,0,0,1922,0,0.000000,16384,1722,62664,4,1.000000,0.000000
27981,29890902363,1069984,0,0,1923,0,0.000000,16384,1699,69984,4,1.000000,0.000000
27982,29891964698,1062335,0,0,1885,0,0.000000,16384,1665,62335,4,1.000000,0.000000
27983,29893024390,1059692,0,0,1828,0,0.000000,16384,1616,59692,4,1.000000,0.000000
27984,29894080660,1056270,0,0,1820,0,0.000000,16384,1643,56270,4,1.000000,0.000000
27985,29895136519,1055859,0,0,1822,0,0.000000,16384,1647,55859,4,1.000000,0.000000
27986,29896193050,1056531,0,0,1822,0,0.000000,16384,1598,56531,4,1.000000,0.000000
27987,29897249940,1056890,0,0,1783,0,0.000000,16384,1563,56890,4,1.000000,0.000000
27988,29898305952,1056012,0,0,1821,0,0.000000,16384,1646,56012,4,1.000000,0.000000
27989,29899366463,1060511,0,0,1788,0,0.000000,16384,1617,60511,4,1.000000,0.000000
27990,29900455035,1088572,0,0,1944,0,0.000000,16384,1725,88572,4,1.000000,0.000000
27991,29901567779,1112744,0,0,1967,0,0.000000,16384,1744,112744,4,1.000000,0.000000
27992,29902628887,1061108,0,0,1807,0,0.000000,16384,1587,61108,4,1.000000,0.000000
27993,29903705946,1077059,0,0,1947,0,0.000000,16384,1731,77059,4,1.000000,0.000000
27994,29904767397,1061451,0,0,1928,0,0.000000,16384,1730,61451,4,1.000000,0.000000
27995,29905830375,1062978,0,0,1924,0,0.000000,16384,1726,62978,4,1.000000,0.000000
27996,29906889596,1059221,0,0,1830,0,0.000000,16384,1653,59221,4,1.000000,0.000000
27997,29907950473,1060877,0,0,1906,0,0.000000,16384,1683,60877,4,1.000000,0.000000
27998,29909012783,1062310,0,0,1903,0,0.000000,16384,1683,62310,4,1.000000,0.000000
27999,29910114891,1102108,0,0,1783,0,0.000000,16384,1574,102108,4,1.000000,0.000000
28000,29911181268,1066377,0,0,1573,0,0.000000,16384,1442,66377,4,1.000000,0.000000
28001,29912254783,1073515,0,0,1687,0,0.000000,16384,1467,73515,4,1.000000,0.000000
28002,29913311918,1057135,0,0,1665,0,0.000000,16384,1499,57135,4,1.000000,0.000000
28003,29914369853,1057935,0,0,1571,0,0.000000,16384,1397,57935,4,1.000000,0.000000
28004,29915432313,1062460,0,0,1531,0,0.000000,16384,1365,62460,4,1.000000,0.000000
28005,29916493404,1061091,0,0,1557,0,0.000000,16384,1387,61091,4,1.000000,0.000000
28006,29917551898,1058494,0,0,1557,0,0.000000,16384,1386,58494,4,1.000000,0.000000
28007,29918609594,1057696,0,0,1651,0,0.000000,16384,1486,57696,4,1.000000,0.000000
28008,29919671397,1061803,0,0,1622,0,0.000000,16384,1413,61803,4,1.000000,0.000000
28009,29920732557,1061160,0,0,1660,0,0.000000,16384,1515,61160,4,1.000000,0.000000
28010,29921790614,1058057,0,0,1663,0,0.000000,16384,1461,58057,4,1.000000,0.000000
28011,29922861709,1071095,0,0,1680,0,0.000000,16384,1494,71095,4,1.000000,0.000000
28012,29923919407,1057698,0,0,1819,0,0.000000,16384,1643,57698,4,1.000000,0.000000
28013,29924975811,1056404,0,0,1816,0,0.000000,16384,1614,56404,4,1.000000,0.000000
28014,29926038183,1062372,0,0,1645,0,0.000000,16384,1435,62372,4,1.000000,0.000000
28015,29927101904,1063721,0,0,1764,0,0.000000,16384,1599,63721,4,1.000000,0.000000
28016,29928163204,1061300,0,0,1653,0,0.000000,16384,1468,61300,4,1.000000,0.000000
28017,29929220902,1057698,0,0,1662,0,0.000000,16384,1464,57698,4,1.000000,0.000000
28018,29930277578,1056676,0,0,1665,0,0.000000,16384,1520,56676,4,1.000000,0.000000
28019,29931334054,1056476,0,0,1660,0,0.000000,16384,1447,56476,4,1.000000,0.000000
28020,29932432489,1098435,0,0,1836,0,0.000000,16384,1630,98435,4,1.000000,0.000000
28021,29933533723,1101234,0,0,1854,0,0.000000,16384,1670,101234,4,1.000000,0.000000
28022,29934624092,1090369,0,0,1851,0,0.000000,16384,1669,90369,4,1.000000,0.000000
28023,29935703149,1079057,0,0,1843,0,0.000000,16384,1627,79057,4,1.000000,0.000000
28024,29936765857,1062708,0,0,1928,0,0.000000,16384,1707,62708,4,1.000000,0.000000
28025,29937828532,1062675,0,0,1908,0,0.000000,16384,1684,62675,4,1.000000,0.000000
28026,29938890584,1062052,0,0,1916,0,0.000000,16384,1713,62052,4,1.000000,0.000000
28027,29939953633,1063049,0,0,1682,0,0.000000,16384,1533,63049,4,1.000000,0.000000
28028,29941013909,1060276,0,0,1737,0,0.000000,16384,1530,60276,4,1.000000,0.000000
28029,29942070913,1057004,0,0,1824,0,0.000000,16384,1600,57004,4,1.000000,0.000000
28030,29943127681,1056768,0,0,1825,0,0.000000,16384,1646,56768,4,1.000000,0.000000
28031,29944204511,1076830,0,0,1857,0,0.000000,16384,1673,76830,4,1.000000,0.000000
28032,29945261011,1056500,0,0,1823,0,0.000000,16384,1622,56500,4,1.000000,0.000000
28033,29946348470,1087459,0,0,1940,0,0.000000,16384,1716,87459,4,1.000000,0.000000
28034,29947438799,1090329,0,0,1951,0,0.000000,16384,1731,90329,4,1.000000,0.000000
28035,29948529279,1090480,0,0,1957,0,0.000000,16384,1733,90480,4,1.000000,0.000000
28036,29949618931,1089652,0,0,1973,0,0.000000,16384,1756,89652,4,1.000000,0.000000
28037,29950701359,1082428,0,0,1911,0,0.000000,16384,1716,82428,4,1.000000,0.000000
28038,29951763166,1061807,0,0,1926,0,0.000000,16384,1728,61807,4,1.000000,0.000000
28039,29952825980,1062814,0,0,1879,0,0.000000,16384,1689,62814,4,1.000000,0.000000
28040,29953889024,1063044,0,0,1823,0,0.000000,16384,1611,63044,4,1.000000,0.000000
28041,29954957651,1068627,0,0,1920,0,0.000000,16384,1700,68627,4,1.000000,0.000000
28042,29956019930,1062279,0,0,1903,0,0.000000,16384,1679,62279,4,1.000000,0.000000
28043,29957082265,1062335,0,0,1898,0,0.000000,16384,1702,62335,4,1.000000,0.000000
28044,29958141615,1059350,0,0,1700,0,0.000000,16384,1547,59350,4,1.000000,0.000000
28045,29959233857,1092242,0,0,1773,0,0.000000,16384,1557,92242,4,1.000000,0.000000
28046,29960296122,1062265,0,0,1655,0,0.000000,16384,1466,62265,4,1.000000,0.000000
28047,29961353913,1057791,0,0,1669,0,0.000000,16384,1522,57791,4,1.000000,0.000000
28048,29962443626,1089713,0,0,1824,0,0.000000,16384,1600,89713,4,1.000000,0.000000
28049,29963536749,1093123,0,0,1843,0,0.000000,16384,1624,93123,4,1.000000,0.000000
28050,29964627087,1090338,0,0,1854,0,0.000000,16384,1661,90338,4,1.000000,0.000000
28051,29965707946,1080859,0,0,1845,0,0.000000,16384,1663,80859,4,1.000000,0.000000
28052,29966769487,1061541,0,0,1852,0,0.000000,16384,1663,61541,4,1.000000,0.000000
28053,29967831906,1062419,0,0,1920,0,0.000000,16384,1696,62419,4,1.000000,0.000000
28054,29968894136,1062230,0,0,1915,0,0.000000,16384,1695,62230,4,1.000000,0.000000
28055,29969957737,1063601,0,0,1905,0,0.000000,16384,1681,63601,4,1.000000,0.000000
28056,29971019942,1062205,0,0,1904,0,0.000000,16384,1705,62205,4,1.000000,0.000000
28057,29972082191,1062249,0,0,1897,0,0.000000,16384,1704,62249,4,1.000000,0.000000
28058,29973145434,1063243,0,0,1832,0,0.000000,16384,1653,63243,4,1.000000,0.000000
28059,29974206412,1060978,0,0,1830,0,0.000000,16384,1613,60978,4,1.000000,0.000000
28060,29975263687,1057275,0,0,1803,0,0.000000,16384,1583,57275,4,1.000000,0.000000
28061,29976358859,1095172,0,0,1880,0,0.000000,16384,1683,95172,4,1.000000,0.000000
28062,29977450514,1091655,0,0,1958,0,0.000000,16384,1752,91655,4,1.000000,0.000000
28063,29978543030,1092516,0,0,1969,0,0.000000,16384,1764,92516,4,1.000000,0.000000
28064,29979607459,1064429,0,0,1734,0,0.000000,16384,1553,64429,4,1.000000,0.000000
28065,29980671445,1063986,0,0,1797,0,0.000000,16384,1577,63986,4,1.000000,0.000000
28066,29981731184,1059739,0,0,1543,0,0.000000,16384,1396,59739,4,1.000000,0.000000
28067,29982789560,1058376,0,0,1813,0,0.000000,16384,1620,58376,4,1.000000,0.000000
28068,29983845170,1055610,0,0,1822,0,0.000000,16384,1603,55610,4,1.000000,0.000000
28069,29984902114,1056944,0,0,1825,0,0.000000,16384,1614,56944,4,1.000000,0.000000
28070,29985958718,1056604,0,0,1825,0,0.000000,16384,1647,56604,4,1.000000,0.000000
28071,29987027684,1068966,0,0,1846,0,0.000000,16384,1664,68966,4,1.000000,0.000000
28072,29988084092,1056408,0,0,1824,0,0.000000,16384,1607,56408,4,1.000000,0.000000
28073,29989140010,1055918,0,0,1822,0,0.000000,16384,1602,55918,4,1.000000,0.000000
28074,29990195666,1055656,0,0,1824,0,0.000000,16384,1635,55656,4,1.000000,0.000000
28075,29991251595,1055929,0,0,1814,0,0.000000,16384,1638,55929,4,1.000000,0.000000
28076,29992307355,1055760,0,0,1823,0,0.000000,16384,1624,55760,4,1.000000,0.000000
28077,29993364424,1057069,0,0,1821,0,0.000000,16384,1601,57069,4,1.000000,0.000000
28078,29994421618,1057194,0,0,1812,0,0.000000,16384,1608,57194,4,1.000000,0.000000
28079,29995477733,1056115,0,0,1811,0,0.000000,16384,1636,56115,4,1.000000,0.000000
28080,29996533220,1055487,0,0,1824,0,0.000000,16384,1639,55487,4,1.000000,0.000000
28081,29997605914,1072694,0,0,1847,0,0.000000,16384,1626,72694,4,1.000000,0.000000
28082,29998663258,1057344,0,0,1824,0,0.000000,16384,1601,57344,4,1.000000,0.000000
28083,29999672826,1009568,0,0,1672,0,0.000000,16384,1523,9568,4,1.000000,0.000000
28084,30000730319,1057493,0,0,1826,0,0.000000,16384,1635,57493,4,1.000000,0.000000
28085,30001785925,1055606,0,0,1821,0,0.000000,16384,1601,55606,4,1.000000,0.000000
28086,30002842863,1056938,0,0,1711,0,0.000000,16384,1518,56938,4,1.000000,0.000000
28087,30003900542,1057679,0,0,1825,0,0.000000,16384,1648,57679,4,1.000000,0.000000
28088,30004957126,1056584,0,0,1825,0,0.000000,16384,1630,56584,4,1.000000,0.000000
28089,30006014605,1057479,0,0,1819,0,0.000000,16384,1600,57479,4,1.000000,0.000000
28090,30007074945,1060340,0,0,1743,0,0.000000,16384,1547,60340,4,1.000000,0.000000
28091,30008143133,1068188,0,0,1736,0,0.000000,16384,1576,68188,4,1.000000,0.000000
28092,30009198963,1055830,0,0,1805,0,0.000000,16384,1597,55830,4,1.000000,0.000000
28093,30010255339,1056376,0,0,1727,0,0.000000,16384,1508,56376,4,1.000000,0.000000
28094,30011318040,1062701,0,0,1541,0,0.000000,16384,1423,62701,4,1.000000,0.000000
28095,30012379756,1061716,0,0,1556,0,0.000000,16384,1337,61716,4,1.000000,0.000000
28096,30013463629,1083873,0,0,1595,0,0.000000,16384,1463,83873,4,1.000000,0.000000
28097,30014523098,1059469,0,0,1556,0,0.000000,16384,1352,59469,4,1.000000,0.000000
28098,30015580503,1057405,0,0,1776,0,0.000000,16384,1595,57405,4,1.000000,0.000000
28099,30016637721,1057218,0,0,1804,0,0.000000,16384,1630,57218,4,1.000000,0.000000
28100,30017671818,1034097,0,0,1760,0,0.000000,16384,1551,34097,4,1.000000,0.000000
28101,30018750848,1079030,0,0,1816,0,0.000000,16384,1596,79030,4,1.000000,0.000000
28102,30019811572,1060724,0,0,1715,0,0.000000,16384,1554,60724,4,1.000000,0.000000
28103,30020874763,1063191,0,0,1664,0,0.000000,16384,1485,63191,4,1.000000,0.000000
28104,30021935711,1060948,0,0,1667,0,0.000000,16384,1460,60948,4,1.000000,0.000000
28105,30022996851,1061140,0,0,1712,0,0.000000,16384,1557,61140,4,1.000000,0.000000
28106,30024059885,1063034,0,0,1774,0,0.000000,16384,1576,63034,4,1.000000,0.000000
28107,30025118412,1058527,0,0,1664,0,0.000000,16384,1455,58527,4,1.000000,0.000000
28108,30026177017,1058605,0,0,1727,0,0.000000,16384,1568,58605,4,1.000000,0.000000
28109,30027234150,1057133,0,0,1825,0,0.000000,16384,1633,57133,4,1.000000,0.000000
28110,30028289843,1055693,0,0,1821,0,0.000000,16384,1601,55693,4,1.000000,0.000000
28111,30029356637,1066794,0,0,1839,0,0.000000,16384,1623,66794,4,1.000000,0.000000
28112,30030419542,1062905,0,0,1766,0,0.000000,16384,1600,62905,4,1.000000,0.000000
28113,30031481925,1062383,0,0,1602,0,0.000000,16384,1422,62383,4,1.000000,0.000000
28114,30032541281,1059356,0,0,1659,0,0.000000,16384,1468,59356,4,1.000000,0.000000
28115,30033598963,1057682,0,0,1666,0,0.000000,16384,1519,57682,4,1.000000,0.000000
28116,30034655483,1056520,0,0,1660,0,0.000000,16384,1440,56520,4,1.000000,0.000000
28117,30035673181,1017698,0,0,1746,0,0.000000,16384,1566,17698,4,1.000000,0.000000
28118,30036730601,1057420,0,0,1810,0,0.000000,16384,1636,57420,4,1.000000,0.000000
28119,30037786554,1055953,0,0,1810,0,0.000000,16384,1600,55953,4,1.000000,0.000000
28120,30038842666,1056112,0,0,1814,0,0.000000,16384,1594,56112,4,1.000000,0.000000
28121,30039912323,1069657,0,0,1765,0,0.000000,16384,1585,69657,4,1.000000,0.000000
28122,30040970568,1058245,0,0,1810,0,0.000000,16384,1635,58245,4,1.000000,0.000000
28123,30042026841,1056273,0,0,1814,0,0.000000,16384,1605,56273,4,1.000000,0.000000
28124,30043083491,1056650,0,0,1614,0,0.000000,16384,1418,56650,4,1.000000,0.000000
28125,30044143652,1060161,0,0,1752,0,0.000000,16384,1589,60161,4,1.000000,0.000000
28126,30045243568,1099916,0,0,1599,0,0.000000,16384,1401,99916,4,1.000000,0.000000
28127,30046311471,1067903,0,0,1592,0,0.000000,16384,1433,67903,4,1.000000,0.000000
28128,30047369757,1058286,0,0,1658,0,0.000000,16384,1478,58286,4,1.000000,0.000000
28129,30048428707,1058950,0,0,1632,0,0.000000,16384,1434,58950,4,1.000000,0.000000
28130,30049487352,1058645,0,0,1663,0,0.000000,16384,1518,58645,4,1.000000,0.000000
28131,30050620703,1133351,0,0,1912,0,0.000000,16384,1695,133351,4,1.000000,0.000000
28132,30051706739,1086036,0,0,1797,0,0.000000,16384,1545,86036,4,1.000000,0.000000
28133,30052769530,1062791,0,0,1819,0,0.000000,16384,1623,62791,4,1.000000,0.000000
28134,30053832361,1062831,0,0,1788,0,0.000000,16384,1567,62831,4,1.000000,0.000000
28135,30054896013,1063652,0,0,1592,0,0.000000,16384,1437,63652,4,1.000000,0.000000
28136,30055959766,1063753,0,0,1785,0,0.000000,16384,1601,63753,4,1.000000,0.000000
28137,30057019796,1060030,0,0,1665,0,0.000000,16384,1445,60030,4,1.000000,0.000000
28138,30058079259,1059463,0,0,1663,0,0.000000,16384,1513,59463,4,1.000000,0.000000
28139,30059136923,1057664,0,0,1795,0,0.000000,16384,1605,57664,4,1.000000,0.000000
28140,30060194170,1057247,0,0,1739,0,0.000000,16384,1518,57247,4,1.000000,0.000000
28141,30061264885,1070715,0,0,1845,0,0.000000,16384,1648,70715,4,1.000000,0.000000
28142,30062321721,1056836,0,0,1808,0,0.000000,16384,1634,56836,4,1.000000,0.000000
28143,30063378049,1056328,0,0,1822,0,0.000000,16384,1630,56328,4,1.000000,0.000000
28144,30064434488,1056439,0,0,1823,0,0.000000,16384,1603,56439,4,1.000000,0.000000
28145,30065490359,1055871,0,0,1822,0,0.000000,16384,1607,55871,4,1.000000,0.000000
28146,30066546038,1055679,0,0,1782,0,0.000000,16384,1614,55679,4,1.000000,0.000000
28147,30067601727,1055689,0,0,1825,0,0.000000,16384,1643,55689,4,1.000000,0.000000
28148,30068657730,1056003,0,0,1811,0,0.000000,16384,1591,56003,4,1.000000,0.000000
28149,30069670497,1012767,0,0,1744,0,0.000000,16384,1538,12767,4,1.000000,0.000000
28150,30070727687,1057190,0,0,1793,0,0.000000,16384,1622,57190,4,1.000000,0.000000
28151,30071791168,1063481,0,0,1836,0,0.000000,16384,1650,63481,4,1.000000,0.000000
28152,30072848768,1057600,0,0,1780,0,0.000000,16384,1560,57600,4,1.000000,0.000000
28153,30073906034,1057266,0,0,1785,0,0.000000,16384,1578,57266,4,1.000000,0.000000
28154,30074964023,1057989,0,0,1778,0,0.000000,16384,1610,57989,4,1.000000,0.000000
28155,30076024390,1060367,0,0,1643,0,0.000000,16384,1454,60367,4,1.000000,0.000000
28156,30077087358,1062968,0,0,1615,0,0.000000,16384,1433,62968,4,1.000000,0.000000
28157,30078146813,1059455,0,0,1769,0,0.000000,16384,1603,59455,4,1.000000,0.000000
28158,30079202476,1055663,0,0,1824,0,0.000000,16384,1612,55663,4,1.000000,0.000000
28159,30080262023,1059547,0,0,1704,0,0.000000,16384,1491,59547,4,1.000000,0.000000
28160,30081320583,1058560,0,0,1659,0,0.000000,16384,1514,58560,4,1.000000,0.000000
28161,30082393871,1073288,0,0,1794,0,0.000000,16384,1592,73288,4,1.000000,0.000000
28162,30083450670,1056799,0,0,1825,0,0.000000,16384,1605,56799,4,1.000000,0.000000
28163,30084508075,1057405,0,0,1794,0,0.000000,16384,1602,57405,4,1.000000,0.000000
28164,30085563731,1055656,0,0,1822,0,0.000000,16384,1644,55656,4,1.000000,0.000000
28165,30086619784,1056053,0,0,1824,0,0.000000,16384,1630,56053,4,1.000000,0.000000
28166,30087670747,1050963,0,0,1812,0,0.000000,16384,1592,50963,4,1.000000,0.000000
28167,30088726591,1055844,0,0,1822,0,0.000000,16384,1613,55844,4,1.000000,0.000000
28168,30089782499,1055908,0,0,1822,0,0.000000,16384,1645,55908,4,1.000000,0.000000
28169,30090838449,1055950,0,0,1824,0,0.000000,16384,1646,55950,4,1.000000,0.000000
28170,30091894027,1055578,0,0,1813,0,0.000000,16384,1591,55578,4,1.000000,0.000000
28171,30092954484,1060457,0,0,1828,0,0.000000,16384,1606,60457,4,1.000000,0.000000
28172,30094010681,1056197,0,0,1825,0,0.000000,16384,1644,56197,4,1.000000,0.000000
28173,30095066322,1055641,0,0,1822,0,0.000000,16384,1644,55641,4,1.000000,0.000000
28174,30096122150,1055828,0,0,1823,0,0.000000,16384,1617,55828,4,1.000000,0.000000
28175,30097178526,1056376,0,0,1733,0,0.000000,16384,1514,56376,4,1.000000,0.000000
28176,30098235500,1056974,0,0,1794,0,0.000000,16384,1618,56974,4,1.000000,0.000000
28177,30099291377,1055877,0,0,1822,0,0.000000,16384,1644,55877,4,1.000000,0.000000
28178,30100349384,1058007,0,0,1774,0,0.000000,16384,1564,58007,4,1.000000,0.000000
28179,30101406498,1057114,0,0,1825,0,0.000000,16384,1605,57114,4,1.000000,0.000000
28180,30102462887,1056389,0,0,1824,0,0.000000,16384,1638,56389,4,1.000000,0.000000
28181,30103535155,1072268,0,0,1745,0,0.000000,16384,1582,72268,4,1.000000,0.000000
28182,30104591366,1056211,0,0,1779,0,0.000000,16384,1564,56211,4,1.000000,0.000000
28183,30105647741,1056375,0,0,1823,0,0.000000,16384,1603,56375,4,1.000000,0.000000
28184,30106670482,1022741,0,0,1763,0,0.000000,16384,1593,22741,4,1.000000,0.000000
28185,30107726489,1056007,0,0,1807,0,0.000000,16384,1635,56007,4,1.000000,0.000000
28186,30108782324,1055835,0,0,1822,0,0.000000,16384,1600,55835,4,1.000000,0.000000
28187,30109839118,1056794,0,0,1804,0,0.000000,16384,1584,56794,4,1.000000,0.000000
28188,30110894714,1055596,0,0,1820,0,0.000000,16384,1640,55596,4,1.000000,0.000000
28189,30111979304,1084590,0,0,1684,0,0.000000,16384,1524,84590,4,1.000000,0.000000
28190,30113040047,1060743,0,0,1791,0,0.000000,16384,1571,60743,4,1.000000,0.000000
28191,30114107076,1067029,0,0,1820,0,0.000000,16384,1609,67029,4,1.000000,0.000000
28192,30115164199,1057123,0,0,1817,0,0.000000,16384,1640,57123,4,1.000000,0.000000
28193,30116221016,1056817,0,0,1827,0,0.000000,16384,1651,56817,4,1.000000,0.000000
28194,30117277231,1056215,0,0,1822,0,0.000000,16384,1598,56215,4,1.000000,0.000000
28195,30118334063,1056832,0,0,1794,0,0.000000,16384,1574,56832,4,1.000000,0.000000
28196,30119390670,1056607,0,0,1709,0,0.000000,16384,1554,56607,4,1.000000,0.000000
28197,30120449325,1058655,0,0,1597,0,0.000000,16384,1416,58655,4,1.000000,0.000000
28198,30121507708,1058383,0,0,1730,0,0.000000,16384,1527,58383,4,1.000000,0.000000
28199,30122564616,1056908,0,0,1817,0,0.000000,16384,1640,56908,4,1.000000,0.000000
28200,30123620252,1055636,0,0,1763,0,0.000000,16384,1579,55636,4,1.000000,0.000000
28201,30124671495,1051243,0,0,1800,0,0.000000,16384,1580,51243,4,1.000000,0.000000
28202,30125730284,1058789,0,0,1752,0,0.000000,16384,1561,58789,4,1.000000,0.000000
28203,30126788166,1057882,0,0,1827,0,0.000000,16384,1649,57882,4,1.000000,0.000000
28204,30127844192,1056026,0,0,1824,0,0.000000,16384,1629,56026,4,1.000000,0.000000
28205,30128900094,1055902,0,0,1803,0,0.000000,16384,1583,55902,4,1.000000,0.000000
28206,30129955779,1055685,0,0,1823,0,0.000000,16384,1616,55685,4,1.000000,0.000000
28207,30131012513,1056734,0,0,1810,0,0.000000,16384,1635,56734,4,1.000000,0.000000
28208,30132068601,1056088,0,0,1825,0,0.000000,16384,1643,56088,4,1.000000,0.000000
28209,30133124202,1055601,0,0,1822,0,0.000000,16384,1602,55601,4,1.000000,0.000000
28210,30134179813,1055611,0,0,1821,0,0.000000,16384,1597,55611,4,1.000000,0.000000
28211,30135241875,1062062,0,0,1835,0,0.000000,16384,1656,62062,4,1.000000,0.000000
28212,30136297650,1055775,0,0,1806,0,0.000000,16384,1632,55775,4,1.000000,0.000000
28213,30137353990,1056340,0,0,1803,0,0.000000,16384,1592,56340,4,1.000000,0.000000
28214,30138410128,1056138,0,0,1809,0,0.000000,16384,1589,56138,4,1.000000,0.000000
28215,30139466127,1055999,0,0,1822,0,0.000000,16384,1634,55999,4,1.000000,0.000000
28216,30140524783,1058656,0,0,1764,0,0.000000,16384,1599,58656,4,1.000000,0.000000
28217,30141582288,1057505,0,0,1822,0,0.000000,16384,1611,57505,4,1.000000,0.000000
28218,30142638008,1055720,0,0,1823,0,0.000000,16384,1603,55720,4,1.000000,0.000000
28219,30143670669,1032661,0,0,1781,0,0.000000,16384,1594,32661,4,1.000000,0.000000
28220,30144727338,1056669,0,0,1816,0,0.000000,16384,1640,56669,4,1.000000,0.000000
28221,30145795782,1068444,0,0,1786,0,0.000000,16384,1585,68444,4,1.000000,0.000000
28222,30146852538,1056756,0,0,1772,0,0.000000,16384,1552,56756,4,1.000000,0.000000
28223,30147909290,1056752,0,0,1699,0,0.000000,16384,1537,56752,4,1.000000,0.000000
28224,30148964836,1055546,0,0,1778,0,0.000000,16384,1600,55546,4,1.000000,0.000000
28225,30150021851,1057015,0,0,1814,0,0.000000,16384,1593,57015,4,1.000000,0.000000
28226,30151078270,1056419,0,0,1824,0,0.000000,16384,1608,56419,4,1.000000,0.000000
28227,30152134061,1055791,0,0,1821,0,0.000000,16384,1644,55791,4,1.000000,0.000000
28228,30153191232,1057171,0,0,1794,0,0.000000,16384,1624,57171,4,1.000000,0.000000
28229,30154247680,1056448,0,0,1821,0,0.000000,16384,1597,56448,4,1.000000,0.000000
28230,30155303996,1056316,0,0,1824,0,0.000000,16384,1604,56316,4,1.000000,0.000000
28231,30156375795,1071799,0,0,1849,0,0.000000,16384,1660,71799,4,1.000000,0.000000
28232,30157432253,1056458,0,0,1825,0,0.000000,16384,1648,56458,4,1.000000,0.000000
28233,30158488202,1055949,0,0,1822,0,0.000000,16384,1624,55949,4,1.000000,0.000000
28234,30159544411,1056209,0,0,1811,0,0.000000,16384,1591,56209,4,1.000000,0.000000
28235,30160603024,1058613,0,0,1721,0,0.000000,16384,1536,58613,4,1.000000,0.000000
28236,30161660214,1057190,0,0,1721,0,0.000000,16384,1566,57190,4,1.000000,0.000000
28237,30162717417,1057203,0,0,1819,0,0.000000,16384,1595,57203,4,1.000000,0.000000
28238,30163774330,1056913,0,0,1823,0,0.000000,16384,1603,56913,4,1.000000,0.000000
28239,30164830868,1056538,0,0,1823,0,0.000000,16384,1640,56538,4,1.000000,0.000000
28240,30165887456,1056588,0,0,1825,0,0.000000,16384,1646,56588,4,1.000000,0.000000
28241,30166948909,1061453,0,0,1831,0,0.000000,16384,1629,61453,4,1.000000,0.000000
28242,30168004671,1055762,0,0,1821,0,0.000000,16384,1601,55762,4,1.000000,0.000000
28243,30169060272,1055601,0,0,1821,0,0.000000,16384,1617,55601,4,1.000000,0.000000
28244,30170116162,1055890,0,0,1823,0,0.000000,16384,1646,55890,4,1.000000,0.000000
28245,30171171822,1055660,0,0,1793,0,0.000000,16384,1610,55660,4,1.000000,0.000000
28246,30172227685,1055863,0,0,1820,0,0.000000,16384,1600,55863,4,1.000000,0.000000
28247,30173284140,1056455,0,0,1794,0,0.000000,16384,1584,56455,4,1.000000,0.000000
28248,30174339946,1055806,0,0,1662,0,0.000000,16384,1516,55806,4,1.000000,0.000000
28249,30175395996,1056050,0,0,1811,0,0.000000,16384,1603,56050,4,1.000000,0.000000
28250,30176452107,1056111,0,0,1822,0,0.000000,16384,1601,56111,4,1.000000,0.000000
28251,30177511598,1059491,0,0,1827,0,0.000000,16384,1632,59491,4,1.000000,0.000000
28252,30178567759,1056161,0,0,1823,0,0.000000,16384,1646,56161,4,1.000000,0.000000
28253,30179624362,1056603,0,0,1823,0,0.000000,16384,1632,56603,4,1.000000,0.000000
28254,30180672910,1048548,0,0,1707,0,0.000000,16384,1487,48548,4,1.000000,0.000000
28255,30181730807,1057897,0,0,1813,0,0.000000,16384,1623,57897,4,1.000000,0.000000
28256,30182787481,1056674,0,0,1796,0,0.000000,16384,1624,56674,4,1.000000,0.000000
28257,30183843543,1056062,0,0,1824,0,0.000000,16384,1622,56062,4,1.000000,0.000000
28258,30184899834,1056291,0,0,1809,0,0.000000,16384,1589,56291,4,1.000000,0.000000
28259,30185955598,1055764,0,0,1824,0,0.000000,16384,1623,55764,4,1.000000,0.000000
28260,30187010997,1055399,0,0,1823,0,0.000000,16384,1646,55399,4,1.000000,0.000000
28261,30188071928,1060931,0,0,1811,0,0.000000,16384,1625,60931,4,1.000000,0.000000
28262,30189128279,1056351,0,0,1824,0,0.000000,16384,1604,56351,4,1.000000,0.000000
28263,30190184039,1055760,0,0,1821,0,0.000000,16384,1603,55760,4,1.000000,0.000000
28264,30191239661,1055622,0,0,1823,0,0.000000,16384,1646,55622,4,1.000000,0.000000
28265,30192295283,1055622,0,0,1824,0,0.000000,16384,1646,55622,4,1.000000,0.000000
28266,30193350621,1055338,0,0,1823,0,0.000000,16384,1607,55338,4,1.000000,0.000000
28267,30194406665,1056044,0,0,1823,0,0.000000,16384,1604,56044,4,1.000000,0.000000
28268,30195462851,1056186,0,0,1825,0,0.000000,16384,1634,56186,4,1.000000,0.000000
28269,30196684276,1221425,0,0,1729,0,0.000000,16384,1570,221425,4,1.000000,0.000000
28270,30197753445,1069169,0,0,1383,0,0.000000,16384,1201,69169,4,1.000000,0.000000
28271,30198849015,1095570,0,0,1416,0,0.000000,16384,1272,95570,4,1.000000,0.000000
28272,30199927459,1078444,0,0,1421,0,0.000000,16384,1278,78444,4,1.000000,0.000000
28273,30201014917,1087458,0,0,1411,0,0.000000,16384,1222,87458,4,1.000000,0.000000
28274,30202228487,1213570,0,0,1545,0,0.000000,16384,1424,213570,4,1.000000,0.000000
28275,30203308384,1079897,0,0,1363,0,0.000000,16384,1184,79897,4,1.000000,0.000000
28276,30204418447,1110063,0,0,1460,0,0.000000,16384,1308,110063,4,1.000000,0.000000
28277,30205688889,1270442,0,0,1667,0,0.000000,16384,1474,270442,4,1.000000,0.000000
28278,30206761706,1072817,0,0,1382,0,0.000000,16384,1242,72817,4,1.000000,0.000000
28279,30207831490,1069784,0,0,1473,0,0.000000,16384,1323,69784,4,1.000000,0.000000
28280,30208894555,1063065,0,0,1566,0,0.000000,16384,1381,63065,4,1.000000,0.000000
28281,30209992429,1097874,0,0,1646,0,0.000000,16384,1469,97874,4,1.000000,0.000000
28282,30211051108,1058679,0,0,1666,0,0.000000,16384,1503,58679,4,1.000000,0.000000
28283,30212115347,1064239,0,0,1757,0,0.000000,16384,1537,64239,4,1.000000,0.000000
28284,30213180268,1064921,0,0,1572,0,0.000000,16384,1424,64921,4,1.000000,0.000000
28285,30214244736,1064468,0,0,1651,0,0.000000,16384,1462,64468,4,1.000000,0.000000
28286,30215303467,1058731,0,0,1660,0,0.000000,16384,1468,58731,4,1.000000,0.000000
28287,30216361522,1058055,0,0,1660,0,0.000000,16384,1513,58055,4,1.000000,0.000000
28288,30217419588,1058066,0,0,1656,0,0.000000,16384,1436,58066,4,1.000000,0.000000
28289,30218477874,1058286,0,0,1660,0,0.000000,16384,1500,58286,4,1.000000,0.000000
28290,30219534009,1056135,0,0,1661,0,0.000000,16384,1481,56135,4,1.000000,0.000000
28291,30220605472,1071463,0,0,1658,0,0.000000,16384,1455,71463,4,1.000000,0.000000
28292,30221663521,1058049,0,0,1601,0,0.000000,16384,1468,58049,4,1.000000,0.000000
28293,30222670682,1007161,0,0,1640,0,0.000000,16384,1420,7161,4,1.000000,0.000000
28294,30223727041,1056359,0,0,1799,0,0.000000,16384,1612,56359,4,1.000000,0.000000
28295,30224814058,1087017,0,0,1857,0,0.000000,16384,1672,87017,4,1.000000,0.000000
28296,30225876798,1062740,0,0,1594,0,0.000000,16384,1406,62740,4,1.000000,0.000000
28297,30226938576,1061778,0,0,1661,0,0.000000,16384,1479,61778,4,1.000000,0.000000
28298,30227997323,1058747,0,0,1667,0,0.000000,16384,1509,58747,4,1.000000,0.000000
28299,30229055275,1057952,0,0,1661,0,0.000000,16384,1441,57952,4,1.000000,0.000000
28300,30230112876,1057601,0,0,1667,0,0.000000,16384,1514,57601,4,1.000000,0.000000
28301,30231184927,1072051,0,0,1685,0,0.000000,16384,1498,72051,4,1.000000,0.000000
28302,30232241526,1056599,0,0,1663,0,0.000000,16384,1461,56599,4,1.000000,0.000000
28303,30233298056,1056530,0,0,1666,0,0.000000,16384,1520,56530,4,1.000000,0.000000
28304,30234354629,1056573,0,0,1662,0,0.000000,16384,1454,56573,4,1.000000,0.000000
28305,30235443258,1088629,0,0,1823,0,0.000000,16384,1615,88629,4,1.000000,0.000000
28306,30236534659,1091401,0,0,1830,0,0.000000,16384,1651,91401,4,1.000000,0.000000
28307,30237622625,1087966,0,0,1969,0,0.000000,16384,1763,87966,4,1.000000,0.000000
28308,30238701905,1079280,0,0,1960,0,0.000000,16384,1755,79280,4,1.000000,0.000000
28309,30239764107,1062202,0,0,1929,0,0.000000,16384,1715,62202,4,1.000000,0.000000
28310,30240827011,1062904,0,0,1907,0,0.000000,16384,1683,62904,4,1.000000,0.000000
28311,30241925581,1098570,0,0,1841,0,0.000000,16384,1621,98570,4,1.000000,0.000000
28312,30243708469,1782888,0,0,2349,0,0.000000,16384,2121,782888,4,1.000000,0.000000
28313,30244776825,1068356,0,0,1612,0,0.000000,16384,1413,68356,4,1.000000,0.000000
28314,30245839661,1062836,0,0,1497,0,0.000000,16384,1360,62836,4,1.000000,0.000000
28315,30246902035,1062374,0,0,1609,0,0.000000,16384,1405,62374,4,1.000000,0.000000
28316,30247963064,1061029,0,0,1609,0,0.000000,16384,1477,61029,4,1.000000,0.000000
28317,30249025673,1062609,0,0,1611,0,0.000000,16384,1391,62609,4,1.000000,0.000000
28318,30250085486,1059813,0,0,1610,0,0.000000,16384,1464,59813,4,1.000000,0.000000
28319,30251144450,1058964,0,0,1628,0,0.000000,16384,1438,58964,4,1.000000,0.000000
28320,30252202142,1057692,0,0,1593,0,0.000000,16384,1420,57692,4,1.000000,0.000000
28321,30253294131,1091989,0,0,1591,0,0.000000,16384,1424,91989,4,1.000000,0.000000
28322,30254358268,1064137,0,0,1590,0,0.000000,16384,1402,64137,4,1.000000,0.000000
28323,30255419013,1060745,0,0,1567,0,0.000000,16384,1419,60745,4,1.000000,0.000000
28324,30256481856,1062843,0,0,1441,0,0.000000,16384,1268,62843,4,1.000000,0.000000
28325,30257546158,1064302,0,0,1587,0,0.000000,16384,1424,64302,4,1.000000,0.000000
28326,30258607245,1061087,0,0,1510,0,0.000000,16384,1334,61087,4,1.000000,0.000000
28327,30259672234,1064989,0,0,1527,0,0.000000,16384,1367,64989,4,1.000000,0.000000
28328,30260731756,1059522,0,0,1512,0,0.000000,16384,1345,59522,4,1.000000,0.000000
28329,30261790673,1058917,0,0,1625,0,0.000000,16384,1456,58917,4,1.000000,0.000000
28330,30262849584,1058911,0,0,1617,0,0.000000,16384,1419,58911,4,1.000000,0.000000
28331,30263942120,1092536,0,0,1631,0,0.000000,16384,1492,92536,4,1.000000,0.000000
28332,30265000601,1058481,0,0,1641,0,0.000000,16384,1421,58481,4,1.000000,0.000000
28333,30266061004,1060403,0,0,1595,0,0.000000,16384,1448,60403,4,1.000000,0.000000
28334,30267119579,1058575,0,0,1724,0,0.000000,16384,1465,58575,4,1.000000,0.000000
28335,30268176792,1057213,0,0,1593,0,0.000000,16384,1436,57213,4,1.000000,0.000000
28336,30269233387,1056595,0,0,1821,0,0.000000,16384,1601,56595,4,1.000000,0.000000
28337,30270290145,1056758,0,0,1806,0,0.000000,16384,1607,56758,4,1.000000,0.000000
28338,30271345514,1055369,0,0,1786,0,0.000000,16384,1616,55369,4,1.000000,0.000000
28339,30272401719,1056205,0,0,1814,0,0.000000,16384,1619,56205,4,1.000000,0.000000
28340,30273458016,1056297,0,0,1712,0,0.000000,16384,1492,56297,4,1.000000,0.000000
28341,30274527526,1069510,0,0,1844,0,0.000000,16384,1653,69510,4,1.000000,0.000000
28342,30275584691,1057165,0,0,1812,0,0.000000,16384,1637,57165,4,1.000000,0.000000
28343,30276641550,1056859,0,0,1805,0,0.000000,16384,1607,56859,4,1.000000,0.000000
28344,30277670446,1028896,0,0,1770,0,0.000000,16384,1550,28896,4,1.000000,0.000000
28345,30278727569,1057123,0,0,1782,0,0.000000,16384,1597,57123,4,1.000000,0.000000
28346,30279784817,1057248,0,0,1765,0,0.000000,16384,1599,57248,4,1.000000,0.000000
28347,30280843241,1058424,0,0,1680,0,0.000000,16384,1470,58424,4,1.000000,0.000000
28348,30281899922,1056681,0,0,1813,0,0.000000,16384,1605,56681,4,1.000000,0.000000
28349,30282955969,1056047,0,0,1824,0,0.000000,16384,1646,56047,4,1.000000,0.000000
28350,30284011398,1055429,0,0,1821,0,0.000000,16384,1644,55429,4,1.000000,0.000000
28351,30285076616,1065218,0,0,1837,0,0.000000,16384,1613,65218,4,1.000000,0.000000
28352,30286134287,1057671,0,0,1752,0,0.000000,16384,1539,57671,4,1.000000,0.000000
28353,30287191217,1056930,0,0,1826,0,0.000000,16384,1648,56930,4,1.000000,0.000000
28354,30288247416,1056199,0,0,1825,0,0.000000,16384,1648,56199,4,1.000000,0.000000
28355,30289304204,1056788,0,0,1809,0,0.000000,16384,1593,56788,4,1.000000,0.000000
28356,30290359527,1055323,0,0,1822,0,0.000000,16384,1602,55323,4,1.000000,0.000000
28357,30291416412,1056885,0,0,1817,0,0.000000,16384,1631,56885,4,1.000000,0.000000
28358,30292473247,1056835,0,0,1811,0,0.000000,16384,1636,56835,4,1.000000,0.000000
28359,30293529934,1056687,0,0,1827,0,0.000000,16384,1624,56687,4,1.000000,0.000000
28360,30294588759,1058825,0,0,1767,0,0.000000,16384,1547,58825,4,1.000000,0.000000
28361,30295717651,1128892,0,0,1792,0,0.000000,16384,1606,128892,4,1.000000,0.000000
28362,30296780028,1062377,0,0,1653,0,0.000000,16384,1499,62377,4,1.000000,0.000000
28363,30297840671,1060643,0,0,1664,0,0.000000,16384,1443,60643,4,1.000000,0.000000
28364,30298903671,1063000,0,0,1796,0,0.000000,16384,1616,63000,4,1.000000,0.000000
28365,30299966816,1063145,0,0,1761,0,0.000000,16384,1596,63145,4,1.000000,0.000000
28366,30301028987,1062171,0,0,1668,0,0.000000,16384,1453,62171,4,1.000000,0.000000
28367,30302086771,1057784,0,0,1663,0,0.000000,16384,1493,57784,4,1.000000,0.000000
28368,30303143536,1056765,0,0,1664,0,0.000000,16384,1495,56765,4,1.000000,0.000000
28369,30304200551,1057015,0,0,1577,0,0.000000,16384,1378,57015,4,1.000000,0.000000
28370,30305258138,1057587,0,0,1551,0,0.000000,16384,1414,57587,4,1.000000,0.000000
28371,30306329748,1071610,0,0,1616,0,0.000000,16384,1401,71610,4,1.000000,0.000000
28372,30307388237,1058489,0,0,1666,0,0.000000,16384,1520,58489,4,1.000000,0.000000
28373,30308445473,1057236,0,0,1663,0,0.000000,16384,1467,57236,4,1.000000,0.000000
28374,30309502084,1056611,0,0,1519,0,0.000000,16384,1359,56611,4,1.000000,0.000000
28375,30310559983,1057899,0,0,1658,0,0.000000,16384,1479,57899,4,1.000000,0.000000
28376,30311617127,1057144,0,0,1762,0,0.000000,16384,1542,57144,4,1.000000,0.000000
28377,30312705609,1088482,0,0,1838,0,0.000000,16384,1654,88482,4,1.000000,0.000000
28378,30313772851,1067242,0,0,1548,0,0.000000,16384,1392,67242,4,1.000000,0.000000
28379,30314836215,1063364,0,0,1561,0,0.000000,16384,1376,63364,4,1.000000,0.000000
28380,30315894385,1058170,0,0,1557,0,0.000000,16384,1406,58170,4,1.000000,0.000000
28381,30316978877,1084492,0,0,1593,0,0.000000,16384,1394,84492,4,1.000000,0.000000
28382,30318037895,1059018,0,0,1585,0,0.000000,16384,1448,59018,4,1.000000,0.000000
28383,30319096410,1058515,0,0,1622,0,0.000000,16384,1402,58515,4,1.000000,0.000000
28384,30320154344,1057934,0,0,1660,0,0.000000,16384,1512,57934,4,1.000000,0.000000
28385,30321212028,1057684,0,0,1652,0,0.000000,16384,1462,57684,4,1.000000,0.000000
28386,30322268062,1056034,0,0,1770,0,0.000000,16384,1556,56034,4,1.000000,0.000000
28387,30323329577,1061515,0,0,1824,0,0.000000,16384,1647,61515,4,1.000000,0.000000
28388,30324391201,1061624,0,0,1815,0,0.000000,16384,1639,61624,4,1.000000,0.000000
28389,30325454729,1063528,0,0,1709,0,0.000000,16384,1494,63528,4,1.000000,0.000000
28390,30326519106,1064377,0,0,1779,0,0.000000,16384,1577,64377,4,1.000000,0.000000
28391,30327586353,1067247,0,0,1842,0,0.000000,16384,1661,67247,4,1.000000,0.000000
28392,30328642553,1056200,0,0,1813,0,0.000000,16384,1632,56200,4,1.000000,0.000000
28393,30329671094,1028541,0,0,1771,0,0.000000,16384,1550,28541,4,1.000000,0.000000
28394,30330730208,1059114,0,0,1799,0,0.000000,16384,1592,59114,4,1.000000,0.000000
28395,30331788955,1058747,0,0,1799,0,0.000000,16384,1627,58747,4,1.000000,0.000000
28396,30332845657,1056702,0,0,1824,0,0.000000,16384,1640,56702,4,1.000000,0.000000
28397,30333901784,1056127,0,0,1823,0,0.000000,16384,1603,56127,4,1.000000,0.000000
28398,30334958284,1056500,0,0,1817,0,0.000000,16384,1595,56500,4,1.000000,0.000000
28399,30336015387,1057103,0,0,1662,0,0.000000,16384,1518,57103,4,1.000000,0.000000
28400,30337072207,1056820,0,0,1795,0,0.000000,16384,1597,56820,4,1.000000,0.000000
28401,30338129571,1057364,0,0,1817,0,0.000000,16384,1597,57364,4,1.000000,0.000000
28402,30339190570,1060999,0,0,1668,0,0.000000,16384,1498,60999,4,1.000000,0.000000
28403,30340248682,1058112,0,0,1665,0,0.000000,16384,1495,58112,4,1.000000,0.000000
28404,30341305212,1056530,0,0,1662,0,0.000000,16384,1447,56530,4,1.000000,0.000000
28405,30342361811,1056599,0,0,1664,0,0.000000,16384,1519,56599,4,1.000000,0.000000
28406,30343453313,1091502,0,0,1827,0,0.000000,16384,1627,91502,4,1.000000,0.000000
28407,30344514771,1061458,0,0,1666,0,0.000000,16384,1445,61458,4,1.000000,0.000000
28408,30345615606,1100835,0,0,1830,0,0.000000,16384,1654,100835,4,1.000000,0.000000
28409,30346702152,1086546,0,0,1938,0,0.000000,16384,1738,86546,4,1.000000,0.000000
28410,30347764137,1061985,0,0,1930,0,0.000000,16384,1731,61985,4,1.000000,0.000000
28411,30348833834,1069697,0,0,1846,0,0.000000,16384,1634,69697,4,1.000000,0.000000
28412,30349895448,1061614,0,0,1914,0,0.000000,16384,1694,61614,4,1.000000,0.000000
28413,30350958393,1062945,0,0,1909,0,0.000000,16384,1685,62945,4,1.000000,0.000000
28414,30352017387,1058994,0,0,1831,0,0.000000,16384,1642,58994,4,1.000000,0.000000
28415,30353074089,1056702,0,0,1825,0,0.000000,16384,1647,56702,4,1.000000,0.000000
28416,30354132852,1058763,0,0,1831,0,0.000000,16384,1634,58763,4,1.000000,0.000000
28417,30355191578,1058726,0,0,1816,0,0.000000,16384,1596,58726,4,1.000000,0.000000
28418,30356248541,1056963,0,0,1824,0,0.000000,16384,1615,56963,4,1.000000,0.000000
28419,30357304698,1056157,0,0,1803,0,0.000000,16384,1630,56157,4,1.000000,0.000000
28420,30358361211,1056513,0,0,1824,0,0.000000,16384,1642,56513,4,1.000000,0.000000
28421,30359427213,1066002,0,0,1796,0,0.000000,16384,1576,66002,4,1.000000,0.000000
28422,30360483949,1056736,0,0,1824,0,0.000000,16384,1605,56736,4,1.000000,0.000000
28423,30361539936,1055987,0,0,1825,0,0.000000,16384,1647,55987,4,1.000000,0.000000
28424,30362596133,1056197,0,0,1826,0,0.000000,16384,1647,56197,4,1.000000,0.000000
28425,30363652094,1055961,0,0,1821,0,0.000000,16384,1609,55961,4,1.000000,0.000000
28426,30364671296,1019202,0,0,1754,0,0.000000,16384,1534,19202,4,1.000000,0.000000
28427,30365730608,1059312,0,0,1764,0,0.000000,16384,1597,59312,4,1.000000,0.000000
28428,30366788362,1057754,0,0,1813,0,0.000000,16384,1640,57754,4,1.000000,0.000000
28429,30367844344,1055982,0,0,1824,0,0.000000,16384,1600,55982,4,1.000000,0.000000
28430,30368900655,1056311,0,0,1823,0,0.000000,16384,1603,56311,4,1.000000,0.000000
28431,30369975246,1074591,0,0,1834,0,0.000000,16384,1648,74591,4,1.000000,0.000000
28432,30371033391,1058145,0,0,1803,0,0.000000,16384,1629,58145,4,1.000000,0.000000
28433,30372089539,1056148,0,0,1821,0,0.000000,16384,1617,56148,4,1.000000,0.000000
28434,30373144989,1055450,0,0,1821,0,0.000000,16384,1601,55450,4,1.000000,0.000000
28435,30374200864,1055875,0,0,1803,0,0.000000,16384,1606,55875,4,1.000000,0.000000
28436,30375257311,1056447,0,0,1822,0,0.000000,16384,1645,56447,4,1.000000,0.000000
28437,30376313148,1055837,0,0,1822,0,0.000000,16384,1632,55837,4,1.000000,0.000000
28438,30377369050,1055902,0,0,1820,0,0.000000,16384,1600,55902,4,1.000000,0.000000
28439,30378456874,1087824,0,0,1657,0,0.000000,16384,1475,87824,4,1.000000,0.000000
28440,30379517389,1060515,0,0,1773,0,0.000000,16384,1606,60515,4,1.000000,0.000000
28441,30380586702,1069313,0,0,1844,0,0.000000,16384,1629,69313,4,1.000000,0.000000
28442,30381644048,1057346,0,0,1824,0,0.000000,16384,1604,57346,4,1.000000,0.000000
28443,30382671552,1027504,0,0,1747,0,0.000000,16384,1567,27504,4,1.000000,0.000000
28444,30383728588,1057036,0,0,1824,0,0.000000,16384,1646,57036,4,1.000000,0.000000
28445,30384784956,1056368,0,0,1824,0,0.000000,16384,1618,56368,4,1.000000,0.000000
28446,30385849781,1064825,0,0,1744,0,0.000000,16384,1524,64825,4,1.000000,0.000000
28447,30386915018,1065237,0,0,1524,0,0.000000,16384,1400,65237,4,1.000000,0.000000
28448,30387975755,1060737,0,0,1587,0,0.000000,16384,1375,60737,4,1.000000,0.000000
28449,30389033329,1057574,0,0,1613,0,0.000000,16384,1465,57574,4,1.000000,0.000000
28450,30390091610,1058281,0,0,1620,0,0.000000,16384,1432,58281,4,1.000000,0.000000
28451,30391162537,1070927,0,0,1664,0,0.000000,16384,1477,70927,4,1.000000,0.000000
28452,30392219127,1056590,0,0,1657,0,0.000000,16384,1504,56590,4,1.000000,0.000000
28453,30393275799,1056672,0,0,1656,0,0.000000,16384,1436,56672,4,1.000000,0.000000
28454,30394341324,1065525,0,0,1550,0,0.000000,16384,1418,65525,4,1.000000,0.000000
28455,30395402604,1061280,0,0,1624,0,0.000000,16384,1420,61280,4,1.000000,0.000000
28456,30396460966,1058362,0,0,1661,0,0.000000,16384,1489,58362,4,1.000000,0.000000
28457,30397519005,1058039,0,0,1658,0,0.000000,16384,1490,58039,4,1.000000,0.000000
28458,30398575236,1056231,0,0,1654,0,0.000000,16384,1440,56231,4,1.000000,0.000000
28459,30399632250,1057014,0,0,1660,0,0.000000,16384,1515,57014,4,1.000000,0.000000
28460,30400670855,1038605,0,0,1625,0,0.000000,16384,1428,38605,4,1.000000,0.000000
28461,30401798343,1127488,0,0,1577,0,0.000000,16384,1415,127488,4,1.000000,0.000000
28462,30402862884,1064541,0,0,1458,0,0.000000,16384,1284,64541,4,1.000000,0.000000
28463,30403924093,1061209,0,0,1630,0,0.000000,16384,1467,61209,4,1.000000,0.000000
28464,30404983086,1058993,0,0,1549,0,0.000000,16384,1376,58993,4,1.000000,0.000000
28465,30406044609,1061523,0,0,1542,0,0.000000,16384,1378,61523,4,1.000000,0.000000
28466,30407104177,1059568,0,0,1553,0,0.000000,16384,1381,59568,4,1.000000,0.000000
28467,30408170212,1066035,0,0,1496,0,0.000000,16384,1339,66035,4,1.000000,0.000000
28468,30409232316,1062104,0,0,1551,0,0.000000,16384,1372,62104,4,1.000000,0.000000
28469,30410290372,1058056,0,0,1557,0,0.000000,16384,1395,58056,4,1.000000,0.000000
28470,30411347050,1056678,0,0,1555,0,0.000000,16384,1380,56678,4,1.000000,0.000000
28471,30412424088,1077038,0,0,1586,0,0.000000,16384,1413,77038,4,1.000000,0.000000
28472,30413493720,1069632,0,0,1554,0,0.000000,16384,1388,69632,4,1.000000,0.000000
28473,30414557875,1064155,0,0,1551,0,0.000000,16384,1377,64155,4,1.000000,0.000000
28474,30415617776,1059901,0,0,1663,0,0.000000,16384,1501,59901,4,1.000000,0.000000
28475,30416676684,1058908,0,0,1457,0,0.000000,16384,1275,58908,4,1.000000,0.000000
28476,30417739288,1062604,0,0,1645,0,0.000000,16384,1491,62604,4,1.000000,0.000000
28477,30418798728,1059440,0,0,1664,0,0.000000,16384,1444,59440,4,1.000000,0.000000
28478,30419857596,1058868,0,0,1666,0,0.000000,16384,1514,58868,4,1.000000,0.000000
28479,30420916458,1058862,0,0,1695,0,0.000000,16384,1507,58862,4,1.000000,0.000000
28480,30421973798,1057340,0,0,1657,0,0.000000,16384,1455,57340,4,1.000000,0.000000
28481,30423060811,1087013,0,0,1860,0,0.000000,16384,1676,87013,4,1.000000,0.000000
28482,30424117001,1056190,0,0,1795,0,0.000000,16384,1621,56190,4,1.000000,0.000000
28483,30425174908,1057907,0,0,1748,0,0.000000,16384,1528,57907,4,1.000000,0.000000
28484,30426234746,1059838,0,0,1603,0,0.000000,16384,1435,59838,4,1.000000,0.000000
28485,30427294061,1059315,0,0,1757,0,0.000000,16384,1584,59315,4,1.000000,0.000000
28486,30428351320,1057259,0,0,1793,0,0.000000,16384,1574,57259,4,1.000000,0.000000
28487,30429411123,1059803,0,0,1741,0,0.000000,16384,1543,59803,4,1.000000,0.000000
28488,30430467783,1056660,0,0,1820,0,0.000000,16384,1643,56660,4,1.000000,0.000000
28489,30431526260,1058477,0,0,1787,0,0.000000,16384,1598,58477,4,1.000000,0.000000
28490,30432588433,1062173,0,0,1820,0,0.000000,16384,1600,62173,4,1.000000,0.000000
28491,30433661536,1073103,0,0,1841,0,0.000000,16384,1629,73103,4,1.000000,0.000000
28492,30434673494,1011958,0,0,1531,0,0.000000,16384,1403,11958,4,1.000000,0.000000
28493,30435731452,1057958,0,0,1800,0,0.000000,16384,1579,57958,4,1.000000,0.000000
28494,30436788001,1056549,0,0,1805,0,0.000000,16384,1595,56549,4,1.000000,0.000000
28495,30437845399,1057398,0,0,1798,0,0.000000,16384,1625,57398,4,1.000000,0.000000
28496,30438901755,1056356,0,0,1806,0,0.000000,16384,1626,56356,4,1.000000,0.000000
28497,30439958070,1056315,0,0,1822,0,0.000000,16384,1602,56315,4,1.000000,0.000000
28498,30441014166,1056096,0,0,1615,0,0.000000,16384,1435,56096,4,1.000000,0.000000
28499,30442070152,1055986,0,0,1825,0,0.000000,16384,1647,55986,4,1.000000,0.000000
28500,30443126649,1056497,0,0,1824,0,0.000000,16384,1618,56497,4,1.000000,0.000000
28501,30444194146,1067497,0,0,1551,0,0.000000,16384,1363,67497,4,1.000000,0.000000
28502,30445255697,1061551,0,0,1738,0,0.000000,16384,1577,61551,4,1.000000,0.000000
28503,30446315270,1059573,0,0,1724,0,0.000000,16384,1517,59573,4,1.000000,0.000000
28504,30447373939,1058669,0,0,1752,0,0.000000,16384,1545,58669,4,1.000000,0.000000
28505,30448433963,1060024,0,0,1787,0,0.000000,16384,1617,60024,4,1.000000,0.000000
28506,30449492679,1058716,0,0,1825,0,0.000000,16384,1638,58716,4,1.000000,0.000000
28507,30450550590,1057911,0,0,1824,0,0.000000,16384,1604,57911,4,1.000000,0.000000
28508,30451607413,1056823,0,0,1823,0,0.000000,16384,1603,56823,4,1.000000,0.000000
28509,30452663997,1056584,0,0,1825,0,0.000000,16384,1647,56584,4,1.000000,0.000000
28510,30453722794,1058797,0,0,1820,0,0.000000,16384,1643,58797,4,1.000000,0.000000
28511,30454796557,1073763,0,0,1819,0,0.000000,16384,1606,73763,4,1.000000,0.000000
28512,30455887035,1090478,0,0,1825,0,0.000000,16384,1605,90478,4,1.000000,0.000000
28513,30456951735,1064700,0,0,1583,0,0.000000,16384,1439,64700,4,1.000000,0.000000
28514,30458012250,1060515,0,0,1592,0,0.000000,16384,1400,60515,4,1.000000,0.000000
28515,30459070893,1058643,0,0,1661,0,0.000000,16384,1483,58643,4,1.000000,0.000000
28516,30460130126,1059233,0,0,1661,0,0.000000,16384,1499,59233,4,1.000000,0.000000
28517,30461188191,1058065,0,0,1639,0,0.000000,16384,1421,58065,4,1.000000,0.000000
28518,30462245149,1056958,0,0,1660,0,0.000000,16384,1516,56958,4,1.000000,0.000000
28519,30463302236,1057087,0,0,1656,0,0.000000,16384,1462,57087,4,1.000000,0.000000
28520,30464365958,1063722,0,0,1560,0,0.000000,16384,1391,63722,4,1.000000,0.000000
28521,30465443303,1077345,0,0,1657,0,0.000000,16384,1486,77345,4,1.000000,0.000000
28522,30466503878,1060575,0,0,1601,0,0.000000,16384,1402,60575,4,1.000000,0.000000
28523,30467562732,1058854,0,0,1667,0,0.000000,16384,1521,58854,4,1.000000,0.000000
28524,30468619114,1056382,0,0,1473,0,0.000000,16384,1272,56382,4,1.000000,0.000000
28525,30469674202,1055088,0,0,1580,0,0.000000,16384,1452,55088,4,1.000000,0.000000
28526,30470733126,1058924,0,0,1645,0,0.000000,16384,1427,58924,4,1.000000,0.000000
28527,30471795437,1062311,0,0,1647,0,0.000000,16384,1487,62311,4,1.000000,0.000000
28528,30472860088,1064651,0,0,1521,0,0.000000,16384,1345,64651,4,1.000000,0.000000
28529,30473925999,1065911,0,0,1559,0,0.000000,16384,1399,65911,4,1.000000,0.000000
28530,30474987382,1061383,0,0,1557,0,0.000000,16384,1381,61383,4,1.000000,0.000000
28531,30476082644,1095262,0,0,1646,0,0.000000,16384,1463,95262,4,1.000000,0.000000
28532,30477140492,1057848,0,0,1660,0,0.000000,16384,1503,57848,4,1.000000,0.000000
28533,30478198155,1057663,0,0,1661,0,0.000000,16384,1441,57663,4,1.000000,0.000000
28534,30479254407,1056252,0,0,1740,0,0.000000,16384,1572,56252,4,1.000000,0.000000
28535,30480315566,1061159,0,0,1624,0,0.000000,16384,1452,61159,4,1.000000,0.000000
28536,30481378045,1062479,0,0,1577,0,0.000000,16384,1390,62479,4,1.000000,0.000000
28537,30482441193,1063148,0,0,1552,0,0.000000,16384,1403,63148,4,1.000000,0.000000
28538,30483502072,1060879,0,0,1679,0,0.000000,16384,1274,60879,4,1.000000,0.000000
28539,30484561119,1059047,0,0,1613,0,0.000000,16384,1148,59047,4,1.000000,0.000000
28540,30485625025,1063906,0,0,1620,0,0.000000,16384,1152,63906,4,1.000000,0.000000
28541,30486676474,1051449,0,0,1524,0,0.000000,16384,1084,51449,4,1.000000,0.000000
28542,30487739968,1063494,0,0,1582,0,0.000000,16384,1124,63494,4,1.000000,0.000000
28543,30488804934,1064966,0,0,1507,0,0.000000,16384,1073,64966,4,1.000000,0.000000
28544,30489866297,1061363,0,0,1585,0,0.000000,16384,1129,61363,4,1.000000,0.000000
28545,30490925326,1059029,0,0,1580,0,0.000000,16384,1122,59029,4,1.000000,0.000000
28546,30491984541,1059215,0,0,1527,0,0.000000,16384,1087,59215,4,1.000000,0.000000
28547,30493043709,1059168,0,0,1572,0,0.000000,16384,1156,59168,4,1.000000,0.000000
28548,30494104342,1060633,0,0,1512,0,0.000000,16384,1387,60633,4,1.000000,0.000000
28549,30495165039,1060697,0,0,1541,0,0.000000,16384,1336,60697,4,1.000000,0.000000
28550,30496224292,1059253,0,0,1402,0,0.000000,16384,1272,59253,4,1.000000,0.000000
28551,30497364853,1140561,0,0,1668,0,0.000000,16384,1465,140561,4,1.000000,0.000000
28552,30498426851,1061998,0,0,1558,0,0.000000,16384,1425,61998,4,1.000000,0.000000
28553,30499486048,1059197,0,0,1552,0,0.000000,16384,1343,59197,4,1.000000,0.000000
28554,30500543073,1057025,0,0,1554,0,0.000000,16384,1427,57025,4,1.000000,0.000000
28555,30501600965,1057892,0,0,1556,0,0.000000,16384,1342,57892,4,1.000000,0.000000
28556,30502663473,1062508,0,0,1492,0,0.000000,16384,1370,62508,4,1.000000,0.000000
28557,30503731501,1068028,0,0,1563,0,0.000000,16384,1354,68028,4,1.000000,0.000000
28558,30504790708,1059207,0,0,1550,0,0.000000,16384,1423,59207,4,1.000000,0.000000
28559,30505849052,1058344,0,0,1556,0,0.000000,16384,1344,58344,4,1.000000,0.000000
28560,30506907921,1058869,0,0,1542,0,0.000000,16384,1418,58869,4,1.000000,0.000000
28561,30507983718,1075797,0,0,1431,0,0.000000,16384,1241,75797,4,1.000000,0.000000
28562,30509046237,1062519,0,0,1502,0,0.000000,16384,1355,62519,4,1.000000,0.000000
28563,30510113206,1066969,0,0,1502,0,0.000000,16384,1329,66969,4,1.000000,0.000000
28564,30511177825,1064619,0,0,1539,0,0.000000,16384,1377,64619,4,1.000000,0.000000
28565,30512238783,1060958,0,0,1563,0,0.000000,16384,1384,60958,4,1.000000,0.000000
28566,30513296397,1057614,0,0,1553,0,0.000000,16384,1396,57614,4,1.000000,0.000000
28567,30514360014,1063617,0,0,1535,0,0.000000,16384,1356,63617,4,1.000000,0.000000
28568,30515423169,1063155,0,0,1536,0,0.000000,16384,1379,63155,4,1.000000,0.000000
28569,30516484812,1061643,0,0,1554,0,0.000000,16384,1374,61643,4,1.000000,0.000000
28570,30517543936,1059124,0,0,1559,0,0.000000,16384,1403,59124,4,1.000000,0.000000
28571,30518622727,1078791,0,0,1584,0,0.000000,16384,1392,78791,4,1.000000,0.000000
28572,30519675587,1052860,0,0,1545,0,0.000000,16384,1401,52860,4,1.000000,0.000000
28573,30520737346,1061759,0,0,1500,0,0.000000,16384,1316,61759,4,1.000000,0.000000
28574,30521798215,1060869,0,0,1439,0,0.000000,16384,1290,60869,4,1.000000,0.000000
28575,30522857345,1059130,0,0,1470,0,0.000000,16384,1318,59130,4,1.000000,0.000000
28576,30523917752,1060407,0,0,1552,0,0.000000,16384,1369,60407,4,1.000000,0.000000
28577,30524976760,1059008,0,0,1558,0,0.000000,16384,1400,59008,4,1.000000,0.000000
28578,30526039791,1063031,0,0,1505,0,0.000000,16384,1327,63031,4,1.000000,0.000000
28579,30527103798,1064007,0,0,1523,0,0.000000,16384,1376,64007,4,1.000000,0.000000
28580,30528163456,1059658,0,0,1560,0,0.000000,16384,1370,59658,4,1.000000,0.000000
28581,30529254490,1091034,0,0,1659,0,0.000000,16384,1486,91034,4,1.000000,0.000000
28582,30530313333,1058843,0,0,1663,0,0.000000,16384,1497,58843,4,1.000000,0.000000
28583,30531370970,1057637,0,0,1621,0,0.000000,16384,1411,57637,4,1.000000,0.000000
28584,30532426991,1056021,0,0,1663,0,0.000000,16384,1518,56021,4,1.000000,0.000000
28585,30533484740,1057749,0,0,1664,0,0.000000,16384,1463,57749,4,1.000000,0.000000
28586,30534546737,1061997,0,0,1589,0,0.000000,16384,1419,61997,4,1.000000,0.000000
28587,30535606941,1060204,0,0,1664,0,0.000000,16384,1494,60204,4,1.000000,0.000000
28588,30536671446,1064505,0,0,1573,0,0.000000,16384,1377,64505,4,1.000000,0.000000
28589,30537730519,1059073,0,0,1670,0,0.000000,16384,1524,59073,4,1.000000,0.000000
28590,30538788099,1057580,0,0,1651,0,0.000000,16384,1437,57580,4,1.000000,0.000000
28591,30539860351,1072252,0,0,1699,0,0.000000,16384,1523,72252,4,1.000000,0.000000
28592,30540917223,1056872,0,0,1816,0,0.000000,16384,1640,56872,4,1.000000,0.000000
28593,30541980154,1062931,0,0,1739,0,0.000000,16384,1531,62931,4,1.000000,0.000000
28594,30543046354,1066200,0,0,1541,0,0.000000,16384,1374,66200,4,1.000000,0.000000
28595,30544110260,1063906,0,0,1612,0,0.000000,16384,1438,63906,4,1.000000,0.000000
28596,30545170297,1060037,0,0,1601,0,0.000000,16384,1413,60037,4,1.000000,0.000000
28597,30546235074,1064777,0,0,1618,0,0.000000,16384,1471,64777,4,1.000000,0.000000
28598,30547297311,1062237,0,0,1551,0,0.000000,16384,1345,62237,4,1.000000,0.000000
28599,30548392133,1094822,0,0,1671,0,0.000000,16384,1524,94822,4,1.000000,0.000000
28600,30549457554,1065421,0,0,1397,0,0.000000,16384,1212,65421,4,1.000000,0.000000
28601,30550552848,1095294,0,0,1447,0,0.000000,16384,1313,95294,4,1.000000,0.000000
28602,30551620146,1067298,0,0,1519,0,0.000000,16384,1339,67298,4,1.000000,0.000000
28603,30552675953,1055807,0,0,1586,0,0.000000,16384,1430,55807,4,1.000000,0.000000
28604,30553741374,1065421,0,0,1600,0,0.000000,16384,1400,65421,4,1.000000,0.000000
28605,30554803919,1062545,0,0,1600,0,0.000000,16384,1464,62545,4,1.000000,0.000000
28606,30555863577,1059658,0,0,1582,0,0.000000,16384,1361,59658,4,1.000000,0.000000
28607,30556926887,1063310,0,0,1617,0,0.000000,16384,1483,63310,4,1.000000,0.000000
28608,30557994071,1067184,0,0,1592,0,0.000000,16384,1390,67184,4,1.000000,0.000000
28609,30559061328,1067257,0,0,1487,0,0.000000,16384,1353,67257,4,1.000000,0.000000
28610,30560124684,1063356,0,0,1553,0,0.000000,16384,1352,63356,4,1.000000,0.000000
28611,30561209132,1084448,0,0,1584,0,0.000000,16384,1439,84448,4,1.000000,0.000000
28612,30562268852,1059720,0,0,1543,0,0.000000,16384,1352,59720,4,1.000000,0.000000
28613,30563330230,1061378,0,0,1463,0,0.000000,16384,1334,61378,4,1.000000,0.000000
28614,30564392512,1062282,0,0,1549,0,0.000000,16384,1342,62282,4,1.000000,0.000000
28615,30565452649,1060137,0,0,1554,0,0.000000,16384,1421,60137,4,1.000000,0.000000
28616,30566523650,1071001,0,0,1470,0,0.000000,16384,1269,71001,4,1.000000,0.000000
28617,30567589691,1066041,0,0,1493,0,0.000000,16384,1375,66041,4,1.000000,0.000000
28618,30568651559,1061868,0,0,1523,0,0.000000,16384,1319,61868,4,1.000000,0.000000
28619,30569675950,1024391,0,0,1588,0,0.000000,16384,1456,24391,4,1.000000,0.000000
28620,30570734259,1058309,0,0,1652,0,0.000000,16384,1432,58309,4,1.000000,0.000000
28621,30571873938,1139679,0,0,1800,0,0.000000,16384,1612,139679,4,1.000000,0.000000
28622,30572938794,1064856,0,0,1568,0,0.000000,16384,1416,64856,4,1.000000,0.000000
28623,30574004609,1065815,0,0,1668,0,0.000000,16384,1453,65815,4,1.000000,0.000000
28624,30575067061,1062452,0,0,1670,0,0.000000,16384,1524,62452,4,1.000000,0.000000
28625,30576127532,1060471,0,0,1577,0,0.000000,16384,1382,60471,4,1.000000,0.000000
28626,30577218715,1091183,0,0,1697,0,0.000000,16384,1517,91183,4,1.000000,0.000000
28627,30578281956,1063241,0,0,1557,0,0.000000,16384,1397,63241,4,1.000000,0.000000
28628,30579341322,1059366,0,0,1559,0,0.000000,16384,1378,59366,4,1.000000,0.000000
28629,30580403442,1062120,0,0,1489,0,0.000000,16384,1334,62120,4,1.000000,0.000000
28630,30581463728,1060286,0,0,1555,0,0.000000,16384,1381,60286,4,1.000000,0.000000
28631,30582554506,1090778,0,0,1602,0,0.000000,16384,1440,90778,4,1.000000,0.000000
28632,30583644677,1090171,0,0,1694,0,0.000000,16384,1478,90171,4,1.000000,0.000000
28633,30584705254,1060577,0,0,1657,0,0.000000,16384,1513,60577,4,1.000000,0.000000
28634,30585770188,1064934,0,0,1819,0,0.000000,16384,1619,64934,4,1.000000,0.000000
28635,30586834904,1064716,0,0,1735,0,0.000000,16384,1515,64716,4,1.000000,0.000000
28636,30587899801,1064897,0,0,1794,0,0.000000,16384,1612,64897,4,1.000000,0.000000
28637,30588963496,1063695,0,0,1784,0,0.000000,16384,1615,63695,4,1.000000,0.000000
28638,30590026642,1063146,0,0,1593,0,0.000000,16384,1384,63146,4,1.000000,0.000000
28639,30591091026,1064384,0,0,1699,0,0.000000,16384,1530,64384,4,1.000000,0.000000
28640,30592152631,1061605,0,0,1662,0,0.000000,16384,1491,61605,4,1.000000,0.000000
28641,30593223362,1070731,0,0,1676,0,0.000000,16384,1461,70731,4,1.000000,0.000000
28642,30594281486,1058124,0,0,1655,0,0.000000,16384,1511,58124,4,1.000000,0.000000
28643,30595371053,1089567,0,0,1801,0,0.000000,16384,1600,89567,4,1.000000,0.000000
28644,30596461797,1090744,0,0,1805,0,0.000000,16384,1585,90744,4,1.000000,0.000000
28645,30597552099,1090302,0,0,1842,0,0.000000,16384,1641,90302,4,1.000000,0.000000
28646,30598615702,1063603,0,0,1657,0,0.000000,16384,1512,63603,4,1.000000,0.000000
28647,30599672220,1056518,0,0,1653,0,0.000000,16384,1439,56518,4,1.000000,0.000000
28648,30600711092,1038872,0,0,1778,0,0.000000,16384,1588,38872,4,1.000000,0.000000
28649,30601775175,1064083,0,0,1808,0,0.000000,16384,1632,64083,4,1.000000,0.000000
28650,30602838317,1063142,0,0,1804,0,0.000000,16384,1606,63142,4,1.000000,0.000000
28651,30603972961,1134644,0,0,1791,0,0.000000,16384,1571,134644,4,1.000000,0.000000
28652,30605039869,1066908,0,0,1503,0,0.000000,16384,1370,66908,4,1.000000,0.000000
28653,30606102381,1062512,0,0,1565,0,0.000000,16384,1362,62512,4,1.000000,0.000000
28654,30607162112,1059731,0,0,1548,0,0.000000,16384,1410,59731,4,1.000000,0.000000
28655,30608220403,1058291,0,0,1609,0,0.000000,16384,1411,58291,4,1.000000,0.000000
28656,30609276723,1056320,0,0,1661,0,0.000000,16384,1486,56320,4,1.000000,0.000000
28657,30610334297,1057574,0,0,1670,0,0.000000,16384,1505,57574,4,1.000000,0.000000
28658,30611391311,1057014,0,0,1668,0,0.000000,16384,1448,57014,4,1.000000,0.000000
28659,30612456154,1064843,0,0,1507,0,0.000000,16384,1391,64843,4,1.000000,0.000000
28660,30613520567,1064413,0,0,1640,0,0.000000,16384,1419,64413,4,1.000000,0.000000
28661,30614603739,1083172,0,0,1706,0,0.000000,16384,1538,83172,4,1.000000,0.000000
28662,30615665321,1061582,0,0,1525,0,0.000000,16384,1358,61582,4,1.000000,0.000000
28663,30616731865,1066544,0,0,1558,0,0.000000,16384,1389,66544,4,1.000000,0.000000
28664,30617792538,1060673,0,0,1533,0,0.000000,16384,1366,60673,4,1.000000,0.000000
28665,30618853338,1060800,0,0,1554,0,0.000000,16384,1384,60800,4,1.000000,0.000000
28666,30619916535,1063197,0,0,1554,0,0.000000,16384,1384,63197,4,1.000000,0.000000
28667,30620978950,1062415,0,0,1509,0,0.000000,16384,1348,62415,4,1.000000,0.000000
28668,30622038815,1059865,0,0,1551,0,0.000000,16384,1380,59865,4,1.000000,0.000000
28669,30623096835,1058020,0,0,1598,0,0.000000,16384,1420,58020,4,1.000000,0.000000
28670,30624154197,1057362,0,0,1629,0,0.000000,16384,1467,57362,4,1.000000,0.000000
28671,30625233639,1079442,0,0,1686,0,0.000000,16384,1466,79442,4,1.000000,0.000000
28672,30626293086,1059447,0,0,1605,0,0.000000,16384,1471,59447,4,1.000000,0.000000
28673,30627353612,1060526,0,0,1575,0,0.000000,16384,1373,60526,4,1.000000,0.000000
28674,30628417658,1064046,0,0,1544,0,0.000000,16384,1403,64046,4,1.000000,0.000000
28675,30629481310,1063652,0,0,1471,0,0.000000,16384,1276,63652,4,1.000000,0.000000
28676,30630541691,1060381,0,0,1557,0,0.000000,16384,1427,60381,4,1.000000,0.000000
28677,30631600433,1058742,0,0,1556,0,0.000000,16384,1349,58742,4,1.000000,0.000000
28678,30632658872,1058439,0,0,1558,0,0.000000,16384,1423,58439,4,1.000000,0.000000
28679,30633673560,1014688,0,0,1487,0,0.000000,16384,1287,14688,4,1.000000,0.000000
28680,30634730839,1057279,0,0,1557,0,0.000000,16384,1428,57279,4,1.000000,0.000000
28681,30635821169,1090330,0,0,1681,0,0.000000,16384,1474,90330,4,1.000000,0.000000
28682,30636886804,1065635,0,0,1476,0,0.000000,16384,1334,65635,4,1.000000,0.000000
28683,30637948991,1062187,0,0,1519,0,0.000000,16384,1325,62187,4,1.000000,0.000000
28684,30639009091,1060100,0,0,1535,0,0.000000,16384,1398,60100,4,1.000000,0.000000
28685,30640068636,1059545,0,0,1557,0,0.000000,16384,1358,59545,4,1.000000,0.000000
28686,30641125398,1056762,0,0,1553,0,0.000000,16384,1411,56762,4,1.000000,0.000000
28687,30642187702,1062304,0,0,1506,0,0.000000,16384,1311,62304,4,1.000000,0.000000
28688,30643256936,1069234,0,0,1175,0,0.000000,16384,1064,69234,4,1.000000,0.000000
28689,30644441868,1184932,0,0,1526,0,0.000000,16384,1365,184932,4,1.000000,0.000000
28690,30645515841,1073973,0,0,1398,0,0.000000,16384,1223,73973,4,1.000000,0.000000
28691,30646611489,1095648,0,0,1555,0,0.000000,16384,1421,95648,4,1.000000,0.000000
28692,30647683442,1071953,0,0,1516,0,0.000000,16384,1313,71953,4,1.000000,0.000000
28693,30648748695,1065253,0,0,1534,0,0.000000,16384,1407,65253,4,1.000000,0.000000
28694,30649816378,1067683,0,0,1563,0,0.000000,16384,1354,67683,4,1.000000,0.000000
28695,30650887599,1071221,0,0,1475,0,0.000000,16384,1359,71221,4,1.000000,0.000000
28696,30651955578,1067979,0,0,1449,0,0.000000,16384,1251,67979,4,1.000000,0.000000
28697,30653018036,1062458,0,0,1563,0,0.000000,16384,1426,62458,4,1.000000,0.000000
28698,30654042777,1024741,0,0,1508,0,0.000000,16384,1312,24741,4,1.000000,0.000000
28699,30655105149,1062372,0,0,1556,0,0.000000,16384,1416,62372,4,1.000000,0.000000
28700,30656209599,1104450,0,0,1443,0,0.000000,16384,1264,104450,4,1.000000,0.000000
28701,30657293955,1084356,0,0,1579,0,0.000000,16384,1422,84356,4,1.000000,0.000000
28702,30658358681,1064726,0,0,1491,0,0.000000,16384,1315,64726,4,1.000000,0.000000
28703,30659426813,1068132,0,0,1472,0,0.000000,16384,1315,68132,4,1.000000,0.000000
28704,30660488523,1061710,0,0,1498,0,0.000000,16384,1342,61710,4,1.000000,0.000000
28705,30661549513,1060990,0,0,1557,0,0.000000,16384,1378,60990,4,1.000000,0.000000
28706,30662608265,1058752,0,0,1558,0,0.000000,16384,1394,58752,4,1.000000,0.000000
28707,30663802493,1194228,0,0,1700,0,0.000000,16384,1524,194228,4,1.000000,0.000000
28708,30664871696,1069203,0,0,1545,0,0.000000,16384,1353,69203,4,1.000000,0.000000
28709,30665940169,1068473,0,0,1613,0,0.000000,16384,1469,68473,4,1.000000,0.000000
28710,30668036551,2096382,0,0,2706,0,0.000000,16384,2374,1096382,4,1.000000,0.000000
28711,30669200787,1164236,0,0,1389,0,0.000000,16384,1272,164236,4,1.000000,0.000000
28712,30670267701,1066914,0,0,1522,0,0.000000,16384,1324,66914,4,1.000000,0.000000
28713,30671334943,1067242,0,0,1502,0,0.000000,16384,1365,67242,4,1.000000,0.000000
28714,30672400520,1065577,0,0,1472,0,0.000000,16384,1295,65577,4,1.000000,0.000000
28715,30673466531,1066011,0,0,1513,0,0.000000,16384,1354,66011,4,1.000000,0.000000
28716,30674533790,1067259,0,0,1427,0,0.000000,16384,1279,67259,4,1.000000,0.000000
28717,30675599836,1066046,0,0,1401,0,0.000000,16384,1217,66046,4,1.000000,0.000000
28718,30676673278,1073442,0,0,1494,0,0.000000,16384,1378,73442,4,1.000000,0.000000
28719,30677735827,1062549,0,0,1561,0,0.000000,16384,1344,62549,4,1.000000,0.000000
28720,30678799827,1064000,0,0,1520,0,0.000000,16384,1401,64000,4,1.000000,0.000000
28721,30679891120,1091293,0,0,1551,0,0.000000,16384,1337,91293,4,1.000000,0.000000
28722,30680950953,1059833,0,0,1555,0,0.000000,16384,1433,59833,4,1.000000,0.000000
28723,30682017765,1066812,0,0,1550,0,0.000000,16384,1329,66812,4,1.000000,0.000000
28724,30683086968,1069203,0,0,1260,0,0.000000,16384,1149,69203,4,1.000000,0.000000
28725,30684154113,1067145,0,0,1526,0,0.000000,16384,1363,67145,4,1.000000,0.000000
28726,30685215431,1061318,0,0,1560,0,0.000000,16384,1387,61318,4,1.000000,0.000000
28727,30686274103,1058672,0,0,1558,0,0.000000,16384,1389,58672,4,1.000000,0.000000
28728,30687331163,1057060,0,0,1553,0,0.000000,16384,1382,57060,4,1.000000,0.000000
28729,30688390087,1058924,0,0,1556,0,0.000000,16384,1386,58924,4,1.000000,0.000000
28730,30689450558,1060471,0,0,1541,0,0.000000,16384,1375,60471,4,1.000000,0.000000
28731,30690618722,1168164,0,0,1596,0,0.000000,16384,1415,168164,4,1.000000,0.000000
28732,30691696070,1077348,0,0,1421,0,0.000000,16384,1270,77348,4,1.000000,0.000000
28733,30692763540,1067470,0,0,1528,0,0.000000,16384,1370,67470,4,1.000000,0.000000
28734,30693828395,1064855,0,0,1508,0,0.000000,16384,1330,64855,4,1.000000,0.000000
28735,30694895217,1066822,0,0,1517,0,0.000000,16384,1371,66822,4,1.000000,0.000000
28736,30695959846,1064629,0,0,1308,0,0.000000,16384,1140,64629,4,1.000000,0.000000
28737,30697022930,1063084,0,0,1510,0,0.000000,16384,1372,63084,4,1.000000,0.000000
28738,30698088917,1065987,0,0,1491,0,0.000000,16384,1309,65987,4,1.000000,0.000000
28739,30699152522,1063605,0,0,1435,0,0.000000,16384,1285,63605,4,1.000000,0.000000
28740,30700214068,1061546,0,0,1559,0,0.000000,16384,1391,61546,4,1.000000,0.000000
28741,30701301276,1087208,0,0,1599,0,0.000000,16384,1427,87208,4,1.000000,0.000000
28742,30702360864,1059588,0,0,1557,0,0.000000,16384,1379,59588,4,1.000000,0.000000
28743,30703420800,1059936,0,0,1559,0,0.000000,16384,1401,59936,4,1.000000,0.000000
28744,30704481266,1060466,0,0,1556,0,0.000000,16384,1372,60466,4,1.000000,0.000000
28745,30705542021,1060755,0,0,1519,0,0.000000,16384,1367,60755,4,1.000000,0.000000
28746,30706811755,1269734,0,0,1735,0,0.000000,16384,1515,269734,4,1.000000,0.000000
28747,30707878882,1067127,0,0,1523,0,0.000000,16384,1407,67127,4,1.000000,0.000000
28748,30708945426,1066544,0,0,1555,0,0.000000,16384,1337,66544,4,1.000000,0.000000
28749,30710008605,1063179,0,0,1359,0,0.000000,16384,1241,63179,4,1.000000,0.000000
28750,30711071234,1062629,0,0,1555,0,0.000000,16384,1371,62629,4,1.000000,0.000000
28751,30712153960,1082726,0,0,1590,0,0.000000,16384,1438,82726,4,1.000000,0.000000
28752,30713211249,1057289,0,0,1555,0,0.000000,16384,1359,57289,4,1.000000,0.000000
28753,30714275882,1064633,0,0,1495,0,0.000000,16384,1355,64633,4,1.000000,0.000000
28754,30715812095,1536213,0,0,2073,0,0.000000,16384,1848,536213,4,1.000000,0.000000
28755,30716880839,1068744,0,0,1544,0,0.000000,16384,1355,68744,4,1.000000,0.000000
28756,30717943141,1062302,0,0,1563,0,0.000000,16384,1417,62302,4,1.000000,0.000000
28757,30719004016,1060875,0,0,1559,0,0.000000,16384,1362,60875,4,1.000000,0.000000
28758,30720061272,1057256,0,0,1554,0,0.000000,16384,1415,57256,4,1.000000,0.000000
28759,30721122894,1061622,0,0,1555,0,0.000000,16384,1353,61622,4,1.000000,0.000000
28760,30722184351,1061457,0,0,1508,0,0.000000,16384,1374,61457,4,1.000000,0.000000
28761,30723282016,1097665,0,0,1371,0,0.000000,16384,1209,97665,4,1.000000,0.000000
28762,30724348614,1066598,0,0,1517,0,0.000000,16384,1347,66598,4,1.000000,0.000000
28763,30725410517,1061903,0,0,1558,0,0.000000,16384,1395,61903,4,1.000000,0.000000
28764,30726468446,1057929,0,0,1555,0,0.000000,16384,1382,57929,4,1.000000,0.000000
28765,30727529331,1060885,0,0,1547,0,0.000000,16384,1380,60885,4,1.000000,0.000000
28766,30728596724,1067393,0,0,1464,0,0.000000,16384,1295,67393,4,1.000000,0.000000
28767,30729662812,1066088,0,0,1551,0,0.000000,16384,1398,66088,4,1.000000,0.000000
28768,30730726991,1064179,0,0,1562,0,0.000000,16384,1378,64179,4,1.000000,0.000000
28769,30731785636,1058645,0,0,1556,0,0.000000,16384,1396,58645,4,1.000000,0.000000
28770,30732842802,1057166,0,0,1552,0,0.000000,16384,1329,57166,4,1.000000,0.000000
28771,30733940354,1097552,0,0,1603,0,0.000000,16384,1424,97552,4,1.000000,0.000000
28772,30734999747,1059393,0,0,1554,0,0.000000,16384,1383,59393,4,1.000000,0.000000
28773,30736062055,1062308,0,0,1433,0,0.000000,16384,1272,62308,4,1.000000,0.000000
28774,30737126003,1063948,0,0,1518,0,0.000000,16384,1369,63948,4,1.000000,0.000000
28775,30738187869,1061866,0,0,1539,0,0.000000,16384,1352,61866,4,1.000000,0.000000
28776,30739245640,1057771,0,0,1554,0,0.000000,16384,1403,57771,4,1.000000,0.000000
28777,30740306423,1060783,0,0,1540,0,0.000000,16384,1355,60783,4,1.000000,0.000000
28778,30741366688,1060265,0,0,1551,0,0.000000,16384,1399,60265,4,1.000000,0.000000
28779,30742425310,1058622,0,0,1558,0,0.000000,16384,1374,58622,4,1.000000,0.000000
28780,30743483845,1058535,0,0,1557,0,0.000000,16384,1399,58535,4,1.000000,0.000000
28781,30744568402,1084557,0,0,1491,0,0.000000,16384,1313,84557,4,1.000000,0.000000
28782,30745630035,1061633,0,0,1551,0,0.000000,16384,1401,61633,4,1.000000,0.000000
28783,30746677674,1047639,0,0,1535,0,0.000000,16384,1349,47639,4,1.000000,0.000000
28784,30747737745,1060071,0,0,1553,0,0.000000,16384,1403,60071,4,1.000000,0.000000
28785,30748797562,1059817,0,0,1556,0,0.000000,16384,1370,59817,4,1.000000,0.000000
28786,30749858994,1061432,0,0,1444,0,0.000000,16384,1310,61432,4,1.000000,0.000000
28787,30750920014,1061020,0,0,1549,0,0.000000,16384,1347,61020,4,1.000000,0.000000
28788,30751983205,1063191,0,0,1521,0,0.000000,16384,1390,63191,4,1.000000,0.000000
28789,30753048692,1065487,0,0,1504,0,0.000000,16384,1299,65487,4,1.000000,0.000000
28790,30754109753,1061061,0,0,1555,0,0.000000,16384,1429,61061,4,1.000000,0.000000
28791,30755191324,1081571,0,0,1578,0,0.000000,16384,1368,81571,4,1.000000,0.000000
28792,30756252802,1061478,0,0,1540,0,0.000000,16384,1407,61478,4,1.000000,0.000000
28793,30757313409,1060607,0,0,1556,0,0.000000,16384,1353,60607,4,1.000000,0.000000
28794,30758370781,1057372,0,0,1554,0,0.000000,16384,1416,57372,4,1.000000,0.000000
28795,30759428970,1058189,0,0,1552,0,0.000000,16384,1354,58189,4,1.000000,0.000000
28796,30760493266,1064296,0,0,1462,0,0.000000,16384,1338,64296,4,1.000000,0.000000
28797,30761557031,1063765,0,0,1556,0,0.000000,16384,1344,63765,4,1.000000,0.000000
28798,30762619119,1062088,0,0,1470,0,0.000000,16384,1354,62088,4,1.000000,0.000000
28799,30763675777,1056658,0,0,1524,0,0.000000,16384,1317,56658,4,1.000000,0.000000
28800,30764735637,1059860,0,0,1550,0,0.000000,16384,1420,59860,4,1.000000,0.000000
28801,30765816631,1080994,0,0,1587,0,0.000000,16384,1368,80994,4,1.000000,0.000000
28802,30766875296,1058665,0,0,1557,0,0.000000,16384,1435,58665,4,1.000000,0.000000
28803,30767936342,1061046,0,0,1521,0,0.000000,16384,1309,61046,4,1.000000,0.000000
28804,30768999764,1063422,0,0,1477,0,0.000000,16384,1359,63422,4,1.000000,0.000000
28805,30770062779,1063015,0,0,1547,0,0.000000,16384,1342,63015,4,1.000000,0.000000
28806,30771121328,1058549,0,0,1559,0,0.000000,16384,1428,58549,4,1.000000,0.000000
28807,30772186776,1065448,0,0,1548,0,0.000000,16384,1339,65448,4,1.000000,0.000000
28808,30773251106,1064330,0,0,1553,0,0.000000,16384,1426,64330,4,1.000000,0.000000
28809,30774312682,1061576,0,0,1552,0,0.000000,16384,1338,61576,4,1.000000,0.000000
28810,30775376948,1064266,0,0,1384,0,0.000000,16384,1262,64266,4,1.000000,0.000000
28811,30776521072,1144124,0,0,1492,0,0.000000,16384,1320,144124,4,1.000000,0.000000
28812,30777585004,1063932,0,0,1532,0,0.000000,16384,1367,63932,4,1.000000,0.000000
28813,30778649558,1064554,0,0,1566,0,0.000000,16384,1392,64554,4,1.000000,0.000000
28814,30779680318,1030760,0,0,1507,0,0.000000,16384,1346,30760,4,1.000000,0.000000
28815,30780743875,1063557,0,0,1557,0,0.000000,16384,1386,63557,4,1.000000,0.000000
28816,30781804223,1060348,0,0,1561,0,0.000000,16384,1395,60348,4,1.000000,0.000000
28817,30782866616,1062393,0,0,1484,0,0.000000,16384,1322,62393,4,1.000000,0.000000
28818,30783928072,1061456,0,0,1516,0,0.000000,16384,1347,61456,4,1.000000,0.000000
28819,30784994599,1066527,0,0,1436,0,0.000000,16384,1295,66527,4,1.000000,0.000000
28820,30786059747,1065148,0,0,1521,0,0.000000,16384,1326,65148,4,1.000000,0.000000
28821,30787155476,1095729,0,0,1610,0,0.000000,16384,1460,95729,4,1.000000,0.000000
28822,30788217272,1061796,0,0,1534,0,0.000000,16384,1348,61796,4,1.000000,0.000000
28823,30789281933,1064661,0,0,1381,0,0.000000,16384,1265,64661,4,1.000000,0.000000
28824,30790348700,1066767,0,0,1483,0,0.000000,16384,1280,66767,4,1.000000,0.000000
28825,30791413361,1064661,0,0,1512,0,0.000000,16384,1379,64661,4,1.000000,0.000000
28826,30792475223,1061862,0,0,1559,0,0.000000,16384,1358,61862,4,1.000000,0.000000
28827,30793533712,1058489,0,0,1556,0,0.000000,16384,1421,58489,4,1.000000,0.000000
28828,30794592659,1058947,0,0,1555,0,0.000000,16384,1349,58947,4,1.000000,0.000000
28829,30795651135,1058476,0,0,1554,0,0.000000,16384,1424,58476,4,1.000000,0.000000
28830,30796671626,1020491,0,0,1495,0,0.000000,16384,1296,20491,4,1.000000,0.000000
28831,30797748790,1077164,0,0,1577,0,0.000000,16384,1439,77164,4,1.000000,0.000000
28832,30798864107,1115317,0,0,1501,0,0.000000,16384,1303,115317,4,1.000000,0.000000
28833,30799928334,1064227,0,0,1564,0,0.000000,16384,1426,64227,4,1.000000,0.000000
28834,30800986682,1058348,0,0,1581,0,0.000000,16384,1372,58348,4,1.000000,0.000000
28835,30802044788,1058106,0,0,1644,0,0.000000,16384,1502,58106,4,1.000000,0.000000
28836,30803104446,1059658,0,0,1539,0,0.000000,16384,1335,59658,4,1.000000,0.000000
28837,30804171799,1067353,0,0,1485,0,0.000000,16384,1367,67353,4,1.000000,0.000000
28838,30805236297,1064498,0,0,1507,0,0.000000,16384,1298,64498,4,1.000000,0.000000
28839,30806300299,1064002,0,0,1503,0,0.000000,16384,1378,64002,4,1.000000,0.000000
28840,30807364132,1063833,0,0,1523,0,0.000000,16384,1323,63833,4,1.000000,0.000000
28841,30808445370,1081238,0,0,1585,0,0.000000,16384,1449,81238,4,1.000000,0.000000
28842,30809504602,1059232,0,0,1535,0,0.000000,16384,1328,59232,4,1.000000,0.000000
28843,30810564418,1059816,0,0,1555,0,0.000000,16384,1426,59816,4,1.000000,0.000000
28844,30811625750,1061332,0,0,1553,0,0.000000,16384,1341,61332,4,1.000000,0.000000
28845,30812673314,1047564,0,0,1535,0,0.000000,16384,1411,47564,4,1.000000,0.000000
28846,30813731162,1057848,0,0,1548,0,0.000000,16384,1336,57848,4,1.000000,0.000000
28847,30814798940,1067778,0,0,1433,0,0.000000,16384,1309,67778,4,1.000000,0.000000
28848,30815862955,1064015,0,0,1325,0,0.000000,16384,1179,64015,4,1.000000,0.000000
28849,30816928251,1065296,0,0,1510,0,0.000000,16384,1324,65296,4,1.000000,0.000000
28850,30817990388,1062137,0,0,1547,0,0.000000,16384,1401,62137,4,1.000000,0.000000
28851,30819076581,1086193,0,0,1589,0,0.000000,16384,1399,86193,4,1.000000,0.000000
28852,30820141726,1065145,0,0,1491,0,0.000000,16384,1347,65145,4,1.000000,0.000000
28853,30821203358,1061632,0,0,1552,0,0.000000,16384,1360,61632,4,1.000000,0.000000
28854,30822267584,1064226,0,0,1483,0,0.000000,16384,1349,64226,4,1.000000,0.000000
28855,30823332281,1064697,0,0,1521,0,0.000000,16384,1319,64697,4,1.000000,0.000000
28856,30824400794,1068513,0,0,1536,0,0.000000,16384,1407,68513,4,1.000000,0.000000
28857,30825466286,1065492,0,0,1548,0,0.000000,16384,1341,65492,4,1.000000,0.000000
28858,30826526759,1060473,0,0,1560,0,0.000000,16384,1426,60473,4,1.000000,0.000000
28859,30827589474,1062715,0,0,1550,0,0.000000,16384,1348,62715,4,1.000000,0.000000
28860,30828650193,1060719,0,0,1559,0,0.000000,16384,1420,60719,4,1.000000,0.000000
28861,30829742241,1092048,0,0,1412,0,0.000000,16384,1223,92048,4,1.000000,0.000000
28862,30832683729,2941488,0,0,4028,0,0.000000,16384,3597,1941488,4,1.000000,0.000000
28863,30833752066,1068337,0,0,1563,0,0.000000,16384,1422,68337,4,1.000000,0.000000
28864,30834814355,1062289,0,0,1566,0,0.000000,16384,1362,62289,4,1.000000,0.000000
28865,30835886587,1072232,0,0,1510,0,0.000000,16384,1378,72232,4,1.000000,0.000000
28866,30836949849,1063262,0,0,1553,0,0.000000,16384,1353,63262,4,1.000000,0.000000
28867,30838014893,1065044,0,0,1522,0,0.000000,16384,1386,65044,4,1.000000,0.000000
28868,30839081302,1066409,0,0,1454,0,0.000000,16384,1276,66409,4,1.000000,0.000000
28869,30840144107,1062805,0,0,1561,0,0.000000,16384,1403,62805,4,1.000000,0.000000
28870,30841202859,1058752,0,0,1558,0,0.000000,16384,1373,58752,4,1.000000,0.000000
28871,30842298214,1095355,0,0,1606,0,0.000000,16384,1455,95355,4,1.000000,0.000000
28872,30843355908,1057694,0,0,1388,0,0.000000,16384,1221,57694,4,1.000000,0.000000
28873,30844416514,1060606,0,0,1552,0,0.000000,16384,1383,60606,4,1.000000,0.000000
28874,30845476378,1059864,0,0,1555,0,0.000000,16384,1383,59864,4,1.000000,0.000000
28875,30846542935,1066557,0,0,1457,0,0.000000,16384,1297,66557,4,1.000000,0.000000
28876,30847609005,1066070,0,0,1528,0,0.000000,16384,1372,66070,4,1.000000,0.000000
28877,30848672158,1063153,0,0,1558,0,0.000000,16384,1378,63153,4,1.000000,0.000000
28878,30849731639,1059481,0,0,1548,0,0.000000,16384,1388,59481,4,1.000000,0.000000
28879,30850794357,1062718,0,0,1562,0,0.000000,16384,1386,62718,4,1.000000,0.000000
28880,30851860029,1065672,0,0,1502,0,0.000000,16384,1346,65672,4,1.000000,0.000000
28881,30852950919,1090890,0,0,1468,0,0.000000,16384,1288,90890,4,1.000000,0.000000
28882,30854015234,1064315,0,0,1567,0,0.000000,16384,1421,64315,4,1.000000,0.000000
28883,30855075383,1060149,0,0,1555,0,0.000000,16384,1365,60149,4,1.000000,0.000000
28884,30856135733,1060350,0,0,1397,0,0.000000,16384,1277,60350,4,1.000000,0.000000
28885,30857204163,1068430,0,0,1559,0,0.000000,16384,1343,68430,4,1.000000,0.000000
28886,30858264070,1059907,0,0,1556,0,0.000000,16384,1430,59907,4,1.000000,0.000000
28887,30859324465,1060395,0,0,1557,0,0.000000,16384,1347,60395,4,1.000000,0.000000
28888,30860385246,1060781,0,0,1553,0,0.000000,16384,1422,60781,4,1.000000,0.000000
28889,30861443771,1058525,0,0,1553,0,0.000000,16384,1348,58525,4,1.000000,0.000000
28890,30862505695,1061924,0,0,1517,0,0.000000,16384,1388,61924,4,1.000000,0.000000
28891,30863591465,1085770,0,0,1566,0,0.000000,16384,1359,85770,4,1.000000,0.000000
28892,30864656152,1064687,0,0,1523,0,0.000000,16384,1393,64687,4,1.000000,0.000000
28893,30865684438,1028286,0,0,1452,0,0.000000,16384,1256,28286,4,1.000000,0.000000
28894,30866746687,1062249,0,0,1562,0,0.000000,16384,1436,62249,4,1.000000,0.000000
28895,30867808056,1061369,0,0,1541,0,0.000000,16384,1327,61369,4,1.000000,0.000000
28896,30868868146,1060090,0,0,1547,0,0.000000,16384,1425,60090,4,1.000000,0.000000
28897,30869930203,1062057,0,0,1399,0,0.000000,16384,1212,62057,4,1.000000,0.000000
28898,30870992265,1062062,0,0,1549,0,0.000000,16384,1400,62062,4,1.000000,0.000000
28899,30872053317,1061052,0,0,1560,0,0.000000,16384,1368,61052,4,1.000000,0.000000
28900,30873112608,1059291,0,0,1553,0,0.000000,16384,1409,59291,4,1.000000,0.000000
28901,30874193899,1081291,0,0,1588,0,0.000000,16384,1385,81291,4,1.000000,0.000000
28902,30875250990,1057091,0,0,1553,0,0.000000,16384,1420,57091,4,1.000000,0.000000
28903,30876308951,1057961,0,0,1540,0,0.000000,16384,1335,57961,4,1.000000,0.000000
28904,30877367140,1058189,0,0,1551,0,0.000000,16384,1420,58189,4,1.000000,0.000000
28905,30878428415,1061275,0,0,1533,0,0.000000,16384,1328,61275,4,1.000000,0.000000
28906,30879490664,1062249,0,0,1543,0,0.000000,16384,1412,62249,4,1.000000,0.000000
28907,30880550202,1059538,0,0,1559,0,0.000000,16384,1351,59538,4,1.000000,0.000000
28908,30881608296,1058094,0,0,1560,0,0.000000,16384,1431,58094,4,1.000000,0.000000
28909,30882669616,1061320,0,0,1555,0,0.000000,16384,1341,61320,4,1.000000,0.000000
28910,30883757552,1087936,0,0,1701,0,0.000000,16384,1548,87936,4,1.000000,0.000000
28911,30884841226,1083674,0,0,1657,0,0.000000,16384,1467,83674,4,1.000000,0.000000
28912,30885909596,1068370,0,0,1564,0,0.000000,16384,1391,68370,4,1.000000,0.000000
28913,30886975650,1066054,0,0,1546,0,0.000000,16384,1380,66054,4,1.000000,0.000000
28914,30888035223,1059573,0,0,1590,0,0.000000,16384,1410,59573,4,1.000000,0.000000
28915,30889093573,1058350,0,0,1621,0,0.000000,16384,1466,58350,4,1.000000,0.000000
28916,30890154041,1060468,0,0,1578,0,0.000000,16384,1374,60468,4,1.000000,0.000000
28917,30891219974,1065933,0,0,1614,0,0.000000,16384,1478,65933,4,1.000000,0.000000
28918,30892286733,1066759,0,0,1514,0,0.000000,16384,1305,66759,4,1.000000,0.000000
28919,30893350910,1064177,0,0,1561,0,0.000000,16384,1438,64177,4,1.000000,0.000000
28920,30894414037,1063127,0,0,1535,0,0.000000,16384,1319,63127,4,1.000000,0.000000
28921,30895512702,1098665,0,0,1584,0,0.000000,16384,1455,98665,4,1.000000,0.000000
28922,30896572062,1059360,0,0,1401,0,0.000000,16384,1214,59360,4,1.000000,0.000000
28923,30897631642,1059580,0,0,1552,0,0.000000,16384,1412,59580,4,1.000000,0.000000
28924,30898674557,1042915,0,0,1530,0,0.000000,16384,1335,42915,4,1.000000,0.000000
28925,30899733099,1058542,0,0,1665,0,0.000000,16384,1519,58542,4,1.000000,0.000000
28926,30900790788,1057689,0,0,1613,0,0.000000,16384,1398,57689,4,1.000000,0.000000
28927,30901856465,1065677,0,0,1534,0,0.000000,16384,1400,65677,4,1.000000,0.000000
28928,30902937238,1080773,0,0,1540,0,0.000000,16384,1338,80773,4,1.000000,0.000000
28929,30904005216,1067978,0,0,1476,0,0.000000,16384,1355,67978,4,1.000000,0.000000
28930,30905075900,1070684,0,0,1404,0,0.000000,16384,1218,70684,4,1.000000,0.000000
28931,30906170530,1094630,0,0,1482,0,0.000000,16384,1337,94630,4,1.000000,0.000000
28932,30907234027,1063497,0,0,1512,0,0.000000,16384,1339,63497,4,1.000000,0.000000
28933,30908303259,1069232,0,0,1471,0,0.000000,16384,1312,69232,4,1.000000,0.000000
28934,30909681766,1378507,0,0,1659,0,0.000000,16384,1472,378507,4,1.000000,0.000000
28935,30910860295,1178529,0,0,1551,0,0.000000,16384,1398,178529,4,1.000000,0.000000
28936,30911936895,1076600,0,0,1400,0,0.000000,16384,1244,76600,4,1.000000,0.000000
28937,30913012371,1075476,0,0,1392,0,0.000000,16384,1216,75476,4,1.000000,0.000000
28938,30914083871,1071500,0,0,1403,0,0.000000,16384,1287,71500,4,1.000000,0.000000
28939,30915157621,1073750,0,0,1524,0,0.000000,16384,1327,73750,4,1.000000,0.000000
28940,30916225561,1067940,0,0,1467,0,0.000000,16384,1328,67940,4,1.000000,0.000000
28941,30917318844,1093283,0,0,1482,0,0.000000,16384,1312,93283,4,1.000000,0.000000
28942,30918484614,1165770,0,0,1550,0,0.000000,16384,1384,165770,4,1.000000,0.000000
28943,30919560350,1075736,0,0,1379,0,0.000000,16384,1240,75736,4,1.000000,0.000000
28944,30920656022,1095672,0,0,1438,0,0.000000,16384,1245,95672,4,1.000000,0.000000
28945,30921688073,1032051,0,0,1336,0,0.000000,16384,1220,32051,4,1.000000,0.000000
28946,30922761734,1073661,0,0,1443,0,0.000000,16384,1283,73661,4,1.000000,0.000000
28947,30923840093,1078359,0,0,1432,0,0.000000,16384,1260,78359,4,1.000000,0.000000
28948,30925378260,1538167,0,0,1997,0,0.000000,16384,1773,538167,4,1.000000,0.000000
28949,30926503994,1125734,0,0,1441,0,0.000000,16384,1324,125734,4,1.000000,0.000000
28950,30927708653,1204659,0,0,1514,0,0.000000,16384,1311,204659,4,1.000000,0.000000
28951,30930007748,2299095,0,0,2890,0,0.000000,16384,2592,1299095,4,1.000000,0.000000
28952,30931079302,1071554,0,0,1414,0,0.000000,16384,1248,71554,4,1.000000,0.000000
28953,30932153111,1073809,0,0,1389,0,0.000000,16384,1273,73809,4,1.000000,0.000000
28954,30933306259,1153148,0,0,1496,0,0.000000,16384,1294,153148,4,1.000000,0.000000
28955,30934377068,1070809,0,0,1451,0,0.000000,16384,1317,70809,4,1.000000,0.000000
28956,30935442409,1065341,0,0,1457,0,0.000000,16384,1290,65341,4,1.000000,0.000000
28957,30936650008,1207599,0,0,1375,0,0.000000,16384,1210,207599,4,1.000000,0.000000
28958,30937692525,1042517,0,0,1428,0,0.000000,16384,1312,42517,4,1.000000,0.000000
28959,30938762273,1069748,0,0,1450,0,0.000000,16384,1255,69748,4,1.000000,0.000000
28960,30939829899,1067626,0,0,1432,0,0.000000,16384,1291,67626,4,1.000000,0.000000
28961,30940926344,1096445,0,0,1430,0,0.000000,16384,1279,96445,4,1.000000,0.000000
28962,30941994831,1068487,0,0,1432,0,0.000000,16384,1251,68487,4,1.000000,0.000000
28963,30943064828,1069997,0,0,1448,0,0.000000,16384,1332,69997,4,1.000000,0.000000
28964,30944140621,1075793,0,0,1380,0,0.000000,16384,1200,75793,4,1.000000,0.000000
28965,30945410288,1269667,0,0,1655,0,0.000000,16384,1499,269667,4,1.000000,0.000000
28966,30946486029,1075741,0,0,1439,0,0.000000,16384,1257,75741,4,1.000000,0.000000
28967,30947563526,1077497,0,0,1427,0,0.000000,16384,1277,77497,4,1.000000,0.000000
28968,30949271922,1708396,0,0,2076,0,0.000000,16384,1852,708396,4,1.000000,0.000000
28969,30950349039,1077117,0,0,1415,0,0.000000,16384,1273,77117,4,1.000000,0.000000
28970,30951426372,1077333,0,0,1422,0,0.000000,16384,1230,77333,4,1.000000,0.000000
28971,30952534442,1108070,0,0,1509,0,0.000000,16384,1391,108070,4,1.000000,0.000000
28972,30953606446,1072004,0,0,1434,0,0.000000,16384,1245,72004,4,1.000000,0.000000
28973,30954680836,1074390,0,0,1493,0,0.000000,16384,1346,74390,4,1.000000,0.000000
28974,30955747791,1066955,0,0,1445,0,0.000000,16384,1286,66955,4,1.000000,0.000000
28975,30956814814,1067023,0,0,1464,0,0.000000,16384,1291,67023,4,1.000000,0.000000
28976,30958499818,1685004,0,0,2320,0,0.000000,16384,2092,685004,4,1.000000,0.000000
28977,30959565551,1065733,0,0,1520,0,0.000000,16384,1327,65733,4,1.000000,0.000000
28978,30960627436,1061885,0,0,1512,0,0.000000,16384,1369,61885,4,1.000000,0.000000
28979,30961673860,1046424,0,0,1595,0,0.000000,16384,1398,46424,4,1.000000,0.000000
28980,30962734529,1060669,0,0,1404,0,0.000000,16384,1264,60669,4,1.000000,0.000000
28981,30963949586,1215057,0,0,1822,0,0.000000,16384,1603,215057,4,1.000000,0.000000
28982,30965015081,1065495,0,0,1515,0,0.000000,16384,1393,65495,4,1.000000,0.000000
28983,30966077527,1062446,0,0,1618,0,0.000000,16384,1404,62446,4,1.000000,0.000000
28984,30967138097,1060570,0,0,1620,0,0.000000,16384,1467,60570,4,1.000000,0.000000
28985,30968198854,1060757,0,0,1564,0,0.000000,16384,1381,60757,4,1.000000,0.000000
28986,30969257897,1059043,0,0,1551,0,0.000000,16384,1393,59043,4,1.000000,0.000000
28987,30970317996,1060099,0,0,1620,0,0.000000,16384,1438,60099,4,1.000000,0.000000
28988,30971595967,1277971,0,0,1871,0,0.000000,16384,1651,277971,4,1.000000,0.000000
28989,30972664032,1068065,0,0,1472,0,0.000000,16384,1349,68065,4,1.000000,0.000000
28990,30973717860,1053828,0,0,1721,0,0.000000,16384,1507,53828,4,1.000000,0.000000
28991,30974815242,1097382,0,0,1760,0,0.000000,16384,1559,97382,4,1.000000,0.000000
28992,30975878833,1063591,0,0,1338,0,0.000000,16384,1204,63591,4,1.000000,0.000000
28993,30976941532,1062699,0,0,1583,0,0.000000,16384,1414,62699,4,1.000000,0.000000
28994,30978004123,1062591,0,0,1570,0,0.000000,16384,1399,62591,4,1.000000,0.000000
28995,30979065034,1060911,0,0,1602,0,0.000000,16384,1419,60911,4,1.000000,0.000000
28996,30980130039,1065005,0,0,1527,0,0.000000,16384,1374,65005,4,1.000000,0.000000
28997,30981193517,1063478,0,0,1476,0,0.000000,16384,1256,63478,4,1.000000,0.000000
28998,30982261259,1067742,0,0,1404,0,0.000000,16384,1263,67742,4,1.000000,0.000000
28999,30983331449,1070190,0,0,1485,0,0.000000,16384,1291,70190,4,1.000000,0.000000
29000,30984985191,1653742,0,0,2328,0,0.000000,16384,2100,653742,4,1.000000,0.000000
29001,30986068225,1083034,0,0,1645,0,0.000000,16384,1444,83034,4,1.000000,0.000000
29002,30987129448,1061223,0,0,1596,0,0.000000,16384,1461,61223,4,1.000000,0.000000
29003,30988189853,1060405,0,0,1549,0,0.000000,16384,1335,60405,4,1.000000,0.000000
29004,30989251309,1061456,0,0,1424,0,0.000000,16384,1302,61456,4,1.000000,0.000000
29005,30990317795,1066486,0,0,1586,0,0.000000,16384,1387,66486,4,1.000000,0.000000
29006,30991382868,1065073,0,0,1574,0,0.000000,16384,1436,65073,4,1.000000,0.000000
29007,30992447346,1064478,0,0,1493,0,0.000000,16384,1299,64478,4,1.000000,0.000000
29008,30993511885,1064539,0,0,1464,0,0.000000,16384,1323,64539,4,1.000000,0.000000
29009,30994574910,1063025,0,0,1516,0,0.000000,16384,1341,63025,4,1.000000,0.000000
29010,30995634599,1059689,0,0,1547,0,0.000000,16384,1386,59689,4,1.000000,0.000000
29011,30996728719,1094120,0,0,1565,0,0.000000,16384,1385,94120,4,1.000000,0.000000
29012,30997847177,1118458,0,0,1644,0,0.000000,16384,1488,118458,4,1.000000,0.000000
29013,30998912558,1065381,0,0,1521,0,0.000000,16384,1325,65381,4,1.000000,0.000000
29014,30999982818,1070260,0,0,1564,0,0.000000,16384,1424,70260,4,1.000000,0.000000
29015,31001042773,1059955,0,0,1562,0,0.000000,16384,1357,59955,4,1.000000,0.000000
29016,31002100732,1057959,0,0,1550,0,0.000000,16384,1419,57959,4,1.000000,0.000000
29017,31003159689,1058957,0,0,1413,0,0.000000,16384,1232,58957,4,1.000000,0.000000
29018,31004219178,1059489,0,0,1536,0,0.000000,16384,1381,59489,4,1.000000,0.000000
29019,31005279412,1060234,0,0,1546,0,0.000000,16384,1366,60234,4,1.000000,0.000000
29020,31006338219,1058807,0,0,1558,0,0.000000,16384,1402,58807,4,1.000000,0.000000
29021,31007422286,1084067,0,0,1588,0,0.000000,16384,1395,84067,4,1.000000,0.000000
29022,31008481468,1059182,0,0,1555,0,0.000000,16384,1411,59182,4,1.000000,0.000000
29023,31009540834,1059366,0,0,1559,0,0.000000,16384,1361,59366,4,1.000000,0.000000
29024,31010598865,1058031,0,0,1559,0,0.000000,16384,1422,58031,4,1.000000,0.000000
29025,31011657724,1058859,0,0,1613,0,0.000000,16384,1396,58859,4,1.000000,0.000000
29026,31012676027,1018303,0,0,1448,0,0.000000,16384,1328,18303,4,1.000000,0.000000
29027,31013761869,1085842,0,0,1595,0,0.000000,16384,1388,85842,4,1.000000,0.000000
29028,31014819021,1057152,0,0,1428,0,0.000000,16384,1300,57152,4,1.000000,0.000000
29029,31015877674,1058653,0,0,1432,0,0.000000,16384,1269,58653,4,1.000000,0.000000
29030,31016935850,1058176,0,0,1554,0,0.000000,16384,1384,58176,4,1.000000,0.000000
29031,31018010613,1074763,0,0,1519,0,0.000000,16384,1355,74763,4,1.000000,0.000000
29032,31019073245,1062632,0,0,1555,0,0.000000,16384,1384,62632,4,1.000000,0.000000
29033,31020132317,1059072,0,0,1551,0,0.000000,16384,1382,59072,4,1.000000,0.000000
29034,31021189005,1056688,0,0,1602,0,0.000000,16384,1431,56688,4,1.000000,0.000000
29035,31022247072,1058067,0,0,1606,0,0.000000,16384,1416,58067,4,1.000000,0.000000
29036,31023304970,1057898,0,0,1604,0,0.000000,16384,1457,57898,4,1.000000,0.000000
29037,31024364448,1059478,0,0,1654,0,0.000000,16384,1435,59478,4,1.000000,0.000000
29038,31025423302,1058854,0,0,1544,0,0.000000,16384,1417,58854,4,1.000000,0.000000
29039,31026481835,1058533,0,0,1631,0,0.000000,16384,1422,58533,4,1.000000,0.000000
29040,31027538067,1056232,0,0,1657,0,0.000000,16384,1490,56232,4,1.000000,0.000000
29041,31028614597,1076530,0,0,1610,0,0.000000,16384,1437,76530,4,1.000000,0.000000
29042,31029674825,1060228,0,0,1494,0,0.000000,16384,1327,60228,4,1.000000,0.000000
29043,31030739891,1065066,0,0,1644,0,0.000000,16384,1474,65066,4,1.000000,0.000000
29044,31031798002,1058111,0,0,1656,0,0.000000,16384,1446,58111,4,1.000000,0.000000
29045,31032859407,1061405,0,0,1534,0,0.000000,16384,1409,61405,4,1.000000,0.000000
29046,31033918524,1059117,0,0,1559,0,0.000000,16384,1347,59117,4,1.000000,0.000000
29047,31034976646,1058122,0,0,1556,0,0.000000,16384,1432,58122,4,1.000000,0.000000
29048,31036034108,1057462,0,0,1593,0,0.000000,16384,1373,57462,4,1.000000,0.000000
29049,31037092460,1058352,0,0,1660,0,0.000000,16384,1510,58352,4,1.000000,0.000000
29050,31038152313,1059853,0,0,1575,0,0.000000,16384,1389,59853,4,1.000000,0.000000
29051,31039225838,1073525,0,0,1630,0,0.000000,16384,1456,73525,4,1.000000,0.000000
29052,31040282356,1056518,0,0,1659,0,0.000000,16384,1492,56518,4,1.000000,0.000000
29053,31041339528,1057172,0,0,1658,0,0.000000,16384,1441,57172,4,1.000000,0.000000
29054,31042397418,1057890,0,0,1551,0,0.000000,16384,1429,57890,4,1.000000,0.000000
29055,31043455763,1058345,0,0,1650,0,0.000000,16384,1434,58345,4,1.000000,0.000000
29056,31044526248,1070485,0,0,1552,0,0.000000,16384,1408,70485,4,1.000000,0.000000
29057,31045600223,1073975,0,0,1445,0,0.000000,16384,1253,73975,4,1.000000,0.000000
29058,31046662342,1062119,0,0,1521,0,0.000000,16384,1401,62119,4,1.000000,0.000000
29059,31047673597,1011255,0,0,1575,0,0.000000,16384,1359,11255,4,1.000000,0.000000
29060,31048734273,1060676,0,0,1660,0,0.000000,16384,1509,60676,4,1.000000,0.000000
29061,31049810091,1075818,0,0,1686,0,0.000000,16384,1497,75818,4,1.000000,0.000000
29062,31050868389,1058298,0,0,1664,0,0.000000,16384,1465,58298,4,1.000000,0.000000
29063,31051925886,1057497,0,0,1586,0,0.000000,16384,1449,57497,4,1.000000,0.000000
29064,31052985045,1059159,0,0,1558,0,0.000000,16384,1346,59159,4,1.000000,0.000000
29065,31054044396,1059351,0,0,1666,0,0.000000,16384,1521,59351,4,1.000000,0.000000
29066,31055102653,1058257,0,0,1516,0,0.000000,16384,1317,58257,4,1.000000,0.000000
29067,31056160712,1058059,0,0,1508,0,0.000000,16384,1383,58059,4,1.000000,0.000000
29068,31057218209,1057497,0,0,1656,0,0.000000,16384,1445,57497,4,1.000000,0.000000
29069,31058275870,1057661,0,0,1612,0,0.000000,16384,1450,57661,4,1.000000,0.000000
29070,31059333504,1057634,0,0,1652,0,0.000000,16384,1474,57634,4,1.000000,0.000000
29071,31060416897,1083393,0,0,1609,0,0.000000,16384,1415,83393,4,1.000000,0.000000
29072,31061475743,1058846,0,0,1634,0,0.000000,16384,1492,58846,4,1.000000,0.000000
29073,31062533870,1058127,0,0,1655,0,0.000000,16384,1435,58127,4,1.000000,0.000000
29074,31063592094,1058224,0,0,1661,0,0.000000,16384,1501,58224,4,1.000000,0.000000
29075,31064651514,1059420,0,0,1641,0,0.000000,16384,1461,59420,4,1.000000,0.000000
29076,31065671189,1019675,0,0,1574,0,0.000000,16384,1392,19675,4,1.000000,0.000000
29077,31066728719,1057530,0,0,1667,0,0.000000,16384,1513,57530,4,1.000000,0.000000
29078,31067785819,1057100,0,0,1526,0,0.000000,16384,1322,57100,4,1.000000,0.000000
29079,31068843319,1057500,0,0,1659,0,0.000000,16384,1515,57500,4,1.000000,0.000000
29080,31069901194,1057875,0,0,1549,0,0.000000,16384,1341,57875,4,1.000000,0.000000
29081,31070967748,1066554,0,0,1648,0,0.000000,16384,1497,66554,4,1.000000,0.000000
29082,31072025266,1057518,0,0,1655,0,0.000000,16384,1466,57518,4,1.000000,0.000000
29083,31073087005,1061739,0,0,1527,0,0.000000,16384,1361,61739,4,1.000000,0.000000
29084,31074147282,1060277,0,0,1557,0,0.000000,16384,1387,60277,4,1.000000,0.000000
29085,31075205970,1058688,0,0,1555,0,0.000000,16384,1383,58688,4,1.000000,0.000000
29086,31076268021,1062051,0,0,1552,0,0.000000,16384,1388,62051,4,1.000000,0.000000
29087,31077415037,1147016,0,0,1654,0,0.000000,16384,1458,147016,4,1.000000,0.000000
29088,31078479809,1064772,0,0,1505,0,0.000000,16384,1365,64772,4,1.000000,0.000000
29089,31079540678,1060869,0,0,1556,0,0.000000,16384,1364,60869,4,1.000000,0.000000
29090,31080599965,1059287,0,0,1653,0,0.000000,16384,1509,59287,4,1.000000,0.000000
29091,31081672451,1072486,0,0,1672,0,0.000000,16384,1452,72486,4,1.000000,0.000000
29092,31082730078,1057627,0,0,1442,0,0.000000,16384,1321,57627,4,1.000000,0.000000
29093,31083787343,1057265,0,0,1657,0,0.000000,16384,1442,57265,4,1.000000,0.000000
29094,31084844829,1057486,0,0,1570,0,0.000000,16384,1420,57486,4,1.000000,0.000000
29095,31085902974,1058145,0,0,1658,0,0.000000,16384,1468,58145,4,1.000000,0.000000
29096,31086961224,1058250,0,0,1636,0,0.000000,16384,1448,58250,4,1.000000,0.000000
29097,31088019403,1058179,0,0,1555,0,0.000000,16384,1407,58179,4,1.000000,0.000000
29098,31089076735,1057332,0,0,1588,0,0.000000,16384,1388,57332,4,1.000000,0.000000
29099,31090133191,1056456,0,0,1658,0,0.000000,16384,1514,56456,4,1.000000,0.000000
29100,31091190096,1056905,0,0,1636,0,0.000000,16384,1424,56905,4,1.000000,0.000000
29101,31092260356,1070260,0,0,1552,0,0.000000,16384,1407,70260,4,1.000000,0.000000
29102,31093321168,1060812,0,0,1552,0,0.000000,16384,1361,60812,4,1.000000,0.000000
29103,31094380027,1058859,0,0,1558,0,0.000000,16384,1408,58859,4,1.000000,0.000000
29104,31095438914,1058887,0,0,1561,0,0.000000,16384,1375,58887,4,1.000000,0.000000
29105,31096497124,1058210,0,0,1437,0,0.000000,16384,1304,58210,4,1.000000,0.000000
29106,31097555137,1058013,0,0,1544,0,0.000000,16384,1341,58013,4,1.000000,0.000000
29107,31098613896,1058759,0,0,1646,0,0.000000,16384,1492,58759,4,1.000000,0.000000
29108,31099675707,1061811,0,0,1653,0,0.000000,16384,1467,61811,4,1.000000,0.000000
29109,31100734123,1058416,0,0,1654,0,0.000000,16384,1459,58416,4,1.000000,0.000000
29110,31101794738,1060615,0,0,1666,0,0.000000,16384,1520,60615,4,1.000000,0.000000
29111,31102862739,1068001,0,0,1673,0,0.000000,16384,1458,68001,4,1.000000,0.000000
29112,31103919027,1056288,0,0,1649,0,0.000000,16384,1481,56288,4,1.000000,0.000000
29113,31104979618,1060591,0,0,1535,0,0.000000,16384,1367,60591,4,1.000000,0.000000
29114,31106039893,1060275,0,0,1558,0,0.000000,16384,1388,60275,4,1.000000,0.000000
29115,31107097981,1058088,0,0,1553,0,0.000000,16384,1383,58088,4,1.000000,0.000000
29116,31108159421,1061440,0,0,1532,0,0.000000,16384,1366,61440,4,1.000000,0.000000
29117,31109219281,1059860,0,0,1440,0,0.000000,16384,1274,59860,4,1.000000,0.000000
29118,31110276198,1056917,0,0,1613,0,0.000000,16384,1448,56917,4,1.000000,0.000000
29119,31111335869,1059671,0,0,1719,0,0.000000,16384,1544,59671,4,1.000000,0.000000
29120,31112398501,1062632,0,0,1759,0,0.000000,16384,1539,62632,4,1.000000,0.000000
29121,31113493777,1095276,0,0,1598,0,0.000000,16384,1447,95276,4,1.000000,0.000000
29122,31114553591,1059814,0,0,1646,0,0.000000,16384,1457,59814,4,1.000000,0.000000
29123,31115611640,1058049,0,0,1664,0,0.000000,16384,1472,58049,4,1.000000,0.000000
29124,31116704754,1093114,0,0,1846,0,0.000000,16384,1664,93114,4,1.000000,0.000000
29125,31117766442,1061688,0,0,1551,0,0.000000,16384,1369,61688,4,1.000000,0.000000
29126,31118830209,1063767,0,0,1473,0,0.000000,16384,1331,63767,4,1.000000,0.000000
29127,31119891784,1061575,0,0,1559,0,0.000000,16384,1365,61575,4,1.000000,0.000000
29128,31120951015,1059231,0,0,1560,0,0.000000,16384,1411,59231,4,1.000000,0.000000
29129,31122009144,1058129,0,0,1587,0,0.000000,16384,1399,58129,4,1.000000,0.000000
29130,31123070470,1061326,0,0,1490,0,0.000000,16384,1343,61326,4,1.000000,0.000000
29131,31124152813,1082343,0,0,1607,0,0.000000,16384,1419,82343,4,1.000000,0.000000
29132,31125213715,1060902,0,0,1604,0,0.000000,16384,1431,60902,4,1.000000,0.000000
29133,31126276953,1063238,0,0,1602,0,0.000000,16384,1435,63238,4,1.000000,0.000000
29134,31127340468,1063515,0,0,1631,0,0.000000,16384,1431,63515,4,1.000000,0.000000
29135,31128398959,1058491,0,0,1663,0,0.000000,16384,1518,58491,4,1.000000,0.000000
29136,31129458183,1059224,0,0,1639,0,0.000000,16384,1428,59224,4,1.000000,0.000000
29137,31130517082,1058899,0,0,1667,0,0.000000,16384,1498,58899,4,1.000000,0.000000
29138,31131576279,1059197,0,0,1550,0,0.000000,16384,1381,59197,4,1.000000,0.000000
29139,31132640116,1063837,0,0,1584,0,0.000000,16384,1407,63837,4,1.000000,0.000000
29140,31133672485,1032369,0,0,1616,0,0.000000,16384,1455,32369,4,1.000000,0.000000
29141,31134760317,1087832,0,0,1710,0,0.000000,16384,1490,87832,4,1.000000,0.000000
29142,31135817653,1057336,0,0,1643,0,0.000000,16384,1498,57336,4,1.000000,0.000000
29143,31136876915,1059262,0,0,1636,0,0.000000,16384,1445,59262,4,1.000000,0.000000
29144,31137934901,1057986,0,0,1695,0,0.000000,16384,1501,57986,4,1.000000,0.000000
29145,31138994070,1059169,0,0,1819,0,0.000000,16384,1642,59169,4,1.000000,0.000000
29146,31140053731,1059661,0,0,1735,0,0.000000,16384,1542,59661,4,1.000000,0.000000
29147,31141112319,1058588,0,0,1789,0,0.000000,16384,1569,58588,4,1.000000,0.000000
29148,31142168235,1055916,0,0,1814,0,0.000000,16384,1628,55916,4,1.000000,0.000000
29149,31143224786,1056551,0,0,1815,0,0.000000,16384,1638,56551,4,1.000000,0.000000
29150,31144282922,1058136,0,0,1699,0,0.000000,16384,1500,58136,4,1.000000,0.000000
29151,31145354286,1071364,0,0,1634,0,0.000000,16384,1448,71364,4,1.000000,0.000000
29152,31146414040,1059754,0,0,1653,0,0.000000,16384,1501,59754,4,1.000000,0.000000
29153,31147472365,1058325,0,0,1618,0,0.000000,16384,1398,58325,4,1.000000,0.000000
29154,31148529292,1056927,0,0,1641,0,0.000000,16384,1499,56927,4,1.000000,0.000000
29155,31149588908,1059616,0,0,1479,0,0.000000,16384,1285,59616,4,1.000000,0.000000
29156,31150763709,1174801,0,0,1613,0,0.000000,16384,1469,174801,4,1.000000,0.000000
29157,31151839808,1076099,0,0,1420,0,0.000000,16384,1228,76099,4,1.000000,0.000000
29158,31152911956,1072148,0,0,1412,0,0.000000,16384,1296,72148,4,1.000000,0.000000
29159,31154050232,1138276,0,0,1534,0,0.000000,16384,1343,138276,4,1.000000,0.000000
29160,31155121681,1071449,0,0,1416,0,0.000000,16384,1273,71449,4,1.000000,0.000000
29161,31156911380,1789699,0,0,2301,0,0.000000,16384,2075,789699,4,1.000000,0.000000
29162,31157988640,1077260,0,0,1423,0,0.000000,16384,1232,77260,4,1.000000,0.000000
29163,31159060796,1072156,0,0,1442,0,0.000000,16384,1297,72156,4,1.000000,0.000000
29164,31160128142,1067346,0,0,1471,0,0.000000,16384,1314,67346,4,1.000000,0.000000
29165,31161189956,1061814,0,0,1549,0,0.000000,16384,1374,61814,4,1.000000,0.000000
29166,31162247339,1057383,0,0,1600,0,0.000000,16384,1426,57383,4,1.000000,0.000000
29167,31163309465,1062126,0,0,1569,0,0.000000,16384,1403,62126,4,1.000000,0.000000
29168,31164369585,1060120,0,0,1710,0,0.000000,16384,1501,60120,4,1.000000,0.000000
29169,31165427660,1058075,0,0,1656,0,0.000000,16384,1512,58075,4,1.000000,0.000000
29170,31166484906,1057246,0,0,1771,0,0.000000,16384,1564,57246,4,1.000000,0.000000
29171,31167580062,1095156,0,0,1879,0,0.000000,16384,1659,95156,4,1.000000,0.000000
29172,31168636515,1056453,0,0,1814,0,0.000000,16384,1617,56453,4,1.000000,0.000000
29173,31169671219,1034704,0,0,1763,0,0.000000,16384,1597,34704,4,1.000000,0.000000
29174,31170728803,1057584,0,0,1806,0,0.000000,16384,1605,57584,4,1.000000,0.000000
29175,31171787916,1059113,0,0,1610,0,0.000000,16384,1408,59113,4,1.000000,0.000000
29176,31172852676,1064760,0,0,1638,0,0.000000,16384,1498,64760,4,1.000000,0.000000
29177,31173919316,1066640,0,0,1613,0,0.000000,16384,1399,66640,4,1.000000,0.000000
29178,31174979733,1060417,0,0,1585,0,0.000000,16384,1441,60417,4,1.000000,0.000000
29179,31176043643,1063910,0,0,1598,0,0.000000,16384,1406,63910,4,1.000000,0.000000
29180,31177108189,1064546,0,0,1572,0,0.000000,16384,1410,64546,4,1.000000,0.000000
29181,31178183858,1075669,0,0,1622,0,0.000000,16384,1444,75669,4,1.000000,0.000000
29182,31179243905,1060047,0,0,1663,0,0.000000,16384,1465,60047,4,1.000000,0.000000
29183,31180302125,1058220,0,0,1660,0,0.000000,16384,1515,58220,4,1.000000,0.000000
29184,31181358353,1056228,0,0,1658,0,0.000000,16384,1445,56228,4,1.000000,0.000000
29185,31182422702,1064349,0,0,1669,0,0.000000,16384,1498,64349,4,1.000000,0.000000
29186,31183484564,1061862,0,0,1770,0,0.000000,16384,1601,61862,4,1.000000,0.000000
29187,31184542980,1058416,0,0,1668,0,0.000000,16384,1448,58416,4,1.000000,0.000000
29188,31185603967,1060987,0,0,1623,0,0.000000,16384,1468,60987,4,1.000000,0.000000
29189,31186663335,1059368,0,0,1659,0,0.000000,16384,1474,59368,4,1.000000,0.000000
29190,31187762736,1099401,0,0,1857,0,0.000000,16384,1637,99401,4,1.000000,0.000000
29191,31188834993,1072257,0,0,1771,0,0.000000,16384,1586,72257,4,1.000000,0.000000
29192,31189892484,1057491,0,0,1602,0,0.000000,16384,1447,57491,4,1.000000,0.000000
29193,31190951193,1058709,0,0,1780,0,0.000000,16384,1560,58709,4,1.000000,0.000000
29194,31192008783,1057590,0,0,1818,0,0.000000,16384,1621,57590,4,1.000000,0.000000
29195,31193086006,1077223,0,0,1740,0,0.000000,16384,1579,77223,4,1.000000,0.000000
29196,31194145100,1059094,0,0,1713,0,0.000000,16384,1510,59094,4,1.000000,0.000000
29197,31195202548,1057448,0,0,1802,0,0.000000,16384,1583,57448,4,1.000000,0.000000
29198,31196259432,1056884,0,0,1812,0,0.000000,16384,1637,56884,4,1.000000,0.000000
29199,31197322348,1062916,0,0,1668,0,0.000000,16384,1499,62916,4,1.000000,0.000000
29200,31198683486,1361138,0,0,1745,0,0.000000,16384,1524,361138,4,1.000000,0.000000
29201,31199789264,1105778,0,0,1422,0,0.000000,16384,1307,105778,4,1.000000,0.000000
29202,31200924647,1135383,0,0,1461,0,0.000000,16384,1268,135383,4,1.000000,0.000000
29203,31201996830,1072183,0,0,1378,0,0.000000,16384,1239,72183,4,1.000000,0.000000
29204,31203069895,1073065,0,0,1181,0,0.000000,16384,1065,73065,4,1.000000,0.000000
29205,31204186072,1116177,0,0,1465,0,0.000000,16384,1290,116177,4,1.000000,0.000000
29206,31205258131,1072059,0,0,1411,0,0.000000,16384,1254,72059,4,1.000000,0.000000
29207,31206331708,1073577,0,0,1408,0,0.000000,16384,1282,73577,4,1.000000,0.000000
29208,31207407094,1075386,0,0,1406,0,0.000000,16384,1218,75386,4,1.000000,0.000000
29209,31208478421,1071327,0,0,1484,0,0.000000,16384,1346,71327,4,1.000000,0.000000
29210,31209543473,1065052,0,0,1603,0,0.000000,16384,1405,65052,4,1.000000,0.000000
29211,31210629744,1086271,0,0,1686,0,0.000000,16384,1536,86271,4,1.000000,0.000000
29212,31211695193,1065449,0,0,1598,0,0.000000,16384,1390,65449,4,1.000000,0.000000
29213,31212758666,1063473,0,0,1659,0,0.000000,16384,1496,63473,4,1.000000,0.000000
29214,31213819454,1060788,0,0,1556,0,0.000000,16384,1383,60788,4,1.000000,0.000000
29215,31214882796,1063342,0,0,1558,0,0.000000,16384,1389,63342,4,1.000000,0.000000
29216,31215942131,1059335,0,0,1496,0,0.000000,16384,1084,59335,4,1.000000,0.000000
29217,31217001479,1059348,0,0,1678,0,0.000000,16384,1193,59348,4,1.000000,0.000000
29218,31218063684,1062205,0,0,1705,0,0.000000,16384,1213,62205,4,1.000000,0.000000
29219,31219130702,1067018,0,0,1615,0,0.000000,16384,1149,67018,4,1.000000,0.000000
29220,31220192577,1061875,0,0,1643,0,0.000000,16384,1168,61875,4,1.000000,0.000000
29221,31221288462,1095885,0,0,1735,0,0.000000,16384,1235,95885,4,1.000000,0.000000
29222,31222353107,1064645,0,0,1513,0,0.000000,16384,1076,64645,4,1.000000,0.000000
29223,31223416617,1063510,0,0,1535,0,0.000000,16384,1092,63510,4,1.000000,0.000000
29224,31224478944,1062327,0,0,1568,0,0.000000,16384,1115,62327,4,1.000000,0.000000
29225,31225538629,1059685,0,0,1517,0,0.000000,16384,1264,59685,4,1.000000,0.000000
29226,31226598146,1059517,0,0,1556,0,0.000000,16384,1353,59517,4,1.000000,0.000000
29227,31227658955,1060809,0,0,1590,0,0.000000,16384,1445,60809,4,1.000000,0.000000
29228,31228673949,1014994,0,0,1489,0,0.000000,16384,1298,14994,4,1.000000,0.000000
29229,31229733741,1059792,0,0,1417,0,0.000000,16384,1301,59792,4,1.000000,0.000000
29230,31230793159,1059418,0,0,1655,0,0.000000,16384,1435,59418,4,1.000000,0.000000
29231,31231874112,1080953,0,0,1698,0,0.000000,16384,1535,80953,4,1.000000,0.000000
29232,31232930580,1056468,0,0,1657,0,0.000000,16384,1480,56468,4,1.000000,0.000000
29233,31233991941,1061361,0,0,1631,0,0.000000,16384,1431,61361,4,1.000000,0.000000
29234,31235051992,1060051,0,0,1666,0,0.000000,16384,1520,60051,4,1.000000,0.000000
29235,31236109888,1057896,0,0,1663,0,0.000000,16384,1453,57896,4,1.000000,0.000000
29236,31237167247,1057359,0,0,1662,0,0.000000,16384,1488,57359,4,1.000000,0.000000
29237,31238225649,1058402,0,0,1612,0,0.000000,16384,1446,58402,4,1.000000,0.000000
29238,31239282764,1057115,0,0,1666,0,0.000000,16384,1457,57115,4,1.000000,0.000000
29239,31240340354,1057590,0,0,1650,0,0.000000,16384,1507,57590,4,1.000000,0.000000
29240,31241397797,1057443,0,0,1665,0,0.000000,16384,1461,57443,4,1.000000,0.000000
29241,31242468135,1070338,0,0,1563,0,0.000000,16384,1402,70338,4,1.000000,0.000000
29242,31243526743,1058608,0,0,1650,0,0.000000,16384,1471,58608,4,1.000000,0.000000
29243,31244584977,1058234,0,0,1655,0,0.000000,16384,1454,58234,4,1.000000,0.000000
29244,31245643042,1058065,0,0,1626,0,0.000000,16384,1489,58065,4,1.000000,0.000000
29245,31246672268,1029226,0,0,1608,0,0.000000,16384,1390,29226,4,1.000000,0.000000
29246,31247729879,1057611,0,0,1659,0,0.000000,16384,1504,57611,4,1.000000,0.000000
29247,31248786581,1056702,0,0,1663,0,0.000000,16384,1478,56702,4,1.000000,0.000000
29248,31249843573,1056992,0,0,1656,0,0.000000,16384,1458,56992,4,1.000000,0.000000
29249,31250900150,1056577,0,0,1659,0,0.000000,16384,1514,56577,4,1.000000,0.000000
29250,31251957256,1057106,0,0,1621,0,0.000000,16384,1408,57106,4,1.000000,0.000000
29251,31253025605,1068349,0,0,1647,0,0.000000,16384,1487,68349,4,1.000000,0.000000
29252,31254086477,1060872,0,0,1605,0,0.000000,16384,1425,60872,4,1.000000,0.000000
29253,31255146117,1059640,0,0,1667,0,0.000000,16384,1474,59640,4,1.000000,0.000000
29254,31256208067,1061950,0,0,1544,0,0.000000,16384,1401,61950,4,1.000000,0.000000
29255,31257274068,1066001,0,0,1624,0,0.000000,16384,1414,66001,4,1.000000,0.000000
29256,31258332675,1058607,0,0,1654,0,0.000000,16384,1510,58607,4,1.000000,0.000000
29257,31259390956,1058281,0,0,1664,0,0.000000,16384,1462,58281,4,1.000000,0.000000
29258,31260449237,1058281,0,0,1657,0,0.000000,16384,1476,58281,4,1.000000,0.000000
29259,31261508160,1058923,0,0,1660,0,0.000000,16384,1501,58923,4,1.000000,0.000000
29260,31262565977,1057817,0,0,1657,0,0.000000,16384,1437,57817,4,1.000000,0.000000
29261,31263637466,1071489,0,0,1679,0,0.000000,16384,1527,71489,4,1.000000,0.000000
29262,31264680519,1043053,0,0,1592,0,0.000000,16384,1408,43053,4,1.000000,0.000000
29263,31265741229,1060710,0,0,1668,0,0.000000,16384,1480,60710,4,1.000000,0.000000
29264,31266799027,1057798,0,0,1625,0,0.000000,16384,1472,57798,4,1.000000,0.000000
29265,31267857867,1058840,0,0,1664,0,0.000000,16384,1444,58840,4,1.000000,0.000000
29266,31268916136,1058269,0,0,1660,0,0.000000,16384,1512,58269,4,1.000000,0.000000
29267,31269973965,1057829,0,0,1556,0,0.000000,16384,1369,57829,4,1.000000,0.000000
29268,31271032931,1058966,0,0,1628,0,0.000000,16384,1459,58966,4,1.000000,0.000000
29269,31272101662,1068731,0,0,1504,0,0.000000,16384,1337,68731,4,1.000000,0.000000
29270,31273350173,1248511,0,0,1670,0,0.000000,16384,1483,248511,4,1.000000,0.000000
29271,31274428537,1078364,0,0,1402,0,0.000000,16384,1253,78364,4,1.000000,0.000000
29272,31275497661,1069124,0,0,1486,0,0.000000,16384,1338,69124,4,1.000000,0.000000
29273,31276568257,1070596,0,0,1520,0,0.000000,16384,1332,70596,4,1.000000,0.000000
29274,31277632253,1063996,0,0,1564,0,0.000000,16384,1416,63996,4,1.000000,0.000000
29275,31278721325,1089072,0,0,1630,0,0.000000,16384,1441,89072,4,1.000000,0.000000
29276,31279788742,1067417,0,0,1451,0,0.000000,16384,1304,67417,4,1.000000,0.000000
29277,31280855913,1067171,0,0,1507,0,0.000000,16384,1319,67171,4,1.000000,0.000000
29278,31281919527,1063614,0,0,1509,0,0.000000,16384,1375,63614,4,1.000000,0.000000
29279,31282981993,1062466,0,0,1330,0,0.000000,16384,1158,62466,4,1.000000,0.000000
29280,31284107547,1125554,0,0,1546,0,0.000000,16384,1400,125554,4,1.000000,0.000000
29281,31285207273,1099726,0,0,1532,0,0.000000,16384,1343,99726,4,1.000000,0.000000
29282,31286267781,1060508,0,0,1551,0,0.000000,16384,1404,60508,4,1.000000,0.000000
29283,31287327845,1060064,0,0,1591,0,0.000000,16384,1390,60064,4,1.000000,0.000000
29284,31288389319,1061474,0,0,1607,0,0.000000,16384,1472,61474,4,1.000000,0.000000
29285,31289451729,1062410,0,0,1599,0,0.000000,16384,1378,62410,4,1.000000,0.000000
29286,31290511528,1059799,0,0,1612,0,0.000000,16384,1473,59799,4,1.000000,0.000000
29287,31291608783,1097255,0,0,1594,0,0.000000,16384,1397,97255,4,1.000000,0.000000
29288,31292681853,1073070,0,0,1478,0,0.000000,16384,1341,73070,4,1.000000,0.000000
29289,31293751175,1069322,0,0,1574,0,0.000000,16384,1376,69322,4,1.000000,0.000000
29290,31294817054,1065879,0,0,1457,0,0.000000,16384,1330,65879,4,1.000000,0.000000
29291,31295915122,1098068,0,0,1350,0,0.000000,16384,1173,98068,4,1.000000,0.000000
29292,31296976212,1061090,0,0,1501,0,0.000000,16384,1353,61090,4,1.000000,0.000000
29293,31298043011,1066799,0,0,1477,0,0.000000,16384,1310,66799,4,1.000000,0.000000
29294,31299106404,1063393,0,0,1531,0,0.000000,16384,1366,63393,4,1.000000,0.000000
29295,31300170244,1063840,0,0,1588,0,0.000000,16384,1410,63840,4,1.000000,0.000000
29296,31301231978,1061734,0,0,1557,0,0.000000,16384,1395,61734,4,1.000000,0.000000
29297,31302293098,1061120,0,0,1597,0,0.000000,16384,1409,61120,4,1.000000,0.000000
29298,31303374222,1081124,0,0,1600,0,0.000000,16384,1452,81124,4,1.000000,0.000000
29299,31304442477,1068255,0,0,1485,0,0.000000,16384,1297,68255,4,1.000000,0.000000
29300,31305541096,1098619,0,0,1558,0,0.000000,16384,1410,98619,4,1.000000,0.000000
29301,31306634306,1093210,0,0,1509,0,0.000000,16384,1325,93210,4,1.000000,0.000000
29302,31307784938,1150632,0,0,1712,0,0.000000,16384,1558,150632,4,1.000000,0.000000
29303,31308851479,1066541,0,0,1501,0,0.000000,16384,1293,66541,4,1.000000,0.000000
29304,31309918188,1066709,0,0,1352,0,0.000000,16384,1226,66709,4,1.000000,0.000000
29305,31311327549,1409361,0,0,1787,0,0.000000,16384,1567,409361,4,1.000000,0.000000
29306,31312399994,1072445,0,0,1387,0,0.000000,16384,1271,72445,4,1.000000,0.000000
29307,31313476095,1076101,0,0,1351,0,0.000000,16384,1199,76101,4,1.000000,0.000000
29308,31314559530,1083435,0,0,1386,0,0.000000,16384,1206,83435,4,1.000000,0.000000
29309,31315643256,1083726,0,0,1414,0,0.000000,16384,1298,83726,4,1.000000,0.000000
29310,31316680857,1037601,0,0,1334,0,0.000000,16384,1178,37601,4,1.000000,0.000000
29311,31318434109,1753252,0,0,2244,0,0.000000,16384,1982,753252,4,1.000000,0.000000
29312,31319509118,1075009,0,0,1401,0,0.000000,16384,1261,75009,4,1.000000,0.000000
29313,31320592752,1083634,0,0,1443,0,0.000000,16384,1295,83634,4,1.000000,0.000000
29314,31321674278,1081526,0,0,1460,0,0.000000,16384,1274,81526,4,1.000000,0.000000
29315,31323484038,1809760,0,0,2166,0,0.000000,16384,1942,809760,4,1.000000,0.000000
29316,31324560603,1076565,0,0,1418,0,0.000000,16384,1287,76565,4,1.000000,0.000000
29317,31325635197,1074594,0,0,1437,0,0.000000,16384,1243,74594,4,1.000000,0.000000
29318,31326686918,1051721,0,0,1439,0,0.000000,16384,1312,51721,4,1.000000,0.000000
29319,31327761117,1074199,0,0,1418,0,0.000000,16384,1255,74199,4,1.000000,0.000000
29320,31328831765,1070648,0,0,1426,0,0.000000,16384,1257,70648,4,1.000000,0.000000
29321,31329943994,1112229,0,0,1505,0,0.000000,16384,1368,112229,4,1.000000,0.000000
29322,31331008775,1064781,0,0,1436,0,0.000000,16384,1243,64781,4,1.000000,0.000000
29323,31332078446,1069671,0,0,1358,0,0.000000,16384,1236,69671,4,1.000000,0.000000
29324,31333308787,1230341,0,0,1615,0,0.000000,16384,1423,230341,4,1.000000,0.000000
29325,31334385472,1076685,0,0,1432,0,0.000000,16384,1288,76685,4,1.000000,0.000000
29326,31335981219,1595747,0,0,1752,0,0.000000,16384,1540,595747,4,1.000000,0.000000
29327,31339569689,3588470,0,0,4666,0,0.000000,16384,4201,2588470,4,1.000000,0.000000
29328,31341233184,1663495,0,0,2111,0,0.000000,16384,1876,663495,4,1.000000,0.000000
29329,31342308181,1074997,0,0,1472,0,0.000000,16384,1270,74997,4,1.000000,0.000000
29330,31343526374,1218193,0,0,1558,0,0.000000,16384,1435,218193,4,1.000000,0.000000
29331,31344633446,1107072,0,0,1143,0,0.000000,16384,1008,107072,4,1.000000,0.000000
29332,31346169036,1535590,0,0,1729,0,0.000000,16384,1533,535590,4,1.000000,0.000000
29333,31347243435,1074399,0,0,1477,0,0.000000,16384,1312,74399,4,1.000000,0.000000
29334,31348305143,1061708,0,0,1516,0,0.000000,16384,1349,61708,4,1.000000,0.000000
29335,31349373322,1068179,0,0,1377,0,0.000000,16384,1246,68179,4,1.000000,0.000000
29336,31350436535,1063213,0,0,1597,0,0.000000,16384,1392,63213,4,1.000000,0.000000
29337,31351500618,1064083,0,0,1503,0,0.000000,16384,1369,64083,4,1.000000,0.000000
29338,31352562933,1062315,0,0,1588,0,0.000000,16384,1386,62315,4,1.000000,0.000000
29339,31353626692,1063759,0,0,1603,0,0.000000,16384,1448,63759,4,1.000000,0.000000
29340,31354783283,1156591,0,0,1584,0,0.000000,16384,1403,156591,4,1.000000,0.000000
29341,31355884031,1100748,0,0,1500,0,0.000000,16384,1345,100748,4,1.000000,0.000000
29342,31356952051,1068020,0,0,1502,0,0.000000,16384,1321,68020,4,1.000000,0.000000
29343,31358016138,1064087,0,0,1514,0,0.000000,16384,1372,64087,4,1.000000,0.000000
29344,31359090945,1074807,0,0,1445,0,0.000000,16384,1251,74807,4,1.000000,0.000000
29345,31360172083,1081138,0,0,1386,0,0.000000,16384,1270,81138,4,1.000000,0.000000
29346,31361244285,1072202,0,0,1403,0,0.000000,16384,1241,72202,4,1.000000,0.000000
29347,31362311077,1066792,0,0,1482,0,0.000000,16384,1311,66792,4,1.000000,0.000000
29348,31363381922,1070845,0,0,1271,0,0.000000,16384,1156,70845,4,1.000000,0.000000
29349,31364452419,1070497,0,0,1470,0,0.000000,16384,1285,70497,4,1.000000,0.000000
29350,31365518005,1065586,0,0,1508,0,0.000000,16384,1357,65586,4,1.000000,0.000000
29351,31366618316,1100311,0,0,1662,0,0.000000,16384,1461,100311,4,1.000000,0.000000
29352,31367675933,1057617,0,0,1577,0,0.000000,16384,1442,57617,4,1.000000,0.000000
29353,31368744183,1068250,0,0,1572,0,0.000000,16384,1358,68250,4,1.000000,0.000000
29354,31369806314,1062131,0,0,1596,0,0.000000,16384,1464,62131,4,1.000000,0.000000
29355,31370870574,1064260,0,0,1459,0,0.000000,16384,1260,64260,4,1.000000,0.000000
29356,31371942004,1071430,0,0,1524,0,0.000000,16384,1397,71430,4,1.000000,0.000000
29357,31373008794,1066790,0,0,1595,0,0.000000,16384,1379,66790,4,1.000000,0.000000
29358,31374075052,1066258,0,0,1626,0,0.000000,16384,1488,66258,4,1.000000,0.000000
29359,31375166449,1091397,0,0,1483,0,0.000000,16384,1281,91397,4,1.000000,0.000000
29360,31376242277,1075828,0,0,1185,0,0.000000,16384,1073,75828,4,1.000000,0.000000
29361,31377378553,1136276,0,0,1476,0,0.000000,16384,1336,136276,4,1.000000,0.000000
29362,31378448021,1069468,0,0,1569,0,0.000000,16384,1373,69468,4,1.000000,0.000000
29363,31379514227,1066206,0,0,1609,0,0.000000,16384,1450,66206,4,1.000000,0.000000
29364,31380573562,1059335,0,0,1617,0,0.000000,16384,1436,59335,4,1.000000,0.000000
29365,31381635907,1062345,0,0,1620,0,0.000000,16384,1435,62345,4,1.000000,0.000000
29366,31382676998,1041091,0,0,1565,0,0.000000,16384,1414,41091,4,1.000000,0.000000
29367,31383744841,1067843,0,0,1474,0,0.000000,16384,1298,67843,4,1.000000,0.000000
29368,31384806228,1061387,0,0,1585,0,0.000000,16384,1425,61387,4,1.000000,0.000000
29369,31385871032,1064804,0,0,1524,0,0.000000,16384,1343,64804,4,1.000000,0.000000
29370,31386933795,1062763,0,0,1600,0,0.000000,16384,1445,62763,4,1.000000,0.000000
29371,31388047321,1113526,0,0,1483,0,0.000000,16384,1302,113526,4,1.000000,0.000000
29372,31389109792,1062471,0,0,1630,0,0.000000,16384,1475,62471,4,1.000000,0.000000
29373,31390169861,1060069,0,0,1628,0,0.000000,16384,1412,60069,4,1.000000,0.000000
29374,31391230087,1060226,0,0,1599,0,0.000000,16384,1466,60226,4,1.000000,0.000000
29375,31392291281,1061194,0,0,1611,0,0.000000,16384,1404,61194,4,1.000000,0.000000
29376,31393350636,1059355,0,0,1611,0,0.000000,16384,1455,59355,4,1.000000,0.000000
29377,31394410041,1059405,0,0,1605,0,0.000000,16384,1425,59405,4,1.000000,0.000000
29378,31395473715,1063674,0,0,1507,0,0.000000,16384,1344,63674,4,1.000000,0.000000
29379,31396536137,1062422,0,0,1493,0,0.000000,16384,1320,62422,4,1.000000,0.000000
29380,31397595914,1059777,0,0,1596,0,0.000000,16384,1433,59777,4,1.000000,0.000000
29381,31398684432,1088518,0,0,1639,0,0.000000,16384,1462,88518,4,1.000000,0.000000
29382,31399743556,1059124,0,0,1599,0,0.000000,16384,1409,59124,4,1.000000,0.000000
29383,31400803988,1060432,0,0,1635,0,0.000000,16384,1489,60432,4,1.000000,0.000000
29384,31401864157,1060169,0,0,1595,0,0.000000,16384,1374,60169,4,1.000000,0.000000
29385,31402925906,1061749,0,0,1593,0,0.000000,16384,1464,61749,4,1.000000,0.000000
29386,31403990650,1064744,0,0,1545,0,0.000000,16384,1339,64744,4,1.000000,0.000000
29387,31405054324,1063674,0,0,1454,0,0.000000,16384,1338,63674,4,1.000000,0.000000
29388,31406114704,1060380,0,0,1559,0,0.000000,16384,1344,60380,4,1.000000,0.000000
29389,31407177310,1062606,0,0,1544,0,0.000000,16384,1423,62606,4,1.000000,0.000000
29390,31408237945,1060635,0,0,1562,0,0.000000,16384,1342,60635,4,1.000000,0.000000
29391,31409319997,1082052,0,0,1652,0,0.000000,16384,1509,82052,4,1.000000,0.000000
29392,31410381241,1061244,0,0,1574,0,0.000000,16384,1381,61244,4,1.000000,0.000000
29393,31411441865,1060624,0,0,1531,0,0.000000,16384,1384,60624,4,1.000000,0.000000
29394,31412503711,1061846,0,0,1474,0,0.000000,16384,1285,61846,4,1.000000,0.000000
29395,31413578900,1075189,0,0,1462,0,0.000000,16384,1346,75189,4,1.000000,0.000000
29396,31414682353,1103453,0,0,1453,0,0.000000,16384,1254,103453,4,1.000000,0.000000
29397,31415796379,1114026,0,0,1438,0,0.000000,16384,1301,114026,4,1.000000,0.000000
29398,31416871688,1075309,0,0,1462,0,0.000000,16384,1300,75309,4,1.000000,0.000000
29399,31417939154,1067466,0,0,1457,0,0.000000,16384,1287,67466,4,1.000000,0.000000
29400,31419001502,1062348,0,0,1519,0,0.000000,16384,1375,62348,4,1.000000,0.000000
29401,31420091293,1089791,0,0,1557,0,0.000000,16384,1365,89791,4,1.000000,0.000000
29402,31421162266,1070973,0,0,1519,0,0.000000,16384,1376,70973,4,1.000000,0.000000
29403,31422230786,1068520,0,0,1476,0,0.000000,16384,1283,68520,4,1.000000,0.000000
29404,31423297460,1066674,0,0,1508,0,0.000000,16384,1385,66674,4,1.000000,0.000000
29405,31424359296,1061836,0,0,1511,0,0.000000,16384,1303,61836,4,1.000000,0.000000
29406,31425417514,1058218,0,0,1530,0,0.000000,16384,1409,58218,4,1.000000,0.000000
29407,31426510936,1093422,0,0,1628,0,0.000000,16384,1408,93422,4,1.000000,0.000000
29408,31427576076,1065140,0,0,1499,0,0.000000,16384,1376,65140,4,1.000000,0.000000
29409,31428675309,1099233,0,0,1647,0,0.000000,16384,1434,99233,4,1.000000,0.000000
29410,31429778073,1102764,0,0,1353,0,0.000000,16384,1237,102764,4,1.000000,0.000000
29411,31430865938,1087865,0,0,1553,0,0.000000,16384,1346,87865,4,1.000000,0.000000
29412,31431926055,1060117,0,0,1598,0,0.000000,16384,1467,60117,4,1.000000,0.000000
29413,31432990520,1064465,0,0,1502,0,0.000000,16384,1294,64465,4,1.000000,0.000000
29414,31434052023,1061503,0,0,1546,0,0.000000,16384,1420,61503,4,1.000000,0.000000
29415,31435111822,1059799,0,0,1627,0,0.000000,16384,1407,59799,4,1.000000,0.000000
29416,31436183350,1071528,0,0,1565,0,0.000000,16384,1431,71528,4,1.000000,0.000000
29417,31437248196,1064846,0,0,1588,0,0.000000,16384,1385,64846,4,1.000000,0.000000
29418,31438307414,1059218,0,0,1627,0,0.000000,16384,1468,59218,4,1.000000,0.000000
29419,31439365642,1058228,0,0,1662,0,0.000000,16384,1482,58228,4,1.000000,0.000000
29420,31440424105,1058463,0,0,1665,0,0.000000,16384,1461,58463,4,1.000000,0.000000
29421,31441523891,1099786,0,0,1727,0,0.000000,16384,1568,99786,4,1.000000,0.000000
29422,31442582549,1058658,0,0,1652,0,0.000000,16384,1459,58658,4,1.000000,0.000000
29423,31443639572,1057023,0,0,1805,0,0.000000,16384,1588,57023,4,1.000000,0.000000
29424,31444670171,1030599,0,0,1770,0,0.000000,16384,1603,30599,4,1.000000,0.000000
29425,31445726615,1056444,0,0,1728,0,0.000000,16384,1548,56444,4,1.000000,0.000000
29426,31446782817,1056202,0,0,1814,0,0.000000,16384,1593,56202,4,1.000000,0.000000
29427,31447839161,1056344,0,0,1811,0,0.000000,16384,1609,56344,4,1.000000,0.000000
29428,31448897426,1058265,0,0,1785,0,0.000000,16384,1616,58265,4,1.000000,0.000000
29429,31449954542,1057116,0,0,1806,0,0.000000,16384,1614,57116,4,1.000000,0.000000
29430,31451010521,1055979,0,0,1821,0,0.000000,16384,1601,55979,4,1.000000,0.000000
29431,31452074945,1064424,0,0,1765,0,0.000000,16384,1566,64424,4,1.000000,0.000000
29432,31453131898,1056953,0,0,1726,0,0.000000,16384,1567,56953,4,1.000000,0.000000
29433,31454188141,1056243,0,0,1814,0,0.000000,16384,1608,56243,4,1.000000,0.000000
29434,31455244214,1056073,0,0,1804,0,0.000000,16384,1584,56073,4,1.000000,0.000000
29435,31456304101,1059887,0,0,1634,0,0.000000,16384,1479,59887,4,1.000000,0.000000
29436,31457364502,1060401,0,0,1646,0,0.000000,16384,1461,60401,4,1.000000,0.000000
29437,31458422574,1058072,0,0,1656,0,0.000000,16384,1461,58072,4,1.000000,0.000000
29438,31459479628,1057054,0,0,1666,0,0.000000,16384,1520,57054,4,1.000000,0.000000
29439,31460536872,1057244,0,0,1790,0,0.000000,16384,1573,57244,4,1.000000,0.000000
29440,31461595497,1058625,0,0,1797,0,0.000000,16384,1576,58625,4,1.000000,0.000000
29441,31462662747,1067250,0,0,1830,0,0.000000,16384,1653,67250,4,1.000000,0.000000
29442,31463671649,1008902,0,0,1710,0,0.000000,16384,1546,8902,4,1.000000,0.000000
29443,31464728634,1056985,0,0,1824,0,0.000000,16384,1604,56985,4,1.000000,0.000000
29444,31465784820,1056186,0,0,1812,0,0.000000,16384,1595,56186,4,1.000000,0.000000
29445,31466841479,1056659,0,0,1797,0,0.000000,16384,1567,56659,4,1.000000,0.000000
29446,31467898148,1056669,0,0,1662,0,0.000000,16384,1474,56669,4,1.000000,0.000000
29447,31468954113,1055965,0,0,1820,0,0.000000,16384,1643,55965,4,1.000000,0.000000
29448,31470009656,1055543,0,0,1823,0,0.000000,16384,1624,55543,4,1.000000,0.000000
29449,31471065413,1055757,0,0,1811,0,0.000000,16384,1591,55757,4,1.000000,0.000000
29450,31472121222,1055809,0,0,1823,0,0.000000,16384,1619,55809,4,1.000000,0.000000
29451,31473182190,1060968,0,0,1832,0,0.000000,16384,1652,60968,4,1.000000,0.000000
29452,31474238891,1056701,0,0,1780,0,0.000000,16384,1599,56701,4,1.000000,0.000000
29453,31475295489,1056598,0,0,1823,0,0.000000,16384,1604,56598,4,1.000000,0.000000
29454,31476353424,1057935,0,0,1715,0,0.000000,16384,1520,57935,4,1.000000,0.000000
29455,31477431476,1078052,0,0,1849,0,0.000000,16384,1665,78052,4,1.000000,0.000000
29456,31478493914,1062438,0,0,1617,0,0.000000,16384,1436,62438,4,1.000000,0.000000
29457,31479553445,1059531,0,0,1659,0,0.000000,16384,1467,59531,4,1.000000,0.000000
29458,31480644546,1091101,0,0,1856,0,0.000000,16384,1672,91101,4,1.000000,0.000000
29459,31481695748,1051202,0,0,1627,0,0.000000,16384,1443,51202,4,1.000000,0.000000
29460,31482757014,1061266,0,0,1653,0,0.000000,16384,1462,61266,4,1.000000,0.000000
29461,31483830967,1073953,0,0,1684,0,0.000000,16384,1534,73953,4,1.000000,0.000000
29462,31484893313,1062346,0,0,1787,0,0.000000,16384,1568,62346,4,1.000000,0.000000
29463,31485956348,1063035,0,0,1871,0,0.000000,16384,1647,63035,4,1.000000,0.000000
29464,31487019127,1062779,0,0,1905,0,0.000000,16384,1703,62779,4,1.000000,0.000000
29465,31488079491,1060364,0,0,1779,0,0.000000,16384,1611,60364,4,1.000000,0.000000
29466,31489136562,1057071,0,0,1825,0,0.000000,16384,1631,57071,4,1.000000,0.000000
29467,31490193086,1056524,0,0,1825,0,0.000000,16384,1605,56524,4,1.000000,0.000000
29468,31491249679,1056593,0,0,1823,0,0.000000,16384,1610,56593,4,1.000000,0.000000
29469,31492305806,1056127,0,0,1814,0,0.000000,16384,1638,56127,4,1.000000,0.000000
29470,31493391097,1085291,0,0,1943,0,0.000000,16384,1742,85291,4,1.000000,0.000000
29471,31494507891,1116794,0,0,1711,0,0.000000,16384,1513,116794,4,1.000000,0.000000
29472,31495606345,1098454,0,0,1767,0,0.000000,16384,1550,98454,4,1.000000,0.000000
29473,31496675397,1069052,0,0,1665,0,0.000000,16384,1520,69052,4,1.000000,0.000000
29474,31497706292,1030895,0,0,1767,0,0.000000,16384,1568,30895,4,1.000000,0.000000
29475,31498771102,1064810,0,0,1928,0,0.000000,16384,1709,64810,4,1.000000,0.000000
29476,31499834771,1063669,0,0,1840,0,0.000000,16384,1618,63669,4,1.000000,0.000000
29477,31500898502,1063731,0,0,1831,0,0.000000,16384,1653,63731,4,1.000000,0.000000
29478,31501960527,1062025,0,0,1896,0,0.000000,16384,1704,62025,4,1.000000,0.000000
29479,31503022716,1062189,0,0,1902,0,0.000000,16384,1706,62189,4,1.000000,0.000000
29480,31504085066,1062350,0,0,1895,0,0.000000,16384,1671,62350,4,1.000000,0.000000
29481,31505169931,1084865,0,0,1873,0,0.000000,16384,1653,84865,4,1.000000,0.000000
29482,31506227248,1057317,0,0,1816,0,0.000000,16384,1614,57317,4,1.000000,0.000000
29483,31507283569,1056321,0,0,1794,0,0.000000,16384,1622,56321,4,1.000000,0.000000
29484,31508369679,1086110,0,0,1891,0,0.000000,16384,1701,86110,4,1.000000,0.000000
29485,31509465020,1095341,0,0,1880,0,0.000000,16384,1656,95341,4,1.000000,0.000000
29486,31510536241,1071221,0,0,1525,0,0.000000,16384,1348,71221,4,1.000000,0.000000
29487,31511635559,1099318,0,0,1763,0,0.000000,16384,1597,99318,4,1.000000,0.000000
29488,31512709118,1073559,0,0,1914,0,0.000000,16384,1697,73559,4,1.000000,0.000000
29489,31513772523,1063405,0,0,1665,0,0.000000,16384,1447,63405,4,1.000000,0.000000
29490,31514834869,1062346,0,0,1913,0,0.000000,16384,1718,62346,4,1.000000,0.000000
29491,31515920114,1085245,0,0,1943,0,0.000000,16384,1742,85245,4,1.000000,0.000000
29492,31516982795,1062681,0,0,1740,0,0.000000,16384,1570,62681,4,1.000000,0.000000
29493,31518043024,1060229,0,0,1818,0,0.000000,16384,1598,60229,4,1.000000,0.000000
29494,31519100537,1057513,0,0,1817,0,0.000000,16384,1600,57513,4,1.000000,0.000000
29495,31520157263,1056726,0,0,1816,0,0.000000,16384,1640,56726,4,1.000000,0.000000
29496,31521213382,1056119,0,0,1752,0,0.000000,16384,1580,56119,4,1.000000,0.000000
29497,31522329582,1116200,0,0,1624,0,0.000000,16384,1405,116200,4,1.000000,0.000000
29498,31523397636,1068054,0,0,1461,0,0.000000,16384,1345,68054,4,1.000000,0.000000
29499,31524459423,1061787,0,0,1548,0,0.000000,16384,1339,61787,4,1.000000,0.000000
29500,31525518073,1058650,0,0,1560,0,0.000000,16384,1433,58650,4,1.000000,0.000000
29501,31526599561,1081488,0,0,1583,0,0.000000,16384,1363,81488,4,1.000000,0.000000
29502,31527656706,1057145,0,0,1641,0,0.000000,16384,1499,57145,4,1.000000,0.000000
29503,31528672274,1015568,0,0,1731,0,0.000000,16384,1533,15568,4,1.000000,0.000000
29504,31529729350,1057076,0,0,1808,0,0.000000,16384,1588,57076,4,1.000000,0.000000
29505,31530786227,1056877,0,0,1735,0,0.000000,16384,1567,56877,4,1.000000,0.000000
29506,31531843331,1057104,0,0,1801,0,0.000000,16384,1629,57104,4,1.000000,0.000000
29507,31532902763,1059432,0,0,1636,0,0.000000,16384,1416,59432,4,1.000000,0.000000
29508,31533959843,1057080,0,0,1676,0,0.000000,16384,1513,57080,4,1.000000,0.000000
29509,31535016288,1056445,0,0,1824,0,0.000000,16384,1647,56445,4,1.000000,0.000000
29510,31536072793,1056505,0,0,1822,0,0.000000,16384,1598,56505,4,1.000000,0.000000
29511,31537152295,1079502,0,0,1773,0,0.000000,16384,1558,79502,4,1.000000,0.000000
29512,31538210432,1058137,0,0,1827,0,0.000000,16384,1648,58137,4,1.000000,0.000000
29513,31539266442,1056010,0,0,1822,0,0.000000,16384,1646,56010,4,1.000000,0.000000
29514,31540321899,1055457,0,0,1788,0,0.000000,16384,1574,55457,4,1.000000,0.000000
29515,31541378227,1056328,0,0,1725,0,0.000000,16384,1517,56328,4,1.000000,0.000000
29516,31542434763,1056536,0,0,1817,0,0.000000,16384,1641,56536,4,1.000000,0.000000
29517,31543491017,1056254,0,0,1821,0,0.000000,16384,1644,56254,4,1.000000,0.000000
29518,31544547134,1056117,0,0,1819,0,0.000000,16384,1596,56117,4,1.000000,0.000000
29519,31545604279,1057145,0,0,1764,0,0.000000,16384,1551,57145,4,1.000000,0.000000
29520,31546660323,1056044,0,0,1801,0,0.000000,16384,1628,56044,4,1.000000,0.000000
29521,31547727434,1067111,0,0,1821,0,0.000000,16384,1645,67111,4,1.000000,0.000000
29522,31548787090,1059656,0,0,1776,0,0.000000,16384,1558,59656,4,1.000000,0.000000
29523,31549844756,1057666,0,0,1768,0,0.000000,16384,1557,57666,4,1.000000,0.000000
29524,31550901459,1056703,0,0,1787,0,0.000000,16384,1617,56703,4,1.000000,0.000000
29525,31551957336,1055877,0,0,1816,0,0.000000,16384,1633,55877,4,1.000000,0.000000
29526,31553013421,1056085,0,0,1798,0,0.000000,16384,1578,56085,4,1.000000,0.000000
29527,31554069191,1055770,0,0,1704,0,0.000000,16384,1511,55770,4,1.000000,0.000000
29528,31555125183,1055992,0,0,1813,0,0.000000,16384,1638,55992,4,1.000000,0.000000
29529,31556181307,1056124,0,0,1812,0,0.000000,16384,1616,56124,4,1.000000,0.000000
29530,31557241609,1060302,0,0,1617,0,0.000000,16384,1408,60302,4,1.000000,0.000000
29531,31558309497,1067888,0,0,1681,0,0.000000,16384,1532,67888,4,1.000000,0.000000
29532,31559366417,1056920,0,0,1661,0,0.000000,16384,1463,56920,4,1.000000,0.000000
29533,31560425258,1058841,0,0,1669,0,0.000000,16384,1482,58841,4,1.000000,0.000000
29534,31561483945,1058687,0,0,1683,0,0.000000,16384,1530,58687,4,1.000000,0.000000
29535,31562541555,1057610,0,0,1658,0,0.000000,16384,1437,57610,4,1.000000,0.000000
29536,31563598480,1056925,0,0,1665,0,0.000000,16384,1505,56925,4,1.000000,0.000000
29537,31564654764,1056284,0,0,1791,0,0.000000,16384,1612,56284,4,1.000000,0.000000
29538,31565670657,1015893,0,0,1675,0,0.000000,16384,1455,15893,4,1.000000,0.000000
29539,31566726695,1056038,0,0,1823,0,0.000000,16384,1633,56038,4,1.000000,0.000000
29540,31567782739,1056044,0,0,1824,0,0.000000,16384,1646,56044,4,1.000000,0.000000
29541,31568844391,1061652,0,0,1833,0,0.000000,16384,1637,61652,4,1.000000,0.000000
29542,31569900451,1056060,0,0,1810,0,0.000000,16384,1590,56060,4,1.000000,0.000000
29543,31570956576,1056125,0,0,1808,0,0.000000,16384,1602,56125,4,1.000000,0.000000
29544,31572012103,1055527,0,0,1813,0,0.000000,16384,1637,55527,4,1.000000,0.000000
29545,31573067787,1055684,0,0,1813,0,0.000000,16384,1631,55684,4,1.000000,0.000000
29546,31574125500,1057713,0,0,1748,0,0.000000,16384,1528,57713,4,1.000000,0.000000
29547,31575183459,1057959,0,0,1811,0,0.000000,16384,1607,57959,4,1.000000,0.000000
29548,31576240265,1056806,0,0,1733,0,0.000000,16384,1574,56806,4,1.000000,0.000000
29549,31577301257,1060992,0,0,1564,0,0.000000,16384,1367,60992,4,1.000000,0.000000
29550,31578359821,1058564,0,0,1591,0,0.000000,16384,1437,58564,4,1.000000,0.000000
29551,31579427539,1067718,0,0,1569,0,0.000000,16384,1387,67718,4,1.000000,0.000000
29552,31580490799,1063260,0,0,1470,0,0.000000,16384,1325,63260,4,1.000000,0.000000
29553,31581556139,1065340,0,0,1468,0,0.000000,16384,1277,65340,4,1.000000,0.000000
29554,31582617444,1061305,0,0,1546,0,0.000000,16384,1415,61305,4,1.000000,0.000000
29555,31583678049,1060605,0,0,1663,0,0.000000,16384,1457,60605,4,1.000000,0.000000
29556,31584735766,1057717,0,0,1554,0,0.000000,16384,1398,57717,4,1.000000,0.000000
29557,31585795903,1060137,0,0,1525,0,0.000000,16384,1346,60137,4,1.000000,0.000000
29558,31586854835,1058932,0,0,1571,0,0.000000,16384,1411,58932,4,1.000000,0.000000
29559,31587913315,1058480,0,0,1688,0,0.000000,16384,1508,58480,4,1.000000,0.000000
29560,31588970211,1056896,0,0,1815,0,0.000000,16384,1595,56896,4,1.000000,0.000000
29561,31590051174,1080963,0,0,1586,0,0.000000,16384,1436,80963,4,1.000000,0.000000
29562,31591108809,1057635,0,0,1722,0,0.000000,16384,1532,57635,4,1.000000,0.000000
29563,31592166928,1058119,0,0,1765,0,0.000000,16384,1545,58119,4,1.000000,0.000000
29564,31593224216,1057288,0,0,1743,0,0.000000,16384,1576,57288,4,1.000000,0.000000
29565,31594283005,1058789,0,0,1644,0,0.000000,16384,1471,58789,4,1.000000,0.000000
29566,31595340398,1057393,0,0,1749,0,0.000000,16384,1529,57393,4,1.000000,0.000000
29567,31596396780,1056382,0,0,1716,0,0.000000,16384,1555,56382,4,1.000000,0.000000
29568,31597455628,1058848,0,0,1604,0,0.000000,16384,1425,58848,4,1.000000,0.000000
29569,31598513448,1057820,0,0,1777,0,0.000000,16384,1560,57820,4,1.000000,0.000000
29570,31599569880,1056432,0,0,1815,0,0.000000,16384,1640,56432,4,1.000000,0.000000
29571,31600637743,1067863,0,0,1823,0,0.000000,16384,1645,67863,4,1.000000,0.000000
29572,31601805387,1167644,0,0,1843,0,0.000000,16384,1629,167644,4,1.000000,0.000000
29573,31602862411,1057024,0,0,1823,0,0.000000,16384,1603,57024,4,1.000000,0.000000
29574,31603918276,1055865,0,0,1824,0,0.000000,16384,1628,55865,4,1.000000,0.000000
29575,31604974929,1056653,0,0,1803,0,0.000000,16384,1630,56653,4,1.000000,0.000000
29576,31606031262,1056333,0,0,1823,0,0.000000,16384,1628,56333,4,1.000000,0.000000
29577,31607089107,1057845,0,0,1697,0,0.000000,16384,1477,57845,4,1.000000,0.000000
29578,31608145312,1056205,0,0,1650,0,0.000000,16384,1499,56205,4,1.000000,0.000000
29579,31609201400,1056088,0,0,1805,0,0.000000,16384,1616,56088,4,1.000000,0.000000
29580,31610256954,1055554,0,0,1802,0,0.000000,16384,1582,55554,4,1.000000,0.000000
29581,31611320446,1063492,0,0,1734,0,0.000000,16384,1543,63492,4,1.000000,0.000000
29582,31612377638,1057192,0,0,1763,0,0.000000,16384,1597,57192,4,1.000000,0.000000
29583,31613488922,1111284,0,0,1694,0,0.000000,16384,1491,111284,4,1.000000,0.000000
29584,31614560437,1071515,0,0,1476,0,0.000000,16384,1326,71515,4,1.000000,0.000000
29585,31615625740,1065303,0,0,1510,0,0.000000,16384,1324,65303,4,1.000000,0.000000
29586,31616694030,1068290,0,0,1422,0,0.000000,16384,1304,68290,4,1.000000,0.000000
29587,31617764333,1070303,0,0,1385,0,0.000000,16384,1199,70303,4,1.000000,0.000000
29588,31618836213,1071880,0,0,1468,0,0.000000,16384,1320,71880,4,1.000000,0.000000
29589,31619911565,1075352,0,0,1484,0,0.000000,16384,1323,75352,4,1.000000,0.000000
29590,31620981394,1069829,0,0,1407,0,0.000000,16384,1236,69829,4,1.000000,0.000000
29591,31622075920,1094526,0,0,1579,0,0.000000,16384,1434,94526,4,1.000000,0.000000
29592,31623137833,1061913,0,0,1557,0,0.000000,16384,1366,61913,4,1.000000,0.000000
29593,31624201421,1063588,0,0,1508,0,0.000000,16384,1367,63588,4,1.000000,0.000000
29594,31625263720,1062299,0,0,1560,0,0.000000,16384,1365,62299,4,1.000000,0.000000
29595,31626322569,1058849,0,0,1559,0,0.000000,16384,1411,58849,4,1.000000,0.000000
29596,31627380497,1057928,0,0,1554,0,0.000000,16384,1366,57928,4,1.000000,0.000000
29597,31628438234,1057737,0,0,1558,0,0.000000,16384,1404,57737,4,1.000000,0.000000
29598,31629496143,1057909,0,0,1556,0,0.000000,16384,1374,57909,4,1.000000,0.000000
29599,31630553704,1057561,0,0,1554,0,0.000000,16384,1395,57561,4,1.000000,0.000000
29600,31631611443,1057739,0,0,1547,0,0.000000,16384,1370,57739,4,1.000000,0.000000
29601,31632672430,1060987,0,0,1654,0,0.000000,16384,1472,60987,4,1.000000,0.000000
29602,31633731304,1058874,0,0,1699,0,0.000000,16384,1541,58874,4,1.000000,0.000000
29603,31634788580,1057276,0,0,1813,0,0.000000,16384,1592,57276,4,1.000000,0.000000
29604,31635844238,1055658,0,0,1820,0,0.000000,16384,1599,55658,4,1.000000,0.000000
29605,31636902161,1057923,0,0,1774,0,0.000000,16384,1608,57923,4,1.000000,0.000000
29606,31637960354,1058193,0,0,1790,0,0.000000,16384,1614,58193,4,1.000000,0.000000
29607,31639017077,1056723,0,0,1822,0,0.000000,16384,1602,56723,4,1.000000,0.000000
29608,31640072977,1055900,0,0,1814,0,0.000000,16384,1592,55900,4,1.000000,0.000000
29609,31641129569,1056592,0,0,1809,0,0.000000,16384,1635,56592,4,1.000000,0.000000
29610,31642185012,1055443,0,0,1821,0,0.000000,16384,1644,55443,4,1.000000,0.000000
29611,31643263020,1078008,0,0,1848,0,0.000000,16384,1633,78008,4,1.000000,0.000000
29612,31644320246,1057226,0,0,1782,0,0.000000,16384,1561,57226,4,1.000000,0.000000
29613,31645376535,1056289,0,0,1821,0,0.000000,16384,1635,56289,4,1.000000,0.000000
29614,31646432868,1056333,0,0,1790,0,0.000000,16384,1619,56333,4,1.000000,0.000000
29615,31647488999,1056131,0,0,1823,0,0.000000,16384,1617,56131,4,1.000000,0.000000
29616,31648544889,1055890,0,0,1822,0,0.000000,16384,1602,55890,4,1.000000,0.000000
29617,31649602050,1057161,0,0,1794,0,0.000000,16384,1600,57161,4,1.000000,0.000000
29618,31650659824,1057774,0,0,1816,0,0.000000,16384,1640,57774,4,1.000000,0.000000
29619,31651670702,1010878,0,0,1720,0,0.000000,16384,1526,10878,4,1.000000,0.000000
29620,31652726710,1056008,0,0,1822,0,0.000000,16384,1602,56008,4,1.000000,0.000000
29621,31653789934,1063224,0,0,1823,0,0.000000,16384,1632,63224,4,1.000000,0.000000
29622,31654846006,1056072,0,0,1825,0,0.000000,16384,1647,56072,4,1.000000,0.000000
29623,31655901693,1055687,0,0,1822,0,0.000000,16384,1627,55687,4,1.000000,0.000000
29624,31656995440,1093747,0,0,1837,0,0.000000,16384,1617,93747,4,1.000000,0.000000
29625,31658056226,1060786,0,0,1694,0,0.000000,16384,1507,60786,4,1.000000,0.000000
29626,31659113818,1057592,0,0,1816,0,0.000000,16384,1640,57592,4,1.000000,0.000000
29627,31660169966,1056148,0,0,1822,0,0.000000,16384,1621,56148,4,1.000000,0.000000
29628,31661225458,1055492,0,0,1821,0,0.000000,16384,1601,55492,4,1.000000,0.000000
29629,31662288902,1063444,0,0,1657,0,0.000000,16384,1486,63444,4,1.000000,0.000000
29630,31663354230,1065328,0,0,1603,0,0.000000,16384,1434,65328,4,1.000000,0.000000
29631,31664431285,1077055,0,0,1687,0,0.000000,16384,1478,77055,4,1.000000,0.000000
29632,31665490406,1059121,0,0,1652,0,0.000000,16384,1509,59121,4,1.000000,0.000000
29633,31666582713,1092307,0,0,1662,0,0.000000,16384,1458,92307,4,1.000000,0.000000
29634,31667644733,1062020,0,0,1551,0,0.000000,16384,1393,62020,4,1.000000,0.000000
29635,31668672415,1027682,0,0,1508,0,0.000000,16384,1330,27682,4,1.000000,0.000000
29636,31669925306,1252891,0,0,1770,0,0.000000,16384,1574,252891,4,1.000000,0.000000
29637,31670995403,1070097,0,0,1421,0,0.000000,16384,1276,70097,4,1.000000,0.000000
29638,31672061401,1065998,0,0,1556,0,0.000000,16384,1386,65998,4,1.000000,0.000000
29639,31673122341,1060940,0,0,1602,0,0.000000,16384,1436,60940,4,1.000000,0.000000
29640,31674183986,1061645,0,0,1611,0,0.000000,16384,1415,61645,4,1.000000,0.000000
29641,31675275370,1091384,0,0,1598,0,0.000000,16384,1459,91384,4,1.000000,0.000000
29642,31676336820,1061450,0,0,1540,0,0.000000,16384,1332,61450,4,1.000000,0.000000
29643,31677399759,1062939,0,0,1507,0,0.000000,16384,1379,62939,4,1.000000,0.000000
29644,31678467431,1067672,0,0,1438,0,0.000000,16384,1258,67672,4,1.000000,0.000000
29645,31679534941,1067510,0,0,1472,0,0.000000,16384,1318,67510,4,1.000000,0.000000
29646,31680594914,1059973,0,0,1509,0,0.000000,16384,1348,59973,4,1.000000,0.000000
29647,31681657888,1062974,0,0,1508,0,0.000000,16384,1335,62974,4,1.000000,0.000000
29648,31682680863,1022975,0,0,1318,0,0.000000,16384,1202,22975,4,1.000000,0.000000
29649,31683743321,1062458,0,0,1597,0,0.000000,16384,1369,62458,4,1.000000,0.000000
29650,31684803237,1059916,0,0,1535,0,0.000000,16384,1320,59916,4,1.000000,0.000000
29651,31685886122,1082885,0,0,1628,0,0.000000,16384,1491,82885,4,1.000000,0.000000
29652,31686948700,1062578,0,0,1429,0,0.000000,16384,1237,62578,4,1.000000,0.000000
29653,31688013285,1064585,0,0,1523,0,0.000000,16384,1400,64585,4,1.000000,0.000000
29654,31689074126,1060841,0,0,1563,0,0.000000,16384,1349,60841,4,1.000000,0.000000
29655,31690134268,1060142,0,0,1630,0,0.000000,16384,1492,60142,4,1.000000,0.000000
29656,31691194608,1060340,0,0,1618,0,0.000000,16384,1414,60340,4,1.000000,0.000000
29657,31692254669,1060061,0,0,1615,0,0.000000,16384,1453,60061,4,1.000000,0.000000
29658,31693312680,1058011,0,0,1629,0,0.000000,16384,1451,58011,4,1.000000,0.000000
29659,31694379857,1067177,0,0,1532,0,0.000000,16384,1358,67177,4,1.000000,0.000000
29660,31695449476,1069619,0,0,1480,0,0.000000,16384,1322,69619,4,1.000000,0.000000
29661,31696559557,1110081,0,0,1463,0,0.000000,16384,1314,110081,4,1.000000,0.000000
29662,31697628252,1068695,0,0,1507,0,0.000000,16384,1320,68695,4,1.000000,0.000000
29663,31698684478,1056226,0,0,1459,0,0.000000,16384,1333,56226,4,1.000000,0.000000
29664,31700686018,2001540,0,0,2659,0,0.000000,16384,2337,1001540,4,1.000000,0.000000
29665,31701824668,1138650,0,0,1480,0,0.000000,16384,1349,138650,4,1.000000,0.000000
29666,31702901902,1077234,0,0,1341,0,0.000000,16384,1166,77234,4,1.000000,0.000000
29667,31703978958,1077056,0,0,1377,0,0.000000,16384,1235,77056,4,1.000000,0.000000
29668,31705081039,1102081,0,0,1480,0,0.000000,16384,1332,102081,4,1.000000,0.000000
29669,31706156046,1075007,0,0,1466,0,0.000000,16384,1278,75007,4,1.000000,0.000000
29670,31707281788,1125742,0,0,1489,0,0.000000,16384,1366,125742,4,1.000000,0.000000
29671,31708381798,1100010,0,0,1453,0,0.000000,16384,1256,100010,4,1.000000,0.000000
29672,31709448914,1067116,0,0,1383,0,0.000000,16384,1251,67116,4,1.000000,0.000000
29673,31710519370,1070456,0,0,1648,0,0.000000,16384,1455,70456,4,1.000000,0.000000
29674,31711579926,1060556,0,0,1558,0,0.000000,16384,1415,60556,4,1.000000,0.000000
29675,31712646413,1066487,0,0,1433,0,0.000000,16384,1259,66487,4,1.000000,0.000000
29676,31713676699,1030286,0,0,1418,0,0.000000,16384,1260,30286,4,1.000000,0.000000
29677,31714739513,1062814,0,0,1563,0,0.000000,16384,1405,62814,4,1.000000,0.000000
29678,31715798296,1058783,0,0,1559,0,0.000000,16384,1381,58783,4,1.000000,0.000000
29679,31716857343,1059047,0,0,1571,0,0.000000,16384,1404,59047,4,1.000000,0.000000
29680,31717917183,1059840,0,0,1598,0,0.000000,16384,1425,59840,4,1.000000,0.000000
29681,31719001529,1084346,0,0,1656,0,0.000000,16384,1459,84346,4,1.000000,0.000000
29682,31720063297,1061768,0,0,1616,0,0.000000,16384,1477,61768,4,1.000000,0.000000
29683,31721145455,1082158,0,0,1465,0,0.000000,16384,1269,82158,4,1.000000,0.000000
29684,31722209999,1064544,0,0,1552,0,0.000000,16384,1412,64544,4,1.000000,0.000000
29685,31723271946,1061947,0,0,1362,0,0.000000,16384,1200,61947,4,1.000000,0.000000
29686,31724452730,1180784,0,0,1663,0,0.000000,16384,1489,180784,4,1.000000,0.000000
29687,31725518281,1065551,0,0,1562,0,0.000000,16384,1371,65551,4,1.000000,0.000000
29688,31726576583,1058302,0,0,1557,0,0.000000,16384,1412,58302,4,1.000000,0.000000
29689,31727640556,1063973,0,0,1561,0,0.000000,16384,1364,63973,4,1.000000,0.000000
29690,31728679514,1038958,0,0,1437,0,0.000000,16384,1298,38958,4,1.000000,0.000000
29691,31729766166,1086652,0,0,1603,0,0.000000,16384,1414,86652,4,1.000000,0.000000
29692,31730824061,1057895,0,0,1660,0,0.000000,16384,1513,57895,4,1.000000,0.000000
29693,31731881051,1056990,0,0,1657,0,0.000000,16384,1436,56990,4,1.000000,0.000000
29694,31732937136,1056085,0,0,1636,0,0.000000,16384,1482,56085,4,1.000000,0.000000
29695,31733997352,1060216,0,0,1658,0,0.000000,16384,1473,60216,4,1.000000,0.000000
29696,31735057016,1059664,0,0,1590,0,0.000000,16384,1406,59664,4,1.000000,0.000000
29697,31736120695,1063679,0,0,1618,0,0.000000,16384,1466,63679,4,1.000000,0.000000
29698,31737396744,1276049,0,0,1952,0,0.000000,16384,1728,276049,4,1.000000,0.000000
29699,31738461261,1064517,0,0,1563,0,0.000000,16384,1380,64517,4,1.000000,0.000000
29700,31739519560,1058299,0,0,1558,0,0.000000,16384,1405,58299,4,1.000000,0.000000
29701,31740601156,1081596,0,0,1581,0,0.000000,16384,1387,81596,4,1.000000,0.000000
29702,31741662311,1061155,0,0,1561,0,0.000000,16384,1419,61155,4,1.000000,0.000000
29703,31742672738,1010427,0,0,1480,0,0.000000,16384,1295,10427,4,1.000000,0.000000
29704,31743731912,1059174,0,0,1554,0,0.000000,16384,1403,59174,4,1.000000,0.000000
29705,31744798453,1066541,0,0,1461,0,0.000000,16384,1290,66541,4,1.000000,0.000000
29706,31745864643,1066190,0,0,1512,0,0.000000,16384,1351,66190,4,1.000000,0.000000
29707,31746927366,1062723,0,0,1563,0,0.000000,16384,1390,62723,4,1.000000,0.000000
29708,31747987522,1060156,0,0,1545,0,0.000000,16384,1378,60156,4,1.000000,0.000000
29709,31749015198,1027676,0,0,1447,0,0.000000,16384,1296,27676,4,1.000000,0.000000
29710,31750077038,1061840,0,0,1542,0,0.000000,16384,1361,61840,4,1.000000,0.000000
29711,31751169494,1092456,0,0,1689,0,0.000000,16384,1505,92456,4,1.000000,0.000000
29712,31752231483,1061989,0,0,1562,0,0.000000,16384,1406,61989,4,1.000000,0.000000
29713,31753297342,1065859,0,0,1461,0,0.000000,16384,1293,65859,4,1.000000,0.000000
29714,31754360119,1062777,0,0,1562,0,0.000000,16384,1394,62777,4,1.000000,0.000000
29715,31755418708,1058589,0,0,1555,0,0.000000,16384,1380,58589,4,1.000000,0.000000
29716,31756476970,1058262,0,0,1558,0,0.000000,16384,1397,58262,4,1.000000,0.000000
29717,31757538446,1061476,0,0,1528,0,0.000000,16384,1353,61476,4,1.000000,0.000000
29718,31758598519,1060073,0,0,1557,0,0.000000,16384,1396,60073,4,1.000000,0.000000
29719,31759656985,1058466,0,0,1558,0,0.000000,16384,1377,58466,4,1.000000,0.000000
29720,31760712179,1055194,0,0,1419,0,0.000000,16384,1268,55194,4,1.000000,0.000000
29721,31761802152,1089973,0,0,1561,0,0.000000,16384,1396,89973,4,1.000000,0.000000
29722,31762867162,1065010,0,0,1449,0,0.000000,16384,1278,65010,4,1.000000,0.000000
29723,31763931104,1063942,0,0,1527,0,0.000000,16384,1384,63942,4,1.000000,0.000000
29724,31764990830,1059726,0,0,1558,0,0.000000,16384,1365,59726,4,1.000000,0.000000
29725,31766050122,1059292,0,0,1557,0,0.000000,16384,1407,59292,4,1.000000,0.000000
29726,31767108115,1057993,0,0,1557,0,0.000000,16384,1371,57993,4,1.000000,0.000000
29727,31768172951,1064836,0,0,1510,0,0.000000,16384,1364,64836,4,1.000000,0.000000
29728,31769240145,1067194,0,0,1458,0,0.000000,16384,1267,67194,4,1.000000,0.000000
29729,31770303213,1063068,0,0,1562,0,0.000000,16384,1430,63068,4,1.000000,0.000000
29730,31771360400,1057187,0,0,1553,0,0.000000,16384,1350,57187,4,1.000000,0.000000
29731,31772445001,1084601,0,0,1595,0,0.000000,16384,1449,84601,4,1.000000,0.000000
29732,31773505643,1060642,0,0,1552,0,0.000000,16384,1362,60642,4,1.000000,0.000000
29733,31774565403,1059760,0,0,1546,0,0.000000,16384,1397,59760,4,1.000000,0.000000
29734,31775623879,1058476,0,0,1556,0,0.000000,16384,1369,58476,4,1.000000,0.000000
29735,31776678821,1054942,0,0,1359,0,0.000000,16384,1243,54942,4,1.000000,0.000000
29736,31777740599,1061778,0,0,1508,0,0.000000,16384,1301,61778,4,1.000000,0.000000
29737,31778802890,1062291,0,0,1560,0,0.000000,16384,1431,62291,4,1.000000,0.000000
29738,31779861689,1058799,0,0,1557,0,0.000000,16384,1344,58799,4,1.000000,0.000000
29739,31780924816,1063127,0,0,1561,0,0.000000,16384,1437,63127,4,1.000000,0.000000
29740,31781986092,1061276,0,0,1555,0,0.000000,16384,1336,61276,4,1.000000,0.000000
29741,31783067146,1081054,0,0,1584,0,0.000000,16384,1455,81054,4,1.000000,0.000000
29742,31784124721,1057575,0,0,1555,0,0.000000,16384,1348,57575,4,1.000000,0.000000
29743,31785182142,1057421,0,0,1557,0,0.000000,16384,1422,57421,4,1.000000,0.000000
29744,31786247318,1065176,0,0,1496,0,0.000000,16384,1295,65176,4,1.000000,0.000000
29745,31787311974,1064656,0,0,1512,0,0.000000,16384,1393,64656,4,1.000000,0.000000
29746,31788372866,1060892,0,0,1559,0,0.000000,16384,1342,60892,4,1.000000,0.000000
29747,31789432478,1059612,0,0,1469,0,0.000000,16384,1352,59612,4,1.000000,0.000000
29748,31790494837,1062359,0,0,1560,0,0.000000,16384,1350,62359,4,1.000000,0.000000
29749,31791556712,1061875,0,0,1561,0,0.000000,16384,1436,61875,4,1.000000,0.000000
29750,31792616185,1059473,0,0,1557,0,0.000000,16384,1338,59473,4,1.000000,0.000000
29751,31793672492,1056307,0,0,1550,0,0.000000,16384,1428,56307,4,1.000000,0.000000
29752,31794736491,1063999,0,0,1498,0,0.000000,16384,1292,63999,4,1.000000,0.000000
29753,31795798678,1062187,0,0,1565,0,0.000000,16384,1440,62187,4,1.000000,0.000000
29754,31796855737,1057059,0,0,1555,0,0.000000,16384,1336,57059,4,1.000000,0.000000
29755,31797915067,1059330,0,0,1568,0,0.000000,16384,1443,59330,4,1.000000,0.000000
29756,31798973978,1058911,0,0,1635,0,0.000000,16384,1423,58911,4,1.000000,0.000000
29757,31800032368,1058390,0,0,1612,0,0.000000,16384,1455,58390,4,1.000000,0.000000
29758,31801090334,1057966,0,0,1607,0,0.000000,16384,1426,57966,4,1.000000,0.000000
29759,31802153468,1063134,0,0,1587,0,0.000000,16384,1410,63134,4,1.000000,0.000000
29760,31803220723,1067255,0,0,1361,0,0.000000,16384,1204,67255,4,1.000000,0.000000
29761,31804326689,1105966,0,0,1559,0,0.000000,16384,1413,105966,4,1.000000,0.000000
29762,31805388367,1061678,0,0,1547,0,0.000000,16384,1356,61678,4,1.000000,0.000000
29763,31806447524,1059157,0,0,1558,0,0.000000,16384,1409,59157,4,1.000000,0.000000
29764,31807509302,1061778,0,0,1540,0,0.000000,16384,1354,61778,4,1.000000,0.000000
29765,31808570712,1061410,0,0,1559,0,0.000000,16384,1406,61410,4,1.000000,0.000000
29766,31809628936,1058224,0,0,1553,0,0.000000,16384,1370,58224,4,1.000000,0.000000
29767,31810693938,1065002,0,0,1440,0,0.000000,16384,1305,65002,4,1.000000,0.000000
29768,31811762125,1068187,0,0,1518,0,0.000000,16384,1317,68187,4,1.000000,0.000000
29769,31812823791,1061666,0,0,1555,0,0.000000,16384,1422,61666,4,1.000000,0.000000
29770,31813883542,1059751,0,0,1560,0,0.000000,16384,1357,59751,4,1.000000,0.000000
29771,31814966063,1082521,0,0,1410,0,0.000000,16384,1294,82521,4,1.000000,0.000000
29772,31816026143,1060080,0,0,1460,0,0.000000,16384,1268,60080,4,1.000000,0.000000
29773,31817086122,1059979,0,0,1559,0,0.000000,16384,1415,59979,4,1.000000,0.000000
29774,31818149942,1063820,0,0,1504,0,0.000000,16384,1316,63820,4,1.000000,0.000000
29775,31819369691,1219749,0,0,1582,0,0.000000,16384,1434,219749,4,1.000000,0.000000
29776,31820442863,1073172,0,0,1438,0,0.000000,16384,1263,73172,4,1.000000,0.000000
29777,31821506764,1063901,0,0,1558,0,0.000000,16384,1397,63901,4,1.000000,0.000000
29778,31822565278,1058514,0,0,1550,0,0.000000,16384,1370,58514,4,1.000000,0.000000
29779,31823628736,1063458,0,0,1534,0,0.000000,16384,1378,63458,4,1.000000,0.000000
29780,31824684140,1055404,0,0,1510,0,0.000000,16384,1338,55404,4,1.000000,0.000000
29781,31825742852,1058712,0,0,1470,0,0.000000,16384,1310,58712,4,1.000000,0.000000
29782,31826812703,1069851,0,0,1438,0,0.000000,16384,1297,69851,4,1.000000,0.000000
29783,31827882937,1070234,0,0,1526,0,0.000000,16384,1331,70234,4,1.000000,0.000000
29784,31828943793,1060856,0,0,1562,0,0.000000,16384,1419,60856,4,1.000000,0.000000
29785,31830004238,1060445,0,0,1382,0,0.000000,16384,1200,60445,4,1.000000,0.000000
29786,31831065026,1060788,0,0,1556,0,0.000000,16384,1429,60788,4,1.000000,0.000000
29787,31832124012,1058986,0,0,1555,0,0.000000,16384,1341,58986,4,1.000000,0.000000
29788,31833185153,1061141,0,0,1553,0,0.000000,16384,1431,61141,4,1.000000,0.000000
29789,31834305709,1120556,0,0,1563,0,0.000000,16384,1343,120556,4,1.000000,0.000000
29790,31835368625,1062916,0,0,1511,0,0.000000,16384,1395,62916,4,1.000000,0.000000
29791,31836454799,1086174,0,0,1593,0,0.000000,16384,1373,86174,4,1.000000,0.000000
29792,31837514138,1059339,0,0,1562,0,0.000000,16384,1432,59339,4,1.000000,0.000000
29793,31838578769,1064631,0,0,1505,0,0.000000,16384,1299,64631,4,1.000000,0.000000
29794,31839645535,1066766,0,0,1504,0,0.000000,16384,1388,66766,4,1.000000,0.000000
29795,31840673368,1027833,0,0,1498,0,0.000000,16384,1293,27833,4,1.000000,0.000000
29796,31841730396,1057028,0,0,1557,0,0.000000,16384,1426,57028,4,1.000000,0.000000
29797,31842788867,1058471,0,0,1399,0,0.000000,16384,1220,58471,4,1.000000,0.000000
29798,31843855400,1066533,0,0,1644,0,0.000000,16384,1487,66533,4,1.000000,0.000000
29799,31844920867,1065467,0,0,1491,0,0.000000,16384,1302,65467,4,1.000000,0.000000
29800,31845983016,1062149,0,0,1552,0,0.000000,16384,1405,62149,4,1.000000,0.000000
29801,31847063025,1080009,0,0,1587,0,0.000000,16384,1387,80009,4,1.000000,0.000000
29802,31848120361,1057336,0,0,1552,0,0.000000,16384,1416,57336,4,1.000000,0.000000
29803,31849178616,1058255,0,0,1554,0,0.000000,16384,1349,58255,4,1.000000,0.000000
29804,31850236528,1057912,0,0,1557,0,0.000000,16384,1426,57912,4,1.000000,0.000000
29805,31851300768,1064240,0,0,1482,0,0.000000,16384,1286,64240,4,1.000000,0.000000
29806,31852368111,1067343,0,0,1460,0,0.000000,16384,1320,67343,4,1.000000,0.000000
29807,31853430296,1062185,0,0,1554,0,0.000000,16384,1372,62185,4,1.000000,0.000000
29808,31854487422,1057126,0,0,1551,0,0.000000,16384,1397,57126,4,1.000000,0.000000
29809,31855546552,1059130,0,0,1556,0,0.000000,16384,1370,59130,4,1.000000,0.000000
29810,31856608616,1062064,0,0,1405,0,0.000000,16384,1259,62064,4,1.000000,0.000000
29811,31857685723,1077107,0,0,1563,0,0.000000,16384,1396,77107,4,1.000000,0.000000
29812,31858749053,1063330,0,0,1542,0,0.000000,16384,1372,63330,4,1.000000,0.000000
29813,31859810821,1061768,0,0,1547,0,0.000000,16384,1380,61768,4,1.000000,0.000000
29814,31860872507,1061686,0,0,1499,0,0.000000,16384,1330,61686,4,1.000000,0.000000
29815,31861933347,1060840,0,0,1561,0,0.000000,16384,1399,60840,4,1.000000,0.000000
29816,31862991439,1058092,0,0,1558,0,0.000000,16384,1385,58092,4,1.000000,0.000000
29817,31864049319,1057880,0,0,1559,0,0.000000,16384,1389,57880,4,1.000000,0.000000
29818,31865110031,1060712,0,0,1546,0,0.000000,16384,1378,60712,4,1.000000,0.000000
29819,31866169736,1059705,0,0,1528,0,0.000000,16384,1362,59705,4,1.000000,0.000000
29820,31867235705,1065969,0,0,1480,0,0.000000,16384,1312,65969,4,1.000000,0.000000
29821,31868407405,1171700,0,0,1588,0,0.000000,16384,1423,171700,4,1.000000,0.000000
29822,31869477556,1070151,0,0,1316,0,0.000000,16384,1145,70151,4,1.000000,0.000000
29823,31870549644,1072088,0,0,1523,0,0.000000,16384,1406,72088,4,1.000000,0.000000
29824,31871617130,1067486,0,0,1524,0,0.000000,16384,1314,67486,4,1.000000,0.000000
29825,31872673907,1056777,0,0,1547,0,0.000000,16384,1422,56777,4,1.000000,0.000000
29826,31873731418,1057511,0,0,1553,0,0.000000,16384,1339,57511,4,1.000000,0.000000
29827,31874790242,1058824,0,0,1549,0,0.000000,16384,1427,58824,4,1.000000,0.000000
29828,31875848427,1058185,0,0,1627,0,0.000000,16384,1407,58185,4,1.000000,0.000000
29829,31876912176,1063749,0,0,1529,0,0.000000,16384,1398,63749,4,1.000000,0.000000
29830,31877951493,1039317,0,0,1496,0,0.000000,16384,1291,39317,4,1.000000,0.000000
29831,31879039005,1087512,0,0,1551,0,0.000000,16384,1427,87512,4,1.000000,0.000000
29832,31880097993,1058988,0,0,1557,0,0.000000,16384,1345,58988,4,1.000000,0.000000
29833,31881156767,1058774,0,0,1558,0,0.000000,16384,1428,58774,4,1.000000,0.000000
29834,31882215199,1058432,0,0,1555,0,0.000000,16384,1349,58432,4,1.000000,0.000000
29835,31883277732,1062533,0,0,1345,0,0.000000,16384,1229,62533,4,1.000000,0.000000
29836,31884344979,1067247,0,0,1454,0,0.000000,16384,1280,67247,4,1.000000,0.000000
29837,31885408682,1063703,0,0,1548,0,0.000000,16384,1386,63703,4,1.000000,0.000000
29838,31886466192,1057510,0,0,1556,0,0.000000,16384,1378,57510,4,1.000000,0.000000
29839,31887527650,1061458,0,0,1561,0,0.000000,16384,1403,61458,4,1.000000,0.000000
29840,31888587107,1059457,0,0,1562,0,0.000000,16384,1376,59457,4,1.000000,0.000000
29841,31889672104,1084997,0,0,1590,0,0.000000,16384,1440,84997,4,1.000000,0.000000
29842,31890730466,1058362,0,0,1549,0,0.000000,16384,1352,58362,4,1.000000,0.000000
29843,31891780548,1050082,0,0,1498,0,0.000000,16384,1359,50082,4,1.000000,0.000000
29844,31892844011,1063463,0,0,1508,0,0.000000,16384,1327,63463,4,1.000000,0.000000
29845,31893905492,1061481,0,0,1563,0,0.000000,16384,1408,61481,4,1.000000,0.000000
29846,31894998192,1092700,0,0,1603,0,0.000000,16384,1405,92700,4,1.000000,0.000000
29847,31896058324,1060132,0,0,1402,0,0.000000,16384,1264,60132,4,1.000000,0.000000
29848,31897117657,1059333,0,0,1556,0,0.000000,16384,1383,59333,4,1.000000,0.000000
29849,31898177703,1060046,0,0,1533,0,0.000000,16384,1370,60046,4,1.000000,0.000000
29850,31899242951,1065248,0,0,1520,0,0.000000,16384,1354,65248,4,1.000000,0.000000
29851,31900331121,1088170,0,0,1499,0,0.000000,16384,1333,88170,4,1.000000,0.000000
29852,31901392994,1061873,0,0,1550,0,0.000000,16384,1387,61873,4,1.000000,0.000000
29853,31902451829,1058835,0,0,1557,0,0.000000,16384,1384,58835,4,1.000000,0.000000
29854,31903510557,1058728,0,0,1557,0,0.000000,16384,1388,58728,4,1.000000,0.000000
29855,31904569117,1058560,0,0,1550,0,0.000000,16384,1379,58560,4,1.000000,0.000000
29856,31905627793,1058676,0,0,1521,0,0.000000,16384,1358,58676,4,1.000000,0.000000
29857,31906674680,1046887,0,0,1533,0,0.000000,16384,1364,46887,4,1.000000,0.000000
29858,31907734003,1059323,0,0,1553,0,0.000000,16384,1385,59323,4,1.000000,0.000000
29859,31908793411,1059408,0,0,1556,0,0.000000,16384,1386,59408,4,1.000000,0.000000
29860,31909852134,1058723,0,0,1394,0,0.000000,16384,1256,58723,4,1.000000,0.000000
29861,31910946049,1093915,0,0,1539,0,0.000000,16384,1343,93915,4,1.000000,0.000000
29862,31912007209,1061160,0,0,1563,0,0.000000,16384,1419,61160,4,1.000000,0.000000
29863,31913064766,1057557,0,0,1555,0,0.000000,16384,1363,57557,4,1.000000,0.000000
29864,31914123198,1058432,0,0,1559,0,0.000000,16384,1409,58432,4,1.000000,0.000000
29865,31915187277,1064079,0,0,1500,0,0.000000,16384,1314,64079,4,1.000000,0.000000
29866,31916250160,1062883,0,0,1530,0,0.000000,16384,1390,62883,4,1.000000,0.000000
29867,31917314477,1064317,0,0,1511,0,0.000000,16384,1315,64317,4,1.000000,0.000000
29868,31918379463,1064986,0,0,1478,0,0.000000,16384,1358,64986,4,1.000000,0.000000
29869,31919444593,1065130,0,0,1529,0,0.000000,16384,1316,65130,4,1.000000,0.000000
29870,31920505431,1060838,0,0,1563,0,0.000000,16384,1438,60838,4,1.000000,0.000000
29871,31921585337,1079906,0,0,1584,0,0.000000,16384,1370,79906,4,1.000000,0.000000
29872,31922644159,1058822,0,0,1401,0,0.000000,16384,1285,58822,4,1.000000,0.000000
29873,31923673820,1029661,0,0,1506,0,0.000000,16384,1312,29661,4,1.000000,0.000000
29874,31924732856,1059036,0,0,1551,0,0.000000,16384,1409,59036,4,1.000000,0.000000
29875,31925794498,1061642,0,0,1539,0,0.000000,16384,1344,61642,4,1.000000,0.000000
29876,31926857902,1063404,0,0,1430,0,0.000000,16384,1289,63404,4,1.000000,0.000000
29877,31927920916,1063014,0,0,1556,0,0.000000,16384,1381,63014,4,1.000000,0.000000
29878,31928980002,1059086,0,0,1576,0,0.000000,16384,1137,59086,4,1.000000,0.000000
29879,31930039296,1059294,0,0,1574,0,0.000000,16384,1118,59294,4,1.000000,0.000000
29880,31931102880,1063584,0,0,1494,0,0.000000,16384,1064,63584,4,1.000000,0.000000
29881,31932192794,1089914,0,0,1532,0,0.000000,16384,1088,89914,4,1.000000,0.000000
29882,31933258937,1066143,0,0,1522,0,0.000000,16384,1082,66143,4,1.000000,0.000000
29883,31934326941,1068004,0,0,1468,0,0.000000,16384,1046,68004,4,1.000000,0.000000
29884,31935399618,1072677,0,0,1429,0,0.000000,16384,1017,72677,4,1.000000,0.000000
29885,31936470469,1070851,0,0,1302,0,0.000000,16384,926,70851,4,1.000000,0.000000
29886,31937533133,1062664,0,0,1505,0,0.000000,16384,1069,62664,4,1.000000,0.000000
29887,31938599054,1065921,0,0,1456,0,0.000000,16384,1029,65921,4,1.000000,0.000000
29888,31939672801,1073747,0,0,1518,0,0.000000,16384,1107,73747,4,1.000000,0.000000
29889,31940734728,1061927,0,0,1508,0,0.000000,16384,1254,61927,4,1.000000,0.000000
29890,31941799256,1064528,0,0,1509,0,0.000000,16384,1341,64528,4,1.000000,0.000000
29891,31942889701,1090445,0,0,1459,0,0.000000,16384,1063,90445,4,1.000000,0.000000
29892,31943952234,1062533,0,0,1485,0,0.000000,16384,1230,62533,4,1.000000,0.000000
29893,31945014864,1062630,0,0,1485,0,0.000000,16384,1326,62630,4,1.000000,0.000000
29894,31946077188,1062324,0,0,1500,0,0.000000,16384,1096,62324,4,1.000000,0.000000
29895,31947124440,1047252,0,0,1444,0,0.000000,16384,1190,47252,4,1.000000,0.000000
29896,31948188921,1064481,0,0,1496,0,0.000000,16384,1343,64481,4,1.000000,0.000000
29897,31949223601,1034680,0,0,1265,0,0.000000,16384,930,34680,4,1.000000,0.000000
29898,31950242083,1018482,0,0,1438,0,0.000000,16384,1135,18482,4,1.000000,0.000000
29899,31951309765,1067682,0,0,1414,0,0.000000,16384,1247,67682,4,1.000000,0.000000
29900,31952611365,1301600,0,0,1743,0,0.000000,16384,1359,301600,4,1.000000,0.000000
29901,31953687989,1076624,0,0,1424,0,0.000000,16384,1132,76624,4,1.000000,0.000000
29902,31954754608,1066619,0,0,1490,0,0.000000,16384,1336,66619,4,1.000000,0.000000
29903,31955820486,1065878,0,0,1513,0,0.000000,16384,1153,65878,4,1.000000,0.000000
29904,31956881172,1060686,0,0,1512,0,0.000000,16384,1206,60686,4,1.000000,0.000000
29905,31957948187,1067015,0,0,1494,0,0.000000,16384,1342,67015,4,1.000000,0.000000
29906,31959015613,1067426,0,0,1484,0,0.000000,16384,1119,67426,4,1.000000,0.000000
29907,31960079462,1063849,0,0,1526,0,0.000000,16384,1225,63849,4,1.000000,0.000000
29908,31961140139,1060677,0,0,1509,0,0.000000,16384,1357,60677,4,1.000000,0.000000
29909,31962679928,1539789,0,0,1903,0,0.000000,16384,1405,539789,4,1.000000,0.000000
29910,31963751429,1071501,0,0,1386,0,0.000000,16384,1200,71501,4,1.000000,0.000000
29911,31964864237,1112808,0,0,1485,0,0.000000,16384,1303,112808,4,1.000000,0.000000
29912,31965938856,1074619,0,0,1387,0,0.000000,16384,997,74619,4,1.000000,0.000000
29913,31968729914,2791058,0,0,3586,0,0.000000,16384,3022,1791058,4,1.000000,0.000000
29914,31969807951,1078037,0,0,1450,0,0.000000,16384,1044,78037,4,1.000000,0.000000
29915,31970890766,1082815,0,0,1356,0,0.000000,16384,1204,82815,4,1.000000,0.000000
29916,31971971378,1080612,0,0,1405,0,0.000000,16384,1218,80612,4,1.000000,0.000000
29917,31973045706,1074328,0,0,1482,0,0.000000,16384,1059,74328,4,1.000000,0.000000
29918,31974168234,1122528,0,0,1511,0,0.000000,16384,1311,122528,4,1.000000,0.000000
29919,31975248225,1079991,0,0,1429,0,0.000000,16384,1249,79991,4,1.000000,0.000000
29920,31976322800,1074575,0,0,1216,0,0.000000,16384,868,74575,4,1.000000,0.000000
29921,31977420683,1097883,0,0,1499,0,0.000000,16384,1276,97883,4,1.000000,0.000000
29922,31979192129,1771446,0,0,2341,0,0.000000,16384,1926,771446,4,1.000000,0.000000
29923,31980270750,1078621,0,0,1450,0,0.000000,16384,1124,78621,4,1.000000,0.000000
29924,31981343731,1072981,0,0,1476,0,0.000000,16384,1296,72981,4,1.000000,0.000000
29925,31983805767,2462036,0,0,3286,0,0.000000,16384,2589,1462036,4,1.000000,0.000000
29926,31990601864,6796097,0,0,8876,0,0.000000,16384,7254,5796097,4,1.000000,0.000000
29927,31991863348,1261484,0,0,1647,0,0.000000,16384,1464,261484,4,1.000000,0.000000
29928,31992932280,1068932,0,0,1408,0,0.000000,16384,1066,68932,4,1.000000,0.000000
29929,31993999834,1067554,0,0,1419,0,0.000000,16384,1120,67554,4,1.000000,0.000000
29930,31995076060,1076226,0,0,1403,0,0.000000,16384,1238,76226,4,1.000000,0.000000
29931,31996181734,1105674,0,0,1502,0,0.000000,16384,1190,105674,4,1.000000,0.000000
29932,31997252267,1070533,0,0,1461,0,0.000000,16384,1141,70533,4,1.000000,0.000000
29933,31998389585,1137318,0,0,1553,0,0.000000,16384,1358,137318,4,1.000000,0.000000
29934,31999414641,1025056,0,0,1337,0,0.000000,16384,1068,25056,4,1.000000,0.000000
29935,32000496336,1081695,0,0,1350,0,0.000000,16384,1020,81695,4,1.000000,0.000000
29936,32001582624,1086288,0,0,1355,0,0.000000,16384,1203,86288,4,1.000000,0.000000
29937,32002656212,1073588,0,0,1204,0,0.000000,16384,1030,73588,4,1.000000,0.000000
29938,32003682391,1026179,0,0,1428,0,0.000000,16384,1020,26179,4,1.000000,0.000000
29939,32004754659,1072268,0,0,1345,0,0.000000,16384,1169,72268,4,1.000000,0.000000
29940,32005823541,1068882,0,0,1364,0,0.000000,16384,1207,68882,4,1.000000,0.000000
29941,32006917796,1094255,0,0,1507,0,0.000000,16384,1093,94255,4,1.000000,0.000000
29942,32007986295,1068499,0,0,1405,0,0.000000,16384,1174,68499,4,1.000000,0.000000
29943,32009690288,1703993,0,0,2227,0,0.000000,16384,1881,703993,4,1.000000,0.000000
29944,32010766256,1075968,0,0,1436,0,0.000000,16384,1039,75968,4,1.000000,0.000000
29945,32011838232,1071976,0,0,1415,0,0.000000,16384,1264,71976,4,1.000000,0.000000
29946,32012906994,1068762,0,0,1407,0,0.000000,16384,1197,68762,4,1.000000,0.000000
29947,32014005947,1098953,0,0,1564,0,0.000000,16384,1118,98953,4,1.000000,0.000000
29948,32015194577,1188630,0,0,1605,0,0.000000,16384,1443,188630,4,1.000000,0.000000
29949,32016391591,1197014,0,0,1399,0,0.000000,16384,1162,197014,4,1.000000,0.000000
29950,32017462540,1070949,0,0,1514,0,0.000000,16384,1085,70949,4,1.000000,0.000000
29951,32018556185,1093645,0,0,1526,0,0.000000,16384,1374,93645,4,1.000000,0.000000
29952,32019619440,1063255,0,0,1461,0,0.000000,16384,1215,63255,4,1.000000,0.000000
29953,32020684620,1065180,0,0,1536,0,0.000000,16384,1116,65180,4,1.000000,0.000000
29954,32021745640,1061020,0,0,1499,0,0.000000,16384,1347,61020,4,1.000000,0.000000
29955,32022862418,1116778,0,0,1507,0,0.000000,16384,1241,116778,4,1.000000,0.000000
29956,32023946175,1083757,0,0,1342,0,0.000000,16384,958,83757,4,1.000000,0.000000
29957,32025084434,1138259,0,0,1524,0,0.000000,16384,1356,138259,4,1.000000,0.000000
29958,32026160788,1076354,0,0,1445,0,0.000000,16384,1225,76354,4,1.000000,0.000000
29959,32027243626,1082838,0,0,1395,0,0.000000,16384,997,82838,4,1.000000,0.000000
29960,32028327277,1083651,0,0,1386,0,0.000000,16384,1213,83651,4,1.000000,0.000000
29961,32029457831,1130554,0,0,1202,0,0.000000,16384,1077,130554,4,1.000000,0.000000
29962,32030589643,1131812,0,0,1485,0,0.000000,16384,1078,131812,4,1.000000,0.000000
29963,32031818367,1228724,0,0,1652,0,0.000000,16384,1392,228724,4,1.000000,0.000000
29964,32033008289,1189922,0,0,1577,0,0.000000,16384,1374,189922,4,1.000000,0.000000
29965,32034081913,1073624,0,0,1508,0,0.000000,16384,1077,73624,4,1.000000,0.000000
29966,32035145819,1063906,0,0,1601,0,0.000000,16384,1374,63906,4,1.000000,0.000000
29967,32036204180,1058361,0,0,1722,0,0.000000,16384,1459,58361,4,1.000000,0.000000
29968,32037262516,1058336,0,0,1754,0,0.000000,16384,1341,58336,4,1.000000,0.000000
29969,32038323450,1060934,0,0,1602,0,0.000000,16384,1396,60934,4,1.000000,0.000000
29970,32039384608,1061158,0,0,1638,0,0.000000,16384,1290,61158,4,1.000000,0.000000
29971,32040470938,1086330,0,0,1605,0,0.000000,16384,1265,86330,4,1.000000,0.000000
29972,32041532430,1061492,0,0,1634,0,0.000000,16384,1482,61492,4,1.000000,0.000000
29973,32042591669,1059239,0,0,1617,0,0.000000,16384,1181,59239,4,1.000000,0.000000
29974,32043649657,1057988,0,0,1804,0,0.000000,16384,1515,57988,4,1.000000,0.000000
29975,32044678811,1029154,0,0,1550,0,0.000000,16384,1335,29154,4,1.000000,0.000000
29976,32045750909,1072098,0,0,1469,0,0.000000,16384,1049,72098,4,1.000000,0.000000
29977,32046822219,1071310,0,0,1488,0,0.000000,16384,1293,71310,4,1.000000,0.000000
29978,32047891338,1069119,0,0,1534,0,0.000000,16384,1325,69119,4,1.000000,0.000000
29979,32048921279,1029941,0,0,1535,0,0.000000,16384,1097,29941,4,1.000000,0.000000
29980,32049984461,1063182,0,0,1545,0,0.000000,16384,1363,63182,4,1.000000,0.000000
29981,32051068937,1084476,0,0,1596,0,0.000000,16384,1340,84476,4,1.000000,0.000000
29982,32052126210,1057273,0,0,1579,0,0.000000,16384,1169,57273,4,1.000000,0.000000
29983,32053183796,1057586,0,0,1554,0,0.000000,16384,1391,57586,4,1.000000,0.000000
29984,32054241824,1058028,0,0,1563,0,0.000000,16384,1254,58028,4,1.000000,0.000000
29985,32055300091,1058267,0,0,1577,0,0.000000,16384,1219,58267,4,1.000000,0.000000
29986,32056357211,1057120,0,0,1556,0,0.000000,16384,1359,57120,4,1.000000,0.000000
29987,32057415338,1058127,0,0,1569,0,0.000000,16384,1240,58127,4,1.000000,0.000000
29988,32058474040,1058702,0,0,1558,0,0.000000,16384,1223,58702,4,1.000000,0.000000
29989,32059535605,1061565,0,0,1700,0,0.000000,16384,1527,61565,4,1.000000,0.000000
29990,32060596249,1060644,0,0,1643,0,0.000000,16384,1210,60644,4,1.000000,0.000000
29991,32061672229,1075980,0,0,1572,0,0.000000,16384,1329,75980,4,1.000000,0.000000
29992,32062736212,1063983,0,0,1513,0,0.000000,16384,1326,63983,4,1.000000,0.000000
29993,32063801652,1065440,0,0,1551,0,0.000000,16384,1116,65440,4,1.000000,0.000000
29994,32064869534,1067882,0,0,1444,0,0.000000,16384,1241,67882,4,1.000000,0.000000
29995,32065937088,1067554,0,0,1465,0,0.000000,16384,1287,67554,4,1.000000,0.000000
29996,32066998559,1061471,0,0,1537,0,0.000000,16384,1107,61471,4,1.000000,0.000000
29997,32068063197,1064638,0,0,1520,0,0.000000,16384,1300,64638,4,1.000000,0.000000
29998,32069124459,1061262,0,0,1378,0,0.000000,16384,1218,61262,4,1.000000,0.000000
29999,32070185749,1061290,0,0,1565,0,0.000000,16384,1130,61290,4,1.000000,0.000000
30000,32071244583,1058834,0,0,1553,0,0.000000,16384,1325,58834,4,1.000000,0.000000
30001,32072330121,1085538,0,0,1593,0,0.000000,16384,1381,85538,4,1.000000,0.000000
30002,32073388702,1058581,0,0,1588,0,0.000000,16384,1134,58581,4,1.000000,0.000000
30003,32074446825,1058123,0,0,1556,0,0.000000,16384,1359,58123,4,1.000000,0.000000
30004,32075506403,1059578,0,0,1574,0,0.000000,16384,1337,59578,4,1.000000,0.000000
30005,32076563952,1057549,0,0,1685,0,0.000000,16384,1257,57549,4,1.000000,0.000000
30006,32077624442,1060490,0,0,1623,0,0.000000,16384,1437,60490,4,1.000000,0.000000
30007,32078683649,1059207,0,0,1502,0,0.000000,16384,1199,59207,4,1.000000,0.000000
30008,32079748250,1064601,0,0,1558,0,0.000000,16384,1209,64601,4,1.000000,0.000000
30009,32080808380,1060130,0,0,1556,0,0.000000,16384,1361,60130,4,1.000000,0.000000
30010,32081866929,1058549,0,0,1570,0,0.000000,16384,1237,58549,4,1.000000,0.000000
30011,32082956608,1089679,0,0,1617,0,0.000000,16384,1271,89679,4,1.000000,0.000000
30012,32084015323,1058715,0,0,1559,0,0.000000,16384,1407,58715,4,1.000000,0.000000
30013,32085073945,1058622,0,0,1566,0,0.000000,16384,1168,58622,4,1.000000,0.000000
30014,32086131650,1057705,0,0,1567,0,0.000000,16384,1299,57705,4,1.000000,0.000000
30015,32087188743,1057093,0,0,1567,0,0.000000,16384,1385,57093,4,1.000000,0.000000
30016,32088245141,1056398,0,0,1630,0,0.000000,16384,1177,56398,4,1.000000,0.000000
30017,32089301643,1056502,0,0,1818,0,0.000000,16384,1559,56502,4,1.000000,0.000000
30018,32090357244,1055601,0,0,1830,0,0.000000,16384,1508,55601,4,1.000000,0.000000
30019,32091413329,1056085,0,0,1842,0,0.000000,16384,1431,56085,4,1.000000,0.000000
30020,32092470810,1057481,0,0,1802,0,0.000000,16384,1609,57481,4,1.000000,0.000000
30021,32093535336,1064526,0,0,1850,0,0.000000,16384,1339,64526,4,1.000000,0.000000
30022,32094624643,1089307,0,0,1842,0,0.000000,16384,1635,89307,4,1.000000,0.000000
30023,32095708610,1083967,0,0,1713,0,0.000000,16384,1363,83967,4,1.000000,0.000000
30024,32096773593,1064983,0,0,1646,0,0.000000,16384,1283,64983,4,1.000000,0.000000
30025,32097839170,1065577,0,0,1651,0,0.000000,16384,1472,65577,4,1.000000,0.000000
30026,32098874122,1034952,0,0,1636,0,0.000000,16384,1228,34952,4,1.000000,0.000000
30027,32099934989,1060867,0,0,1662,0,0.000000,16384,1394,60867,4,1.000000,0.000000
30028,32100993452,1058463,0,0,1771,0,0.000000,16384,1519,58463,4,1.000000,0.000000
30029,32102050790,1057338,0,0,1677,0,0.000000,16384,1197,57338,4,1.000000,0.000000
30030,32103106143,1055353,0,0,1802,0,0.000000,16384,1618,55353,4,1.000000,0.000000
30031,32104176481,1070338,0,0,1851,0,0.000000,16384,1451,70338,4,1.000000,0.000000
30032,32105234265,1057784,0,0,1749,0,0.000000,16384,1439,57784,4,1.000000,0.000000
30033,32106290574,1056309,0,0,1764,0,0.000000,16384,1530,56309,4,1.000000,0.000000
30034,32107346513,1055939,0,0,1849,0,0.000000,16384,1341,55939,4,1.000000,0.000000
30035,32108403716,1057203,0,0,1804,0,0.000000,16384,1605,57203,4,1.000000,0.000000
30036,32109460877,1057161,0,0,1622,0,0.000000,16384,1281,57161,4,1.000000,0.000000
30037,32110518647,1057770,0,0,1721,0,0.000000,16384,1366,57770,4,1.000000,0.000000
30038,32111576521,1057874,0,0,1776,0,0.000000,16384,1582,57874,4,1.000000,0.000000
30039,32112633271,1056750,0,0,1839,0,0.000000,16384,1322,56750,4,1.000000,0.000000
30040,32113672406,1039135,0,0,1636,0,0.000000,16384,1454,39135,4,1.000000,0.000000
30041,32114740031,1067625,0,0,1835,0,0.000000,16384,1485,67625,4,1.000000,0.000000
30042,32115796044,1056013,0,0,1831,0,0.000000,16384,1439,56013,4,1.000000,0.000000
30043,32116852419,1056375,0,0,1825,0,0.000000,16384,1626,56375,4,1.000000,0.000000
30044,32117908749,1056330,0,0,1842,0,0.000000,16384,1322,56330,4,1.000000,0.000000
30045,32118967191,1058442,0,0,1819,0,0.000000,16384,1625,58442,4,1.000000,0.000000
30046,32120026397,1059206,0,0,1633,0,0.000000,16384,1300,59206,4,1.000000,0.000000
30047,32121096214,1069817,0,0,1510,0,0.000000,16384,1175,69817,4,1.000000,0.000000
30048,32122160078,1063864,0,0,1580,0,0.000000,16384,1377,63864,4,1.000000,0.000000
30049,32123220218,1060140,0,0,1678,0,0.000000,16384,1314,60140,4,1.000000,0.000000
30050,32124278610,1058392,0,0,1745,0,0.000000,16384,1439,58392,4,1.000000,0.000000
30051,32125356459,1077849,0,0,1833,0,0.000000,16384,1574,77849,4,1.000000,0.000000
30052,32126417657,1061198,0,0,1725,0,0.000000,16384,1242,61198,4,1.000000,0.000000
30053,32127474809,1057152,0,0,1814,0,0.000000,16384,1622,57152,4,1.000000,0.000000
30054,32128586861,1112052,0,0,1662,0,0.000000,16384,1312,112052,4,1.000000,0.000000
30055,32129650365,1063504,0,0,1673,0,0.000000,16384,1320,63504,4,1.000000,0.000000
30056,32130708558,1058193,0,0,1797,0,0.000000,16384,1607,58193,4,1.000000,0.000000
30057,32131773768,1065210,0,0,1801,0,0.000000,16384,1298,65210,4,1.000000,0.000000
30058,32132836223,1062455,0,0,1667,0,0.000000,16384,1467,62455,4,1.000000,0.000000
30059,32133898681,1062458,0,0,1758,0,0.000000,16384,1438,62458,4,1.000000,0.000000
30060,32134958280,1059599,0,0,1682,0,0.000000,16384,1303,59599,4,1.000000,0.000000
30061,32136042333,1084053,0,0,1699,0,0.000000,16384,1504,84053,4,1.000000,0.000000
30062,32137099940,1057607,0,0,1668,0,0.000000,16384,1254,57607,4,1.000000,0.000000
30063,32138160220,1060280,0,0,1627,0,0.000000,16384,1368,60280,4,1.000000,0.000000
30064,32139220717,1060497,0,0,1705,0,0.000000,16384,1472,60497,4,1.000000,0.000000
30065,32140280683,1059966,0,0,1760,0,0.000000,16384,1258,59966,4,1.000000,0.000000
30066,32141336797,1056114,0,0,1816,0,0.000000,16384,1627,56114,4,1.000000,0.000000
30067,32142393583,1056786,0,0,1829,0,0.000000,16384,1435,56786,4,1.000000,0.000000
30068,32143450834,1057251,0,0,1830,0,0.000000,16384,1513,57251,4,1.000000,0.000000
30069,32144508313,1057479,0,0,1688,0,0.000000,16384,1460,57479,4,1.000000,0.000000
30070,32145569673,1061360,0,0,1632,0,0.000000,16384,1166,61360,4,1.000000,0.000000
30071,32146643117,1073444,0,0,1742,0,0.000000,16384,1542,73444,4,1.000000,0.000000
30072,32147670913,1027796,0,0,1757,0,0.000000,16384,1416,27796,4,1.000000,0.000000
30073,32148728472,1057559,0,0,1827,0,0.000000,16384,1426,57559,4,1.000000,0.000000
30074,32149787143,1058671,0,0,1554,0,0.000000,16384,1402,58671,4,1.000000,0.000000
30075,32150846393,1059250,0,0,1756,0,0.000000,16384,1300,59250,4,1.000000,0.000000
30076,32151905150,1058757,0,0,1670,0,0.000000,16384,1414,58757,4,1.000000,0.000000
30077,32152961652,1056502,0,0,1697,0,0.000000,16384,1451,56502,4,1.000000,0.000000
30078,32154017199,1055547,0,0,1828,0,0.000000,16384,1378,55547,4,1.000000,0.000000
30079,32155073368,1056169,0,0,1805,0,0.000000,16384,1576,56169,4,1.000000,0.000000
30080,32156129788,1056420,0,0,1823,0,0.000000,16384,1402,56420,4,1.000000,0.000000
30081,32157195030,1065242,0,0,1837,0,0.000000,16384,1538,65242,4,1.000000,0.000000
30082,32158253407,1058377,0,0,1813,0,0.000000,16384,1530,58377,4,1.000000,0.000000
30083,32159406128,1152721,0,0,1914,0,0.000000,16384,1470,152721,4,1.000000,0.000000
30084,32160465625,1059497,0,0,1764,0,0.000000,16384,1576,59497,4,1.000000,0.000000
30085,32161523056,1057431,0,0,1827,0,0.000000,16384,1345,57431,4,1.000000,0.000000
30086,32162580984,1057928,0,0,1784,0,0.000000,16384,1524,57928,4,1.000000,0.000000
30087,32163638126,1057142,0,0,1811,0,0.000000,16384,1503,57142,4,1.000000,0.000000
30088,32164671005,1032879,0,0,1792,0,0.000000,16384,1386,32879,4,1.000000,0.000000
30089,32165727995,1056990,0,0,1803,0,0.000000,16384,1617,56990,4,1.000000,0.000000
30090,32166787942,1059947,0,0,1829,0,0.000000,16384,1330,59947,4,1.000000,0.000000
30091,32167859066,1071124,0,0,1831,0,0.000000,16384,1594,71124,4,1.000000,0.000000
30092,32168917802,1058736,0,0,1833,0,0.000000,16384,1483,58736,4,1.000000,0.000000
30093,32169974606,1056804,0,0,1839,0,0.000000,16384,1447,56804,4,1.000000,0.000000
30094,32171031132,1056526,0,0,1824,0,0.000000,16384,1623,56526,4,1.000000,0.000000
30095,32172087226,1056094,0,0,1850,0,0.000000,16384,1327,56094,4,1.000000,0.000000
30096,32173142870,1055644,0,0,1783,0,0.000000,16384,1598,55644,4,1.000000,0.000000
30097,32174198750,1055880,0,0,1835,0,0.000000,16384,1446,55880,4,1.000000,0.000000
30098,32175255783,1057033,0,0,1838,0,0.000000,16384,1500,57033,4,1.000000,0.000000
30099,32176316056,1060273,0,0,1795,0,0.000000,16384,1555,60273,4,1.000000,0.000000
30100,32177376936,1060880,0,0,1859,0,0.000000,16384,1357,60880,4,1.000000,0.000000
30101,32178444013,1067077,0,0,1835,0,0.000000,16384,1624,67077,4,1.000000,0.000000
30102,32179503443,1059430,0,0,1766,0,0.000000,16384,1374,59430,4,1.000000,0.000000
30103,32180561806,1058363,0,0,1835,0,0.000000,16384,1520,58363,4,1.000000,0.000000
30104,32181619410,1057604,0,0,1813,0,0.000000,16384,1545,57604,4,1.000000,0.000000
30105,32182672005,1052595,0,0,1840,0,0.000000,16384,1384,52595,4,1.000000,0.000000
30106,32183729956,1057951,0,0,1814,0,0.000000,16384,1586,57951,4,1.000000,0.000000
30107,32184786653,1056697,0,0,1800,0,0.000000,16384,1385,56697,4,1.000000,0.000000
30108,32185842124,1055471,0,0,1830,0,0.000000,16384,1530,55471,4,1.000000,0.000000
30109,32186898308,1056184,0,0,1826,0,0.000000,16384,1540,56184,4,1.000000,0.000000
30110,32187954435,1056127,0,0,1845,0,0.000000,16384,1416,56127,4,1.000000,0.000000
30111,32189031403,1076968,0,0,1838,0,0.000000,16384,1631,76968,4,1.000000,0.000000
30112,32190087611,1056208,0,0,1842,0,0.000000,16384,1360,56208,4,1.000000,0.000000
30113,32191143754,1056143,0,0,1828,0,0.000000,16384,1569,56143,4,1.000000,0.000000
30114,32192200112,1056358,0,0,1750,0,0.000000,16384,1446,56358,4,1.000000,0.000000
30115,32193256315,1056203,0,0,1833,0,0.000000,16384,1419,56203,4,1.000000,0.000000
30116,32194312463,1056148,0,0,1813,0,0.000000,16384,1624,56148,4,1.000000,0.000000
30117,32195368804,1056341,0,0,1846,0,0.000000,16384,1338,56341,4,1.000000,0.000000
30118,32196424915,1056111,0,0,1827,0,0.000000,16384,1605,56111,4,1.000000,0.000000
30119,32197506529,1081614,0,0,1870,0,0.000000,16384,1497,81614,4,1.000000,0.000000
30120,32198597896,1091367,0,0,1863,0,0.000000,16384,1494,91367,4,1.000000,0.000000
30121,32199625988,1028092,0,0,1676,0,0.000000,16384,1484,28092,4,1.000000,0.000000
30122,32200674629,1048641,0,0,1631,0,0.000000,16384,1173,48641,4,1.000000,0.000000
30123,32201735133,1060504,0,0,1555,0,0.000000,16384,1336,60504,4,1.000000,0.000000
30124,32202795116,1059983,0,0,1657,0,0.000000,16384,1419,59983,4,1.000000,0.000000
30125,32203852949,1057833,0,0,1682,0,0.000000,16384,1230,57833,4,1.000000,0.000000
30126,32204909952,1057003,0,0,1638,0,0.000000,16384,1467,57003,4,1.000000,0.000000
30127,32205968574,1058622,0,0,1645,0,0.000000,16384,1308,58622,4,1.000000,0.000000
30128,32207026701,1058127,0,0,1680,0,0.000000,16384,1312,58127,4,1.000000,0.000000
30129,32208084864,1058163,0,0,1649,0,0.000000,16384,1479,58163,4,1.000000,0.000000
30130,32209143731,1058867,0,0,1698,0,0.000000,16384,1260,58867,4,1.000000,0.000000
30131,32210210123,1066392,0,0,1835,0,0.000000,16384,1540,66392,4,1.000000,0.000000
30132,32211265927,1055804,0,0,1815,0,0.000000,16384,1526,55804,4,1.000000,0.000000
30133,32212322148,1056221,0,0,1844,0,0.000000,16384,1420,56221,4,1.000000,0.000000
30134,32213378377,1056229,0,0,1820,0,0.000000,16384,1630,56229,4,1.000000,0.000000
30135,32214434930,1056553,0,0,1845,0,0.000000,16384,1345,56553,4,1.000000,0.000000
30136,32215490974,1056044,0,0,1809,0,0.000000,16384,1567,56044,4,1.000000,0.000000
30137,32216553307,1062333,0,0,1642,0,0.000000,16384,1357,62333,4,1.000000,0.000000
30138,32217613250,1059943,0,0,1706,0,0.000000,16384,1311,59943,4,1.000000,0.000000
30139,32218672074,1058824,0,0,1792,0,0.000000,16384,1578,58824,4,1.000000,0.000000
30140,32219731717,1059643,0,0,1737,0,0.000000,16384,1309,59643,4,1.000000,0.000000
30141,32220808052,1076335,0,0,1832,0,0.000000,16384,1536,76335,4,1.000000,0.000000
30142,32221866132,1058080,0,0,1788,0,0.000000,16384,1505,58080,4,1.000000,0.000000
30143,32222922986,1056854,0,0,1810,0,0.000000,16384,1387,56854,4,1.000000,0.000000
30144,32223978806,1055820,0,0,1801,0,0.000000,16384,1589,55820,4,1.000000,0.000000
30145,32225035284,1056478,0,0,1845,0,0.000000,16384,1381,56478,4,1.000000,0.000000
30146,32226096062,1060778,0,0,1820,0,0.000000,16384,1542,60778,4,1.000000,0.000000
30147,32227157449,1061387,0,0,1766,0,0.000000,16384,1479,61387,4,1.000000,0.000000
30148,32228217806,1060357,0,0,1625,0,0.000000,16384,1246,60357,4,1.000000,0.000000
30149,32229281705,1063899,0,0,1643,0,0.000000,16384,1431,63899,4,1.000000,0.000000
30150,32230340050,1058345,0,0,1821,0,0.000000,16384,1417,58345,4,1.000000,0.000000
30151,32231408143,1068093,0,0,1849,0,0.000000,16384,1538,68093,4,1.000000,0.000000
30152,32232466822,1058679,0,0,1822,0,0.000000,16384,1544,58679,4,1.000000,0.000000
30153,32233524446,1057624,0,0,1850,0,0.000000,16384,1412,57624,4,1.000000,0.000000
30154,32234584149,1059703,0,0,1667,0,0.000000,16384,1446,59703,4,1.000000,0.000000
30155,32235641776,1057627,0,0,1819,0,0.000000,16384,1413,57627,4,1.000000,0.000000
30156,32236670254,1028478,0,0,1785,0,0.000000,16384,1491,28478,4,1.000000,0.000000
30157,32237726509,1056255,0,0,1828,0,0.000000,16384,1549,56255,4,1.000000,0.000000
30158,32238782813,1056304,0,0,1849,0,0.000000,16384,1411,56304,4,1.000000,0.000000
30159,32239851211,1068398,0,0,1755,0,0.000000,16384,1536,68398,4,1.000000,0.000000
30160,32240913595,1062384,0,0,1633,0,0.000000,16384,1253,62384,4,1.000000,0.000000
30161,32241996236,1082641,0,0,1707,0,0.000000,16384,1421,82641,4,1.000000,0.000000
30162,32243057980,1061744,0,0,1767,0,0.000000,16384,1520,61744,4,1.000000,0.000000
30163,32244122209,1064229,0,0,1779,0,0.000000,16384,1284,64229,4,1.000000,0.000000
30164,32245169963,1047754,0,0,1649,0,0.000000,16384,1486,47754,4,1.000000,0.000000
30165,32246230515,1060552,0,0,1647,0,0.000000,16384,1314,60552,4,1.000000,0.000000
30166,32247288231,1057716,0,0,1682,0,0.000000,16384,1310,57716,4,1.000000,0.000000
30167,32248344412,1056181,0,0,1763,0,0.000000,16384,1585,56181,4,1.000000,0.000000
30168,32249400342,1055930,0,0,1733,0,0.000000,16384,1263,55930,4,1.000000,0.000000
30169,32250456786,1056444,0,0,1817,0,0.000000,16384,1545,56444,4,1.000000,0.000000
30170,32251512939,1056153,0,0,1832,0,0.000000,16384,1522,56153,4,1.000000,0.000000
30171,32252576548,1063609,0,0,1854,0,0.000000,16384,1437,63609,4,1.000000,0.000000
30172,32253632438,1055890,0,0,1807,0,0.000000,16384,1619,55890,4,1.000000,0.000000
30173,32254675601,1043163,0,0,1637,0,0.000000,16384,1187,43163,4,1.000000,0.000000
30174,32255735603,1060002,0,0,1742,0,0.000000,16384,1474,60002,4,1.000000,0.000000
30175,32256793673,1058070,0,0,1674,0,0.000000,16384,1425,58070,4,1.000000,0.000000
30176,32257852193,1058520,0,0,1740,0,0.000000,16384,1320,58520,4,1.000000,0.000000
30177,32258916473,1064280,0,0,1654,0,0.000000,16384,1446,64280,4,1.000000,0.000000
30178,32259976788,1060315,0,0,1639,0,0.000000,16384,1289,60315,4,1.000000,0.000000
30179,32261036744,1059956,0,0,1669,0,0.000000,16384,1333,59956,4,1.000000,0.000000
30180,32262096694,1059950,0,0,1591,0,0.000000,16384,1431,59950,4,1.000000,0.000000
30181,32263172170,1075476,0,0,1638,0,0.000000,16384,1194,75476,4,1.000000,0.000000
30182,32264230164,1057994,0,0,1673,0,0.000000,16384,1416,57994,4,1.000000,0.000000
30183,32265288194,1058030,0,0,1661,0,0.000000,16384,1420,58030,4,1.000000,0.000000
30184,32266346415,1058221,0,0,1623,0,0.000000,16384,1159,58221,4,1.000000,0.000000
30185,32267403977,1057562,0,0,1602,0,0.000000,16384,1450,57562,4,1.000000,0.000000
30186,32268459930,1055953,0,0,1682,0,0.000000,16384,1356,55953,4,1.000000,0.000000
30187,32269517205,1057275,0,0,1660,0,0.000000,16384,1287,57275,4,1.000000,0.000000
30188,32270781801,1264596,0,0,1943,0,0.000000,16384,1728,264596,4,1.000000,0.000000
30189,32271845977,1064176,0,0,1588,0,0.000000,16384,1151,64176,4,1.000000,0.000000
30190,32272905349,1059372,0,0,1585,0,0.000000,16384,1348,59372,4,1.000000,0.000000
30191,32273979804,1074455,0,0,1796,0,0.000000,16384,1528,74455,4,1.000000,0.000000
30192,32275042012,1062208,0,0,1840,0,0.000000,16384,1394,62208,4,1.000000,0.000000
30193,32276105132,1063120,0,0,1814,0,0.000000,16384,1585,63120,4,1.000000,0.000000
30194,32277166824,1061692,0,0,1845,0,0.000000,16384,1408,61692,4,1.000000,0.000000
30195,32278230065,1063241,0,0,1673,0,0.000000,16384,1411,63241,4,1.000000,0.000000
30196,32279292844,1062779,0,0,1708,0,0.000000,16384,1464,62779,4,1.000000,0.000000
30197,32280352044,1059200,0,0,1765,0,0.000000,16384,1301,59200,4,1.000000,0.000000
30198,32281411483,1059439,0,0,1699,0,0.000000,16384,1507,59439,4,1.000000,0.000000
30199,32282471511,1060028,0,0,1557,0,0.000000,16384,1237,60028,4,1.000000,0.000000
30200,32283531588,1060077,0,0,1673,0,0.000000,16384,1308,60077,4,1.000000,0.000000
30201,32284619562,1087974,0,0,1692,0,0.000000,16384,1523,87974,4,1.000000,0.000000
30202,32285738952,1119390,0,0,1898,0,0.000000,16384,1387,119390,4,1.000000,0.000000
30203,32286799920,1060968,0,0,1559,0,0.000000,16384,1343,60968,4,1.000000,0.000000
30204,32287857698,1057778,0,0,1821,0,0.000000,16384,1532,57778,4,1.000000,0.000000
30205,32288914719,1057021,0,0,1827,0,0.000000,16384,1405,57021,4,1.000000,0.000000
30206,32289971356,1056637,0,0,1814,0,0.000000,16384,1616,56637,4,1.000000,0.000000
30207,32291028657,1057301,0,0,1836,0,0.000000,16384,1350,57301,4,1.000000,0.000000
30208,32292090050,1061393,0,0,1802,0,0.000000,16384,1546,61393,4,1.000000,0.000000
30209,32293151500,1061450,0,0,1824,0,0.000000,16384,1504,61450,4,1.000000,0.000000
30210,32294208017,1056517,0,0,1842,0,0.000000,16384,1430,56517,4,1.000000,0.000000
30211,32295275356,1067339,0,0,1637,0,0.000000,16384,1475,67339,4,1.000000,0.000000
30212,32296333452,1058096,0,0,1757,0,0.000000,16384,1294,58096,4,1.000000,0.000000
30213,32297391778,1058326,0,0,1768,0,0.000000,16384,1493,58326,4,1.000000,0.000000
30214,32298449018,1057240,0,0,1766,0,0.000000,16384,1490,57240,4,1.000000,0.000000
30215,32299507414,1058396,0,0,1815,0,0.000000,16384,1395,58396,4,1.000000,0.000000
30216,32300567101,1059687,0,0,1590,0,0.000000,16384,1388,59687,4,1.000000,0.000000
30217,32301625849,1058748,0,0,1664,0,0.000000,16384,1298,58748,4,1.000000,0.000000
30218,32302672255,1046406,0,0,1645,0,0.000000,16384,1345,46406,4,1.000000,0.000000
30219,32303729302,1057047,0,0,1661,0,0.000000,16384,1467,57047,4,1.000000,0.000000
30220,32304787111,1057809,0,0,1829,0,0.000000,16384,1315,57809,4,1.000000,0.000000
30221,32305871602,1084491,0,0,1740,0,0.000000,16384,1554,84491,4,1.000000,0.000000
30222,32306934086,1062484,0,0,1671,0,0.000000,16384,1342,62484,4,1.000000,0.000000
30223,32307995854,1061768,0,0,1596,0,0.000000,16384,1237,61768,4,1.000000,0.000000
30224,32309055119,1059265,0,0,1700,0,0.000000,16384,1494,59265,4,1.000000,0.000000
30225,32310112777,1057658,0,0,1743,0,0.000000,16384,1323,57658,4,1.000000,0.000000
30226,32311169860,1057083,0,0,1773,0,0.000000,16384,1485,57083,4,1.000000,0.000000
30227,32312227258,1057398,0,0,1820,0,0.000000,16384,1542,57398,4,1.000000,0.000000
30228,32313283382,1056124,0,0,1824,0,0.000000,16384,1392,56124,4,1.000000,0.000000
30229,32314343688,1060306,0,0,1640,0,0.000000,16384,1427,60306,4,1.000000,0.000000
30230,32315402956,1059268,0,0,1743,0,0.000000,16384,1359,59268,4,1.000000,0.000000
30231,32316470330,1067374,0,0,1835,0,0.000000,16384,1522,67374,4,1.000000,0.000000
30232,32317528278,1057948,0,0,1821,0,0.000000,16384,1548,57948,4,1.000000,0.000000
30233,32318585256,1056978,0,0,1842,0,0.000000,16384,1393,56978,4,1.000000,0.000000
30234,32319640772,1055516,0,0,1777,0,0.000000,16384,1548,55516,4,1.000000,0.000000
30235,32320672324,1031552,0,0,1728,0,0.000000,16384,1339,31552,4,1.000000,0.000000
30236,32321825734,1153410,0,0,1926,0,0.000000,16384,1598,153410,4,1.000000,0.000000
30237,32322891557,1065823,0,0,1553,0,0.000000,16384,1346,65823,4,1.000000,0.000000
30238,32324006918,1115361,0,0,1875,0,0.000000,16384,1392,115361,4,1.000000,0.000000
30239,32325065323,1058405,0,0,1715,0,0.000000,16384,1511,58405,4,1.000000,0.000000
30240,32326126108,1060785,0,0,1761,0,0.000000,16384,1379,60785,4,1.000000,0.000000
30241,32327199804,1073696,0,0,1767,0,0.000000,16384,1459,73696,4,1.000000,0.000000
30242,32328265333,1065529,0,0,1659,0,0.000000,16384,1446,65529,4,1.000000,0.000000
30243,32329328311,1062978,0,0,1726,0,0.000000,16384,1234,62978,4,1.000000,0.000000
30244,32330390873,1062562,0,0,1572,0,0.000000,16384,1383,62562,4,1.000000,0.000000
30245,32331451625,1060752,0,0,1669,0,0.000000,16384,1391,60752,4,1.000000,0.000000
30246,32332502114,1050489,0,0,1744,0,0.000000,16384,1339,50489,4,1.000000,0.000000
30247,32333564006,1061892,0,0,1668,0,0.000000,16384,1457,61892,4,1.000000,0.000000
30248,32334624654,1060648,0,0,1660,0,0.000000,16384,1286,60648,4,1.000000,0.000000
30249,32335674325,1049671,0,0,1584,0,0.000000,16384,1291,49671,4,1.000000,0.000000
30250,32336739557,1065232,0,0,1549,0,0.000000,16384,1385,65232,4,1.000000,0.000000
30251,32337830087,1090530,0,0,1687,0,0.000000,16384,1227,90530,4,1.000000,0.000000
30252,32338888725,1058638,0,0,1664,0,0.000000,16384,1414,58638,4,1.000000,0.000000
30253,32339946587,1057862,0,0,1657,0,0.000000,16384,1418,57862,4,1.000000,0.000000
30254,32341006245,1059658,0,0,1602,0,0.000000,16384,1156,59658,4,1.000000,0.000000
30255,32342065587,1059342,0,0,1660,0,0.000000,16384,1496,59342,4,1.000000,0.000000
30256,32343123072,1057485,0,0,1673,0,0.000000,16384,1332,57485,4,1.000000,0.000000
30257,32344183034,1059962,0,0,1604,0,0.000000,16384,1250,59962,4,1.000000,0.000000
30258,32345240229,1057195,0,0,1575,0,0.000000,16384,1388,57195,4,1.000000,0.000000
30259,32346267692,1027463,0,0,1619,0,0.000000,16384,1249,27463,4,1.000000,0.000000
30260,32347326511,1058819,0,0,1561,0,0.000000,16384,1265,58819,4,1.000000,0.000000
30261,32348400454,1073943,0,0,1562,0,0.000000,16384,1401,73943,4,1.000000,0.000000
30262,32349460471,1060017,0,0,1545,0,0.000000,16384,1128,60017,4,1.000000,0.000000
30263,32350518529,1058058,0,0,1782,0,0.000000,16384,1495,58058,4,1.000000,0.000000
30264,32351574926,1056397,0,0,1777,0,0.000000,16384,1506,56397,4,1.000000,0.000000
30265,32352635048,1060122,0,0,1643,0,0.000000,16384,1219,60122,4,1.000000,0.000000
30266,32353671776,1036728,0,0,1755,0,0.000000,16384,1548,36728,4,1.000000,0.000000
30267,32354731101,1059325,0,0,1752,0,0.000000,16384,1366,59325,4,1.000000,0.000000
30268,32355788823,1057722,0,0,1827,0,0.000000,16384,1511,57722,4,1.000000,0.000000
30269,32356845658,1056835,0,0,1815,0,0.000000,16384,1549,56835,4,1.000000,0.000000
30270,32357901704,1056046,0,0,1814,0,0.000000,16384,1347,56046,4,1.000000,0.000000
30271,32358967206,1065502,0,0,1663,0,0.000000,16384,1472,65502,4,1.000000,0.000000
30272,32360026023,1058817,0,0,1675,0,0.000000,16384,1322,58817,4,1.000000,0.000000
30273,32361086887,1060864,0,0,1629,0,0.000000,16384,1279,60864,4,1.000000,0.000000
30274,32362147561,1060674,0,0,1668,0,0.000000,16384,1510,60674,4,1.000000,0.000000
30275,32363204881,1057320,0,0,1682,0,0.000000,16384,1226,57320,4,1.000000,0.000000
30276,32364262862,1057981,0,0,1660,0,0.000000,16384,1409,57981,4,1.000000,0.000000
30277,32365321117,1058255,0,0,1802,0,0.000000,16384,1524,58255,4,1.000000,0.000000
30278,32366378543,1057426,0,0,1840,0,0.000000,16384,1408,57426,4,1.000000,0.000000
30279,32367435441,1056898,0,0,1826,0,0.000000,16384,1613,56898,4,1.000000,0.000000
30280,32368492519,1057078,0,0,1848,0,0.000000,16384,1377,57078,4,1.000000,0.000000
30281,32369559023,1066504,0,0,1829,0,0.000000,16384,1558,66504,4,1.000000,0.000000
30282,32370614754,1055731,0,0,1777,0,0.000000,16384,1477,55731,4,1.000000,0.000000
30283,32371670863,1056109,0,0,1770,0,0.000000,16384,1367,56109,4,1.000000,0.000000
30284,32372727521,1056658,0,0,1826,0,0.000000,16384,1635,56658,4,1.000000,0.000000
30285,32373783571,1056050,0,0,1828,0,0.000000,16384,1331,56050,4,1.000000,0.000000
30286,32374839767,1056196,0,0,1829,0,0.000000,16384,1584,56196,4,1.000000,0.000000
30287,32375896738,1056971,0,0,1722,0,0.000000,16384,1412,56971,4,1.000000,0.000000
30288,32376952855,1056117,0,0,1838,0,0.000000,16384,1425,56117,4,1.000000,0.000000
30289,32378009877,1057022,0,0,1670,0,0.000000,16384,1499,57022,4,1.000000,0.000000
30290,32379067695,1057818,0,0,1725,0,0.000000,16384,1274,57818,4,1.000000,0.000000
30291,32380130212,1062517,0,0,1771,0,0.000000,16384,1494,62517,4,1.000000,0.000000
30292,32381189248,1059036,0,0,1701,0,0.000000,16384,1445,59036,4,1.000000,0.000000
30293,32382246966,1057718,0,0,1840,0,0.000000,16384,1406,57718,4,1.000000,0.000000
30294,32383302539,1055573,0,0,1722,0,0.000000,16384,1504,55573,4,1.000000,0.000000
30295,32384359301,1056762,0,0,1844,0,0.000000,16384,1411,56762,4,1.000000,0.000000
30296,32385416441,1057140,0,0,1833,0,0.000000,16384,1538,57140,4,1.000000,0.000000
30297,32386473946,1057505,0,0,1814,0,0.000000,16384,1526,57505,4,1.000000,0.000000
30298,32387530352,1056406,0,0,1826,0,0.000000,16384,1405,56406,4,1.000000,0.000000
30299,32388586718,1056366,0,0,1822,0,0.000000,16384,1623,56366,4,1.000000,0.000000
30300,32389642449,1055731,0,0,1842,0,0.000000,16384,1354,55731,4,1.000000,0.000000
30301,32390671063,1028614,0,0,1773,0,0.000000,16384,1519,28614,4,1.000000,0.000000
30302,32391727462,1056399,0,0,1831,0,0.000000,16384,1515,56399,4,1.000000,0.000000
30303,32392785305,1057843,0,0,1841,0,0.000000,16384,1428,57843,4,1.000000,0.000000
30304,32393841905,1056600,0,0,1821,0,0.000000,16384,1630,56600,4,1.000000,0.000000
30305,32394898147,1056242,0,0,1834,0,0.000000,16384,1326,56242,4,1.000000,0.000000
30306,32395954075,1055928,0,0,1782,0,0.000000,16384,1574,55928,4,1.000000,0.000000
30307,32397010135,1056060,0,0,1782,0,0.000000,16384,1427,56060,4,1.000000,0.000000
30308,32398066035,1055900,0,0,1840,0,0.000000,16384,1447,55900,4,1.000000,0.000000
30309,32399121751,1055716,0,0,1822,0,0.000000,16384,1622,55716,4,1.000000,0.000000
30310,32400177414,1055663,0,0,1833,0,0.000000,16384,1315,55663,4,1.000000,0.000000
30311,32401240531,1063117,0,0,1734,0,0.000000,16384,1558,63117,4,1.000000,0.000000
30312,32402297080,1056549,0,0,1830,0,0.000000,16384,1448,56549,4,1.000000,0.000000
30313,32403353582,1056502,0,0,1829,0,0.000000,16384,1469,56502,4,1.000000,0.000000
30314,32404410165,1056583,0,0,1822,0,0.000000,16384,1600,56583,4,1.000000,0.000000
30315,32405466581,1056416,0,0,1851,0,0.000000,16384,1331,56416,4,1.000000,0.000000
30316,32406523229,1056648,0,0,1809,0,0.000000,16384,1616,56648,4,1.000000,0.000000
30317,32407579140,1055911,0,0,1837,0,0.000000,16384,1437,55911,4,1.000000,0.000000
30318,32408635389,1056249,0,0,1741,0,0.000000,16384,1440,56249,4,1.000000,0.000000
30319,32409673394,1038005,0,0,1622,0,0.000000,16384,1417,38005,4,1.000000,0.000000
30320,32410731450,1058056,0,0,1829,0,0.000000,16384,1311,58056,4,1.000000,0.000000
30321,32411799837,1068387,0,0,1832,0,0.000000,16384,1636,68387,4,1.000000,0.000000
30322,32412856298,1056461,0,0,1817,0,0.000000,16384,1430,56461,4,1.000000,0.000000
30323,32413912498,1056200,0,0,1829,0,0.000000,16384,1499,56200,4,1.000000,0.000000
30324,32414967901,1055403,0,0,1812,0,0.000000,16384,1561,55403,4,1.000000,0.000000
30325,32416023489,1055588,0,0,1842,0,0.000000,16384,1351,55588,4,1.000000,0.000000
30326,32417079619,1056130,0,0,1698,0,0.000000,16384,1509,56130,4,1.000000,0.000000
30327,32418135490,1055871,0,0,1833,0,0.000000,16384,1438,55871,4,1.000000,0.000000
30328,32419191284,1055794,0,0,1826,0,0.000000,16384,1509,55794,4,1.000000,0.000000
30329,32420247982,1056698,0,0,1802,0,0.000000,16384,1541,56698,4,1.000000,0.000000
30330,32421305187,1057205,0,0,1767,0,0.000000,16384,1293,57205,4,1.000000,0.000000
30331,32422369511,1064324,0,0,1732,0,0.000000,16384,1541,64324,4,1.000000,0.000000
30332,32423426793,1057282,0,0,1838,0,0.000000,16384,1437,57282,4,1.000000,0.000000
30333,32424483237,1056444,0,0,1836,0,0.000000,16384,1520,56444,4,1.000000,0.000000
30334,32425539655,1056418,0,0,1824,0,0.000000,16384,1554,56418,4,1.000000,0.000000
30335,32426596189,1056534,0,0,1808,0,0.000000,16384,1349,56534,4,1.000000,0.000000
30336,32427651806,1055617,0,0,1808,0,0.000000,16384,1581,55617,4,1.000000,0.000000
30337,32428671514,1019708,0,0,1674,0,0.000000,16384,1308,19708,4,1.000000,0.000000
30338,32429727892,1056378,0,0,1834,0,0.000000,16384,1519,56378,4,1.000000,0.000000
30339,32430788077,1060185,0,0,1609,0,0.000000,16384,1402,60185,4,1.000000,0.000000
30340,32431848594,1060517,0,0,1847,0,0.000000,16384,1327,60517,4,1.000000,0.000000
30341,32432914323,1065729,0,0,1810,0,0.000000,16384,1618,65729,4,1.000000,0.000000
30342,32433970599,1056276,0,0,1793,0,0.000000,16384,1405,56276,4,1.000000,0.000000
30343,32435030719,1060120,0,0,1618,0,0.000000,16384,1304,60120,4,1.000000,0.000000
30344,32436090352,1059633,0,0,1750,0,0.000000,16384,1554,59633,4,1.000000,0.000000
30345,32437147006,1056654,0,0,1850,0,0.000000,16384,1329,56654,4,1.000000,0.000000
30346,32438202953,1055947,0,0,1825,0,0.000000,16384,1629,55947,4,1.000000,0.000000
30347,32439259366,1056413,0,0,1814,0,0.000000,16384,1426,56413,4,1.000000,0.000000
30348,32440314905,1055539,0,0,1834,0,0.000000,16384,1494,55539,4,1.000000,0.000000
30349,32441373068,1058163,0,0,1750,0,0.000000,16384,1527,58163,4,1.000000,0.000000
30350,32442430880,1057812,0,0,1853,0,0.000000,16384,1334,57812,4,1.000000,0.000000
30351,32443507338,1076458,0,0,1844,0,0.000000,16384,1644,76458,4,1.000000,0.000000
30352,32444564916,1057578,0,0,1840,0,0.000000,16384,1436,57578,4,1.000000,0.000000
30353,32445621881,1056965,0,0,1836,0,0.000000,16384,1523,56965,4,1.000000,0.000000
30354,32446670862,1048981,0,0,1761,0,0.000000,16384,1505,48981,4,1.000000,0.000000
30355,32447727664,1056802,0,0,1838,0,0.000000,16384,1375,56802,4,1.000000,0.000000
30356,32448783984,1056320,0,0,1669,0,0.000000,16384,1468,56320,4,1.000000,0.000000
30357,32449840144,1056160,0,0,1826,0,0.000000,16384,1425,56160,4,1.000000,0.000000
30358,32450896097,1055953,0,0,1825,0,0.000000,16384,1514,55953,4,1.000000,0.000000
30359,32451952437,1056340,0,0,1782,0,0.000000,16384,1522,56340,4,1.000000,0.000000
30360,32453008135,1055698,0,0,1823,0,0.000000,16384,1360,55698,4,1.000000,0.000000
30361,32454069687,1061552,0,0,1828,0,0.000000,16384,1600,61552,4,1.000000,0.000000
30362,32455126214,1056527,0,0,1842,0,0.000000,16384,1423,56527,4,1.000000,0.000000
30363,32456181905,1055691,0,0,1828,0,0.000000,16384,1530,55691,4,1.000000,0.000000
30364,32457237542,1055637,0,0,1813,0,0.000000,16384,1530,55637,4,1.000000,0.000000
30365,32458293952,1056410,0,0,1816,0,0.000000,16384,1392,56410,4,1.000000,0.000000
30366,32459349764,1055812,0,0,1807,0,0.000000,16384,1595,55812,4,1.000000,0.000000
30367,32460405810,1056046,0,0,1844,0,0.000000,16384,1378,56046,4,1.000000,0.000000
30368,32461464638,1058828,0,0,1677,0,0.000000,16384,1422,58828,4,1.000000,0.000000
30369,32462521958,1057320,0,0,1818,0,0.000000,16384,1534,57320,4,1.000000,0.000000
30370,32463578718,1056760,0,0,1848,0,0.000000,16384,1418,56760,4,1.000000,0.000000
30371,32464640840,1062122,0,0,1832,0,0.000000,16384,1631,62122,4,1.000000,0.000000
30372,32465670557,1029717,0,0,1777,0,0.000000,16384,1309,29717,4,1.000000,0.000000
30373,32466727169,1056612,0,0,1822,0,0.000000,16384,1548,56612,4,1.000000,0.000000
30374,32467783277,1056108,0,0,1830,0,0.000000,16384,1520,56108,4,1.000000,0.000000
30375,32468839218,1055941,0,0,1843,0,0.000000,16384,1428,55941,4,1.000000,0.000000
30376,32469895078,1055860,0,0,1822,0,0.000000,16384,1631,55860,4,1.000000,0.000000
30377,32470950778,1055700,0,0,1812,0,0.000000,16384,1312,55700,4,1.000000,0.000000
30378,32472006611,1055833,0,0,1823,0,0.000000,16384,1603,55833,4,1.000000,0.000000
30379,32473062337,1055726,0,0,1833,0,0.000000,16384,1467,55726,4,1.000000,0.000000
30380,32474118634,1056297,0,0,1841,0,0.000000,16384,1465,56297,4,1.000000,0.000000
30381,32475177917,1059283,0,0,1807,0,0.000000,16384,1598,59283,4,1.000000,0.000000
30382,32476234088,1056171,0,0,1800,0,0.000000,16384,1289,56171,4,1.000000,0.000000
30383,32477290200,1056112,0,0,1822,0,0.000000,16384,1627,56112,4,1.000000,0.000000
30384,32478346225,1056025,0,0,1795,0,0.000000,16384,1416,56025,4,1.000000,0.000000
30385,32479402411,1056186,0,0,1783,0,0.000000,16384,1441,56186,4,1.000000,0.000000
30386,32480459034,1056623,0,0,1806,0,0.000000,16384,1577,56623,4,1.000000,0.000000
30387,32481517065,1058031,0,0,1782,0,0.000000,16384,1612,58031,4,1.000000,0.000000
30388,32482611960,1094895,0,0,1641,0,0.000000,16384,1433,94895,4,1.000000,0.000000
30389,32483677753,1065793,0,0,1522,0,0.000000,16384,1379,65793,4,1.000000,0.000000
30390,32484742011,1064258,0,0,1662,0,0.000000,16384,1469,64258,4,1.000000,0.000000
30391,32485824536,1082525,0,0,1832,0,0.000000,16384,1608,82525,4,1.000000,0.000000
30392,32486888893,1064357,0,0,1790,0,0.000000,16384,1618,64357,4,1.000000,0.000000
30393,32487953658,1064765,0,0,1767,0,0.000000,16384,1599,64765,4,1.000000,0.000000
30394,32489018003,1064345,0,0,1778,0,0.000000,16384,1558,64345,4,1.000000,0.000000
30395,32490077568,1059565,0,0,1668,0,0.000000,16384,1481,59565,4,1.000000,0.000000
30396,32491134465,1056897,0,0,1647,0,0.000000,16384,1494,56897,4,1.000000,0.000000
30397,32492191322,1056857,0,0,1683,0,0.000000,16384,1463,56857,4,1.000000,0.000000
30398,32493247691,1056369,0,0,1824,0,0.000000,16384,1634,56369,4,1.000000,0.000000
30399,32494303782,1056091,0,0,1825,0,0.000000,16384,1648,56091,4,1.000000,0.000000
30400,32495393383,1089601,0,0,1949,0,0.000000,16384,1746,89601,4,1.000000,0.000000
30401,32496478062,1084679,0,0,1698,0,0.000000,16384,1484,84679,4,1.000000,0.000000
30402,32497539089,1061027,0,0,1746,0,0.000000,16384,1552,61027,4,1.000000,0.000000
30403,32498597701,1058612,0,0,1789,0,0.000000,16384,1618,58612,4,1.000000,0.000000
30404,32499655440,1057739,0,0,1808,0,0.000000,16384,1609,57739,4,1.000000,0.000000
30405,32500672234,1016794,0,0,1660,0,0.000000,16384,1447,16794,4,1.000000,0.000000
30406,32501735673,1063439,0,0,1641,0,0.000000,16384,1499,63439,4,1.000000,0.000000
30407,32502795209,1059536,0,0,1672,0,0.000000,16384,1471,59536,4,1.000000,0.000000
30408,32503851781,1056572,0,0,1801,0,0.000000,16384,1589,56572,4,1.000000,0.000000
30409,32504908913,1057132,0,0,1817,0,0.000000,16384,1641,57132,4,1.000000,0.000000
30410,32505966846,1057933,0,0,1815,0,0.000000,16384,1639,57933,4,1.000000,0.000000
30411,32507036990,1070144,0,0,1845,0,0.000000,16384,1621,70144,4,1.000000,0.000000
30412,32508094797,1057807,0,0,1622,0,0.000000,16384,1433,57807,4,1.000000,0.000000
30413,32509152939,1058142,0,0,1808,0,0.000000,16384,1634,58142,4,1.000000,0.000000
30414,32510213971,1061032,0,0,1831,0,0.000000,16384,1634,61032,4,1.000000,0.000000
30415,32511274766,1060795,0,0,1831,0,0.000000,16384,1611,60795,4,1.000000,0.000000
30416,32512331777,1057011,0,0,1825,0,0.000000,16384,1612,57011,4,1.000000,0.000000
30417,32513389013,1057236,0,0,1741,0,0.000000,16384,1580,57236,4,1.000000,0.000000
30418,32514445030,1056017,0,0,1821,0,0.000000,16384,1631,56017,4,1.000000,0.000000
30419,32515501194,1056164,0,0,1812,0,0.000000,16384,1592,56164,4,1.000000,0.000000
30420,32516554438,1053244,0,0,1811,0,0.000000,16384,1601,53244,4,1.000000,0.000000
30421,32517625019,1070581,0,0,1683,0,0.000000,16384,1533,70581,4,1.000000,0.000000
30422,32518703921,1078902,0,0,1844,0,0.000000,16384,1640,78902,4,1.000000,0.000000
30423,32519767578,1063657,0,0,1816,0,0.000000,16384,1596,63657,4,1.000000,0.000000
30424,32520831053,1063475,0,0,1806,0,0.000000,16384,1605,63475,4,1.000000,0.000000
30425,32521893948,1062895,0,0,1555,0,0.000000,16384,1416,62895,4,1.000000,0.000000
30426,32522954037,1060089,0,0,1652,0,0.000000,16384,1431,60089,4,1.000000,0.000000
30427,32524011315,1057278,0,0,1665,0,0.000000,16384,1519,57278,4,1.000000,0.000000
30428,32525068416,1057101,0,0,1665,0,0.000000,16384,1472,57101,4,1.000000,0.000000
30429,32526131404,1062988,0,0,1757,0,0.000000,16384,1546,62988,4,1.000000,0.000000
30430,32527191959,1060555,0,0,1791,0,0.000000,16384,1620,60555,4,1.000000,0.000000
30431,32528259521,1067562,0,0,1841,0,0.000000,16384,1661,67562,4,1.000000,0.000000
30432,32529315892,1056371,0,0,1741,0,0.000000,16384,1523,56371,4,1.000000,0.000000
30433,32530402842,1086950,0,0,1913,0,0.000000,16384,1689,86950,4,1.000000,0.000000
30434,32531468767,1065925,0,0,1642,0,0.000000,16384,1492,65925,4,1.000000,0.000000
30435,32532530448,1061681,0,0,1764,0,0.000000,16384,1574,61681,4,1.000000,0.000000
30436,32533588572,1058124,0,0,1810,0,0.000000,16384,1590,58124,4,1.000000,0.000000
30437,32534646468,1057896,0,0,1827,0,0.000000,16384,1625,57896,4,1.000000,0.000000
30438,32535672677,1026209,0,0,1728,0,0.000000,16384,1569,26209,4,1.000000,0.000000
30439,32536730568,1057891,0,0,1828,0,0.000000,16384,1624,57891,4,1.000000,0.000000
30440,32537787156,1056588,0,0,1823,0,0.000000,16384,1604,56588,4,1.000000,0.000000
30441,32538853973,1066817,0,0,1840,0,0.000000,16384,1633,66817,4,1.000000,0.000000
30442,32539910287,1056314,0,0,1742,0,0.000000,16384,1580,56314,4,1.000000,0.000000
30443,32540967578,1057291,0,0,1821,0,0.000000,16384,1626,57291,4,1.000000,0.000000
30444,32542025297,1057719,0,0,1754,0,0.000000,16384,1533,57719,4,1.000000,0.000000
30445,32543083555,1058258,0,0,1804,0,0.000000,16384,1613,58258,4,1.000000,0.000000
30446,32544140243,1056688,0,0,1823,0,0.000000,16384,1646,56688,4,1.000000,0.000000
30447,32545197009,1056766,0,0,1825,0,0.000000,16384,1630,56766,4,1.000000,0.000000
30448,32546253580,1056571,0,0,1824,0,0.000000,16384,1604,56571,4,1.000000,0.000000
30449,32547310229,1056649,0,0,1786,0,0.000000,16384,1582,56649,4,1.000000,0.000000
30450,32548367767,1057538,0,0,1824,0,0.000000,16384,1646,57538,4,1.000000,0.000000
30451,32549444746,1076979,0,0,1848,0,0.000000,16384,1666,76979,4,1.000000,0.000000
30452,32550503065,1058319,0,0,1775,0,0.000000,16384,1555,58319,4,1.000000,0.000000
30453,32551559206,1056141,0,0,1799,0,0.000000,16384,1584,56141,4,1.000000,0.000000
30454,32552615221,1056015,0,0,1809,0,0.000000,16384,1634,56015,4,1.000000,0.000000
30455,32553670488,1055267,0,0,1817,0,0.000000,16384,1643,55267,4,1.000000,0.000000
30456,32554725917,1055429,0,0,1822,0,0.000000,16384,1598,55429,4,1.000000,0.000000
30457,32555783693,1057776,0,0,1803,0,0.000000,16384,1583,57776,4,1.000000,0.000000
30458,32556843056,1059363,0,0,1652,0,0.000000,16384,1507,59363,4,1.000000,0.000000
30459,32557901684,1058628,0,0,1829,0,0.000000,16384,1634,58628,4,1.000000,0.000000
30460,32558959826,1058142,0,0,1719,0,0.000000,16384,1499,58142,4,1.000000,0.000000
30461,32560025232,1065406,0,0,1778,0,0.000000,16384,1596,65406,4,1.000000,0.000000
30462,32561115177,1089945,0,0,1865,0,0.000000,16384,1679,89945,4,1.000000,0.000000
30463,32562178009,1062832,0,0,1638,0,0.000000,16384,1446,62832,4,1.000000,0.000000
30464,32563239313,1061304,0,0,1561,0,0.000000,16384,1394,61304,4,1.000000,0.000000
30465,32564301579,1062266,0,0,1653,0,0.000000,16384,1480,62266,4,1.000000,0.000000
30466,32565360688,1059109,0,0,1659,0,0.000000,16384,1450,59109,4,1.000000,0.000000
30467,32566423521,1062833,0,0,1579,0,0.000000,16384,1452,62833,4,1.000000,0.000000
30468,32567482171,1058650,0,0,1661,0,0.000000,16384,1441,58650,4,1.000000,0.000000
30469,32568539849,1057678,0,0,1665,0,0.000000,16384,1500,57678,4,1.000000,0.000000
30470,32569598529,1058680,0,0,1654,0,0.000000,16384,1479,58680,4,1.000000,0.000000
30471,32570670857,1072328,0,0,1680,0,0.000000,16384,1469,72328,4,1.000000,0.000000
30472,32571732565,1061708,0,0,1658,0,0.000000,16384,1513,61708,4,1.000000,0.000000
30473,32572790020,1057455,0,0,1656,0,0.000000,16384,1456,57455,4,1.000000,0.000000
30474,32573846175,1056155,0,0,1663,0,0.000000,16384,1480,56155,4,1.000000,0.000000
30475,32574902752,1056577,0,0,1476,0,0.000000,16384,1322,56577,4,1.000000,0.000000
30476,32575964759,1062007,0,0,1537,0,0.000000,16384,1370,62007,4,1.000000,0.000000
30477,32577024501,1059742,0,0,1647,0,0.000000,16384,1475,59742,4,1.000000,0.000000
30478,32578086222,1061721,0,0,1607,0,0.000000,16384,1409,61721,4,1.000000,0.000000
30479,32579146195,1059973,0,0,1655,0,0.000000,16384,1511,59973,4,1.000000,0.000000
30480,32580202143,1055948,0,0,1729,0,0.000000,16384,1515,55948,4,1.000000,0.000000
30481,32581277067,1074924,0,0,1740,0,0.000000,16384,1541,74924,4,1.000000,0.000000
30482,32582340365,1063298,0,0,1610,0,0.000000,16384,1469,63298,4,1.000000,0.000000
30483,32583400185,1059820,0,0,1660,0,0.000000,16384,1440,59820,4,1.000000,0.000000
30484,32584462495,1062310,0,0,1614,0,0.000000,16384,1466,62310,4,1.000000,0.000000
30485,32585521865,1059370,0,0,1665,0,0.000000,16384,1473,59370,4,1.000000,0.000000
30486,32586578809,1056944,0,0,1666,0,0.000000,16384,1472,56944,4,1.000000,0.000000
30487,32587636552,1057743,0,0,1665,0,0.000000,16384,1521,57743,4,1.000000,0.000000
30488,32588675420,1038868,0,0,1436,0,0.000000,16384,1241,38868,4,1.000000,0.000000
30489,32589734399,1058979,0,0,1699,0,0.000000,16384,1547,58979,4,1.000000,0.000000
30490,32590795408,1061009,0,0,1659,0,0.000000,16384,1452,61009,4,1.000000,0.000000
30491,32591870681,1075273,0,0,1811,0,0.000000,16384,1604,75273,4,1.000000,0.000000
30492,32592927599,1056918,0,0,1655,0,0.000000,16384,1512,56918,4,1.000000,0.000000
30493,32593984805,1057206,0,0,1658,0,0.000000,16384,1448,57206,4,1.000000,0.000000
30494,32595042504,1057699,0,0,1663,0,0.000000,16384,1489,57699,4,1.000000,0.000000
30495,32596100394,1057890,0,0,1746,0,0.000000,16384,1580,57890,4,1.000000,0.000000
30496,32597158267,1057873,0,0,1802,0,0.000000,16384,1582,57873,4,1.000000,0.000000
30497,32598218274,1060007,0,0,1689,0,0.000000,16384,1496,60007,4,1.000000,0.000000
30498,32599277169,1058895,0,0,1636,0,0.000000,16384,1489,58895,4,1.000000,0.000000
30499,32600334822,1057653,0,0,1752,0,0.000000,16384,1532,57653,4,1.000000,0.000000
30500,32601443662,1108840,0,0,1837,0,0.000000,16384,1627,108840,4,1.000000,0.000000
30501,32602534035,1090373,0,0,1459,0,0.000000,16384,1329,90373,4,1.000000,0.000000
30502,32603625315,1091280,0,0,1691,0,0.000000,16384,1471,91280,4,1.000000,0.000000
30503,32604681038,1055723,0,0,1467,0,0.000000,16384,1351,55723,4,1.000000,0.000000
30504,32605742655,1061617,0,0,1556,0,0.000000,16384,1349,61617,4,1.000000,0.000000
30505,32606802178,1059523,0,0,1559,0,0.000000,16384,1430,59523,4,1.000000,0.000000
30506,32607861927,1059749,0,0,1571,0,0.000000,16384,1354,59749,4,1.000000,0.000000
30507,32608924365,1062438,0,0,1640,0,0.000000,16384,1500,62438,4,1.000000,0.000000
30508,32609986689,1062324,0,0,1647,0,0.000000,16384,1448,62324,4,1.000000,0.000000
30509,32611044879,1058190,0,0,1627,0,0.000000,16384,1452,58190,4,1.000000,0.000000
30510,32612100870,1055991,0,0,1707,0,0.000000,16384,1542,55991,4,1.000000,0.000000
30511,32613169146,1068276,0,0,1842,0,0.000000,16384,1622,68276,4,1.000000,0.000000
30512,32614225499,1056353,0,0,1823,0,0.000000,16384,1601,56353,4,1.000000,0.000000
30513,32615281609,1056110,0,0,1615,0,0.000000,16384,1480,56110,4,1.000000,0.000000
30514,32616338332,1056723,0,0,1733,0,0.000000,16384,1526,56723,4,1.000000,0.000000
30515,32617395467,1057135,0,0,1774,0,0.000000,16384,1560,57135,4,1.000000,0.000000
30516,32618451767,1056300,0,0,1774,0,0.000000,16384,1606,56300,4,1.000000,0.000000
30517,32619512737,1060970,0,0,1823,0,0.000000,16384,1645,60970,4,1.000000,0.000000
30518,32620574806,1062069,0,0,1673,0,0.000000,16384,1453,62069,4,1.000000,0.000000
30519,32621636391,1061585,0,0,1744,0,0.000000,16384,1562,61585,4,1.000000,0.000000
30520,32622672911,1036520,0,0,1700,0,0.000000,16384,1542,36520,4,1.000000,0.000000
30521,32623746455,1073544,0,0,1823,0,0.000000,16384,1603,73544,4,1.000000,0.000000
30522,32624802520,1056065,0,0,1795,0,0.000000,16384,1578,56065,4,1.000000,0.000000
30523,32625859224,1056704,0,0,1785,0,0.000000,16384,1615,56704,4,1.000000,0.000000
30524,32626919735,1060511,0,0,1814,0,0.000000,16384,1637,60511,4,1.000000,0.000000
30525,32627980750,1061015,0,0,1674,0,0.000000,16384,1454,61015,4,1.000000,0.000000
30526,32629040856,1060106,0,0,1827,0,0.000000,16384,1629,60106,4,1.000000,0.000000
30527,32630100011,1059155,0,0,1831,0,0.000000,16384,1652,59155,4,1.000000,0.000000
30528,32631156581,1056570,0,0,1672,0,0.000000,16384,1485,56570,4,1.000000,0.000000
30529,32632217159,1060578,0,0,1603,0,0.000000,16384,1416,60578,4,1.000000,0.000000
30530,32633277958,1060799,0,0,1816,0,0.000000,16384,1640,60799,4,1.000000,0.000000
30531,32634345447,1067489,0,0,1804,0,0.000000,16384,1607,67489,4,1.000000,0.000000
30532,32635405004,1059557,0,0,1696,0,0.000000,16384,1476,59557,4,1.000000,0.000000
30533,32636464192,1059188,0,0,1818,0,0.000000,16384,1639,59188,4,1.000000,0.000000
30534,32637520877,1056685,0,0,1823,0,0.000000,16384,1646,56685,4,1.000000,0.000000
30535,32638577868,1056991,0,0,1822,0,0.000000,16384,1614,56991,4,1.000000,0.000000
30536,32639634447,1056579,0,0,1822,0,0.000000,16384,1602,56579,4,1.000000,0.000000
30537,32640670612,1036165,0,0,1780,0,0.000000,16384,1591,36165,4,1.000000,0.000000
30538,32641729211,1058599,0,0,1737,0,0.000000,16384,1577,58599,4,1.000000,0.000000
30539,32642788272,1059061,0,0,1810,0,0.000000,16384,1595,59061,4,1.000000,0.000000
30540,32643844438,1056166,0,0,1729,0,0.000000,16384,1517,56166,4,1.000000,0.000000
30541,32644910532,1066094,0,0,1829,0,0.000000,16384,1650,66094,4,1.000000,0.000000
30542,32645967110,1056578,0,0,1818,0,0.000000,16384,1642,56578,4,1.000000,0.000000
30543,32647024762,1057652,0,0,1786,0,0.000000,16384,1568,57652,4,1.000000,0.000000
30544,32648081260,1056498,0,0,1814,0,0.000000,16384,1595,56498,4,1.000000,0.000000
30545,32649137621,1056361,0,0,1753,0,0.000000,16384,1587,56361,4,1.000000,0.000000
30546,32650192974,1055353,0,0,1731,0,0.000000,16384,1557,55353,4,1.000000,0.000000
30547,32651248728,1055754,0,0,1811,0,0.000000,16384,1591,55754,4,1.000000,0.000000
30548,32652304778,1056050,0,0,1812,0,0.000000,16384,1603,56050,4,1.000000,0.000000
30549,32653360855,1056077,0,0,1822,0,0.000000,16384,1645,56077,4,1.000000,0.000000
30550,32654416985,1056130,0,0,1822,0,0.000000,16384,1644,56130,4,1.000000,0.000000
30551,32655490145,1073160,0,0,1849,0,0.000000,16384,1625,73160,4,1.000000,0.000000
30552,32656546901,1056756,0,0,1809,0,0.000000,16384,1589,56756,4,1.000000,0.000000
30553,32657603066,1056165,0,0,1813,0,0.000000,16384,1632,56165,4,1.000000,0.000000
30554,32658661732,1058666,0,0,1795,0,0.000000,16384,1623,58666,4,1.000000,0.000000
30555,32659670574,1008842,0,0,1731,0,0.000000,16384,1524,8842,4,1.000000,0.000000
30556,32660727020,1056446,0,0,1797,0,0.000000,16384,1579,56446,4,1.000000,0.000000
30557,32661786274,1059254,0,0,1757,0,0.000000,16384,1593,59254,4,1.000000,0.000000
30558,32662843092,1056818,0,0,1751,0,0.000000,16384,1569,56818,4,1.000000,0.000000
30559,32663899566,1056474,0,0,1823,0,0.000000,16384,1603,56474,4,1.000000,0.000000
30560,32664956124,1056558,0,0,1814,0,0.000000,16384,1606,56558,4,1.000000,0.000000
30561,32666021838,1065714,0,0,1776,0,0.000000,16384,1608,65714,4,1.000000,0.000000
30562,32667083058,1061220,0,0,1602,0,0.000000,16384,1418,61220,4,1.000000,0.000000
30563,32668143659,1060601,0,0,1614,0,0.000000,16384,1436,60601,4,1.000000,0.000000
30564,32669207645,1063986,0,0,1442,0,0.000000,16384,1284,63986,4,1.000000,0.000000
30565,32670308450,1100805,0,0,1584,0,0.000000,16384,1418,100805,4,1.000000,0.000000
30566,32671376728,1068278,0,0,1505,0,0.000000,16384,1335,68278,4,1.000000,0.000000
30567,32672472332,1095604,0,0,1626,0,0.000000,16384,1450,95604,4,1.000000,0.000000
30568,32673569352,1097020,0,0,1648,0,0.000000,16384,1484,97020,4,1.000000,0.000000
30569,32674672679,1103327,0,0,1627,0,0.000000,16384,1417,103327,4,1.000000,0.000000
30570,32675742056,1069377,0,0,1527,0,0.000000,16384,1401,69377,4,1.000000,0.000000
30571,32676830351,1088295,0,0,1660,0,0.000000,16384,1440,88295,4,1.000000,0.000000
30572,32677913336,1082985,0,0,1548,0,0.000000,16384,1415,82985,4,1.000000,0.000000
30573,32678953297,1039961,0,0,1434,0,0.000000,16384,1240,39961,4,1.000000,0.000000
30574,32680022663,1069366,0,0,1416,0,0.000000,16384,1291,69366,4,1.000000,0.000000
30575,32681087293,1064630,0,0,1537,0,0.000000,16384,1353,64630,4,1.000000,0.000000
30576,32682152233,1064940,0,0,1478,0,0.000000,16384,1326,64940,4,1.000000,0.000000
30577,32683222397,1070164,0,0,1270,0,0.000000,16384,1153,70164,4,1.000000,0.000000
30578,32684294785,1072388,0,0,1428,0,0.000000,16384,1236,72388,4,1.000000,0.000000
30579,32685359749,1064964,0,0,1543,0,0.000000,16384,1404,64964,4,1.000000,0.000000
30580,32686420156,1060407,0,0,1557,0,0.000000,16384,1357,60407,4,1.000000,0.000000
30581,32687502699,1082543,0,0,1594,0,0.000000,16384,1458,82543,4,1.000000,0.000000
30582,32688561407,1058708,0,0,1558,0,0.000000,16384,1344,58708,4,1.000000,0.000000
30583,32689620466,1059059,0,0,1649,0,0.000000,16384,1507,59059,4,1.000000,0.000000
30584,32690672799,1052333,0,0,1536,0,0.000000,16384,1336,52333,4,1.000000,0.000000
30585,32691735396,1062597,0,0,1474,0,0.000000,16384,1353,62597,4,1.000000,0.000000
30586,32692797076,1061680,0,0,1521,0,0.000000,16384,1310,61680,4,1.000000,0.000000
30587,32693856807,1059731,0,0,1561,0,0.000000,16384,1436,59731,4,1.000000,0.000000
30588,32694913885,1057078,0,0,1553,0,0.000000,16384,1338,57078,4,1.000000,0.000000
30589,32695973114,1059229,0,0,1420,0,0.000000,16384,1303,59229,4,1.000000,0.000000
30590,32697031199,1058085,0,0,1656,0,0.000000,16384,1437,58085,4,1.000000,0.000000
30591,32698111185,1079986,0,0,1685,0,0.000000,16384,1534,79986,4,1.000000,0.000000
30592,32699177335,1066150,0,0,1665,0,0.000000,16384,1419,66150,4,1.000000,0.000000
30593,32700235504,1058169,0,0,1660,0,0.000000,16384,1494,58169,4,1.000000,0.000000
30594,32701294969,1059465,0,0,1611,0,0.000000,16384,1404,59465,4,1.000000,0.000000
30595,32702355667,1060698,0,0,1642,0,0.000000,16384,1501,60698,4,1.000000,0.000000
30596,32703414677,1059010,0,0,1647,0,0.000000,16384,1440,59010,4,1.000000,0.000000
30597,32704477015,1062338,0,0,1501,0,0.000000,16384,1359,62338,4,1.000000,0.000000
30598,32705538470,1061455,0,0,1643,0,0.000000,16384,1449,61455,4,1.000000,0.000000
30599,32706599167,1060697,0,0,1629,0,0.000000,16384,1450,60697,4,1.000000,0.000000
30600,32707657219,1058052,0,0,1665,0,0.000000,16384,1504,58052,4,1.000000,0.000000
30601,32708815987,1158768,0,0,1806,0,0.000000,16384,1585,158768,4,1.000000,0.000000
30602,32709875843,1059856,0,0,1511,0,0.000000,16384,1364,59856,4,1.000000,0.000000
30603,32710935715,1059872,0,0,1662,0,0.000000,16384,1470,59872,4,1.000000,0.000000
30604,32711996074,1060359,0,0,1663,0,0.000000,16384,1471,60359,4,1.000000,0.000000
30605,32713054416,1058342,0,0,1668,0,0.000000,16384,1523,58342,4,1.000000,0.000000
30606,32714110273,1055857,0,0,1658,0,0.000000,16384,1439,55857,4,1.000000,0.000000
30607,32715167462,1057189,0,0,1665,0,0.000000,16384,1499,57189,4,1.000000,0.000000
30608,32716225511,1058049,0,0,1664,0,0.000000,16384,1490,58049,4,1.000000,0.000000
30609,32717291441,1065930,0,0,1602,0,0.000000,16384,1403,65930,4,1.000000,0.000000
30610,32718351846,1060405,0,0,1631,0,0.000000,16384,1494,60405,4,1.000000,0.000000
30611,32719423903,1072057,0,0,1684,0,0.000000,16384,1464,72057,4,1.000000,0.000000
30612,32720480457,1056554,0,0,1665,0,0.000000,16384,1494,56554,4,1.000000,0.000000
30613,32721539108,1058651,0,0,1667,0,0.000000,16384,1498,58651,4,1.000000,0.000000
30614,32722599285,1060177,0,0,1474,0,0.000000,16384,1296,60177,4,1.000000,0.000000
30615,32723658343,1059058,0,0,1662,0,0.000000,16384,1504,59058,4,1.000000,0.000000
30616,32724679131,1020788,0,0,1590,0,0.000000,16384,1378,20788,4,1.000000,0.000000
30617,32725744014,1064883,0,0,1670,0,0.000000,16384,1524,64883,4,1.000000,0.000000
30618,32726805386,1061372,0,0,1663,0,0.000000,16384,1465,61372,4,1.000000,0.000000
30619,32727867922,1062536,0,0,1672,0,0.000000,16384,1483,62536,4,1.000000,0.000000
30620,32728928234,1060312,0,0,1666,0,0.000000,16384,1515,60312,4,1.000000,0.000000
30621,32730001522,1073288,0,0,1678,0,0.000000,16384,1457,73288,4,1.000000,0.000000
30622,32731062480,1060958,0,0,1596,0,0.000000,16384,1448,60958,4,1.000000,0.000000
30623,32732154907,1092427,0,0,1708,0,0.000000,16384,1517,92427,4,1.000000,0.000000
30624,32733217622,1062715,0,0,1514,0,0.000000,16384,1342,62715,4,1.000000,0.000000
30625,32734279736,1062114,0,0,1563,0,0.000000,16384,1399,62114,4,1.000000,0.000000
30626,32735355920,1076184,0,0,1577,0,0.000000,16384,1394,76184,4,1.000000,0.000000
30627,32736417334,1061414,0,0,1419,0,0.000000,16384,1270,61414,4,1.000000,0.000000
30628,32737475802,1058468,0,0,1551,0,0.000000,16384,1386,58468,4,1.000000,0.000000
30629,32738566596,1090794,0,0,1687,0,0.000000,16384,1512,90794,4,1.000000,0.000000
30630,32739656496,1089900,0,0,1695,0,0.000000,16384,1475,89900,4,1.000000,0.000000
30631,32740722170,1065674,0,0,1639,0,0.000000,16384,1498,65674,4,1.000000,0.000000
30632,32741787837,1065667,0,0,1656,0,0.000000,16384,1461,65667,4,1.000000,0.000000
30633,32742853893,1066056,0,0,1631,0,0.000000,16384,1450,66056,4,1.000000,0.000000
30634,32743922843,1068950,0,0,1593,0,0.000000,16384,1434,68950,4,1.000000,0.000000
30635,32744990163,1067320,0,0,1622,0,0.000000,16384,1418,67320,4,1.000000,0.000000
30636,32746052315,1062152,0,0,1548,0,0.000000,16384,1416,62152,4,1.000000,0.000000
30637,32747113023,1060708,0,0,1555,0,0.000000,16384,1348,60708,4,1.000000,0.000000
30638,32748171598,1058575,0,0,1450,0,0.000000,16384,1321,58575,4,1.000000,0.000000
30639,32749230127,1058529,0,0,1432,0,0.000000,16384,1264,58529,4,1.000000,0.000000
30640,32750289050,1058923,0,0,1556,0,0.000000,16384,1388,58923,4,1.000000,0.000000
30641,32751365389,1076339,0,0,1636,0,0.000000,16384,1447,76339,4,1.000000,0.000000
30642,32752423336,1057947,0,0,1652,0,0.000000,16384,1505,57947,4,1.000000,0.000000
30643,32753482294,1058958,0,0,1640,0,0.000000,16384,1420,58958,4,1.000000,0.000000
30644,32754540509,1058215,0,0,1643,0,0.000000,16384,1491,58215,4,1.000000,0.000000
30645,32755597831,1057322,0,0,1657,0,0.000000,16384,1469,57322,4,1.000000,0.000000
30646,32756655304,1057473,0,0,1653,0,0.000000,16384,1460,57473,4,1.000000,0.000000
30647,32757673312,1018008,0,0,1536,0,0.000000,16384,1393,18008,4,1.000000,0.000000
30648,32758731468,1058156,0,0,1646,0,0.000000,16384,1434,58156,4,1.000000,0.000000
30649,32759789768,1058300,0,0,1654,0,0.000000,16384,1510,58300,4,1.000000,0.000000
30650,32760849484,1059716,0,0,1646,0,0.000000,16384,1446,59716,4,1.000000,0.000000
30651,32761935117,1085633,0,0,1676,0,0.000000,16384,1492,85633,4,1.000000,0.000000
30652,32762995421,1060304,0,0,1399,0,0.000000,16384,1247,60304,4,1.000000,0.000000
30653,32764058429,1063008,0,0,1523,0,0.000000,16384,1371,63008,4,1.000000,0.000000
30654,32765118391,1059962,0,0,1556,0,0.000000,16384,1372,59962,4,1.000000,0.000000
30655,32766176130,1057739,0,0,1605,0,0.000000,16384,1438,57739,4,1.000000,0.000000
30656,32767234017,1057887,0,0,1658,0,0.000000,16384,1485,57887,4,1.000000,0.000000
30657,32768291230,1057213,0,0,1658,0,0.000000,16384,1449,57213,4,1.000000,0.000000
30658,32769351334,1060104,0,0,1626,0,0.000000,16384,1488,60104,4,1.000000,0.000000
30659,32770412135,1060801,0,0,1605,0,0.000000,16384,1396,60801,4,1.000000,0.000000
30660,32771470190,1058055,0,0,1630,0,0.000000,16384,1473,58055,4,1.000000,0.000000
30661,32772544643,1074453,0,0,1676,0,0.000000,16384,1493,74453,4,1.000000,0.000000
30662,32773602917,1058274,0,0,1658,0,0.000000,16384,1455,58274,4,1.000000,0.000000
30663,32774661042,1058125,0,0,1624,0,0.000000,16384,1486,58125,4,1.000000,0.000000
30664,32775672906,1011864,0,0,1480,0,0.000000,16384,1278,11864,4,1.000000,0.000000
30665,32776731294,1058388,0,0,1601,0,0.000000,16384,1468,58388,4,1.000000,0.000000
30666,32777788275,1056981,0,0,1585,0,0.000000,16384,1369,56981,4,1.000000,0.000000
30667,32778847607,1059332,0,0,1572,0,0.000000,16384,1437,59332,4,1.000000,0.000000
30668,32779906300,1058693,0,0,1576,0,0.000000,16384,1374,58693,4,1.000000,0.000000
30669,32780964306,1058006,0,0,1660,0,0.000000,16384,1496,58006,4,1.000000,0.000000
30670,32782024344,1060038,0,0,1569,0,0.000000,16384,1396,60038,4,1.000000,0.000000
30671,32783096417,1072073,0,0,1592,0,0.000000,16384,1413,72073,4,1.000000,0.000000
30672,32784155576,1059159,0,0,1600,0,0.000000,16384,1441,59159,4,1.000000,0.000000
30673,32785213699,1058123,0,0,1655,0,0.000000,16384,1444,58123,4,1.000000,0.000000
30674,32786271402,1057703,0,0,1656,0,0.000000,16384,1512,57703,4,1.000000,0.000000
30675,32787328805,1057403,0,0,1665,0,0.000000,16384,1464,57403,4,1.000000,0.000000
30676,32788387898,1059093,0,0,1554,0,0.000000,16384,1392,59093,4,1.000000,0.000000
30677,32789445776,1057878,0,0,1546,0,0.000000,16384,1372,57878,4,1.000000,0.000000
30678,32790502083,1056307,0,0,1654,0,0.000000,16384,1469,56307,4,1.000000,0.000000
30679,32791559421,1057338,0,0,1636,0,0.000000,16384,1481,57338,4,1.000000,0.000000
30680,32792618595,1059174,0,0,1656,0,0.000000,16384,1436,59174,4,1.000000,0.000000
30681,32793675088,1056493,0,0,1655,0,0.000000,16384,1509,56493,4,1.000000,0.000000
30682,32794733059,1057971,0,0,1656,0,0.000000,16384,1466,57971,4,1.000000,0.000000
30683,32795789619,1056560,0,0,1657,0,0.000000,16384,1465,56560,4,1.000000,0.000000
30684,32796846108,1056489,0,0,1641,0,0.000000,16384,1493,56489,4,1.000000,0.000000
30685,32797906744,1060636,0,0,1521,0,0.000000,16384,1317,60636,4,1.000000,0.000000
30686,32798967236,1060492,0,0,1561,0,0.000000,16384,1429,60492,4,1.000000,0.000000
30687,32800025983,1058747,0,0,1627,0,0.000000,16384,1407,58747,4,1.000000,0.000000
30688,32801084040,1058057,0,0,1589,0,0.000000,16384,1453,58057,4,1.000000,0.000000
30689,32802141492,1057452,0,0,1610,0,0.000000,16384,1410,57452,4,1.000000,0.000000
30690,32803199389,1057897,0,0,1419,0,0.000000,16384,1294,57897,4,1.000000,0.000000
30691,32804272900,1073511,0,0,1632,0,0.000000,16384,1421,73511,4,1.000000,0.000000
30692,32805330877,1057977,0,0,1621,0,0.000000,16384,1463,57977,4,1.000000,0.000000
30693,32806388467,1057590,0,0,1588,0,0.000000,16384,1410,57590,4,1.000000,0.000000
30694,32807447678,1059211,0,0,1630,0,0.000000,16384,1445,59211,4,1.000000,0.000000
30695,32808507023,1059345,0,0,1578,0,0.000000,16384,1423,59345,4,1.000000,0.000000
30696,32809566804,1059781,0,0,1602,0,0.000000,16384,1402,59781,4,1.000000,0.000000
30697,32810628551,1061747,0,0,1600,0,0.000000,16384,1464,61747,4,1.000000,0.000000
30698,32811673172,1044621,0,0,1627,0,0.000000,16384,1407,44621,4,1.000000,0.000000
30699,32812731354,1058182,0,0,1659,0,0.000000,16384,1506,58182,4,1.000000,0.000000
30700,32813789419,1058065,0,0,1664,0,0.000000,16384,1477,58065,4,1.000000,0.000000
30701,32814878592,1089173,0,0,1592,0,0.000000,16384,1408,89173,4,1.000000,0.000000
30702,32815935910,1057318,0,0,1538,0,0.000000,16384,1386,57318,4,1.000000,0.000000
30703,32816993717,1057807,0,0,1661,0,0.000000,16384,1454,57807,4,1.000000,0.000000
30704,32818051442,1057725,0,0,1606,0,0.000000,16384,1472,57725,4,1.000000,0.000000
30705,32819109955,1058513,0,0,1657,0,0.000000,16384,1442,58513,4,1.000000,0.000000
30706,32820166990,1057035,0,0,1658,0,0.000000,16384,1491,57035,4,1.000000,0.000000
30707,32821223826,1056836,0,0,1659,0,0.000000,16384,1486,56836,4,1.000000,0.000000
30708,32822280614,1056788,0,0,1591,0,0.000000,16384,1395,56788,4,1.000000,0.000000
30709,32823341260,1060646,0,0,1524,0,0.000000,16384,1384,60646,4,1.000000,0.000000
30710,32824404100,1062840,0,0,1512,0,0.000000,16384,1326,62840,4,1.000000,0.000000
30711,32825476365,1072265,0,0,1648,0,0.000000,16384,1498,72265,4,1.000000,0.000000
30712,32826534500,1058135,0,0,1641,0,0.000000,16384,1421,58135,4,1.000000,0.000000
30713,32827592520,1058020,0,0,1567,0,0.000000,16384,1433,58020,4,1.000000,0.000000
30714,32828649439,1056919,0,0,1636,0,0.000000,16384,1434,56919,4,1.000000,0.000000
30715,32829675975,1026536,0,0,1432,0,0.000000,16384,1302,26536,4,1.000000,0.000000
30716,32830734721,1058746,0,0,1632,0,0.000000,16384,1425,58746,4,1.000000,0.000000
30717,32831793013,1058292,0,0,1673,0,0.000000,16384,1499,58292,4,1.000000,0.000000
30718,32832853749,1060736,0,0,1619,0,0.000000,16384,1454,60736,4,1.000000,0.000000
30719,32833916548,1062799,0,0,1515,0,0.000000,16384,1334,62799,4,1.000000,0.000000
30720,32834976071,1059523,0,0,1560,0,0.000000,16384,1405,59523,4,1.000000,0.000000
30721,32836050557,1074486,0,0,1574,0,0.000000,16384,1383,74486,4,1.000000,0.000000
30722,32837111203,1060646,0,0,1571,0,0.000000,16384,1426,60646,4,1.000000,0.000000
30723,32838171249,1060046,0,0,1631,0,0.000000,16384,1417,60046,4,1.000000,0.000000
30724,32839229152,1057903,0,0,1661,0,0.000000,16384,1516,57903,4,1.000000,0.000000
30725,32840285831,1056679,0,0,1656,0,0.000000,16384,1459,56679,4,1.000000,0.000000
30726,32841342971,1057140,0,0,1654,0,0.000000,16384,1470,57140,4,1.000000,0.000000
30727,32842523780,1180809,0,0,1620,0,0.000000,16384,1463,180809,4,1.000000,0.000000
30728,32843584991,1061211,0,0,1639,0,0.000000,16384,1425,61211,4,1.000000,0.000000
30729,32844643379,1058388,0,0,1577,0,0.000000,16384,1448,58388,4,1.000000,0.000000
30730,32845673604,1030225,0,0,1608,0,0.000000,16384,1396,30225,4,1.000000,0.000000
30731,32846751430,1077826,0,0,1837,0,0.000000,16384,1641,77826,4,1.000000,0.000000
30732,32847808634,1057204,0,0,1810,0,0.000000,16384,1635,57204,4,1.000000,0.000000
30733,32848865951,1057317,0,0,1817,0,0.000000,16384,1624,57317,4,1.000000,0.000000
30734,32849923438,1057487,0,0,1791,0,0.000000,16384,1571,57487,4,1.000000,0.000000
30735,32850981216,1057778,0,0,1611,0,0.000000,16384,1449,57778,4,1.000000,0.000000
30736,32852039229,1058013,0,0,1790,0,0.000000,16384,1612,58013,4,1.000000,0.000000
30737,32853096413,1057184,0,0,1668,0,0.000000,16384,1448,57184,4,1.000000,0.000000
30738,32854152436,1056023,0,0,1648,0,0.000000,16384,1492,56023,4,1.000000,0.000000
30739,32855210224,1057788,0,0,1652,0,0.000000,16384,1468,57788,4,1.000000,0.000000
30740,32856267226,1057002,0,0,1605,0,0.000000,16384,1419,57002,4,1.000000,0.000000
30741,32857335770,1068544,0,0,1775,0,0.000000,16384,1607,68544,4,1.000000,0.000000
30742,32858393066,1057296,0,0,1729,0,0.000000,16384,1523,57296,4,1.000000,0.000000
30743,32859449969,1056903,0,0,1765,0,0.000000,16384,1553,56903,4,1.000000,0.000000
30744,32860505805,1055836,0,0,1806,0,0.000000,16384,1632,55836,4,1.000000,0.000000
30745,32861562618,1056813,0,0,1687,0,0.000000,16384,1513,56813,4,1.000000,0.000000
30746,32862664265,1101647,0,0,1686,0,0.000000,16384,1466,101647,4,1.000000,0.000000
30747,32863732229,1067964,0,0,1567,0,0.000000,16384,1441,67964,4,1.000000,0.000000
30748,32864790915,1058686,0,0,1566,0,0.000000,16384,1356,58686,4,1.000000,0.000000
30749,32865847965,1057050,0,0,1660,0,0.000000,16384,1506,57050,4,1.000000,0.000000
30750,32866905931,1057966,0,0,1654,0,0.000000,16384,1468,57966,4,1.000000,0.000000
30751,32867989430,1083499,0,0,1678,0,0.000000,16384,1478,83499,4,1.000000,0.000000
30752,32869047402,1057972,0,0,1662,0,0.000000,16384,1517,57972,4,1.000000,0.000000
30753,32870110156,1062754,0,0,1624,0,0.000000,16384,1413,62754,4,1.000000,0.000000
30754,32871169434,1059278,0,0,1655,0,0.000000,16384,1491,59278,4,1.000000,0.000000
30755,32872225926,1056492,0,0,1737,0,0.000000,16384,1561,56492,4,1.000000,0.000000
30756,32873281137,1055211,0,0,1819,0,0.000000,16384,1599,55211,4,1.000000,0.000000
30757,32874338085,1056948,0,0,1820,0,0.000000,16384,1609,56948,4,1.000000,0.000000
30758,32875425395,1087310,0,0,1935,0,0.000000,16384,1735,87310,4,1.000000,0.000000
30759,32876517327,1091932,0,0,1957,0,0.000000,16384,1753,91932,4,1.000000,0.000000
30760,32877608293,1090966,0,0,1935,0,0.000000,16384,1735,90966,4,1.000000,0.000000
30761,32878706652,1098359,0,0,1984,0,0.000000,16384,1774,98359,4,1.000000,0.000000
30762,32879767667,1061015,0,0,1743,0,0.000000,16384,1536,61015,4,1.000000,0.000000
30763,32880829869,1062202,0,0,1856,0,0.000000,16384,1632,62202,4,1.000000,0.000000
30764,32881894231,1064362,0,0,1577,0,0.000000,16384,1441,64362,4,1.000000,0.000000
30765,32882957654,1063423,0,0,1704,0,0.000000,16384,1504,63423,4,1.000000,0.000000
30766,32884018771,1061117,0,0,1559,0,0.000000,16384,1387,61117,4,1.000000,0.000000
30767,32885077369,1058598,0,0,1597,0,0.000000,16384,1429,58598,4,1.000000,0.000000
30768,32886133223,1055854,0,0,1726,0,0.000000,16384,1510,55854,4,1.000000,0.000000
30769,32887190069,1056846,0,0,1814,0,0.000000,16384,1639,56846,4,1.000000,0.000000
30770,32888246587,1056518,0,0,1824,0,0.000000,16384,1646,56518,4,1.000000,0.000000
30771,32889316814,1070227,0,0,1845,0,0.000000,16384,1630,70227,4,1.000000,0.000000
30772,32890373252,1056438,0,0,1821,0,0.000000,16384,1601,56438,4,1.000000,0.000000
30773,32891430416,1057164,0,0,1819,0,0.000000,16384,1625,57164,4,1.000000,0.000000
30774,32892489190,1058774,0,0,1761,0,0.000000,16384,1596,58774,4,1.000000,0.000000
30775,32893546493,1057303,0,0,1764,0,0.000000,16384,1558,57303,4,1.000000,0.000000
30776,32894604551,1058058,0,0,1818,0,0.000000,16384,1599,58058,4,1.000000,0.000000
30777,32895661691,1057140,0,0,1814,0,0.000000,16384,1628,57140,4,1.000000,0.000000
30778,32896670381,1008690,0,0,1740,0,0.000000,16384,1579,8690,4,1.000000,0.000000
30779,32897733698,1063317,0,0,1811,0,0.000000,16384,1594,63317,4,1.000000,0.000000
30780,32898791315,1057617,0,0,1798,0,0.000000,16384,1577,57617,4,1.000000,0.000000
30781,32899855681,1064366,0,0,1826,0,0.000000,16384,1645,64366,4,1.000000,0.000000
30782,32900911985,1056304,0,0,1825,0,0.000000,16384,1647,56304,4,1.000000,0.000000
30783,32901967844,1055859,0,0,1820,0,0.000000,16384,1616,55859,4,1.000000,0.000000
30784,32903027529,1059685,0,0,1699,0,0.000000,16384,1479,59685,4,1.000000,0.000000
30785,32904085935,1058406,0,0,1715,0,0.000000,16384,1561,58406,4,1.000000,0.000000
30786,32905141744,1055809,0,0,1816,0,0.000000,16384,1630,55809,4,1.000000,0.000000
30787,32906201470,1059726,0,0,1746,0,0.000000,16384,1526,59726,4,1.000000,0.000000
30788,32907259893,1058423,0,0,1823,0,0.000000,16384,1620,58423,4,1.000000,0.000000
30789,32908317918,1058025,0,0,1807,0,0.000000,16384,1632,58025,4,1.000000,0.000000
30790,32909375462,1057544,0,0,1775,0,0.000000,16384,1589,57544,4,1.000000,0.000000
30791,32910440813,1065351,0,0,1823,0,0.000000,16384,1602,65351,4,1.000000,0.000000
30792,32911496790,1055977,0,0,1820,0,0.000000,16384,1612,55977,4,1.000000,0.000000
30793,32912552713,1055923,0,0,1813,0,0.000000,16384,1637,55923,4,1.000000,0.000000
30794,32913608648,1055935,0,0,1824,0,0.000000,16384,1645,55935,4,1.000000,0.000000
30795,32914664436,1055788,0,0,1820,0,0.000000,16384,1598,55788,4,1.000000,0.000000
30796,32915722787,1058351,0,0,1814,0,0.000000,16384,1592,58351,4,1.000000,0.000000
30797,32916778843,1056056,0,0,1822,0,0.000000,16384,1645,56056,4,1.000000,0.000000
30798,32917840516,1061673,0,0,1634,0,0.000000,16384,1471,61673,4,1.000000,0.000000
30799,32918902194,1061678,0,0,1755,0,0.000000,16384,1535,61678,4,1.000000,0.000000
30800,32919960194,1058000,0,0,1814,0,0.000000,16384,1624,58000,4,1.000000,0.000000
30801,32921039751,1079557,0,0,1847,0,0.000000,16384,1665,79557,4,1.000000,0.000000
30802,32922098268,1058517,0,0,1827,0,0.000000,16384,1634,58517,4,1.000000,0.000000
30803,32923157221,1058953,0,0,1726,0,0.000000,16384,1482,58953,4,1.000000,0.000000
30804,32924220837,1063616,0,0,1687,0,0.000000,16384,1490,63616,4,1.000000,0.000000
30805,32925790944,1570107,0,0,2127,0,0.000000,16384,1899,570107,4,1.000000,0.000000
30806,32934296187,8505243,0,0,11193,0,0.000000,16384,9965,7505243,4,1.000000,0.000000
30807,32935373124,1076937,0,0,1416,0,0.000000,16384,1282,76937,4,1.000000,0.000000
30808,32937364308,1991184,0,0,2365,0,0.000000,16384,2079,991184,4,1.000000,0.000000
30809,32938454050,1089742,0,0,1385,0,0.000000,16384,1245,89742,4,1.000000,0.000000
30810,32940238047,1783997,0,0,2301,0,0.000000,16384,2073,783997,4,1.000000,0.000000
30811,32941352625,1114578,0,0,1421,0,0.000000,16384,1236,114578,4,1.000000,0.000000
30812,32942478812,1126187,0,0,1359,0,0.000000,16384,1212,126187,4,1.000000,0.000000
30813,32943570746,1091934,0,0,1392,0,0.000000,16384,1270,91934,4,1.000000,0.000000
30814,32944647970,1077224,0,0,1402,0,0.000000,16384,1215,77224,4,1.000000,0.000000
30815,32945695300,1047330,0,0,1339,0,0.000000,16384,1200,47330,4,1.000000,0.000000
30816,32946781987,1086687,0,0,1312,0,0.000000,16384,1196,86687,4,1.000000,0.000000
30817,32947863374,1081387,0,0,1371,0,0.000000,16384,1196,81387,4,1.000000,0.000000
30818,32948944941,1081567,0,0,1337,0,0.000000,16384,1180,81567,4,1.000000,0.000000
30819,32950034891,1089950,0,0,1333,0,0.000000,16384,1216,89950,4,1.000000,0.000000
30820,32951137196,1102305,0,0,1383,0,0.000000,16384,1221,102305,4,1.000000,0.000000
30821,32952248190,1110994,0,0,1387,0,0.000000,16384,1218,110994,4,1.000000,0.000000
30822,32953338096,1089906,0,0,1328,0,0.000000,16384,1212,89906,4,1.000000,0.000000
30823,32954424265,1086169,0,0,1377,0,0.000000,16384,1218,86169,4,1.000000,0.000000
30824,32955504688,1080423,0,0,1382,0,0.000000,16384,1208,80423,4,1.000000,0.000000
30825,32957532231,2027543,0,0,2578,0,0.000000,16384,2334,1027543,4,1.000000,0.000000
30826,32958613549,1081318,0,0,1425,0,0.000000,16384,1234,81318,4,1.000000,0.000000
30827,32959702704,1089155,0,0,1396,0,0.000000,16384,1267,89155,4,1.000000,0.000000
30828,32960769888,1067184,0,0,1501,0,0.000000,16384,1331,67184,4,1.000000,0.000000
30829,32961834615,1064727,0,0,1510,0,0.000000,16384,1349,64727,4,1.000000,0.000000
30830,32962897742,1063127,0,0,1323,0,0.000000,16384,1197,63127,4,1.000000,0.000000
30831,32964001428,1103686,0,0,1514,0,0.000000,16384,1304,103686,4,1.000000,0.000000
30832,32965069655,1068227,0,0,1469,0,0.000000,16384,1353,68227,4,1.000000,0.000000
30833,32966133753,1064098,0,0,1514,0,0.000000,16384,1316,64098,4,1.000000,0.000000
30834,32967193627,1059874,0,0,1497,0,0.000000,16384,1359,59874,4,1.000000,0.000000
30835,32968255892,1062265,0,0,1560,0,0.000000,16384,1368,62265,4,1.000000,0.000000
30836,32969316637,1060745,0,0,1590,0,0.000000,16384,1446,60745,4,1.000000,0.000000
30837,32970378928,1062291,0,0,1594,0,0.000000,16384,1382,62291,4,1.000000,0.000000
30838,32971448331,1069403,0,0,1446,0,0.000000,16384,1322,69403,4,1.000000,0.000000
30839,32972515583,1067252,0,0,1468,0,0.000000,16384,1290,67252,4,1.000000,0.000000
30840,32973575213,1059630,0,0,1595,0,0.000000,16384,1437,59630,4,1.000000,0.000000
30841,32974663830,1088617,0,0,1645,0,0.000000,16384,1435,88617,4,1.000000,0.000000
30842,32975729498,1065668,0,0,1446,0,0.000000,16384,1320,65668,4,1.000000,0.000000
30843,32976793453,1063955,0,0,1467,0,0.000000,16384,1292,63955,4,1.000000,0.000000
30844,32977858505,1065052,0,0,1540,0,0.000000,16384,1379,65052,4,1.000000,0.000000
30845,32978918421,1059916,0,0,1619,0,0.000000,16384,1429,59916,4,1.000000,0.000000
30846,32979977972,1059551,0,0,1599,0,0.000000,16384,1453,59551,4,1.000000,0.000000
30847,32981039385,1061413,0,0,1590,0,0.000000,16384,1379,61413,4,1.000000,0.000000
30848,32982098229,1058844,0,0,1608,0,0.000000,16384,1473,58844,4,1.000000,0.000000
30849,32983325982,1227753,0,0,1688,0,0.000000,16384,1478,227753,4,1.000000,0.000000
30850,32984605551,1279569,0,0,1639,0,0.000000,16384,1465,279569,4,1.000000,0.000000
30851,32985689123,1083572,0,0,1410,0,0.000000,16384,1247,83572,4,1.000000,0.000000
30852,32986760808,1071685,0,0,1419,0,0.000000,16384,1297,71685,4,1.000000,0.000000
30853,32987836284,1075476,0,0,1417,0,0.000000,16384,1227,75476,4,1.000000,0.000000
30854,32988907093,1070809,0,0,1462,0,0.000000,16384,1323,70809,4,1.000000,0.000000
30855,32990226403,1319310,0,0,1536,0,0.000000,16384,1356,319310,4,1.000000,0.000000
30856,32991304392,1077989,0,0,1429,0,0.000000,16384,1276,77989,4,1.000000,0.000000
30857,32992376470,1072078,0,0,1440,0,0.000000,16384,1300,72078,4,1.000000,0.000000
30858,32993442902,1066432,0,0,1418,0,0.000000,16384,1228,66432,4,1.000000,0.000000
30859,32994516181,1073279,0,0,1434,0,0.000000,16384,1313,73279,4,1.000000,0.000000
30860,32995587952,1071771,0,0,1456,0,0.000000,16384,1280,71771,4,1.000000,0.000000
30861,32996685053,1097101,0,0,1508,0,0.000000,16384,1348,97101,4,1.000000,0.000000
30862,32998116275,1431222,0,0,1822,0,0.000000,16384,1602,431222,4,1.000000,0.000000
30863,32999196748,1080473,0,0,1385,0,0.000000,16384,1269,80473,4,1.000000,0.000000
30864,33000268198,1071450,0,0,1471,0,0.000000,16384,1291,71450,4,1.000000,0.000000
30865,33001336708,1068510,0,0,1513,0,0.000000,16384,1356,68510,4,1.000000,0.000000
30866,33002447915,1111207,0,0,1398,0,0.000000,16384,1254,111207,4,1.000000,0.000000
30867,33003511960,1064045,0,0,1496,0,0.000000,16384,1309,64045,4,1.000000,0.000000
30868,33004577727,1065767,0,0,1500,0,0.000000,16384,1368,65767,4,1.000000,0.000000
30869,33005644750,1067023,0,0,1482,0,0.000000,16384,1278,67023,4,1.000000,0.000000
30870,33006672890,1028140,0,0,1454,0,0.000000,16384,1338,28140,4,1.000000,0.000000
30871,33007759561,1086671,0,0,1541,0,0.000000,16384,1340,86671,4,1.000000,0.000000
30872,33008824506,1064945,0,0,1605,0,0.000000,16384,1470,64945,4,1.000000,0.000000
30873,33009891980,1067474,0,0,1462,0,0.000000,16384,1265,67474,4,1.000000,0.000000
30874,33010957834,1065854,0,0,1472,0,0.000000,16384,1333,65854,4,1.000000,0.000000
30875,33012020947,1063113,0,0,1498,0,0.000000,16384,1324,63113,4,1.000000,0.000000
30876,33013080488,1059541,0,0,1502,0,0.000000,16384,1341,59541,4,1.000000,0.000000
30877,33014168782,1088294,0,0,1541,0,0.000000,16384,1374,88294,4,1.000000,0.000000
30878,33015226786,1058004,0,0,1481,0,0.000000,16384,1315,58004,4,1.000000,0.000000
30879,33016286565,1059779,0,0,1324,0,0.000000,16384,1208,59779,4,1.000000,0.000000
30880,33017347543,1060978,0,0,1496,0,0.000000,16384,1292,60978,4,1.000000,0.000000
30881,33018441525,1093982,0,0,1534,0,0.000000,16384,1402,93982,4,1.000000,0.000000
30882,33019505194,1063669,0,0,1503,0,0.000000,16384,1308,63669,4,1.000000,0.000000
30883,33020566091,1060897,0,0,1501,0,0.000000,16384,1360,60897,4,1.000000,0.000000
30884,33021624757,1058666,0,0,1592,0,0.000000,16384,1395,58666,4,1.000000,0.000000
30885,33022675373,1050616,0,0,1578,0,0.000000,16384,1439,50616,4,1.000000,0.000000
30886,33023738573,1063200,0,0,1464,0,0.000000,16384,1275,63200,4,1.000000,0.000000
30887,33024884750,1146177,0,0,1607,0,0.000000,16384,1460,146177,4,1.000000,0.000000
30888,33025945273,1060523,0,0,1493,0,0.000000,16384,1302,60523,4,1.000000,0.000000
30889,33027004114,1058841,0,0,1504,0,0.000000,16384,1359,58841,4,1.000000,0.000000
30890,33028062293,1058179,0,0,1529,0,0.000000,16384,1348,58179,4,1.000000,0.000000
30891,33029142966,1080673,0,0,1405,0,0.000000,16384,1254,80673,4,1.000000,0.000000
30892,33030202482,1059516,0,0,1556,0,0.000000,16384,1396,59516,4,1.000000,0.000000
30893,33031266919,1064437,0,0,1514,0,0.000000,16384,1338,64437,4,1.000000,0.000000
30894,33032333030,1066111,0,0,1540,0,0.000000,16384,1386,66111,4,1.000000,0.000000
30895,33033412069,1079039,0,0,1533,0,0.000000,16384,1351,79039,4,1.000000,0.000000
30896,33034461079,1049010,0,0,1477,0,0.000000,16384,1337,49010,4,1.000000,0.000000
30897,33035524931,1063852,0,0,1470,0,0.000000,16384,1274,63852,4,1.000000,0.000000
30898,33036591782,1066851,0,0,1474,0,0.000000,16384,1358,66851,4,1.000000,0.000000
30899,33037657061,1065279,0,0,1470,0,0.000000,16384,1274,65279,4,1.000000,0.000000
30900,33038675404,1018343,0,0,1436,0,0.000000,16384,1296,18343,4,1.000000,0.000000
30901,33039778341,1102937,0,0,1554,0,0.000000,16384,1377,102937,4,1.000000,0.000000
30902,33040839664,1061323,0,0,1521,0,0.000000,16384,1362,61323,4,1.000000,0.000000
30903,33041900360,1060696,0,0,1615,0,0.000000,16384,1427,60696,4,1.000000,0.000000
30904,33042961103,1060743,0,0,1413,0,0.000000,16384,1268,60743,4,1.000000,0.000000
30905,33044057722,1096619,0,0,1634,0,0.000000,16384,1451,96619,4,1.000000,0.000000
30906,33045137518,1079796,0,0,1444,0,0.000000,16384,1291,79796,4,1.000000,0.000000
30907,33046211093,1073575,0,0,1407,0,0.000000,16384,1270,73575,4,1.000000,0.000000
30908,33047274866,1063773,0,0,1498,0,0.000000,16384,1299,63773,4,1.000000,0.000000
30909,33048334803,1059937,0,0,1509,0,0.000000,16384,1387,59937,4,1.000000,0.000000
30910,33049400060,1065257,0,0,1522,0,0.000000,16384,1310,65257,4,1.000000,0.000000
30911,33050524515,1124455,0,0,1678,0,0.000000,16384,1532,124455,4,1.000000,0.000000
30912,33051587194,1062679,0,0,1503,0,0.000000,16384,1312,62679,4,1.000000,0.000000
30913,33052690283,1103089,0,0,1631,0,0.000000,16384,1476,103089,4,1.000000,0.000000
30914,33053758355,1068072,0,0,1612,0,0.000000,16384,1430,68072,4,1.000000,0.000000
30915,33054825219,1066864,0,0,1605,0,0.000000,16384,1424,66864,4,1.000000,0.000000
30916,33055891634,1066415,0,0,1603,0,0.000000,16384,1445,66415,4,1.000000,0.000000
30917,33056957264,1065630,0,0,1600,0,0.000000,16384,1398,65630,4,1.000000,0.000000
30918,33058020409,1063145,0,0,1589,0,0.000000,16384,1455,63145,4,1.000000,0.000000
30919,33059086912,1066503,0,0,1666,0,0.000000,16384,1446,66503,4,1.000000,0.000000
30920,33060151541,1064629,0,0,1547,0,0.000000,16384,1409,64629,4,1.000000,0.000000
30921,33061234402,1082861,0,0,1636,0,0.000000,16384,1438,82861,4,1.000000,0.000000
30922,33062297515,1063113,0,0,1604,0,0.000000,16384,1435,63113,4,1.000000,0.000000
30923,33063357782,1060267,0,0,1562,0,0.000000,16384,1390,60267,4,1.000000,0.000000
30924,33064415455,1057673,0,0,1619,0,0.000000,16384,1435,57673,4,1.000000,0.000000
30925,33065465978,1050523,0,0,1555,0,0.000000,16384,1404,50523,4,1.000000,0.000000
30926,33066559184,1093206,0,0,1645,0,0.000000,16384,1436,93206,4,1.000000,0.000000
30927,33067652111,1092927,0,0,1660,0,0.000000,16384,1516,92927,4,1.000000,0.000000
30928,33068712175,1060064,0,0,1613,0,0.000000,16384,1410,60064,4,1.000000,0.000000
30929,33069771253,1059078,0,0,1603,0,0.000000,16384,1444,59078,4,1.000000,0.000000
30930,33070828234,1056981,0,0,1622,0,0.000000,16384,1441,56981,4,1.000000,0.000000
30931,33071905616,1077382,0,0,1561,0,0.000000,16384,1385,77382,4,1.000000,0.000000
30932,33072965331,1059715,0,0,1613,0,0.000000,16384,1453,59715,4,1.000000,0.000000
30933,33074022362,1057031,0,0,1624,0,0.000000,16384,1418,57031,4,1.000000,0.000000
30934,33075083207,1060845,0,0,1623,0,0.000000,16384,1486,60845,4,1.000000,0.000000
30935,33076141853,1058646,0,0,1618,0,0.000000,16384,1405,58646,4,1.000000,0.000000
30936,33077199516,1057663,0,0,1582,0,0.000000,16384,1436,57663,4,1.000000,0.000000
30937,33078264472,1064956,0,0,1590,0,0.000000,16384,1400,64956,4,1.000000,0.000000
30938,33079330630,1066158,0,0,1555,0,0.000000,16384,1397,66158,4,1.000000,0.000000
30939,33080394642,1064012,0,0,1608,0,0.000000,16384,1426,64012,4,1.000000,0.000000
30940,33081454055,1059413,0,0,1620,0,0.000000,16384,1437,59413,4,1.000000,0.000000
30941,33082547941,1093886,0,0,1671,0,0.000000,16384,1518,93886,4,1.000000,0.000000
30942,33083605846,1057905,0,0,1593,0,0.000000,16384,1372,57905,4,1.000000,0.000000
30943,33084671497,1065651,0,0,1581,0,0.000000,16384,1453,65651,4,1.000000,0.000000
30944,33085733601,1062104,0,0,1515,0,0.000000,16384,1308,62104,4,1.000000,0.000000
30945,33086793316,1059715,0,0,1618,0,0.000000,16384,1480,59715,4,1.000000,0.000000
30946,33087851571,1058255,0,0,1601,0,0.000000,16384,1403,58255,4,1.000000,0.000000
30947,33088911810,1060239,0,0,1508,0,0.000000,16384,1365,60239,4,1.000000,0.000000
30948,33089969367,1057557,0,0,1614,0,0.000000,16384,1421,57557,4,1.000000,0.000000
30949,33091028517,1059150,0,0,1606,0,0.000000,16384,1436,59150,4,1.000000,0.000000
30950,33092087959,1059442,0,0,1611,0,0.000000,16384,1441,59442,4,1.000000,0.000000
30951,33093171044,1083085,0,0,1618,0,0.000000,16384,1423,83085,4,1.000000,0.000000
30952,33094233002,1061958,0,0,1541,0,0.000000,16384,1400,61958,4,1.000000,0.000000
30953,33095297111,1064109,0,0,1566,0,0.000000,16384,1366,64109,4,1.000000,0.000000
30954,33096366321,1069210,0,0,1437,0,0.000000,16384,1301,69210,4,1.000000,0.000000
30955,33097442435,1076114,0,0,1439,0,0.000000,16384,1281,76114,4,1.000000,0.000000
30956,33098516031,1073596,0,0,1475,0,0.000000,16384,1301,73596,4,1.000000,0.000000
30957,33099584551,1068520,0,0,1446,0,0.000000,16384,1316,68520,4,1.000000,0.000000
30958,33100649066,1064515,0,0,1500,0,0.000000,16384,1294,64515,4,1.000000,0.000000
30959,33101681884,1032818,0,0,1417,0,0.000000,16384,1301,32818,4,1.000000,0.000000
30960,33102747745,1065861,0,0,1523,0,0.000000,16384,1332,65861,4,1.000000,0.000000
30961,33103833439,1085694,0,0,1594,0,0.000000,16384,1449,85694,4,1.000000,0.000000
30962,33104892335,1058896,0,0,1576,0,0.000000,16384,1368,58896,4,1.000000,0.000000
30963,33105954436,1062101,0,0,1609,0,0.000000,16384,1474,62101,4,1.000000,0.000000
30964,33107016414,1061978,0,0,1592,0,0.000000,16384,1379,61978,4,1.000000,0.000000
30965,33108075732,1059318,0,0,1653,0,0.000000,16384,1498,59318,4,1.000000,0.000000
30966,33109132960,1057228,0,0,1642,0,0.000000,16384,1457,57228,4,1.000000,0.000000
30967,33110202230,1069270,0,0,1492,0,0.000000,16384,1331,69270,4,1.000000,0.000000
30968,33111268025,1065795,0,0,1475,0,0.000000,16384,1303,65795,4,1.000000,0.000000
30969,33112330112,1062087,0,0,1560,0,0.000000,16384,1406,62087,4,1.000000,0.000000
30970,33113389708,1059596,0,0,1557,0,0.000000,16384,1376,59596,4,1.000000,0.000000
30971,33114471554,1081846,0,0,1579,0,0.000000,16384,1413,81846,4,1.000000,0.000000
30972,33115530087,1058533,0,0,1637,0,0.000000,16384,1463,58533,4,1.000000,0.000000
30973,33116592826,1062739,0,0,1569,0,0.000000,16384,1383,62739,4,1.000000,0.000000
30974,33117652848,1060022,0,0,1649,0,0.000000,16384,1499,60022,4,1.000000,0.000000
30975,33118673210,1020362,0,0,1596,0,0.000000,16384,1376,20362,4,1.000000,0.000000
30976,33119745561,1072351,0,0,1664,0,0.000000,16384,1520,72351,4,1.000000,0.000000
30977,33120803957,1058396,0,0,1646,0,0.000000,16384,1453,58396,4,1.000000,0.000000
30978,33121860586,1056629,0,0,1586,0,0.000000,16384,1413,56629,4,1.000000,0.000000
30979,33122919960,1059374,0,0,1464,0,0.000000,16384,1301,59374,4,1.000000,0.000000
30980,33123979413,1059453,0,0,1630,0,0.000000,16384,1455,59453,4,1.000000,0.000000
30981,33125059561,1080148,0,0,1569,0,0.000000,16384,1405,80148,4,1.000000,0.000000
30982,33126120813,1061252,0,0,1528,0,0.000000,16384,1354,61252,4,1.000000,0.000000
30983,33127179956,1059143,0,0,1555,0,0.000000,16384,1393,59143,4,1.000000,0.000000
30984,33128238231,1058275,0,0,1607,0,0.000000,16384,1417,58275,4,1.000000,0.000000
30985,33129298131,1059900,0,0,1634,0,0.000000,16384,1488,59900,4,1.000000,0.000000
30986,33130357370,1059239,0,0,1591,0,0.000000,16384,1371,59239,4,1.000000,0.000000
30987,33131415873,1058503,0,0,1660,0,0.000000,16384,1517,58503,4,1.000000,0.000000
30988,33132473643,1057770,0,0,1659,0,0.000000,16384,1466,57770,4,1.000000,0.000000
30989,33133531041,1057398,0,0,1665,0,0.000000,16384,1474,57398,4,1.000000,0.000000
30990,33134588327,1057286,0,0,1665,0,0.000000,16384,1516,57286,4,1.000000,0.000000
30991,33135674497,1086170,0,0,1440,0,0.000000,16384,1249,86170,4,1.000000,0.000000
30992,33136736672,1062175,0,0,1517,0,0.000000,16384,1372,62175,4,1.000000,0.000000
30993,33137801897,1065225,0,0,1579,0,0.000000,16384,1386,65225,4,1.000000,0.000000
30994,33138863280,1061383,0,0,1556,0,0.000000,16384,1413,61383,4,1.000000,0.000000
30995,33139922183,1058903,0,0,1560,0,0.000000,16384,1360,58903,4,1.000000,0.000000
30996,33140979831,1057648,0,0,1576,0,0.000000,16384,1440,57648,4,1.000000,0.000000
30997,33142038077,1058246,0,0,1658,0,0.000000,16384,1438,58246,4,1.000000,0.000000
30998,33143096795,1058718,0,0,1650,0,0.000000,16384,1497,58718,4,1.000000,0.000000
30999,33144155242,1058447,0,0,1659,0,0.000000,16384,1472,58447,4,1.000000,0.000000
31000,33145212870,1057628,0,0,1614,0,0.000000,16384,1428,57628,4,1.000000,0.000000
31001,33146291096,1078226,0,0,1600,0,0.000000,16384,1449,78226,4,1.000000,0.000000
31002,33147350773,1059677,0,0,1590,0,0.000000,16384,1383,59677,4,1.000000,0.000000
31003,33148409391,1058618,0,0,1611,0,0.000000,16384,1476,58618,4,1.000000,0.000000
31004,33149466732,1057341,0,0,1655,0,0.000000,16384,1441,57341,4,1.000000,0.000000
31005,33150525380,1058648,0,0,1666,0,0.000000,16384,1497,58648,4,1.000000,0.000000
31006,33151583437,1058057,0,0,1665,0,0.000000,16384,1495,58057,4,1.000000,0.000000
31007,33152639616,1056179,0,0,1804,0,0.000000,16384,1584,56179,4,1.000000,0.000000
31008,33153671053,1031437,0,0,1620,0,0.000000,16384,1460,31437,4,1.000000,0.000000
31009,33154728622,1057569,0,0,1784,0,0.000000,16384,1604,57569,4,1.000000,0.000000
31010,33155785278,1056656,0,0,1806,0,0.000000,16384,1586,56656,4,1.000000,0.000000
31011,33156852134,1066856,0,0,1840,0,0.000000,16384,1622,66856,4,1.000000,0.000000
31012,33157908459,1056325,0,0,1823,0,0.000000,16384,1646,56325,4,1.000000,0.000000
31013,33158964669,1056210,0,0,1824,0,0.000000,16384,1645,56210,4,1.000000,0.000000
31014,33160021086,1056417,0,0,1802,0,0.000000,16384,1588,56417,4,1.000000,0.000000
31015,33161077220,1056134,0,0,1823,0,0.000000,16384,1603,56134,4,1.000000,0.000000
31016,33162133098,1055878,0,0,1823,0,0.000000,16384,1637,55878,4,1.000000,0.000000
31017,33163188917,1055819,0,0,1815,0,0.000000,16384,1638,55819,4,1.000000,0.000000
31018,33164244711,1055794,0,0,1821,0,0.000000,16384,1620,55794,4,1.000000,0.000000
31019,33165306606,1061895,0,0,1699,0,0.000000,16384,1479,61895,4,1.000000,0.000000
31020,33166373980,1067374,0,0,1628,0,0.000000,16384,1488,67374,4,1.000000,0.000000
31021,33167448163,1074183,0,0,1674,0,0.000000,16384,1426,74183,4,1.000000,0.000000
31022,33168506091,1057928,0,0,1664,0,0.000000,16384,1490,57928,4,1.000000,0.000000
31023,33169562731,1056640,0,0,1792,0,0.000000,16384,1572,56640,4,1.000000,0.000000
31024,33170620153,1057422,0,0,1817,0,0.000000,16384,1624,57422,4,1.000000,0.000000
31025,33171671291,1051138,0,0,1800,0,0.000000,16384,1628,51138,4,1.000000,0.000000
31026,33172726629,1055338,0,0,1822,0,0.000000,16384,1623,55338,4,1.000000,0.000000
31027,33173782519,1055890,0,0,1823,0,0.000000,16384,1602,55890,4,1.000000,0.000000
31028,33174838541,1056022,0,0,1823,0,0.000000,16384,1617,56022,4,1.000000,0.000000
31029,33175894223,1055682,0,0,1824,0,0.000000,16384,1647,55682,4,1.000000,0.000000
31030,33176950214,1055991,0,0,1773,0,0.000000,16384,1593,55991,4,1.000000,0.000000
31031,33178010917,1060703,0,0,1829,0,0.000000,16384,1609,60703,4,1.000000,0.000000
31032,33179066294,1055377,0,0,1747,0,0.000000,16384,1545,55377,4,1.000000,0.000000
31033,33180123234,1056940,0,0,1737,0,0.000000,16384,1577,56940,4,1.000000,0.000000
31034,33181180147,1056913,0,0,1816,0,0.000000,16384,1613,56913,4,1.000000,0.000000
31035,33182240923,1060776,0,0,1827,0,0.000000,16384,1608,60776,4,1.000000,0.000000
31036,33183302177,1061254,0,0,1815,0,0.000000,16384,1613,61254,4,1.000000,0.000000
31037,33184362947,1060770,0,0,1646,0,0.000000,16384,1504,60770,4,1.000000,0.000000
31038,33185423043,1060096,0,0,1779,0,0.000000,16384,1563,60096,4,1.000000,0.000000
31039,33186482610,1059567,0,0,1759,0,0.000000,16384,1548,59567,4,1.000000,0.000000
31040,33187540604,1057994,0,0,1803,0,0.000000,16384,1630,57994,4,1.000000,0.000000
31041,33188624500,1083896,0,0,1647,0,0.000000,16384,1467,83896,4,1.000000,0.000000
31042,33189673392,1048892,0,0,1486,0,0.000000,16384,1320,48892,4,1.000000,0.000000
31043,33190722660,1049268,0,0,1759,0,0.000000,16384,1589,49268,4,1.000000,0.000000
31044,33191783545,1060885,0,0,1660,0,0.000000,16384,1440,60885,4,1.000000,0.000000
31045,33192843724,1060179,0,0,1667,0,0.000000,16384,1508,60179,4,1.000000,0.000000
31046,33193902223,1058499,0,0,1664,0,0.000000,16384,1483,58499,4,1.000000,0.000000
31047,33194959631,1057408,0,0,1582,0,0.000000,16384,1394,57408,4,1.000000,0.000000
31048,33196021245,1061614,0,0,1597,0,0.000000,16384,1449,61614,4,1.000000,0.000000
31049,33197081683,1060438,0,0,1655,0,0.000000,16384,1434,60438,4,1.000000,0.000000
31050,33198138757,1057074,0,0,1662,0,0.000000,16384,1517,57074,4,1.000000,0.000000
31051,33199211608,1072851,0,0,1678,0,0.000000,16384,1484,72851,4,1.000000,0.000000
31052,33200270720,1059112,0,0,1604,0,0.000000,16384,1422,59112,4,1.000000,0.000000
31053,33201328634,1057914,0,0,1586,0,0.000000,16384,1432,57914,4,1.000000,0.000000
31054,33202388255,1059621,0,0,1564,0,0.000000,16384,1369,59621,4,1.000000,0.000000
31055,33203447703,1059448,0,0,1667,0,0.000000,16384,1521,59448,4,1.000000,0.000000
31056,33204507227,1059524,0,0,1526,0,0.000000,16384,1312,59524,4,1.000000,0.000000
31057,33205568126,1060899,0,0,1645,0,0.000000,16384,1505,60899,4,1.000000,0.000000
31058,33206629044,1060918,0,0,1553,0,0.000000,16384,1356,60918,4,1.000000,0.000000
31059,33207674497,1045453,0,0,1527,0,0.000000,16384,1389,45453,4,1.000000,0.000000
31060,33208732832,1058335,0,0,1657,0,0.000000,16384,1459,58335,4,1.000000,0.000000
31061,33209807884,1075052,0,0,1615,0,0.000000,16384,1439,75052,4,1.000000,0.000000
31062,33210866115,1058231,0,0,1643,0,0.000000,16384,1479,58231,4,1.000000,0.000000
31063,33211929036,1062921,0,0,1612,0,0.000000,16384,1406,62921,4,1.000000,0.000000
31064,33212994637,1065601,0,0,1494,0,0.000000,16384,1363,65601,4,1.000000,0.000000
31065,33214059462,1064825,0,0,1559,0,0.000000,16384,1360,64825,4,1.000000,0.000000
31066,33215127152,1067690,0,0,1523,0,0.000000,16384,1387,67690,4,1.000000,0.000000
31067,33216191823,1064671,0,0,1462,0,0.000000,16384,1282,64671,4,1.000000,0.000000
31068,33217251345,1059522,0,0,1537,0,0.000000,16384,1381,59522,4,1.000000,0.000000
31069,33218311212,1059867,0,0,1558,0,0.000000,16384,1376,59867,4,1.000000,0.000000
31070,33219369738,1058526,0,0,1556,0,0.000000,16384,1402,58526,4,1.000000,0.000000
31071,33220456427,1086689,0,0,1549,0,0.000000,16384,1363,86689,4,1.000000,0.000000
31072,33221517714,1061287,0,0,1494,0,0.000000,16384,1343,61287,4,1.000000,0.000000
31073,33222583931,1066217,0,0,1478,0,0.000000,16384,1314,66217,4,1.000000,0.000000
31074,33223645446,1061515,0,0,1523,0,0.000000,16384,1356,61515,4,1.000000,0.000000
31075,33224697594,1052148,0,0,1351,0,0.000000,16384,1225,52148,4,1.000000,0.000000
31076,33225769620,1072026,0,0,1476,0,0.000000,16384,1275,72026,4,1.000000,0.000000
31077,33227626139,1856519,0,0,2471,0,0.000000,16384,2233,856519,4,1.000000,0.000000
31078,33228691196,1065057,0,0,1408,0,0.000000,16384,1244,65057,4,1.000000,0.000000
31079,33229757330,1066134,0,0,1264,0,0.000000,16384,1105,66134,4,1.000000,0.000000
31080,33230818686,1061356,0,0,1468,0,0.000000,16384,1344,61356,4,1.000000,0.000000
31081,33231911739,1093053,0,0,1485,0,0.000000,16384,1299,93053,4,1.000000,0.000000
31082,33232978391,1066652,0,0,1509,0,0.000000,16384,1358,66652,4,1.000000,0.000000
31083,33234044810,1066419,0,0,1468,0,0.000000,16384,1305,66419,4,1.000000,0.000000
31084,33235307263,1262453,0,0,1718,0,0.000000,16384,1546,262453,4,1.000000,0.000000
31085,33236378379,1071116,0,0,1362,0,0.000000,16384,1198,71116,4,1.000000,0.000000
31086,33237449671,1071292,0,0,1425,0,0.000000,16384,1257,71292,4,1.000000,0.000000
31087,33238519676,1070005,0,0,1434,0,0.000000,16384,1311,70005,4,1.000000,0.000000
31088,33239595845,1076169,0,0,1448,0,0.000000,16384,1252,76169,4,1.000000,0.000000
31089,33240686103,1090258,0,0,1482,0,0.000000,16384,1349,90258,4,1.000000,0.000000
31090,33241755447,1069344,0,0,1470,0,0.000000,16384,1294,69344,4,1.000000,0.000000
31091,33242858062,1102615,0,0,1334,0,0.000000,16384,1178,102615,4,1.000000,0.000000
31092,33244004795,1146733,0,0,1559,0,0.000000,16384,1417,146733,4,1.000000,0.000000
31093,33245080037,1075242,0,0,1425,0,0.000000,16384,1233,75242,4,1.000000,0.000000
31094,33246160156,1080119,0,0,1459,0,0.000000,16384,1341,80119,4,1.000000,0.000000
31095,33247234481,1074325,0,0,1453,0,0.000000,16384,1270,74325,4,1.000000,0.000000
31096,33248303795,1069314,0,0,1479,0,0.000000,16384,1326,69314,4,1.000000,0.000000
31097,33249369167,1065372,0,0,1514,0,0.000000,16384,1348,65372,4,1.000000,0.000000
31098,33250488782,1119615,0,0,1464,0,0.000000,16384,1298,119615,4,1.000000,0.000000
31099,33251684781,1195999,0,0,1613,0,0.000000,16384,1446,195999,4,1.000000,0.000000
31100,33252781588,1096807,0,0,1478,0,0.000000,16384,1309,96807,4,1.000000,0.000000
31101,33254685888,1904300,0,0,2581,0,0.000000,16384,2312,904300,4,1.000000,0.000000
31102,33255812346,1126458,0,0,1286,0,0.000000,16384,1123,126458,4,1.000000,0.000000
31103,33257056404,1244058,0,0,1690,0,0.000000,16384,1539,244058,4,1.000000,0.000000
31104,33258122827,1066423,0,0,1412,0,0.000000,16384,1223,66423,4,1.000000,0.000000
31105,33259202043,1079216,0,0,1445,0,0.000000,16384,1317,79216,4,1.000000,0.000000
31106,33260284066,1082023,0,0,1301,0,0.000000,16384,1160,82023,4,1.000000,0.000000
31107,33261359245,1075179,0,0,1424,0,0.000000,16384,1233,75179,4,1.000000,0.000000
31108,33262430375,1071130,0,0,1466,0,0.000000,16384,1350,71130,4,1.000000,0.000000
31109,33263500694,1070319,0,0,1454,0,0.000000,16384,1267,70319,4,1.000000,0.000000
31110,33266650849,3150155,0,0,4062,0,0.000000,16384,3624,2150155,4,1.000000,0.000000
31111,33267804416,1153567,0,0,1427,0,0.000000,16384,1272,153567,4,1.000000,0.000000
31112,33268891069,1086653,0,0,1368,0,0.000000,16384,1245,86653,4,1.000000,0.000000
31113,33271538920,2647851,0,0,3214,0,0.000000,16384,2852,1647851,4,1.000000,0.000000
31114,33272620245,1081325,0,0,1451,0,0.000000,16384,1264,81325,4,1.000000,0.000000
31115,33273805138,1184893,0,0,1589,0,0.000000,16384,1449,184893,4,1.000000,0.000000
31116,33274872472,1067334,0,0,1432,0,0.000000,16384,1238,67334,4,1.000000,0.000000
31117,33275943298,1070826,0,0,1461,0,0.000000,16384,1343,70826,4,1.000000,0.000000
31118,33277541632,1598334,0,0,2098,0,0.000000,16384,1874,598334,4,1.000000,0.000000
31119,33279388019,1846387,0,0,2504,0,0.000000,16384,2196,846387,4,1.000000,0.000000
31120,33280461576,1073557,0,0,1458,0,0.000000,16384,1317,73557,4,1.000000,0.000000
31121,33281570366,1108790,0,0,1503,0,0.000000,16384,1333,108790,4,1.000000,0.000000
31122,33282642738,1072372,0,0,1288,0,0.000000,16384,1127,72372,4,1.000000,0.000000
31123,33283810579,1167841,0,0,1569,0,0.000000,16384,1439,167841,4,1.000000,0.000000
31124,33284887157,1076578,0,0,1442,0,0.000000,16384,1247,76578,4,1.000000,0.000000
31125,33285961336,1074179,0,0,1452,0,0.000000,16384,1325,74179,4,1.000000,0.000000
31126,33287030817,1069481,0,0,1483,0,0.000000,16384,1304,69481,4,1.000000,0.000000
31127,33288101848,1071031,0,0,1455,0,0.000000,16384,1302,71031,4,1.000000,0.000000
31128,33289170170,1068322,0,0,1450,0,0.000000,16384,1303,68322,4,1.000000,0.000000
31129,33290243238,1073068,0,0,1448,0,0.000000,16384,1259,73068,4,1.000000,0.000000
31130,33291409609,1166371,0,0,1528,0,0.000000,16384,1402,166371,4,1.000000,0.000000
31131,33292523995,1114386,0,0,1445,0,0.000000,16384,1250,114386,4,1.000000,0.000000
31132,33293599556,1075561,0,0,1401,0,0.000000,16384,1270,75561,4,1.000000,0.000000
31133,33294701222,1101666,0,0,1452,0,0.000000,16384,1293,101666,4,1.000000,0.000000
31134,33295769990,1068768,0,0,1221,0,0.000000,16384,1071,68768,4,1.000000,0.000000
31135,33296840377,1070387,0,0,1360,0,0.000000,16384,1225,70387,4,1.000000,0.000000
31136,33298022270,1181893,0,0,1597,0,0.000000,16384,1421,181893,4,1.000000,0.000000
31137,33299092971,1070701,0,0,1422,0,0.000000,16384,1262,70701,4,1.000000,0.000000
31138,33300164629,1071658,0,0,1459,0,0.000000,16384,1324,71658,4,1.000000,0.000000
31139,33301688371,1523742,0,0,2066,0,0.000000,16384,1840,523742,4,1.000000,0.000000
31140,33302753461,1065090,0,0,1495,0,0.000000,16384,1295,65090,4,1.000000,0.000000
31141,33303860868,1107407,0,0,1668,0,0.000000,16384,1516,107407,4,1.000000,0.000000
31142,33304925289,1064421,0,0,1611,0,0.000000,16384,1428,64421,4,1.000000,0.000000
31143,33305993351,1068062,0,0,1567,0,0.000000,16384,1395,68062,4,1.000000,0.000000
31144,33307061715,1068364,0,0,1425,0,0.000000,16384,1261,68364,4,1.000000,0.000000
31145,33308130969,1069254,0,0,1477,0,0.000000,16384,1341,69254,4,1.000000,0.000000
31146,33309865231,1734262,0,0,2239,0,0.000000,16384,1979,734262,4,1.000000,0.000000
31147,33310935259,1070028,0,0,1482,0,0.000000,16384,1318,70028,4,1.000000,0.000000
31148,33312007484,1072225,0,0,1465,0,0.000000,16384,1320,72225,4,1.000000,0.000000
31149,33313077836,1070352,0,0,1418,0,0.000000,16384,1227,70352,4,1.000000,0.000000
31150,33314145447,1067611,0,0,1442,0,0.000000,16384,1326,67611,4,1.000000,0.000000
31151,33315236922,1091475,0,0,1550,0,0.000000,16384,1350,91475,4,1.000000,0.000000
31152,33316300503,1063581,0,0,1509,0,0.000000,16384,1373,63581,4,1.000000,0.000000
31153,33317365581,1065078,0,0,1520,0,0.000000,16384,1331,65078,4,1.000000,0.000000
31154,33318431824,1066243,0,0,1508,0,0.000000,16384,1361,66243,4,1.000000,0.000000
31155,33319496838,1065014,0,0,1525,0,0.000000,16384,1346,65014,4,1.000000,0.000000
31156,33320564181,1067343,0,0,1462,0,0.000000,16384,1309,67343,4,1.000000,0.000000
31157,33321630732,1066551,0,0,1487,0,0.000000,16384,1331,66551,4,1.000000,0.000000
31158,33322681846,1051114,0,0,1267,0,0.000000,16384,1107,51114,4,1.000000,0.000000
31159,33323753067,1071221,0,0,1396,0,0.000000,16384,1260,71221,4,1.000000,0.000000
31160,33324824220,1071153,0,0,1480,0,0.000000,16384,1322,71153,4,1.000000,0.000000
31161,33325924435,1100215,0,0,1568,0,0.000000,16384,1394,100215,4,1.000000,0.000000
31162,33327016076,1091641,0,0,1549,0,0.000000,16384,1380,91641,4,1.000000,0.000000
31163,33328160573,1144497,0,0,1554,0,0.000000,16384,1383,144497,4,1.000000,0.000000
31164,33329227862,1067289,0,0,1505,0,0.000000,16384,1344,67289,4,1.000000,0.000000
31165,33330295397,1067535,0,0,1551,0,0.000000,16384,1380,67535,4,1.000000,0.000000
31166,33331362587,1067190,0,0,1613,0,0.000000,16384,1433,67190,4,1.000000,0.000000
31167,33332430599,1068012,0,0,1615,0,0.000000,16384,1455,68012,4,1.000000,0.000000
31168,33333497752,1067153,0,0,1616,0,0.000000,16384,1411,67153,4,1.000000,0.000000
31169,33334566009,1068257,0,0,1496,0,0.000000,16384,1365,68257,4,1.000000,0.000000
31170,33335633301,1067292,0,0,1444,0,0.000000,16384,1267,67292,4,1.000000,0.000000
31171,33336863951,1230650,0,0,1491,0,0.000000,16384,1334,230650,4,1.000000,0.000000
31172,33338694282,1830331,0,0,2554,0,0.000000,16384,2277,830331,4,1.000000,0.000000
31173,33339765433,1071151,0,0,1468,0,0.000000,16384,1299,71151,4,1.000000,0.000000
31174,33340834589,1069156,0,0,1424,0,0.000000,16384,1295,69156,4,1.000000,0.000000
31175,33341902292,1067703,0,0,1495,0,0.000000,16384,1288,67703,4,1.000000,0.000000
31176,33342967034,1064742,0,0,1512,0,0.000000,16384,1396,64742,4,1.000000,0.000000
31177,33344036416,1069382,0,0,1579,0,0.000000,16384,1359,69382,4,1.000000,0.000000
31178,33345103993,1067577,0,0,1490,0,0.000000,16384,1374,67577,4,1.000000,0.000000
31179,33346171633,1067640,0,0,1506,0,0.000000,16384,1304,67640,4,1.000000,0.000000
31180,33347237484,1065851,0,0,1492,0,0.000000,16384,1357,65851,4,1.000000,0.000000
31181,33348330411,1092927,0,0,1458,0,0.000000,16384,1284,92927,4,1.000000,0.000000
31182,33349400008,1069597,0,0,1184,0,0.000000,16384,1041,69597,4,1.000000,0.000000
31183,33350474964,1074956,0,0,1419,0,0.000000,16384,1289,74956,4,1.000000,0.000000
31184,33351554588,1079624,0,0,1387,0,0.000000,16384,1236,79624,4,1.000000,0.000000
31185,33352632760,1078172,0,0,1432,0,0.000000,16384,1251,78172,4,1.000000,0.000000
31186,33353685710,1052950,0,0,1378,0,0.000000,16384,1262,52950,4,1.000000,0.000000
31187,33354793628,1107918,0,0,1489,0,0.000000,16384,1301,107918,4,1.000000,0.000000
31188,33355859081,1065453,0,0,1438,0,0.000000,16384,1290,65453,4,1.000000,0.000000
31189,33357016471,1157390,0,0,1527,0,0.000000,16384,1363,157390,4,1.000000,0.000000
31190,33358090471,1074000,0,0,1388,0,0.000000,16384,1220,74000,4,1.000000,0.000000
31191,33359205653,1115182,0,0,1532,0,0.000000,16384,1396,115182,4,1.000000,0.000000
31192,33360280322,1074669,0,0,1409,0,0.000000,16384,1220,74669,4,1.000000,0.000000
31193,33361359201,1078879,0,0,1426,0,0.000000,16384,1299,78879,4,1.000000,0.000000
31194,33362437653,1078452,0,0,1166,0,0.000000,16384,1054,78452,4,1.000000,0.000000
31195,33363525577,1087924,0,0,1406,0,0.000000,16384,1221,87924,4,1.000000,0.000000
31196,33364604502,1078925,0,0,1395,0,0.000000,16384,1248,78925,4,1.000000,0.000000
31197,33365686956,1082454,0,0,1406,0,0.000000,16384,1273,82454,4,1.000000,0.000000
31198,33366759904,1072948,0,0,1401,0,0.000000,16384,1215,72948,4,1.000000,0.000000
31199,33367837919,1078015,0,0,1387,0,0.000000,16384,1254,78015,4,1.000000,0.000000
31200,33368910362,1072443,0,0,1379,0,0.000000,16384,1239,72443,4,1.000000,0.000000
31201,33370008022,1097660,0,0,1475,0,0.000000,16384,1283,97660,4,1.000000,0.000000
31202,33371087693,1079671,0,0,1473,0,0.000000,16384,1357,79671,4,1.000000,0.000000
31203,33373682954,2595261,0,0,3641,0,0.000000,16384,3197,1595261,4,1.000000,0.000000
31204,33374756148,1073194,0,0,1419,0,0.000000,16384,1302,73194,4,1.000000,0.000000
31205,33375846705,1090557,0,0,1238,0,0.000000,16384,1101,90557,4,1.000000,0.000000
31206,33376920415,1073710,0,0,1425,0,0.000000,16384,1233,73710,4,1.000000,0.000000
31207,33377993847,1073432,0,0,1417,0,0.000000,16384,1299,73432,4,1.000000,0.000000
31208,33379070602,1076755,0,0,1478,0,0.000000,16384,1298,76755,4,1.000000,0.000000
31209,33380140229,1069627,0,0,1504,0,0.000000,16384,1348,69627,4,1.000000,0.000000
31210,33381206765,1066536,0,0,1645,0,0.000000,16384,1452,66536,4,1.000000,0.000000
31211,33382299853,1093088,0,0,1814,0,0.000000,16384,1638,93088,4,1.000000,0.000000
31212,33383363517,1063664,0,0,1673,0,0.000000,16384,1482,63664,4,1.000000,0.000000
31213,33384470756,1107239,0,0,1776,0,0.000000,16384,1558,107239,4,1.000000,0.000000
31214,33385535671,1064915,0,0,1672,0,0.000000,16384,1525,64915,4,1.000000,0.000000
31215,33386598478,1062807,0,0,1789,0,0.000000,16384,1594,62807,4,1.000000,0.000000
31216,33387660658,1062180,0,0,1765,0,0.000000,16384,1545,62180,4,1.000000,0.000000
31217,33388679800,1019142,0,0,1508,0,0.000000,16384,1379,19142,4,1.000000,0.000000
31218,33389742062,1062262,0,0,1387,0,0.000000,16384,1203,62262,4,1.000000,0.000000
31219,33390805775,1063713,0,0,1510,0,0.000000,16384,1371,63713,4,1.000000,0.000000
31220,33391870839,1065064,0,0,1614,0,0.000000,16384,1409,65064,4,1.000000,0.000000
31221,33392969795,1098956,0,0,1514,0,0.000000,16384,1382,98956,4,1.000000,0.000000
31222,33394040950,1071155,0,0,1461,0,0.000000,16384,1279,71155,4,1.000000,0.000000
31223,33395109442,1068492,0,0,1574,0,0.000000,16384,1421,68492,4,1.000000,0.000000
31224,33396465867,1356425,0,0,2001,0,0.000000,16384,1777,356425,4,1.000000,0.000000
31225,33397533225,1067358,0,0,1613,0,0.000000,16384,1420,67358,4,1.000000,0.000000
31226,33398626905,1093680,0,0,1805,0,0.000000,16384,1632,93680,4,1.000000,0.000000
31227,33399710433,1083528,0,0,1643,0,0.000000,16384,1453,83528,4,1.000000,0.000000
31228,33400778406,1067973,0,0,1740,0,0.000000,16384,1534,67973,4,1.000000,0.000000
31229,33401850598,1072192,0,0,1549,0,0.000000,16384,1415,72192,4,1.000000,0.000000
31230,33402915924,1065326,0,0,1345,0,0.000000,16384,1181,65326,4,1.000000,0.000000
31231,33404012170,1096246,0,0,1702,0,0.000000,16384,1530,96246,4,1.000000,0.000000
31232,33405078449,1066279,0,0,1513,0,0.000000,16384,1322,66279,4,1.000000,0.000000
31233,33406146032,1067583,0,0,1545,0,0.000000,16384,1400,67583,4,1.000000,0.000000
31234,33407210125,1064093,0,0,1617,0,0.000000,16384,1411,64093,4,1.000000,0.000000
31235,33408273892,1063767,0,0,1565,0,0.000000,16384,1435,63767,4,1.000000,0.000000
31236,33409339646,1065754,0,0,1510,0,0.000000,16384,1306,65754,4,1.000000,0.000000
31237,33410404669,1065023,0,0,1476,0,0.000000,16384,1343,65023,4,1.000000,0.000000
31238,33411468317,1063648,0,0,1515,0,0.000000,16384,1330,63648,4,1.000000,0.000000
31239,33412532077,1063760,0,0,1485,0,0.000000,16384,1335,63760,4,1.000000,0.000000
31240,33413597678,1065601,0,0,1471,0,0.000000,16384,1311,65601,4,1.000000,0.000000
31241,33414679820,1082142,0,0,1521,0,0.000000,16384,1349,82142,4,1.000000,0.000000
31242,33415798290,1118470,0,0,1456,0,0.000000,16384,1234,118470,4,1.000000,0.000000
31243,33416864109,1065819,0,0,1592,0,0.000000,16384,1440,65819,4,1.000000,0.000000
31244,33417926543,1062434,0,0,1498,0,0.000000,16384,1314,62434,4,1.000000,0.000000
31245,33418992738,1066195,0,0,1592,0,0.000000,16384,1439,66195,4,1.000000,0.000000
31246,33420066279,1073541,0,0,1510,0,0.000000,16384,1327,73541,4,1.000000,0.000000
31247,33421133033,1066754,0,0,1533,0,0.000000,16384,1387,66754,4,1.000000,0.000000
31248,33422193364,1060331,0,0,1618,0,0.000000,16384,1428,60331,4,1.000000,0.000000
31249,33423258072,1064708,0,0,1605,0,0.000000,16384,1432,64708,4,1.000000,0.000000
31250,33424352779,1094707,0,0,1598,0,0.000000,16384,1430,94707,4,1.000000,0.000000
31251,33425393865,1041086,0,0,1573,0,0.000000,16384,1388,41086,4,1.000000,0.000000
31252,33426542304,1148439,0,0,1623,0,0.000000,16384,1473,148439,4,1.000000,0.000000
31253,33427608306,1066002,0,0,1489,0,0.000000,16384,1297,66002,4,1.000000,0.000000
31254,33428675727,1067421,0,0,1447,0,0.000000,16384,1303,67421,4,1.000000,0.000000
31255,33429742737,1067010,0,0,1314,0,0.000000,16384,1187,67010,4,1.000000,0.000000
31256,33430808047,1065310,0,0,1442,0,0.000000,16384,1247,65310,4,1.000000,0.000000
31257,33431872461,1064414,0,0,1527,0,0.000000,16384,1400,64414,4,1.000000,0.000000
31258,33432932274,1059813,0,0,1507,0,0.000000,16384,1308,59813,4,1.000000,0.000000
31259,33433991992,1059718,0,0,1511,0,0.000000,16384,1375,59718,4,1.000000,0.000000
31260,33435049846,1057854,0,0,1618,0,0.000000,16384,1409,57854,4,1.000000,0.000000
31261,33436140017,1090171,0,0,1613,0,0.000000,16384,1477,90171,4,1.000000,0.000000
31262,33437201846,1061829,0,0,1566,0,0.000000,16384,1355,61829,4,1.000000,0.000000
31263,33438261119,1059273,0,0,1612,0,0.000000,16384,1469,59273,4,1.000000,0.000000
31264,33439321810,1060691,0,0,1605,0,0.000000,16384,1412,60691,4,1.000000,0.000000
31265,33440385998,1064188,0,0,1487,0,0.000000,16384,1342,64188,4,1.000000,0.000000
31266,33441447193,1061195,0,0,1478,0,0.000000,16384,1287,61195,4,1.000000,0.000000
31267,33442608538,1161345,0,0,1413,0,0.000000,16384,1297,161345,4,1.000000,0.000000
31268,33443681546,1073008,0,0,1491,0,0.000000,16384,1295,73008,4,1.000000,0.000000
31269,33444745182,1063636,0,0,1497,0,0.000000,16384,1357,63636,4,1.000000,0.000000
31270,33445811072,1065890,0,0,1550,0,0.000000,16384,1362,65890,4,1.000000,0.000000
31271,33446904043,1092971,0,0,1627,0,0.000000,16384,1479,92971,4,1.000000,0.000000
31272,33447965681,1061638,0,0,1701,0,0.000000,16384,1481,61638,4,1.000000,0.000000
31273,33449023538,1057857,0,0,1806,0,0.000000,16384,1616,57857,4,1.000000,0.000000
31274,33450081089,1057551,0,0,1764,0,0.000000,16384,1598,57551,4,1.000000,0.000000
31275,33451140098,1059009,0,0,1637,0,0.000000,16384,1433,59009,4,1.000000,0.000000
31276,33452197862,1057764,0,0,1811,0,0.000000,16384,1606,57764,4,1.000000,0.000000
31277,33453258491,1060629,0,0,1716,0,0.000000,16384,1560,60629,4,1.000000,0.000000
31278,33454316534,1058043,0,0,1694,0,0.000000,16384,1495,58043,4,1.000000,0.000000
31279,33455376088,1059554,0,0,1806,0,0.000000,16384,1586,59554,4,1.000000,0.000000
31280,33456439077,1062989,0,0,1444,0,0.000000,16384,1324,62989,4,1.000000,0.000000
31281,33457530879,1091802,0,0,1666,0,0.000000,16384,1445,91802,4,1.000000,0.000000
31282,33458594792,1063913,0,0,1648,0,0.000000,16384,1505,63913,4,1.000000,0.000000
31283,33459653695,1058903,0,0,1658,0,0.000000,16384,1466,58903,4,1.000000,0.000000
31284,33460674315,1020620,0,0,1594,0,0.000000,16384,1417,20620,4,1.000000,0.000000
31285,33461734803,1060488,0,0,1652,0,0.000000,16384,1489,60488,4,1.000000,0.000000
31286,33462794646,1059843,0,0,1607,0,0.000000,16384,1399,59843,4,1.000000,0.000000
31287,33463854508,1059862,0,0,1650,0,0.000000,16384,1507,59862,4,1.000000,0.000000
31288,33464912330,1057822,0,0,1629,0,0.000000,16384,1424,57822,4,1.000000,0.000000
31289,33465970002,1057672,0,0,1664,0,0.000000,16384,1491,57672,4,1.000000,0.000000
31290,33467026923,1056921,0,0,1656,0,0.000000,16384,1489,56921,4,1.000000,0.000000
31291,33468111399,1084476,0,0,1652,0,0.000000,16384,1438,84476,4,1.000000,0.000000
31292,33469174701,1063302,0,0,1572,0,0.000000,16384,1445,63302,4,1.000000,0.000000
31293,33470237215,1062514,0,0,1599,0,0.000000,16384,1384,62514,4,1.000000,0.000000
31294,33471297830,1060615,0,0,1593,0,0.000000,16384,1451,60615,4,1.000000,0.000000
31295,33472361111,1063281,0,0,1633,0,0.000000,16384,1439,63281,4,1.000000,0.000000
31296,33473419725,1058614,0,0,1555,0,0.000000,16384,1392,58614,4,1.000000,0.000000
31297,33474478059,1058334,0,0,1632,0,0.000000,16384,1454,58334,4,1.000000,0.000000
31298,33475535795,1057736,0,0,1658,0,0.000000,16384,1459,57736,4,1.000000,0.000000
31299,33476595150,1059355,0,0,1667,0,0.000000,16384,1520,59355,4,1.000000,0.000000
31300,33477654497,1059347,0,0,1654,0,0.000000,16384,1444,59347,4,1.000000,0.000000
31301,33478734953,1080456,0,0,1690,0,0.000000,16384,1512,80456,4,1.000000,0.000000
31302,33479791398,1056445,0,0,1652,0,0.000000,16384,1491,56445,4,1.000000,0.000000
31303,33480849970,1058572,0,0,1620,0,0.000000,16384,1408,58572,4,1.000000,0.000000
31304,33481908975,1059005,0,0,1668,0,0.000000,16384,1521,59005,4,1.000000,0.000000
31305,33482968763,1059788,0,0,1537,0,0.000000,16384,1340,59788,4,1.000000,0.000000
31306,33484028536,1059773,0,0,1649,0,0.000000,16384,1490,59773,4,1.000000,0.000000
31307,33485087465,1058929,0,0,1667,0,0.000000,16384,1486,58929,4,1.000000,0.000000
31308,33486147288,1059823,0,0,1613,0,0.000000,16384,1419,59823,4,1.000000,0.000000
31309,33487206383,1059095,0,0,1662,0,0.000000,16384,1518,59095,4,1.000000,0.000000
31310,33488267195,1060812,0,0,1630,0,0.000000,16384,1412,60812,4,1.000000,0.000000
31311,33489343679,1076484,0,0,1660,0,0.000000,16384,1499,76484,4,1.000000,0.000000
31312,33490402679,1059000,0,0,1554,0,0.000000,16384,1379,59000,4,1.000000,0.000000
31313,33491463801,1061122,0,0,1549,0,0.000000,16384,1385,61122,4,1.000000,0.000000
31314,33492522420,1058619,0,0,1633,0,0.000000,16384,1457,58619,4,1.000000,0.000000
31315,33493580497,1058077,0,0,1661,0,0.000000,16384,1459,58077,4,1.000000,0.000000
31316,33494644238,1063741,0,0,1614,0,0.000000,16384,1480,63741,4,1.000000,0.000000
31317,33495674311,1030073,0,0,1500,0,0.000000,16384,1292,30073,4,1.000000,0.000000
31318,33496736823,1062512,0,0,1624,0,0.000000,16384,1486,62512,4,1.000000,0.000000
31319,33497798958,1062135,0,0,1592,0,0.000000,16384,1382,62135,4,1.000000,0.000000
31320,33498856791,1057833,0,0,1575,0,0.000000,16384,1432,57833,4,1.000000,0.000000
31321,33499929077,1072286,0,0,1678,0,0.000000,16384,1483,72286,4,1.000000,0.000000
31322,33501186918,1257841,0,0,1807,0,0.000000,16384,1585,257841,4,1.000000,0.000000
31323,33502257536,1070618,0,0,1420,0,0.000000,16384,1304,70618,4,1.000000,0.000000
31324,33503377779,1120243,0,0,1463,0,0.000000,16384,1284,120243,4,1.000000,0.000000
31325,33504452154,1074375,0,0,1383,0,0.000000,16384,1230,74375,4,1.000000,0.000000
31326,33505522288,1070134,0,0,1424,0,0.000000,16384,1297,70134,4,1.000000,0.000000
31327,33506591555,1069267,0,0,1493,0,0.000000,16384,1287,69267,4,1.000000,0.000000
31328,33507658638,1067083,0,0,1498,0,0.000000,16384,1379,67083,4,1.000000,0.000000
31329,33508681672,1023034,0,0,1398,0,0.000000,16384,1219,23034,4,1.000000,0.000000
31330,33509745408,1063736,0,0,1409,0,0.000000,16384,1256,63736,4,1.000000,0.000000
31331,33511124665,1379257,0,0,1768,0,0.000000,16384,1567,379257,4,1.000000,0.000000
31332,33512195264,1070599,0,0,1526,0,0.000000,16384,1387,70599,4,1.000000,0.000000
31333,33513261570,1066306,0,0,1568,0,0.000000,16384,1369,66306,4,1.000000,0.000000
31334,33514321120,1059550,0,0,1559,0,0.000000,16384,1422,59550,4,1.000000,0.000000
31335,33515379226,1058106,0,0,1727,0,0.000000,16384,1507,58106,4,1.000000,0.000000
31336,33516436863,1057637,0,0,1806,0,0.000000,16384,1612,57637,4,1.000000,0.000000
31337,33517495543,1058680,0,0,1695,0,0.000000,16384,1544,58680,4,1.000000,0.000000
31338,33518557581,1062038,0,0,1611,0,0.000000,16384,1396,62038,4,1.000000,0.000000
31339,33519621466,1063885,0,0,1786,0,0.000000,16384,1602,63885,4,1.000000,0.000000
31340,33520682939,1061473,0,0,1553,0,0.000000,16384,1397,61473,4,1.000000,0.000000
31341,33521781851,1098912,0,0,1668,0,0.000000,16384,1461,98912,4,1.000000,0.000000
31342,33522846318,1064467,0,0,1532,0,0.000000,16384,1403,64467,4,1.000000,0.000000
31343,33523942317,1095999,0,0,1541,0,0.000000,16384,1336,95999,4,1.000000,0.000000
31344,33525006336,1064019,0,0,1564,0,0.000000,16384,1433,64019,4,1.000000,0.000000
31345,33526071663,1065327,0,0,1537,0,0.000000,16384,1328,65327,4,1.000000,0.000000
31346,33527134485,1062822,0,0,1558,0,0.000000,16384,1431,62822,4,1.000000,0.000000
31347,33528194086,1059601,0,0,1554,0,0.000000,16384,1340,59601,4,1.000000,0.000000
31348,33529252698,1058612,0,0,1554,0,0.000000,16384,1432,58612,4,1.000000,0.000000
31349,33530311411,1058713,0,0,1618,0,0.000000,16384,1398,58713,4,1.000000,0.000000
31350,33531369838,1058427,0,0,1569,0,0.000000,16384,1431,58427,4,1.000000,0.000000
31351,33532459755,1089917,0,0,1566,0,0.000000,16384,1368,89917,4,1.000000,0.000000
31352,33533523474,1063719,0,0,1532,0,0.000000,16384,1391,63719,4,1.000000,0.000000
31353,33534585729,1062255,0,0,1541,0,0.000000,16384,1345,62255,4,1.000000,0.000000
31354,33535645181,1059452,0,0,1584,0,0.000000,16384,1436,59452,4,1.000000,0.000000
31355,33536676276,1031095,0,0,1383,0,0.000000,16384,1199,31095,4,1.000000,0.000000
31356,33537737326,1061050,0,0,1516,0,0.000000,16384,1397,61050,4,1.000000,0.000000
31357,33538798434,1061108,0,0,1560,0,0.000000,16384,1345,61108,4,1.000000,0.000000
31358,33539865525,1067091,0,0,1503,0,0.000000,16384,1382,67091,4,1.000000,0.000000
31359,33540933528,1068003,0,0,1513,0,0.000000,16384,1312,68003,4,1.000000,0.000000
31360,33541997401,1063873,0,0,1567,0,0.000000,16384,1432,63873,4,1.000000,0.000000
31361,33543082193,1084792,0,0,1586,0,0.000000,16384,1371,84792,4,1.000000,0.000000
31362,33544143830,1061637,0,0,1509,0,0.000000,16384,1387,61637,4,1.000000,0.000000
31363,33545205821,1061991,0,0,1557,0,0.000000,16384,1347,61991,4,1.000000,0.000000
31364,33546263829,1058008,0,0,1559,0,0.000000,16384,1434,58008,4,1.000000,0.000000
31365,33547323640,1059811,0,0,1532,0,0.000000,16384,1319,59811,4,1.000000,0.000000
31366,33548386784,1063144,0,0,1494,0,0.000000,16384,1371,63144,4,1.000000,0.000000
31367,33549448854,1062070,0,0,1342,0,0.000000,16384,1179,62070,4,1.000000,0.000000
31368,33550511449,1062595,0,0,1540,0,0.000000,16384,1371,62595,4,1.000000,0.000000
31369,33551576321,1064872,0,0,1532,0,0.000000,16384,1367,64872,4,1.000000,0.000000
31370,33552637956,1061635,0,0,1548,0,0.000000,16384,1377,61635,4,1.000000,0.000000
31371,33553730127,1092171,0,0,1589,0,0.000000,16384,1414,92171,4,1.000000,0.000000
31372,33554789549,1059422,0,0,1561,0,0.000000,16384,1395,59422,4,1.000000,0.000000
31373,33555852892,1063343,0,0,1548,0,0.000000,16384,1373,63343,4,1.000000,0.000000
31374,33556915633,1062741,0,0,1472,0,0.000000,16384,1316,62741,4,1.000000,0.000000
31375,33557977773,1062140,0,0,1555,0,0.000000,16384,1386,62140,4,1.000000,0.000000
31376,33559037330,1059557,0,0,1560,0,0.000000,16384,1389,59557,4,1.000000,0.000000
31377,33560096415,1059085,0,0,1554,0,0.000000,16384,1383,59085,4,1.000000,0.000000
31378,33561157683,1061268,0,0,1516,0,0.000000,16384,1353,61268,4,1.000000,0.000000
31379,33562218534,1060851,0,0,1558,0,0.000000,16384,1387,60851,4,1.000000,0.000000
31380,33563275804,1057270,0,0,1411,0,0.000000,16384,1248,57270,4,1.000000,0.000000
31381,33564357077,1081273,0,0,1513,0,0.000000,16384,1372,81273,4,1.000000,0.000000
31382,33565418790,1061713,0,0,1556,0,0.000000,16384,1361,61713,4,1.000000,0.000000
31383,33566480261,1061471,0,0,1628,0,0.000000,16384,1467,61471,4,1.000000,0.000000
31384,33567545037,1064776,0,0,1564,0,0.000000,16384,1389,64776,4,1.000000,0.000000
31385,33568607431,1062394,0,0,1537,0,0.000000,16384,1372,62394,4,1.000000,0.000000
31386,33569674127,1066696,0,0,1549,0,0.000000,16384,1378,66696,4,1.000000,0.000000
31387,33570734915,1060788,0,0,1549,0,0.000000,16384,1382,60788,4,1.000000,0.000000
31388,33571796813,1061898,0,0,1535,0,0.000000,16384,1365,61898,4,1.000000,0.000000
31389,33572867093,1070280,0,0,1525,0,0.000000,16384,1363,70280,4,1.000000,0.000000
31390,33573933697,1066604,0,0,1510,0,0.000000,16384,1337,66604,4,1.000000,0.000000
31391,33575034394,1100697,0,0,1569,0,0.000000,16384,1408,100697,4,1.000000,0.000000
31392,33576096652,1062258,0,0,1407,0,0.000000,16384,1232,62258,4,1.000000,0.000000
31393,33577158098,1061446,0,0,1541,0,0.000000,16384,1407,61446,4,1.000000,0.000000
31394,33578217627,1059529,0,0,1557,0,0.000000,16384,1355,59529,4,1.000000,0.000000
31395,33579276899,1059272,0,0,1554,0,0.000000,16384,1414,59272,4,1.000000,0.000000
31396,33580339328,1062429,0,0,1525,0,0.000000,16384,1329,62429,4,1.000000,0.000000
31397,33581398816,1059488,0,0,1559,0,0.000000,16384,1419,59488,4,1.000000,0.000000
31398,33582455994,1057178,0,0,1547,0,0.000000,16384,1351,57178,4,1.000000,0.000000
31399,33583514778,1058784,0,0,1560,0,0.000000,16384,1416,58784,4,1.000000,0.000000
31400,33584575238,1060460,0,0,1532,0,0.000000,16384,1340,60460,4,1.000000,0.000000
31401,33585658154,1082916,0,0,1579,0,0.000000,16384,1429,82916,4,1.000000,0.000000
31402,33586676245,1018091,0,0,1471,0,0.000000,16384,1285,18091,4,1.000000,0.000000
31403,33587736091,1059846,0,0,1561,0,0.000000,16384,1422,59846,4,1.000000,0.000000
31404,33588794077,1057986,0,0,1488,0,0.000000,16384,1291,57986,4,1.000000,0.000000
31405,33589863800,1069723,0,0,1299,0,0.000000,16384,1183,69723,4,1.000000,0.000000
31406,33590932232,1068432,0,0,1538,0,0.000000,16384,1359,68432,4,1.000000,0.000000
31407,33591996942,1064710,0,0,1541,0,0.000000,16384,1384,64710,4,1.000000,0.000000
31408,33593058637,1061695,0,0,1562,0,0.000000,16384,1380,61695,4,1.000000,0.000000
31409,33594118017,1059380,0,0,1558,0,0.000000,16384,1404,59380,4,1.000000,0.000000
31410,33595175805,1057788,0,0,1554,0,0.000000,16384,1367,57788,4,1.000000,0.000000
31411,33596264749,1088944,0,0,1556,0,0.000000,16384,1407,88944,4,1.000000,0.000000
31412,33597328830,1064081,0,0,1556,0,0.000000,16384,1363,64081,4,1.000000,0.000000
31413,33598388579,1059749,0,0,1561,0,0.000000,16384,1417,59749,4,1.000000,0.000000
31414,33599448329,1059750,0,0,1559,0,0.000000,16384,1360,59750,4,1.000000,0.000000
31415,33600509442,1061113,0,0,1536,0,0.000000,16384,1400,61113,4,1.000000,0.000000
31416,33601578653,1069211,0,0,1519,0,0.000000,16384,1325,69211,4,1.000000,0.000000
31417,33602645145,1066492,0,0,1329,0,0.000000,16384,1191,66492,4,1.000000,0.000000
31418,33603673285,1028140,0,0,1500,0,0.000000,16384,1353,28140,4,1.000000,0.000000
31419,33604733321,1060036,0,0,1539,0,0.000000,16384,1350,60036,4,1.000000,0.000000
31420,33605795286,1061965,0,0,1567,0,0.000000,16384,1415,61965,4,1.000000,0.000000
31421,33606887676,1092390,0,0,1500,0,0.000000,16384,1316,92390,4,1.000000,0.000000
31422,33607952923,1065247,0,0,1518,0,0.000000,16384,1380,65247,4,1.000000,0.000000
31423,33609015308,1062385,0,0,1556,0,0.000000,16384,1357,62385,4,1.000000,0.000000
31424,33610079036,1063728,0,0,1520,0,0.000000,16384,1384,63728,4,1.000000,0.000000
31425,33611141578,1062542,0,0,1554,0,0.000000,16384,1355,62542,4,1.000000,0.000000
31426,33612202637,1061059,0,0,1534,0,0.000000,16384,1396,61059,4,1.000000,0.000000
31427,33613262277,1059640,0,0,1560,0,0.000000,16384,1362,59640,4,1.000000,0.000000
31428,33614320060,1057783,0,0,1540,0,0.000000,16384,1399,57783,4,1.000000,0.000000
31429,33615379977,1059917,0,0,1529,0,0.000000,16384,1334,59917,4,1.000000,0.000000
31430,33616441224,1061247,0,0,1396,0,0.000000,16384,1280,61247,4,1.000000,0.000000
31431,33617612952,1171728,0,0,1584,0,0.000000,16384,1367,171728,4,1.000000,0.000000
31432,33618681328,1068376,0,0,1491,0,0.000000,16384,1372,68376,4,1.000000,0.000000
31433,33619743594,1062266,0,0,1561,0,0.000000,16384,1351,62266,4,1.000000,0.000000
31434,33620800631,1057037,0,0,1556,0,0.000000,16384,1430,57037,4,1.000000,0.000000
31435,33621860520,1059889,0,0,1553,0,0.000000,16384,1338,59889,4,1.000000,0.000000
31436,33622922951,1062431,0,0,1532,0,0.000000,16384,1411,62431,4,1.000000,0.000000
31437,33623986539,1063588,0,0,1516,0,0.000000,16384,1308,63588,4,1.000000,0.000000
31438,33625047003,1060464,0,0,1562,0,0.000000,16384,1434,60464,4,1.000000,0.000000
31439,33626108892,1061889,0,0,1520,0,0.000000,16384,1313,61889,4,1.000000,0.000000
31440,33627168158,1059266,0,0,1554,0,0.000000,16384,1425,59266,4,1.000000,0.000000
31441,33628263144,1094986,0,0,1575,0,0.000000,16384,1358,94986,4,1.000000,0.000000
31442,33629322707,1059563,0,0,1442,0,0.000000,16384,1323,59563,4,1.000000,0.000000
31443,33630383505,1060798,0,0,1589,0,0.000000,16384,1383,60798,4,1.000000,0.000000
31444,33631447619,1064114,0,0,1540,0,0.000000,16384,1410,64114,4,1.000000,0.000000
31445,33632512301,1064682,0,0,1529,0,0.000000,16384,1326,64682,4,1.000000,0.000000
31446,33633572897,1060596,0,0,1543,0,0.000000,16384,1410,60596,4,1.000000,0.000000
31447,33634647497,1074600,0,0,1439,0,0.000000,16384,1257,74600,4,1.000000,0.000000
31448,33635682064,1034567,0,0,1409,0,0.000000,16384,1259,34567,4,1.000000,0.000000
31449,33636747272,1065208,0,0,1559,0,0.000000,16384,1396,65208,4,1.000000,0.000000
31450,33637807285,1060013,0,0,1561,0,0.000000,16384,1388,60013,4,1.000000,0.000000
31451,33638893213,1085928,0,0,1597,0,0.000000,16384,1419,85928,4,1.000000,0.000000
31452,33639957359,1064146,0,0,1501,0,0.000000,16384,1342,64146,4,1.000000,0.000000
31453,33641025530,1068171,0,0,1545,0,0.000000,16384,1376,68171,4,1.000000,0.000000
31454,33642096373,1070843,0,0,1502,0,0.000000,16384,1336,70843,4,1.000000,0.000000
31455,33643165008,1068635,0,0,1358,0,0.000000,16384,1233,68635,4,1.000000,0.000000
31456,33644232966,1067958,0,0,1502,0,0.000000,16384,1294,67958,4,1.000000,0.000000
31457,33645295989,1063023,0,0,1550,0,0.000000,16384,1429,63023,4,1.000000,0.000000
31458,33646353783,1057794,0,0,1556,0,0.000000,16384,1338,57794,4,1.000000,0.000000
31459,33647413080,1059297,0,0,1552,0,0.000000,16384,1428,59297,4,1.000000,0.000000
31460,33648473011,1059931,0,0,1531,0,0.000000,16384,1319,59931,4,1.000000,0.000000
31461,33649707050,1234039,0,0,1774,0,0.000000,16384,1606,234039,4,1.000000,0.000000
31462,33650776924,1069874,0,0,1443,0,0.000000,16384,1275,69874,4,1.000000,0.000000
31463,33651809045,1032121,0,0,1406,0,0.000000,16384,1285,32121,4,1.000000,0.000000
31464,33652871940,1062895,0,0,1562,0,0.000000,16384,1347,62895,4,1.000000,0.000000
31465,33653931738,1059798,0,0,1561,0,0.000000,16384,1432,59798,4,1.000000,0.000000
31466,33654998002,1066264,0,0,1522,0,0.000000,16384,1315,66264,4,1.000000,0.000000
31467,33656066321,1068319,0,0,1405,0,0.000000,16384,1207,68319,4,1.000000,0.000000
31468,33657135319,1068998,0,0,1496,0,0.000000,16384,1356,68998,4,1.000000,0.000000
31469,33658202511,1067192,0,0,1510,0,0.000000,16384,1330,67192,4,1.000000,0.000000
31470,33659262265,1059754,0,0,1554,0,0.000000,16384,1398,59754,4,1.000000,0.000000
31471,33660345505,1083240,0,0,1591,0,0.000000,16384,1399,83240,4,1.000000,0.000000
31472,33661405567,1060062,0,0,1552,0,0.000000,16384,1408,60062,4,1.000000,0.000000
31473,33662465936,1060369,0,0,1555,0,0.000000,16384,1358,60369,4,1.000000,0.000000
31474,33663525073,1059137,0,0,1558,0,0.000000,16384,1419,59137,4,1.000000,0.000000
31475,33664585232,1060159,0,0,1532,0,0.000000,16384,1334,60159,4,1.000000,0.000000
31476,33665659926,1074694,0,0,1557,0,0.000000,16384,1419,74694,4,1.000000,0.000000
31477,33666698214,1038288,0,0,1379,0,0.000000,16384,1210,38288,4,1.000000,0.000000
31478,33667766630,1068416,0,0,1507,0,0.000000,16384,1344,68416,4,1.000000,0.000000
31479,33668836440,1069810,0,0,1525,0,0.000000,16384,1363,69810,4,1.000000,0.000000
31480,33669901575,1065135,0,0,1420,0,0.000000,16384,1246,65135,4,1.000000,0.000000
31481,33670988251,1086676,0,0,1582,0,0.000000,16384,1436,86676,4,1.000000,0.000000
31482,33672049529,1061278,0,0,1540,0,0.000000,16384,1350,61278,4,1.000000,0.000000
31483,33673115785,1066256,0,0,1530,0,0.000000,16384,1387,66256,4,1.000000,0.000000
31484,33674185870,1070085,0,0,1490,0,0.000000,16384,1297,70085,4,1.000000,0.000000
31485,33675252739,1066869,0,0,1559,0,0.000000,16384,1423,66869,4,1.000000,0.000000
31486,33676312770,1060031,0,0,1558,0,0.000000,16384,1358,60031,4,1.000000,0.000000
31487,33677371414,1058644,0,0,1559,0,0.000000,16384,1416,58644,4,1.000000,0.000000
31488,33678428008,1056594,0,0,1552,0,0.000000,16384,1359,56594,4,1.000000,0.000000
31489,33679486948,1058940,0,0,1558,0,0.000000,16384,1410,58940,4,1.000000,0.000000
31490,33680550937,1063989,0,0,1515,0,0.000000,16384,1327,63989,4,1.000000,0.000000
31491,33681657904,1106967,0,0,1546,0,0.000000,16384,1403,106967,4,1.000000,0.000000
31492,33682680339,1022435,0,0,1342,0,0.000000,16384,1167,22435,4,1.000000,0.000000
31493,33683740510,1060171,0,0,1655,0,0.000000,16384,1511,60171,4,1.000000,0.000000
31494,33684799319,1058809,0,0,1577,0,0.000000,16384,1367,58809,4,1.000000,0.000000
31495,33685859509,1060190,0,0,1559,0,0.000000,16384,1423,60190,4,1.000000,0.000000
31496,33686917990,1058481,0,0,1574,0,0.000000,16384,1373,58481,4,1.000000,0.000000
31497,33687981643,1063653,0,0,1649,0,0.000000,16384,1486,63653,4,1.000000,0.000000
31498,33689043207,1061564,0,0,1551,0,0.000000,16384,1379,61564,4,1.000000,0.000000
31499,33690145611,1102404,0,0,1596,0,0.000000,16384,1419,102404,4,1.000000,0.000000
31500,33691210353,1064742,0,0,1477,0,0.000000,16384,1318,64742,4,1.000000,0.000000
31501,33692308682,1098329,0,0,1442,0,0.000000,16384,1298,98329,4,1.000000,0.000000
31502,33693376309,1067627,0,0,1515,0,0.000000,16384,1323,67627,4,1.000000,0.000000
31503,33694440731,1064422,0,0,1524,0,0.000000,16384,1389,64422,4,1.000000,0.000000
31504,33695503814,1063083,0,0,1537,0,0.000000,16384,1336,63083,4,1.000000,0.000000
31505,33696568037,1064223,0,0,1316,0,0.000000,16384,1200,64223,4,1.000000,0.000000
31506,33697633451,1065414,0,0,1503,0,0.000000,16384,1324,65414,4,1.000000,0.000000
31507,33698677465,1044014,0,0,1518,0,0.000000,16384,1361,44014,4,1.000000,0.000000
31508,33699739337,1061872,0,0,1556,0,0.000000,16384,1379,61872,4,1.000000,0.000000
31509,33700799420,1060083,0,0,1560,0,0.000000,16384,1401,60083,4,1.000000,0.000000
31510,33701857992,1058572,0,0,1556,0,0.000000,16384,1372,58572,4,1.000000,0.000000
31511,33702943164,1085172,0,0,1596,0,0.000000,16384,1444,85172,4,1.000000,0.000000
31512,33704001653,1058489,0,0,1533,0,0.000000,16384,1340,58489,4,1.000000,0.000000
31513,33705065332,1063679,0,0,1553,0,0.000000,16384,1409,63679,4,1.000000,0.000000
31514,33706127931,1062599,0,0,1539,0,0.000000,16384,1346,62599,4,1.000000,0.000000
31515,33707191743,1063812,0,0,1510,0,0.000000,16384,1368,63812,4,1.000000,0.000000
31516,33708260457,1068714,0,0,1541,0,0.000000,16384,1353,68714,4,1.000000,0.000000
31517,33709323605,1063148,0,0,1372,0,0.000000,16384,1228,63148,4,1.000000,0.000000
31518,33710383061,1059456,0,0,1554,0,0.000000,16384,1394,59456,4,1.000000,0.000000
31519,33711444196,1061135,0,0,1540,0,0.000000,16384,1364,61135,4,1.000000,0.000000
31520,33712509424,1065228,0,0,1488,0,0.000000,16384,1338,65228,4,1.000000,0.000000
31521,33713598379,1088955,0,0,1546,0,0.000000,16384,1360,88955,4,1.000000,0.000000
31522,33714659695,1061316,0,0,1557,0,0.000000,16384,1404,61316,4,1.000000,0.000000
31523,33715673324,1013629,0,0,1483,0,0.000000,16384,1300,13629,4,1.000000,0.000000
31524,33716730459,1057135,0,0,1557,0,0.000000,16384,1413,57135,4,1.000000,0.000000
31525,33717789279,1058820,0,0,1559,0,0.000000,16384,1367,58820,4,1.000000,0.000000
31526,33718848867,1059588,0,0,1559,0,0.000000,16384,1408,59588,4,1.000000,0.000000
31527,33719913478,1064611,0,0,1545,0,0.000000,16384,1360,64611,4,1.000000,0.000000
31528,33721026208,1112730,0,0,1613,0,0.000000,16384,1447,112730,4,1.000000,0.000000
31529,33722087076,1060868,0,0,1519,0,0.000000,16384,1349,60868,4,1.000000,0.000000
31530,33723245002,1157926,0,0,1468,0,0.000000,16384,1322,157926,4,1.000000,0.000000
31531,33724335900,1090898,0,0,1555,0,0.000000,16384,1364,90898,4,1.000000,0.000000
31532,33725397407,1061507,0,0,1560,0,0.000000,16384,1408,61507,4,1.000000,0.000000
31533,33726458805,1061398,0,0,1552,0,0.000000,16384,1369,61398,4,1.000000,0.000000
31534,33727518460,1059655,0,0,1641,0,0.000000,16384,1467,59655,4,1.000000,0.000000
31535,33728577600,1059140,0,0,1547,0,0.000000,16384,1381,59140,4,1.000000,0.000000
31536,33729641030,1063430,0,0,1549,0,0.000000,16384,1376,63430,4,1.000000,0.000000
31537,33730674985,1033955,0,0,1514,0,0.000000,16384,1351,33955,4,1.000000,0.000000
31538,33731734443,1059458,0,0,1559,0,0.000000,16384,1389,59458,4,1.000000,0.000000
31539,33732795338,1060895,0,0,1544,0,0.000000,16384,1378,60895,4,1.000000,0.000000
31540,33733855953,1060615,0,0,1561,0,0.000000,16384,1386,60615,4,1.000000,0.000000
31541,33734944295,1088342,0,0,1548,0,0.000000,16384,1387,88342,4,1.000000,0.000000
31542,33736008706,1064411,0,0,1436,0,0.000000,16384,1281,64411,4,1.000000,0.000000
31543,33737073064,1064358,0,0,1553,0,0.000000,16384,1376,64358,4,1.000000,0.000000
31544,33738135119,1062055,0,0,1545,0,0.000000,16384,1384,62055,4,1.000000,0.000000
31545,33739177254,1042135,0,0,1526,0,0.000000,16384,1351,42135,4,1.000000,0.000000
31546,33740241545,1064291,0,0,1546,0,0.000000,16384,1387,64291,4,1.000000,0.000000
31547,33741305451,1063906,0,0,1540,0,0.000000,16384,1363,63906,4,1.000000,0.000000
31548,33742364383,1058932,0,0,1556,0,0.000000,16384,1395,58932,4,1.000000,0.000000
31549,33743422335,1057952,0,0,1555,0,0.000000,16384,1380,57952,4,1.000000,0.000000
31550,33744481985,1059650,0,0,1541,0,0.000000,16384,1377,59650,4,1.000000,0.000000
31551,33745567524,1085539,0,0,1538,0,0.000000,16384,1366,85539,4,1.000000,0.000000
31552,33746630653,1063129,0,0,1556,0,0.000000,16384,1390,63129,4,1.000000,0.000000
31553,33747694725,1064072,0,0,1527,0,0.000000,16384,1357,64072,4,1.000000,0.000000
31554,33748757772,1063047,0,0,1537,0,0.000000,16384,1375,63047,4,1.000000,0.000000
31555,33749818675,1060903,0,0,1432,0,0.000000,16384,1258,60903,4,1.000000,0.000000
31556,33750878461,1059786,0,0,1544,0,0.000000,16384,1404,59786,4,1.000000,0.000000
31557,33751937403,1058942,0,0,1552,0,0.000000,16384,1356,58942,4,1.000000,0.000000
31558,33752998452,1061049,0,0,1531,0,0.000000,16384,1391,61049,4,1.000000,0.000000
31559,33754060790,1062338,0,0,1557,0,0.000000,16384,1361,62338,4,1.000000,0.000000
31560,33755118797,1058007,0,0,1558,0,0.000000,16384,1412,58007,4,1.000000,0.000000
31561,33756202554,1083757,0,0,1578,0,0.000000,16384,1388,83757,4,1.000000,0.000000
31562,33757262255,1059701,0,0,1557,0,0.000000,16384,1401,59701,4,1.000000,0.000000
31563,33758321144,1058889,0,0,1558,0,0.000000,16384,1378,58889,4,1.000000,0.000000
31564,33759378998,1057854,0,0,1558,0,0.000000,16384,1395,57854,4,1.000000,0.000000
31565,33760438437,1059439,0,0,1542,0,0.000000,16384,1369,59439,4,1.000000,0.000000
31566,33761502705,1064268,0,0,1498,0,0.000000,16384,1343,64268,4,1.000000,0.000000
31567,33762565747,1063042,0,0,1403,0,0.000000,16384,1222,63042,4,1.000000,0.000000
31568,33763628571,1062824,0,0,1527,0,0.000000,16384,1404,62824,4,1.000000,0.000000
31569,33764676194,1047623,0,0,1507,0,0.000000,16384,1299,47623,4,1.000000,0.000000
31570,33765736274,1060080,0,0,1556,0,0.000000,16384,1433,60080,4,1.000000,0.000000
31571,33766814548,1078274,0,0,1583,0,0.000000,16384,1365,78274,4,1.000000,0.000000
31572,33767871707,1057159,0,0,1547,0,0.000000,16384,1419,57159,4,1.000000,0.000000
31573,33768929860,1058153,0,0,1556,0,0.000000,16384,1348,58153,4,1.000000,0.000000
31574,33769990252,1060392,0,0,1543,0,0.000000,16384,1412,60392,4,1.000000,0.000000
31575,33771049075,1058823,0,0,1592,0,0.000000,16384,1387,58823,4,1.000000,0.000000
31576,33772106606,1057531,0,0,1664,0,0.000000,16384,1498,57531,4,1.000000,0.000000
31577,33773168038,1061432,0,0,1589,0,0.000000,16384,1415,61432,4,1.000000,0.000000
31578,33774233109,1065071,0,0,1556,0,0.000000,16384,1382,65071,4,1.000000,0.000000
31579,33775302526,1069417,0,0,1445,0,0.000000,16384,1287,69417,4,1.000000,0.000000
31580,33776343195,1040669,0,0,1363,0,0.000000,16384,1240,40669,4,1.000000,0.000000
31581,33777432991,1089796,0,0,1544,0,0.000000,16384,1331,89796,4,1.000000,0.000000
31582,33778496272,1063281,0,0,1546,0,0.000000,16384,1421,63281,4,1.000000,0.000000
31583,33779555933,1059661,0,0,1555,0,0.000000,16384,1344,59661,4,1.000000,0.000000
31584,33780613575,1057642,0,0,1554,0,0.000000,16384,1425,57642,4,1.000000,0.000000
31585,33781682212,1068637,0,0,1558,0,0.000000,16384,1351,68637,4,1.000000,0.000000
31586,33782742085,1059873,0,0,1558,0,0.000000,16384,1423,59873,4,1.000000,0.000000
31587,33783824102,1082017,0,0,1565,0,0.000000,16384,1364,82017,4,1.000000,0.000000
31588,33784894580,1070478,0,0,1439,0,0.000000,16384,1321,70478,4,1.000000,0.000000
31589,33785962119,1067539,0,0,1527,0,0.000000,16384,1314,67539,4,1.000000,0.000000
31590,33787026397,1064278,0,0,1542,0,0.000000,16384,1421,64278,4,1.000000,0.000000
31591,33788131045,1104648,0,0,1612,0,0.000000,16384,1392,104648,4,1.000000,0.000000
31592,33789193445,1062400,0,0,1384,0,0.000000,16384,1268,62400,4,1.000000,0.000000
31593,33790261268,1067823,0,0,1491,0,0.000000,16384,1304,67823,4,1.000000,0.000000
31594,33791328153,1066885,0,0,1533,0,0.000000,16384,1384,66885,4,1.000000,0.000000
31595,33792617317,1289164,0,0,1854,0,0.000000,16384,1633,289164,4,1.000000,0.000000
31596,33793766162,1148845,0,0,1664,0,0.000000,16384,1492,148845,4,1.000000,0.000000
31597,33794832696,1066534,0,0,1531,0,0.000000,16384,1364,66534,4,1.000000,0.000000
31598,33795896820,1064124,0,0,1565,0,0.000000,16384,1393,64124,4,1.000000,0.000000
31599,33796956187,1059367,0,0,1558,0,0.000000,16384,1394,59367,4,1.000000,0.000000
31600,33798018933,1062746,0,0,1558,0,0.000000,16384,1380,62746,4,1.000000,0.000000
31601,33799106170,1087237,0,0,1601,0,0.000000,16384,1443,87237,4,1.000000,0.000000
31602,33800168011,1061841,0,0,1504,0,0.000000,16384,1321,61841,4,1.000000,0.000000
31603,33801236721,1068710,0,0,1445,0,0.000000,16384,1296,68710,4,1.000000,0.000000
31604,33802299504,1062783,0,0,1561,0,0.000000,16384,1390,62783,4,1.000000,0.000000
31605,33803359710,1060206,0,0,1509,0,0.000000,16384,1344,60206,4,1.000000,0.000000
31606,33804419310,1059600,0,0,1608,0,0.000000,16384,1431,59600,4,1.000000,0.000000
31607,33805479709,1060399,0,0,1586,0,0.000000,16384,1423,60399,4,1.000000,0.000000
31608,33806541638,1061929,0,0,1487,0,0.000000,16384,1316,61929,4,1.000000,0.000000
31609,33807604512,1062874,0,0,1637,0,0.000000,16384,1472,62874,4,1.000000,0.000000
31610,33808673709,1069197,0,0,1547,0,0.000000,16384,1356,69197,4,1.000000,0.000000
31611,33809759336,1085627,0,0,1580,0,0.000000,16384,1435,85627,4,1.000000,0.000000
31612,33810820406,1061070,0,0,1552,0,0.000000,16384,1351,61070,4,1.000000,0.000000
31613,33811880304,1059898,0,0,1557,0,0.000000,16384,1422,59898,4,1.000000,0.000000
31614,33812938319,1058015,0,0,1538,0,0.000000,16384,1334,58015,4,1.000000,0.000000
31615,33813996972,1058653,0,0,1549,0,0.000000,16384,1417,58653,4,1.000000,0.000000
31616,33815057112,1060140,0,0,1514,0,0.000000,16384,1315,60140,4,1.000000,0.000000
31617,33816117054,1059942,0,0,1414,0,0.000000,16384,1277,59942,4,1.000000,0.000000
31618,33817182369,1065315,0,0,1538,0,0.000000,16384,1366,65315,4,1.000000,0.000000
31619,33818246012,1063643,0,0,1523,0,0.000000,16384,1359,63643,4,1.000000,0.000000
31620,33819304992,1058980,0,0,1554,0,0.000000,16384,1383,58980,4,1.000000,0.000000
31621,33820385448,1080456,0,0,1588,0,0.000000,16384,1423,80456,4,1.000000,0.000000
31622,33821444505,1059057,0,0,1559,0,0.000000,16384,1375,59057,4,1.000000,0.000000
31623,33822480056,1035551,0,0,1520,0,0.000000,16384,1368,35551,4,1.000000,0.000000
31624,33823543259,1063203,0,0,1494,0,0.000000,16384,1324,63203,4,1.000000,0.000000
31625,33824605901,1062642,0,0,1541,0,0.000000,16384,1375,62642,4,1.000000,0.000000
31626,33825669705,1063804,0,0,1548,0,0.000000,16384,1377,63804,4,1.000000,0.000000
31627,33826730189,1060484,0,0,1559,0,0.000000,16384,1394,60484,4,1.000000,0.000000
31628,33827796915,1066726,0,0,1569,0,0.000000,16384,1390,66726,4,1.000000,0.000000
31629,33828855474,1058559,0,0,1559,0,0.000000,16384,1402,58559,4,1.000000,0.000000
31630,33829918710,1063236,0,0,1186,0,0.000000,16384,1074,63236,4,1.000000,0.000000
31631,33831019083,1100373,0,0,1565,0,0.000000,16384,1345,100373,4,1.000000,0.000000
31632,33832080593,1061510,0,0,1561,0,0.000000,16384,1437,61510,4,1.000000,0.000000
31633,33833142626,1062033,0,0,1536,0,0.000000,16384,1324,62033,4,1.000000,0.000000
31634,33834201821,1059195,0,0,1559,0,0.000000,16384,1433,59195,4,1.000000,0.000000
31635,33835259770,1057949,0,0,1555,0,0.000000,16384,1344,57949,4,1.000000,0.000000
31636,33836318028,1058258,0,0,1561,0,0.000000,16384,1429,58258,4,1.000000,0.000000
31637,33837378407,1060379,0,0,1548,0,0.000000,16384,1345,60379,4,1.000000,0.000000
31638,33838436096,1057689,0,0,1554,0,0.000000,16384,1418,57689,4,1.000000,0.000000
31639,33839500906,1064810,0,0,1541,0,0.000000,16384,1341,64810,4,1.000000,0.000000
31640,33840568189,1067283,0,0,1499,0,0.000000,16384,1372,67283,4,1.000000,0.000000
31641,33841748580,1180391,0,0,1691,0,0.000000,16384,1482,180391,4,1.000000,0.000000
31642,33842813135,1064555,0,0,1344,0,0.000000,16384,1228,64555,4,1.000000,0.000000
31643,33843874368,1061233,0,0,1535,0,0.000000,16384,1320,61233,4,1.000000,0.000000
31644,33844932825,1058457,0,0,1558,0,0.000000,16384,1435,58457,4,1.000000,0.000000
31645,33845996744,1063919,0,0,1513,0,0.000000,16384,1303,63919,4,1.000000,0.000000
31646,33847058356,1061612,0,0,1563,0,0.000000,16384,1439,61612,4,1.000000,0.000000
31647,33848117243,1058887,0,0,1548,0,0.000000,16384,1329,58887,4,1.000000,0.000000
31648,33849175164,1057921,0,0,1559,0,0.000000,16384,1436,57921,4,1.000000,0.000000
31649,33850233798,1058634,0,0,1553,0,0.000000,16384,1339,58634,4,1.000000,0.000000
31650,33851292129,1058331,0,0,1551,0,0.000000,16384,1425,58331,4,1.000000,0.000000
31651,33852372578,1080449,0,0,1586,0,0.000000,16384,1376,80449,4,1.000000,0.000000
31652,33853431446,1058868,0,0,1604,0,0.000000,16384,1456,58868,4,1.000000,0.000000
31653,33854489156,1057710,0,0,1662,0,0.000000,16384,1470,57710,4,1.000000,0.000000
31654,33855548986,1059830,0,0,1630,0,0.000000,16384,1445,59830,4,1.000000,0.000000
31655,33856613576,1064590,0,0,1463,0,0.000000,16384,1312,64590,4,1.000000,0.000000
31656,33857676477,1062901,0,0,1561,0,0.000000,16384,1388,62901,4,1.000000,0.000000
31657,33858738558,1062081,0,0,1562,0,0.000000,16384,1399,62081,4,1.000000,0.000000
31658,33859798198,1059640,0,0,1562,0,0.000000,16384,1381,59640,4,1.000000,0.000000
31659,33860857007,1058809,0,0,1661,0,0.000000,16384,1506,58809,4,1.000000,0.000000
31660,33861915103,1058096,0,0,1642,0,0.000000,16384,1422,58096,4,1.000000,0.000000
31661,33862993690,1078587,0,0,1698,0,0.000000,16384,1541,78587,4,1.000000,0.000000
31662,33864050442,1056752,0,0,1664,0,0.000000,16384,1481,56752,4,1.000000,0.000000
31663,33865107249,1056807,0,0,1658,0,0.000000,16384,1457,56807,4,1.000000,0.000000
31664,33866164086,1056837,0,0,1657,0,0.000000,16384,1513,56837,4,1.000000,0.000000
31665,33867220237,1056151,0,0,1656,0,0.000000,16384,1444,56151,4,1.000000,0.000000
31666,33868371591,1151354,0,0,1610,0,0.000000,16384,1449,151354,4,1.000000,0.000000
31667,33869465291,1093700,0,0,1646,0,0.000000,16384,1468,93700,4,1.000000,0.000000
31668,33870552824,1087533,0,0,1787,0,0.000000,16384,1567,87533,4,1.000000,0.000000
31669,33871612972,1060148,0,0,1789,0,0.000000,16384,1611,60148,4,1.000000,0.000000
31670,33872686555,1073583,0,0,1626,0,0.000000,16384,1464,73583,4,1.000000,0.000000
31671,33873771677,1085122,0,0,1660,0,0.000000,16384,1446,85122,4,1.000000,0.000000
31672,33874831403,1059726,0,0,1667,0,0.000000,16384,1520,59726,4,1.000000,0.000000
31673,33875889540,1058137,0,0,1665,0,0.000000,16384,1469,58137,4,1.000000,0.000000
31674,33876946152,1056612,0,0,1651,0,0.000000,16384,1465,56612,4,1.000000,0.000000
31675,33878003727,1057575,0,0,1665,0,0.000000,16384,1512,57575,4,1.000000,0.000000
31676,33879060678,1056951,0,0,1715,0,0.000000,16384,1495,56951,4,1.000000,0.000000
31677,33880116518,1055840,0,0,1814,0,0.000000,16384,1616,55840,4,1.000000,0.000000
31678,33881172350,1055832,0,0,1786,0,0.000000,16384,1616,55832,4,1.000000,0.000000
31679,33882231524,1059174,0,0,1766,0,0.000000,16384,1570,59174,4,1.000000,0.000000
31680,33883294017,1062493,0,0,1535,0,0.000000,16384,1352,62493,4,1.000000,0.000000
31681,33884382255,1088238,0,0,1678,0,0.000000,16384,1525,88238,4,1.000000,0.000000
31682,33885445314,1063059,0,0,1575,0,0.000000,16384,1357,63059,4,1.000000,0.000000
31683,33886505123,1059809,0,0,1634,0,0.000000,16384,1495,59809,4,1.000000,0.000000
31684,33887562565,1057442,0,0,1658,0,0.000000,16384,1458,57442,4,1.000000,0.000000
31685,33888652934,1090369,0,0,1686,0,0.000000,16384,1498,90369,4,1.000000,0.000000
31686,33889680225,1027291,0,0,1453,0,0.000000,16384,1303,27291,4,1.000000,0.000000
31687,33890703878,1023653,0,0,1595,0,0.000000,16384,1417,23653,4,1.000000,0.000000
31688,33891769381,1065503,0,0,1562,0,0.000000,16384,1403,65503,4,1.000000,0.000000
31689,33892833625,1064244,0,0,1553,0,0.000000,16384,1369,64244,4,1.000000,0.000000
31690,33893897681,1064056,0,0,1785,0,0.000000,16384,1616,64056,4,1.000000,0.000000
31691,33894977015,1079334,0,0,1492,0,0.000000,16384,1289,79334,4,1.000000,0.000000
31692,33896037959,1060944,0,0,1495,0,0.000000,16384,1379,60944,4,1.000000,0.000000
31693,33897097355,1059396,0,0,1658,0,0.000000,16384,1415,59396,4,1.000000,0.000000
31694,33898160544,1063189,0,0,1591,0,0.000000,16384,1392,63189,4,1.000000,0.000000
31695,33899224978,1064434,0,0,1619,0,0.000000,16384,1457,64434,4,1.000000,0.000000
31696,33900283858,1058880,0,0,1617,0,0.000000,16384,1439,58880,4,1.000000,0.000000
31697,33901344341,1060483,0,0,1579,0,0.000000,16384,1399,60483,4,1.000000,0.000000
31698,33902401215,1056874,0,0,1624,0,0.000000,16384,1468,56874,4,1.000000,0.000000
31699,33903459148,1057933,0,0,1658,0,0.000000,16384,1438,57933,4,1.000000,0.000000
31700,33904521761,1062613,0,0,1581,0,0.000000,16384,1451,62613,4,1.000000,0.000000
31701,33905567734,1045973,0,0,1515,0,0.000000,16384,1309,45973,4,1.000000,0.000000
31702,33906630198,1062464,0,0,1554,0,0.000000,16384,1428,62464,4,1.000000,0.000000
31703,33907674665,1044467,0,0,1624,0,0.000000,16384,1414,44467,4,1.000000,0.000000
31704,33908733476,1058811,0,0,1604,0,0.000000,16384,1449,58811,4,1.000000,0.000000
31705,33909793686,1060210,0,0,1519,0,0.000000,16384,1338,60210,4,1.000000,0.000000
31706,33910857664,1063978,0,0,1539,0,0.000000,16384,1389,63978,4,1.000000,0.000000
31707,33911917848,1060184,0,0,1575,0,0.000000,16384,1389,60184,4,1.000000,0.000000
31708,33912979386,1061538,0,0,1631,0,0.000000,16384,1457,61538,4,1.000000,0.000000
31709,33914039000,1059614,0,0,1589,0,0.000000,16384,1423,59614,4,1.000000,0.000000
31710,33915095313,1056313,0,0,1657,0,0.000000,16384,1455,56313,4,1.000000,0.000000
31711,33916173745,1078432,0,0,1690,0,0.000000,16384,1539,78432,4,1.000000,0.000000
31712,33917231778,1058033,0,0,1657,0,0.000000,16384,1454,58033,4,1.000000,0.000000
31713,33918290878,1059100,0,0,1649,0,0.000000,16384,1471,59100,4,1.000000,0.000000
31714,33919356977,1066099,0,0,1569,0,0.000000,16384,1407,66099,4,1.000000,0.000000
31715,33920416484,1059507,0,0,1589,0,0.000000,16384,1401,59507,4,1.000000,0.000000
31716,33921480166,1063682,0,0,1535,0,0.000000,16384,1387,63682,4,1.000000,0.000000
31717,33922544092,1063926,0,0,1385,0,0.000000,16384,1229,63926,4,1.000000,0.000000
31718,33923604219,1060127,0,0,1553,0,0.000000,16384,1377,60127,4,1.000000,0.000000
31719,33924664469,1060250,0,0,1555,0,0.000000,16384,1391,60250,4,1.000000,0.000000
31720,33925729697,1065228,0,0,1601,0,0.000000,16384,1425,65228,4,1.000000,0.000000
31721,33926811671,1081974,0,0,1590,0,0.000000,16384,1408,81974,4,1.000000,0.000000
31722,33927868408,1056737,0,0,1573,0,0.000000,16384,1419,56737,4,1.000000,0.000000
31723,33928925418,1057010,0,0,1658,0,0.000000,16384,1447,57010,4,1.000000,0.000000
31724,33929982357,1056939,0,0,1658,0,0.000000,16384,1513,56939,4,1.000000,0.000000
31725,33931039882,1057525,0,0,1625,0,0.000000,16384,1425,57525,4,1.000000,0.000000
31726,33932096714,1056832,0,0,1568,0,0.000000,16384,1411,56832,4,1.000000,0.000000
31727,33933155104,1058390,0,0,1652,0,0.000000,16384,1469,58390,4,1.000000,0.000000
31728,33934211748,1056644,0,0,1704,0,0.000000,16384,1496,56644,4,1.000000,0.000000
31729,33935270688,1058940,0,0,1688,0,0.000000,16384,1538,58940,4,1.000000,0.000000
31730,33936332835,1062147,0,0,1479,0,0.000000,16384,1280,62147,4,1.000000,0.000000
31731,33937422470,1089635,0,0,1580,0,0.000000,16384,1448,89635,4,1.000000,0.000000
31732,33938483373,1060903,0,0,1541,0,0.000000,16384,1338,60903,4,1.000000,0.000000
31733,33939543977,1060604,0,0,1564,0,0.000000,16384,1427,60604,4,1.000000,0.000000
31734,33940600613,1056636,0,0,1548,0,0.000000,16384,1349,56636,4,1.000000,0.000000
31735,33941659980,1059367,0,0,1654,0,0.000000,16384,1493,59367,4,1.000000,0.000000
31736,33942671542,1011562,0,0,1580,0,0.000000,16384,1405,11562,4,1.000000,0.000000
31737,33943729260,1057718,0,0,1653,0,0.000000,16384,1462,57718,4,1.000000,0.000000
31738,33944785718,1056458,0,0,1802,0,0.000000,16384,1629,56458,4,1.000000,0.000000
31739,33945847268,1061550,0,0,1754,0,0.000000,16384,1554,61550,4,1.000000,0.000000
31740,33946910904,1063636,0,0,1514,0,0.000000,16384,1341,63636,4,1.000000,0.000000
31741,33947991363,1080459,0,0,1580,0,0.000000,16384,1417,80459,4,1.000000,0.000000
31742,33949056308,1064945,0,0,1394,0,0.000000,16384,1243,64945,4,1.000000,0.000000
31743,33950174835,1118527,0,0,1613,0,0.000000,16384,1431,118527,4,1.000000,0.000000
31744,33951236923,1062088,0,0,1541,0,0.000000,16384,1373,62088,4,1.000000,0.000000
31745,33952296610,1059687,0,0,1553,0,0.000000,16384,1382,59687,4,1.000000,0.000000
31746,33953355693,1059083,0,0,1520,0,0.000000,16384,1357,59083,4,1.000000,0.000000
31747,33954416948,1061255,0,0,1554,0,0.000000,16384,1384,61255,4,1.000000,0.000000
31748,33955475743,1058795,0,0,1556,0,0.000000,16384,1385,58795,4,1.000000,0.000000
31749,33956534139,1058396,0,0,1558,0,0.000000,16384,1390,58396,4,1.000000,0.000000
31750,33957593860,1059721,0,0,1559,0,0.000000,16384,1385,59721,4,1.000000,0.000000
31751,33958676729,1082869,0,0,1586,0,0.000000,16384,1424,82869,4,1.000000,0.000000
31752,33959733879,1057150,0,0,1550,0,0.000000,16384,1365,57150,4,1.000000,0.000000
31753,33960793196,1059317,0,0,1552,0,0.000000,16384,1401,59317,4,1.000000,0.000000
31754,33961884470,1091274,0,0,1622,0,0.000000,16384,1419,91274,4,1.000000,0.000000
31755,33962951406,1066936,0,0,1458,0,0.000000,16384,1325,66936,4,1.000000,0.000000
31756,33964016807,1065401,0,0,1618,0,0.000000,16384,1417,65401,4,1.000000,0.000000
31757,33965078212,1061405,0,0,1561,0,0.000000,16384,1426,61405,4,1.000000,0.000000
31758,33966136014,1057802,0,0,1555,0,0.000000,16384,1347,57802,4,1.000000,0.000000
31759,33967194203,1058189,0,0,1559,0,0.000000,16384,1431,58189,4,1.000000,0.000000
31760,33968252281,1058078,0,0,1555,0,0.000000,16384,1341,58078,4,1.000000,0.000000
31761,33969329197,1076916,0,0,1553,0,0.000000,16384,1430,76916,4,1.000000,0.000000
31762,33970393858,1064661,0,0,1490,0,0.000000,16384,1286,64661,4,1.000000,0.000000
31763,33971457116,1063258,0,0,1515,0,0.000000,16384,1384,63258,4,1.000000,0.000000
31764,33972517229,1060113,0,0,1525,0,0.000000,16384,1328,60113,4,1.000000,0.000000
31765,33973581656,1064427,0,0,1535,0,0.000000,16384,1396,64427,4,1.000000,0.000000
31766,33974643334,1061678,0,0,1561,0,0.000000,16384,1361,61678,4,1.000000,0.000000
31767,33975688736,1045402,0,0,1441,0,0.000000,16384,1305,45402,4,1.000000,0.000000
31768,33976752199,1063463,0,0,1607,0,0.000000,16384,1415,63463,4,1.000000,0.000000
31769,33977812795,1060596,0,0,1643,0,0.000000,16384,1499,60596,4,1.000000,0.000000
31770,33978870103,1057308,0,0,1663,0,0.000000,16384,1443,57308,4,1.000000,0.000000
31771,33979954518,1084415,0,0,1705,0,0.000000,16384,1535,84415,4,1.000000,0.000000
31772,33981012384,1057866,0,0,1657,0,0.000000,16384,1487,57866,4,1.000000,0.000000
31773,33982070047,1057663,0,0,1656,0,0.000000,16384,1444,57663,4,1.000000,0.000000
31774,33983126544,1056497,0,0,1662,0,0.000000,16384,1517,56497,4,1.000000,0.000000
31775,33984183023,1056479,0,0,1662,0,0.000000,16384,1463,56479,4,1.000000,0.000000
31776,33985240392,1057369,0,0,1626,0,0.000000,16384,1448,57369,4,1.000000,0.000000
31777,33986300094,1059702,0,0,1641,0,0.000000,16384,1479,59702,4,1.000000,0.000000
31778,33987358763,1058669,0,0,1654,0,0.000000,16384,1438,58669,4,1.000000,0.000000
31779,33988453043,1094280,0,0,1690,0,0.000000,16384,1539,94280,4,1.000000,0.000000
31780,33989517735,1064692,0,0,1426,0,0.000000,16384,1237,64692,4,1.000000,0.000000
31781,33990612408,1094673,0,0,1655,0,0.000000,16384,1509,94673,4,1.000000,0.000000
31782,33991674060,1061652,0,0,1557,0,0.000000,16384,1367,61652,4,1.000000,0.000000
31783,33992712028,1037968,0,0,1627,0,0.000000,16384,1461,37968,4,1.000000,0.000000
31784,33993777139,1065111,0,0,1585,0,0.000000,16384,1411,65111,4,1.000000,0.000000
31785,33994843678,1066539,0,0,1654,0,0.000000,16384,1461,66539,4,1.000000,0.000000
31786,33995909670,1065992,0,0,1648,0,0.000000,16384,1505,65992,4,1.000000,0.000000
31787,33996974627,1064957,0,0,1639,0,0.000000,16384,1419,64957,4,1.000000,0.000000
31788,33998039127,1064500,0,0,1558,0,0.000000,16384,1420,64500,4,1.000000,0.000000
31789,33999103522,1064395,0,0,1657,0,0.000000,16384,1458,64395,4,1.000000,0.000000
31790,34000164490,1060968,0,0,1619,0,0.000000,16384,1443,60968,4,1.000000,0.000000
31791,34001240026,1075536,0,0,1561,0,0.000000,16384,1398,75536,4,1.000000,0.000000
31792,34002303133,1063107,0,0,1439,0,0.000000,16384,1283,63107,4,1.000000,0.000000
31793,34003364830,1061697,0,0,1516,0,0.000000,16384,1340,61697,4,1.000000,0.000000
31794,34004423647,1058817,0,0,1542,0,0.000000,16384,1387,58817,4,1.000000,0.000000
31795,34005482550,1058903,0,0,1557,0,0.000000,16384,1376,58903,4,1.000000,0.000000
31796,34006540911,1058361,0,0,1643,0,0.000000,16384,1465,58361,4,1.000000,0.000000
31797,34007598661,1057750,0,0,1659,0,0.000000,16384,1497,57750,4,1.000000,0.000000
31798,34008656413,1057752,0,0,1657,0,0.000000,16384,1437,57752,4,1.000000,0.000000
31799,34009670550,1014137,0,0,1734,0,0.000000,16384,1573,14137,4,1.000000,0.000000
31800,34010729096,1058546,0,0,1581,0,0.000000,16384,1406,58546,4,1.000000,0.000000
31801,34011802550,1073454,0,0,1577,0,0.000000,16384,1402,73454,4,1.000000,0.000000
31802,34012860592,1058042,0,0,1661,0,0.000000,16384,1496,58042,4,1.000000,0.000000
31803,34013919787,1059195,0,0,1599,0,0.000000,16384,1393,59195,4,1.000000,0.000000
31804,34015002852,1083065,0,0,1670,0,0.000000,16384,1523,83065,4,1.000000,0.000000
31805,34016061976,1059124,0,0,1518,0,0.000000,16384,1315,59124,4,1.000000,0.000000
31806,34017128541,1066565,0,0,1603,0,0.000000,16384,1463,66565,4,1.000000,0.000000
31807,34018189913,1061372,0,0,1575,0,0.000000,16384,1379,61372,4,1.000000,0.000000
31808,34019248876,1058963,0,0,1659,0,0.000000,16384,1489,58963,4,1.000000,0.000000
31809,34020306305,1057429,0,0,1659,0,0.000000,16384,1489,57429,4,1.000000,0.000000
31810,34021363234,1056929,0,0,1656,0,0.000000,16384,1444,56929,4,1.000000,0.000000
31811,34022436140,1072906,0,0,1791,0,0.000000,16384,1620,72906,4,1.000000,0.000000
31812,34023493072,1056932,0,0,1695,0,0.000000,16384,1518,56932,4,1.000000,0.000000
31813,34024550349,1057277,0,0,1570,0,0.000000,16384,1375,57277,4,1.000000,0.000000
31814,34025607234,1056885,0,0,1648,0,0.000000,16384,1507,56885,4,1.000000,0.000000
31815,34026663887,1056653,0,0,1655,0,0.000000,16384,1435,56653,4,1.000000,0.000000
31816,34027672938,1009051,0,0,1721,0,0.000000,16384,1545,9051,4,1.000000,0.000000
31817,34028731349,1058411,0,0,1515,0,0.000000,16384,1352,58411,4,1.000000,0.000000
31818,34029789682,1058333,0,0,1547,0,0.000000,16384,1378,58333,4,1.000000,0.000000
31819,34030847866,1058184,0,0,1741,0,0.000000,16384,1573,58184,4,1.000000,0.000000
31820,34031906017,1058151,0,0,1808,0,0.000000,16384,1588,58151,4,1.000000,0.000000
31821,34032975876,1069859,0,0,1740,0,0.000000,16384,1538,69859,4,1.000000,0.000000
31822,34034035448,1059572,0,0,1609,0,0.000000,16384,1470,59572,4,1.000000,0.000000
31823,34035095148,1059700,0,0,1602,0,0.000000,16384,1383,59700,4,1.000000,0.000000
31824,34036152549,1057401,0,0,1613,0,0.000000,16384,1475,57401,4,1.000000,0.000000
31825,34037211527,1058978,0,0,1586,0,0.000000,16384,1388,58978,4,1.000000,0.000000
31826,34038269461,1057934,0,0,1730,0,0.000000,16384,1545,57934,4,1.000000,0.000000
31827,34039326092,1056631,0,0,1805,0,0.000000,16384,1631,56631,4,1.000000,0.000000
31828,34040387132,1061040,0,0,1807,0,0.000000,16384,1602,61040,4,1.000000,0.000000
31829,34041449754,1062622,0,0,1702,0,0.000000,16384,1486,62622,4,1.000000,0.000000
31830,34042508733,1058979,0,0,1508,0,0.000000,16384,1387,58979,4,1.000000,0.000000
31831,34043597190,1088457,0,0,1649,0,0.000000,16384,1430,88457,4,1.000000,0.000000
31832,34044677222,1080032,0,0,1553,0,0.000000,16384,1419,80032,4,1.000000,0.000000
31833,34045743192,1065970,0,0,1437,0,0.000000,16384,1244,65970,4,1.000000,0.000000
31834,34046810895,1067703,0,0,1586,0,0.000000,16384,1456,67703,4,1.000000,0.000000
31835,34047878099,1067204,0,0,1646,0,0.000000,16384,1431,67204,4,1.000000,0.000000
31836,34048939609,1061510,0,0,1643,0,0.000000,16384,1481,61510,4,1.000000,0.000000
31837,34050001442,1061833,0,0,1657,0,0.000000,16384,1479,61833,4,1.000000,0.000000
31838,34051062022,1060580,0,0,1654,0,0.000000,16384,1450,60580,4,1.000000,0.000000
31839,34052120175,1058153,0,0,1706,0,0.000000,16384,1552,58153,4,1.000000,0.000000
31840,34053178438,1058263,0,0,1744,0,0.000000,16384,1542,58263,4,1.000000,0.000000
31841,34054261127,1082689,0,0,1738,0,0.000000,16384,1525,82689,4,1.000000,0.000000
31842,34055319764,1058637,0,0,1691,0,0.000000,16384,1540,58637,4,1.000000,0.000000
31843,34056379454,1059690,0,0,1520,0,0.000000,16384,1328,59690,4,1.000000,0.000000
31844,34057439472,1060018,0,0,1648,0,0.000000,16384,1486,60018,4,1.000000,0.000000
31845,34058497604,1058132,0,0,1754,0,0.000000,16384,1576,58132,4,1.000000,0.000000
31846,34059556033,1058429,0,0,1807,0,0.000000,16384,1587,58429,4,1.000000,0.000000
31847,34060613405,1057372,0,0,1806,0,0.000000,16384,1599,57372,4,1.000000,0.000000
31848,34061672011,1058606,0,0,1664,0,0.000000,16384,1519,58606,4,1.000000,0.000000
31849,34062733037,1061026,0,0,1803,0,0.000000,16384,1591,61026,4,1.000000,0.000000
31850,34063789794,1056757,0,0,1794,0,0.000000,16384,1574,56757,4,1.000000,0.000000
31851,34064863901,1074107,0,0,1650,0,0.000000,16384,1500,74107,4,1.000000,0.000000
31852,34065924528,1060627,0,0,1653,0,0.000000,16384,1463,60627,4,1.000000,0.000000
31853,34066982951,1058423,0,0,1657,0,0.000000,16384,1466,58423,4,1.000000,0.000000
31854,34068039189,1056238,0,0,1659,0,0.000000,16384,1514,56238,4,1.000000,0.000000
31855,34069098085,1058896,0,0,1497,0,0.000000,16384,1292,58896,4,1.000000,0.000000
31856,34070156876,1058791,0,0,1659,0,0.000000,16384,1514,58791,4,1.000000,0.000000
31857,34071214152,1057276,0,0,1737,0,0.000000,16384,1531,57276,4,1.000000,0.000000
31858,34072271214,1057062,0,0,1804,0,0.000000,16384,1582,57062,4,1.000000,0.000000
31859,34073328531,1057317,0,0,1721,0,0.000000,16384,1565,57317,4,1.000000,0.000000
31860,34074385757,1057226,0,0,1716,0,0.000000,16384,1530,57226,4,1.000000,0.000000
31861,34075457537,1071780,0,0,1826,0,0.000000,16384,1606,71780,4,1.000000,0.000000
31862,34076514563,1057026,0,0,1787,0,0.000000,16384,1595,57026,4,1.000000,0.000000
31863,34077572706,1058143,0,0,1680,0,0.000000,16384,1532,58143,4,1.000000,0.000000
31864,34078629747,1057041,0,0,1797,0,0.000000,16384,1577,57041,4,1.000000,0.000000
31865,34079678884,1049137,0,0,1574,0,0.000000,16384,1400,49137,4,1.000000,0.000000
31866,34080742011,1063127,0,0,1772,0,0.000000,16384,1606,63127,4,1.000000,0.000000
31867,34081803508,1061497,0,0,1527,0,0.000000,16384,1314,61497,4,1.000000,0.000000
31868,34082864554,1061046,0,0,1465,0,0.000000,16384,1342,61046,4,1.000000,0.000000
31869,34083924548,1059994,0,0,1753,0,0.000000,16384,1533,59994,4,1.000000,0.000000
31870,34084982735,1058187,0,0,1694,0,0.000000,16384,1522,58187,4,1.000000,0.000000
31871,34086060182,1077447,0,0,1840,0,0.000000,16384,1660,77447,4,1.000000,0.000000
31872,34087115968,1055786,0,0,1805,0,0.000000,16384,1593,55786,4,1.000000,0.000000
31873,34088173030,1057062,0,0,1803,0,0.000000,16384,1583,57062,4,1.000000,0.000000
31874,34089229175,1056145,0,0,1807,0,0.000000,16384,1624,56145,4,1.000000,0.000000
31875,34090290363,1061188,0,0,1808,0,0.000000,16384,1632,61188,4,1.000000,0.000000
31876,34091351255,1060892,0,0,1811,0,0.000000,16384,1606,60892,4,1.000000,0.000000
31877,34092408861,1057606,0,0,1815,0,0.000000,16384,1595,57606,4,1.000000,0.000000
31878,34093498129,1089268,0,0,1763,0,0.000000,16384,1579,89268,4,1.000000,0.000000
31879,34094570259,1072130,0,0,1461,0,0.000000,16384,1308,72130,4,1.000000,0.000000
31880,34095641446,1071187,0,0,1425,0,0.000000,16384,1282,71187,4,1.000000,0.000000
31881,34096752028,1110582,0,0,1500,0,0.000000,16384,1308,110582,4,1.000000,0.000000
31882,34097819291,1067263,0,0,1514,0,0.000000,16384,1384,67263,4,1.000000,0.000000
31883,34098882371,1063080,0,0,1555,0,0.000000,16384,1348,63080,4,1.000000,0.000000
31884,34099939938,1057567,0,0,1560,0,0.000000,16384,1425,57567,4,1.000000,0.000000
31885,34100999076,1059138,0,0,1559,0,0.000000,16384,1359,59138,4,1.000000,0.000000
31886,34102057817,1058741,0,0,1560,0,0.000000,16384,1417,58741,4,1.000000,0.000000
31887,34103116736,1058919,0,0,1551,0,0.000000,16384,1358,58919,4,1.000000,0.000000
31888,34104173730,1056994,0,0,1607,0,0.000000,16384,1449,56994,4,1.000000,0.000000
31889,34105229544,1055814,0,0,1659,0,0.000000,16384,1477,55814,4,1.000000,0.000000
31890,34106286802,1057258,0,0,1655,0,0.000000,16384,1455,57258,4,1.000000,0.000000
31891,34107361979,1075177,0,0,1791,0,0.000000,16384,1620,75177,4,1.000000,0.000000
31892,34108452926,1090947,0,0,1570,0,0.000000,16384,1385,90947,4,1.000000,0.000000
31893,34109518941,1066015,0,0,1419,0,0.000000,16384,1287,66015,4,1.000000,0.000000
31894,34110582523,1063582,0,0,1541,0,0.000000,16384,1337,63582,4,1.000000,0.000000
31895,34111642606,1060083,0,0,1556,0,0.000000,16384,1421,60083,4,1.000000,0.000000
31896,34112678158,1035552,0,0,1509,0,0.000000,16384,1308,35552,4,1.000000,0.000000
31897,34113742673,1064515,0,0,1618,0,0.000000,16384,1475,64515,4,1.000000,0.000000
31898,34114804386,1061713,0,0,1643,0,0.000000,16384,1450,61713,4,1.000000,0.000000
31899,34115864455,1060069,0,0,1659,0,0.000000,16384,1472,60069,4,1.000000,0.000000
31900,34116923267,1058812,0,0,1664,0,0.000000,16384,1511,58812,4,1.000000,0.000000
31901,34118002090,1078823,0,0,1671,0,0.000000,16384,1451,78823,4,1.000000,0.000000
31902,34119058867,1056777,0,0,1657,0,0.000000,16384,1500,56777,4,1.000000,0.000000
31903,34120115881,1057014,0,0,1664,0,0.000000,16384,1481,57014,4,1.000000,0.000000
31904,34121173099,1057218,0,0,1652,0,0.000000,16384,1452,57218,4,1.000000,0.000000
31905,34122237702,1064603,0,0,1609,0,0.000000,16384,1473,64603,4,1.000000,0.000000
31906,34123299722,1062020,0,0,1526,0,0.000000,16384,1316,62020,4,1.000000,0.000000
31907,34124360292,1060570,0,0,1622,0,0.000000,16384,1485,60570,4,1.000000,0.000000
31908,34125417641,1057349,0,0,1656,0,0.000000,16384,1447,57349,4,1.000000,0.000000
31909,34126474648,1057007,0,0,1771,0,0.000000,16384,1545,57007,4,1.000000,0.000000
31910,34127531748,1057100,0,0,1813,0,0.000000,16384,1593,57100,4,1.000000,0.000000
31911,34128606188,1074440,0,0,1841,0,0.000000,16384,1635,74440,4,1.000000,0.000000
31912,34129674604,1068416,0,0,1627,0,0.000000,16384,1488,68416,4,1.000000,0.000000
31913,34130736481,1061877,0,0,1548,0,0.000000,16384,1333,61877,4,1.000000,0.000000
31914,34131794353,1057872,0,0,1632,0,0.000000,16384,1492,57872,4,1.000000,0.000000
31915,34132851332,1056979,0,0,1687,0,0.000000,16384,1491,56979,4,1.000000,0.000000
31916,34133933381,1082049,0,0,1797,0,0.000000,16384,1576,82049,4,1.000000,0.000000
31917,34134994099,1060718,0,0,1657,0,0.000000,16384,1514,60718,4,1.000000,0.000000
31918,34136055299,1061200,0,0,1489,0,0.000000,16384,1293,61200,4,1.000000,0.000000
31919,34137120262,1064963,0,0,1588,0,0.000000,16384,1449,64963,4,1.000000,0.000000
31920,34138180326,1060064,0,0,1603,0,0.000000,16384,1406,60064,4,1.000000,0.000000
31921,34139256651,1076325,0,0,1692,0,0.000000,16384,1511,76325,4,1.000000,0.000000
31922,34140319450,1062799,0,0,1670,0,0.000000,16384,1511,62799,4,1.000000,0.000000
31923,34141382298,1062848,0,0,1672,0,0.000000,16384,1452,62848,4,1.000000,0.000000
31924,34142439923,1057625,0,0,1660,0,0.000000,16384,1507,57625,4,1.000000,0.000000
31925,34143498286,1058363,0,0,1664,0,0.000000,16384,1477,58363,4,1.000000,0.000000
31926,34144555128,1056842,0,0,1662,0,0.000000,16384,1464,56842,4,1.000000,0.000000
31927,34145616794,1061666,0,0,1619,0,0.000000,16384,1481,61666,4,1.000000,0.000000
31928,34146676999,1060205,0,0,1531,0,0.000000,16384,1320,60205,4,1.000000,0.000000
31929,34147777753,1100754,0,0,1628,0,0.000000,16384,1489,100754,4,1.000000,0.000000
31930,34148842628,1064875,0,0,1555,0,0.000000,16384,1349,64875,4,1.000000,0.000000
31931,34149934011,1091383,0,0,1626,0,0.000000,16384,1477,91383,4,1.000000,0.000000
31932,34150991556,1057545,0,0,1663,0,0.000000,16384,1472,57545,4,1.000000,0.000000
31933,34152050488,1058932,0,0,1659,0,0.000000,16384,1466,58932,4,1.000000,0.000000
31934,34153108600,1058112,0,0,1666,0,0.000000,16384,1523,58112,4,1.000000,0.000000
31935,34154168370,1059770,0,0,1609,0,0.000000,16384,1389,59770,4,1.000000,0.000000
31936,34155226330,1057960,0,0,1674,0,0.000000,16384,1516,57960,4,1.000000,0.000000
31937,34156283346,1057016,0,0,1816,0,0.000000,16384,1634,57016,4,1.000000,0.000000
31938,34157338938,1055592,0,0,1811,0,0.000000,16384,1591,55592,4,1.000000,0.000000
31939,34158394995,1056057,0,0,1810,0,0.000000,16384,1593,56057,4,1.000000,0.000000
31940,34159451499,1056504,0,0,1824,0,0.000000,16384,1646,56504,4,1.000000,0.000000
31941,34160516527,1065028,0,0,1838,0,0.000000,16384,1658,65028,4,1.000000,0.000000
31942,34161577154,1060627,0,0,1580,0,0.000000,16384,1371,60627,4,1.000000,0.000000
31943,34162637956,1060802,0,0,1765,0,0.000000,16384,1585,60802,4,1.000000,0.000000
31944,34163671312,1033356,0,0,1766,0,0.000000,16384,1600,33356,4,1.000000,0.000000
31945,34164728947,1057635,0,0,1824,0,0.000000,16384,1606,57635,4,1.000000,0.000000
31946,34165786970,1058023,0,0,1809,0,0.000000,16384,1589,58023,4,1.000000,0.000000
31947,34166849436,1062466,0,0,1792,0,0.000000,16384,1613,62466,4,1.000000,0.000000
31948,34167911831,1062395,0,0,1692,0,0.000000,16384,1531,62395,4,1.000000,0.000000
31949,34168968564,1056733,0,0,1813,0,0.000000,16384,1593,56733,4,1.000000,0.000000
31950,34170024832,1056268,0,0,1826,0,0.000000,16384,1608,56268,4,1.000000,0.000000
31951,34171092198,1067366,0,0,1807,0,0.000000,16384,1634,67366,4,1.000000,0.000000
31952,34172149053,1056855,0,0,1817,0,0.000000,16384,1641,56855,4,1.000000,0.000000
31953,34173205203,1056150,0,0,1810,0,0.000000,16384,1589,56150,4,1.000000,0.000000
31954,34174264793,1059590,0,0,1699,0,0.000000,16384,1498,59590,4,1.000000,0.000000
31955,34175322597,1057804,0,0,1759,0,0.000000,16384,1595,57804,4,1.000000,0.000000
31956,34176379032,1056435,0,0,1815,0,0.000000,16384,1619,56435,4,1.000000,0.000000
31957,34177437742,1058710,0,0,1667,0,0.000000,16384,1448,58710,4,1.000000,0.000000
31958,34178495812,1058070,0,0,1639,0,0.000000,16384,1498,58070,4,1.000000,0.000000
31959,34179553542,1057730,0,0,1661,0,0.000000,16384,1466,57730,4,1.000000,0.000000
31960,34180610547,1057005,0,0,1663,0,0.000000,16384,1474,57005,4,1.000000,0.000000
31961,34181671046,1060499,0,0,1773,0,0.000000,16384,1606,60499,4,1.000000,0.000000
31962,34182727091,1056045,0,0,1813,0,0.000000,16384,1604,56045,4,1.000000,0.000000
31963,34183783259,1056168,0,0,1820,0,0.000000,16384,1601,56168,4,1.000000,0.000000
31964,34184839522,1056263,0,0,1824,0,0.000000,16384,1628,56263,4,1.000000,0.000000
31965,34185895782,1056260,0,0,1825,0,0.000000,16384,1647,56260,4,1.000000,0.000000
31966,34186951321,1055539,0,0,1823,0,0.000000,16384,1633,55539,4,1.000000,0.000000
31967,34188007850,1056529,0,0,1783,0,0.000000,16384,1562,56529,4,1.000000,0.000000
31968,34189064157,1056307,0,0,1814,0,0.000000,16384,1609,56307,4,1.000000,0.000000
31969,34190124493,1060336,0,0,1819,0,0.000000,16384,1643,60336,4,1.000000,0.000000
31970,34191185453,1060960,0,0,1834,0,0.000000,16384,1652,60960,4,1.000000,0.000000
31971,34192250481,1065028,0,0,1838,0,0.000000,16384,1614,65028,4,1.000000,0.000000
31972,34193311421,1060940,0,0,1657,0,0.000000,16384,1465,60940,4,1.000000,0.000000
31973,34194373024,1061603,0,0,1547,0,0.000000,16384,1403,61603,4,1.000000,0.000000
31974,34195430885,1057861,0,0,1626,0,0.000000,16384,1416,57861,4,1.000000,0.000000
31975,34196488141,1057256,0,0,1658,0,0.000000,16384,1514,57256,4,1.000000,0.000000
31976,34197549843,1061702,0,0,1668,0,0.000000,16384,1466,61702,4,1.000000,0.000000
31977,34198615387,1065544,0,0,1669,0,0.000000,16384,1483,65544,4,1.000000,0.000000
31978,34199674359,1058972,0,0,1662,0,0.000000,16384,1508,58972,4,1.000000,0.000000
31979,34200733476,1059117,0,0,1663,0,0.000000,16384,1443,59117,4,1.000000,0.000000
31980,34201791499,1058023,0,0,1660,0,0.000000,16384,1506,58023,4,1.000000,0.000000
31981,34202872679,1081180,0,0,1858,0,0.000000,16384,1672,81180,4,1.000000,0.000000
31982,34203929121,1056442,0,0,1794,0,0.000000,16384,1574,56442,4,1.000000,0.000000
31983,34204985565,1056444,0,0,1821,0,0.000000,16384,1600,56444,4,1.000000,0.000000
31984,34206041573,1056008,0,0,1824,0,0.000000,16384,1647,56008,4,1.000000,0.000000
31985,34207097655,1056082,0,0,1805,0,0.000000,16384,1631,56082,4,1.000000,0.000000
31986,34208154446,1056791,0,0,1782,0,0.000000,16384,1566,56791,4,1.000000,0.000000
31987,34209213603,1059157,0,0,1769,0,0.000000,16384,1556,59157,4,1.000000,0.000000
31988,34210274770,1061167,0,0,1697,0,0.000000,16384,1545,61167,4,1.000000,0.000000
31989,34211334900,1060130,0,0,1659,0,0.000000,16384,1468,60130,4,1.000000,0.000000
31990,34212394741,1059841,0,0,1649,0,0.000000,16384,1459,59841,4,1.000000,0.000000
31991,34213461436,1066695,0,0,1674,0,0.000000,16384,1524,66695,4,1.000000,0.000000
31992,34214520578,1059142,0,0,1564,0,0.000000,16384,1346,59142,4,1.000000,0.000000
31993,34215578963,1058385,0,0,1647,0,0.000000,16384,1506,58385,4,1.000000,0.000000
31994,34216636049,1057086,0,0,1657,0,0.000000,16384,1460,57086,4,1.000000,0.000000
31995,34217670681,1034632,0,0,1625,0,0.000000,16384,1446,34632,4,1.000000,0.000000
31996,34218726907,1056226,0,0,1814,0,0.000000,16384,1639,56226,4,1.000000,0.000000
31997,34219783133,1056226,0,0,1822,0,0.000000,16384,1612,56226,4,1.000000,0.000000
31998,34220838945,1055812,0,0,1797,0,0.000000,16384,1577,55812,4,1.000000,0.000000
31999,34221895055,1056110,0,0,1822,0,0.000000,16384,1631,56110,4,1.000000,0.000000
32000,34222951047,1055992,0,0,1824,0,0.000000,16384,1647,55992,4,1.000000,0.000000
32001,34224014896,1063849,0,0,1820,0,0.000000,16384,1624,63849,4,1.000000,0.000000
32002,34225074000,1059104,0,0,1704,0,0.000000,16384,1484,59104,4,1.000000,0.000000
32003,34226132561,1058561,0,0,1567,0,0.000000,16384,1433,58561,4,1.000000,0.000000
32004,34227189774,1057213,0,0,1718,0,0.000000,16384,1515,57213,4,1.000000,0.000000
32005,34228246409,1056635,0,0,1813,0,0.000000,16384,1590,56635,4,1.000000,0.000000
32006,34229303073,1056664,0,0,1825,0,0.000000,16384,1647,56664,4,1.000000,0.000000
32007,34230359450,1056377,0,0,1823,0,0.000000,16384,1646,56377,4,1.000000,0.000000
32008,34231415386,1055936,0,0,1810,0,0.000000,16384,1601,55936,4,1.000000,0.000000
32009,34232471649,1056263,0,0,1822,0,0.000000,16384,1602,56263,4,1.000000,0.000000
32010,34233528148,1056499,0,0,1769,0,0.000000,16384,1586,56499,4,1.000000,0.000000
32011,34234592718,1064570,0,0,1714,0,0.000000,16384,1557,64570,4,1.000000,0.000000
32012,34235652160,1059442,0,0,1647,0,0.000000,16384,1427,59442,4,1.000000,0.000000
32013,34236673592,1021432,0,0,1571,0,0.000000,16384,1429,21432,4,1.000000,0.000000
32014,34237731472,1057880,0,0,1668,0,0.000000,16384,1474,57880,4,1.000000,0.000000
32015,34238788174,1056702,0,0,1826,0,0.000000,16384,1602,56702,4,1.000000,0.000000
32016,34239843720,1055546,0,0,1824,0,0.000000,16384,1647,55546,4,1.000000,0.000000
32017,34240903813,1060093,0,0,1754,0,0.000000,16384,1590,60093,4,1.000000,0.000000
32018,34242080748,1176935,0,0,1750,0,0.000000,16384,1531,176935,4,1.000000,0.000000
32019,34243151203,1070455,0,0,1502,0,0.000000,16384,1351,70455,4,1.000000,0.000000
32020,34244219700,1068497,0,0,1465,0,0.000000,16384,1280,68497,4,1.000000,0.000000
32021,34245324898,1105198,0,0,1510,0,0.000000,16384,1381,105198,4,1.000000,0.000000
32022,34246391271,1066373,0,0,1512,0,0.000000,16384,1305,66373,4,1.000000,0.000000
32023,34247454479,1063208,0,0,1567,0,0.000000,16384,1439,63208,4,1.000000,0.000000
32024,34248518411,1063932,0,0,1498,0,0.000000,16384,1292,63932,4,1.000000,0.000000
32025,34249580749,1062338,0,0,1563,0,0.000000,16384,1438,62338,4,1.000000,0.000000
32026,34250639231,1058482,0,0,1556,0,0.000000,16384,1343,58482,4,1.000000,0.000000
32027,34251677285,1038054,0,0,1520,0,0.000000,16384,1399,38054,4,1.000000,0.000000
32028,34252734643,1057358,0,0,1657,0,0.000000,16384,1442,57358,4,1.000000,0.000000
32029,34253792189,1057546,0,0,1665,0,0.000000,16384,1496,57546,4,1.000000,0.000000
32030,34254850366,1058177,0,0,1626,0,0.000000,16384,1455,58177,4,1.000000,0.000000
32031,34255941595,1091229,0,0,1838,0,0.000000,16384,1618,91229,4,1.000000,0.000000
32032,34257002368,1060773,0,0,1641,0,0.000000,16384,1479,60773,4,1.000000,0.000000
32033,34258080018,1077650,0,0,1629,0,0.000000,16384,1451,77650,4,1.000000,0.000000
32034,34259142062,1062044,0,0,1598,0,0.000000,16384,1411,62044,4,1.000000,0.000000
32035,34260200111,1058049,0,0,1683,0,0.000000,16384,1534,58049,4,1.000000,0.000000
32036,34261257076,1056965,0,0,1808,0,0.000000,16384,1588,56965,4,1.000000,0.000000
32037,34262314481,1057405,0,0,1766,0,0.000000,16384,1552,57405,4,1.000000,0.000000
32038,34263371479,1056998,0,0,1814,0,0.000000,16384,1638,56998,4,1.000000,0.000000
32039,34264427688,1056209,0,0,1824,0,0.000000,16384,1648,56209,4,1.000000,0.000000
32040,34265484196,1056508,0,0,1808,0,0.000000,16384,1586,56508,4,1.000000,0.000000
32041,34266553485,1069289,0,0,1842,0,0.000000,16384,1622,69289,4,1.000000,0.000000
32042,34267609708,1056223,0,0,1822,0,0.000000,16384,1636,56223,4,1.000000,0.000000
32043,34268668335,1058627,0,0,1794,0,0.000000,16384,1623,58627,4,1.000000,0.000000
32044,34269724502,1056167,0,0,1824,0,0.000000,16384,1617,56167,4,1.000000,0.000000
32045,34270781035,1056533,0,0,1806,0,0.000000,16384,1586,56533,4,1.000000,0.000000
32046,34271838412,1057377,0,0,1769,0,0.000000,16384,1584,57377,4,1.000000,0.000000
32047,34272899046,1060634,0,0,1780,0,0.000000,16384,1611,60634,4,1.000000,0.000000
32048,34273962398,1063352,0,0,1561,0,0.000000,16384,1355,63352,4,1.000000,0.000000
32049,34275024420,1062022,0,0,1545,0,0.000000,16384,1411,62022,4,1.000000,0.000000
32050,34276083920,1059500,0,0,1591,0,0.000000,16384,1389,59500,4,1.000000,0.000000
32051,34277155880,1071960,0,0,1679,0,0.000000,16384,1508,71960,4,1.000000,0.000000
32052,34278212350,1056470,0,0,1665,0,0.000000,16384,1496,56470,4,1.000000,0.000000
32053,34279270202,1057852,0,0,1664,0,0.000000,16384,1447,57852,4,1.000000,0.000000
32054,34280327820,1057618,0,0,1655,0,0.000000,16384,1512,57618,4,1.000000,0.000000
32055,34281385653,1057833,0,0,1663,0,0.000000,16384,1467,57833,4,1.000000,0.000000
32056,34282442127,1056474,0,0,1731,0,0.000000,16384,1529,56474,4,1.000000,0.000000
32057,34283498220,1056093,0,0,1813,0,0.000000,16384,1637,56093,4,1.000000,0.000000
32058,34284553254,1055034,0,0,1665,0,0.000000,16384,1479,55034,4,1.000000,0.000000
32059,34285615880,1062626,0,0,1640,0,0.000000,16384,1446,62626,4,1.000000,0.000000
32060,34286676620,1060740,0,0,1664,0,0.000000,16384,1520,60740,4,1.000000,0.000000
32061,34287748395,1071775,0,0,1684,0,0.000000,16384,1466,71775,4,1.000000,0.000000
32062,34288807402,1059007,0,0,1636,0,0.000000,16384,1469,59007,4,1.000000,0.000000
32063,34289868397,1060995,0,0,1555,0,0.000000,16384,1386,60995,4,1.000000,0.000000
32064,34290925383,1056986,0,0,1655,0,0.000000,16384,1463,56986,4,1.000000,0.000000
32065,34291982090,1056707,0,0,1665,0,0.000000,16384,1517,56707,4,1.000000,0.000000
32066,34293038582,1056492,0,0,1662,0,0.000000,16384,1442,56492,4,1.000000,0.000000
32067,34294095519,1056937,0,0,1666,0,0.000000,16384,1504,56937,4,1.000000,0.000000
32068,34295156240,1060721,0,0,1590,0,0.000000,16384,1412,60721,4,1.000000,0.000000
32069,34296216075,1059835,0,0,1558,0,0.000000,16384,1387,59835,4,1.000000,0.000000
32070,34297272793,1056718,0,0,1613,0,0.000000,16384,1448,56718,4,1.000000,0.000000
32071,34298347800,1075007,0,0,1650,0,0.000000,16384,1442,75007,4,1.000000,0.000000
32072,34299410089,1062289,0,0,1770,0,0.000000,16384,1604,62289,4,1.000000,0.000000
32073,34300467794,1057705,0,0,1819,0,0.000000,16384,1633,57705,4,1.000000,0.000000
32074,34301525749,1057955,0,0,1812,0,0.000000,16384,1591,57955,4,1.000000,0.000000
32075,34302583111,1057362,0,0,1822,0,0.000000,16384,1607,57362,4,1.000000,0.000000
32076,34303639117,1056006,0,0,1826,0,0.000000,16384,1648,56006,4,1.000000,0.000000
32077,34304670437,1031320,0,0,1779,0,0.000000,16384,1609,31320,4,1.000000,0.000000
32078,34305730039,1059602,0,0,1624,0,0.000000,16384,1404,59602,4,1.000000,0.000000
32079,34306792032,1061993,0,0,1788,0,0.000000,16384,1607,61993,4,1.000000,0.000000
32080,34307848758,1056726,0,0,1825,0,0.000000,16384,1648,56726,4,1.000000,0.000000
32081,34308927675,1078917,0,0,1860,0,0.000000,16384,1654,78917,4,1.000000,0.000000
32082,34309983888,1056213,0,0,1821,0,0.000000,16384,1601,56213,4,1.000000,0.000000
32083,34311040343,1056455,0,0,1803,0,0.000000,16384,1600,56455,4,1.000000,0.000000
32084,34312098925,1058582,0,0,1759,0,0.000000,16384,1594,58582,4,1.000000,0.000000
32085,34313157852,1058927,0,0,1625,0,0.000000,16384,1433,58927,4,1.000000,0.000000
32086,34314215831,1057979,0,0,1738,0,0.000000,16384,1538,57979,4,1.000000,0.000000
32087,34315275862,1060031,0,0,1682,0,0.000000,16384,1533,60031,4,1.000000,0.000000
32088,34316333459,1057597,0,0,1751,0,0.000000,16384,1540,57597,4,1.000000,0.000000
32089,34317389787,1056328,0,0,1813,0,0.000000,16384,1591,56328,4,1.000000,0.000000
32090,34318446936,1057149,0,0,1815,0,0.000000,16384,1640,57149,4,1.000000,0.000000
32091,34319513286,1066350,0,0,1831,0,0.000000,16384,1652,66350,4,1.000000,0.000000
32092,34320570195,1056909,0,0,1825,0,0.000000,16384,1613,56909,4,1.000000,0.000000
32093,34321626332,1056137,0,0,1824,0,0.000000,16384,1603,56137,4,1.000000,0.000000
32094,34322670398,1044066,0,0,1789,0,0.000000,16384,1603,44066,4,1.000000,0.000000
32095,34323726885,1056487,0,0,1698,0,0.000000,16384,1545,56487,4,1.000000,0.000000
32096,34324783148,1056263,0,0,1800,0,0.000000,16384,1580,56263,4,1.000000,0.000000
32097,34325839220,1056072,0,0,1822,0,0.000000,16384,1598,56072,4,1.000000,0.000000
32098,34326895165,1055945,0,0,1825,0,0.000000,16384,1648,55945,4,1.000000,0.000000
32099,34327950974,1055809,0,0,1825,0,0.000000,16384,1647,55809,4,1.000000,0.000000
32100,34329006478,1055504,0,0,1824,0,0.000000,16384,1615,55504,4,1.000000,0.000000
32101,34330066617,1060139,0,0,1821,0,0.000000,16384,1600,60139,4,1.000000,0.000000
32102,34331122725,1056108,0,0,1825,0,0.000000,16384,1628,56108,4,1.000000,0.000000
32103,34332179477,1056752,0,0,1793,0,0.000000,16384,1623,56752,4,1.000000,0.000000
32104,34333235195,1055718,0,0,1822,0,0.000000,16384,1626,55718,4,1.000000,0.000000
32105,34334290872,1055677,0,0,1823,0,0.000000,16384,1602,55677,4,1.000000,0.000000
32106,34335347399,1056527,0,0,1762,0,0.000000,16384,1565,56527,4,1.000000,0.000000
32107,34336405308,1057909,0,0,1716,0,0.000000,16384,1560,57909,4,1.000000,0.000000
32108,34337464581,1059273,0,0,1628,0,0.000000,16384,1422,59273,4,1.000000,0.000000
32109,34338524135,1059554,0,0,1650,0,0.000000,16384,1482,59554,4,1.000000,0.000000
32110,34339582259,1058124,0,0,1659,0,0.000000,16384,1487,58124,4,1.000000,0.000000
32111,34340653118,1070859,0,0,1674,0,0.000000,16384,1460,70859,4,1.000000,0.000000
32112,34341672331,1019213,0,0,1750,0,0.000000,16384,1586,19213,4,1.000000,0.000000
32113,34342729244,1056913,0,0,1821,0,0.000000,16384,1545,56913,4,1.000000,0.000000
32114,34343817174,1087930,0,0,1778,0,0.000000,16384,1609,87930,4,1.000000,0.000000
32115,34344879666,1062492,0,0,1650,0,0.000000,16384,1467,62492,4,1.000000,0.000000
32116,34345939136,1059470,0,0,1666,0,0.000000,16384,1467,59470,4,1.000000,0.000000
32117,34346997670,1058534,0,0,1624,0,0.000000,16384,1487,58534,4,1.000000,0.000000
32118,34348058054,1060384,0,0,1736,0,0.000000,16384,1516,60384,4,1.000000,0.000000
32119,34349123202,1065148,0,0,1592,0,0.000000,16384,1426,65148,4,1.000000,0.000000
32120,34350185509,1062307,0,0,1613,0,0.000000,16384,1439,62307,4,1.000000,0.000000
32121,34351259290,1073781,0,0,1635,0,0.000000,16384,1441,73781,4,1.000000,0.000000
32122,34352317682,1058392,0,0,1648,0,0.000000,16384,1505,58392,4,1.000000,0.000000
32123,34353375314,1057632,0,0,1655,0,0.000000,16384,1436,57632,4,1.000000,0.000000
32124,34354464978,1089664,0,0,1805,0,0.000000,16384,1613,89664,4,1.000000,0.000000
32125,34355529862,1064884,0,0,1634,0,0.000000,16384,1486,64884,4,1.000000,0.000000
32126,34356622281,1092419,0,0,1840,0,0.000000,16384,1620,92419,4,1.000000,0.000000
32127,34357704968,1082687,0,0,1846,0,0.000000,16384,1621,82687,4,1.000000,0.000000
32128,34358769160,1064192,0,0,1817,0,0.000000,16384,1638,64192,4,1.000000,0.000000
32129,34359833042,1063882,0,0,1808,0,0.000000,16384,1633,63882,4,1.000000,0.000000
32130,34360896146,1063104,0,0,1789,0,0.000000,16384,1580,63104,4,1.000000,0.000000
32131,34361981565,1085419,0,0,1784,0,0.000000,16384,1564,85419,4,1.000000,0.000000
32132,34363042104,1060539,0,0,1754,0,0.000000,16384,1586,60539,4,1.000000,0.000000
32133,34364098863,1056759,0,0,1817,0,0.000000,16384,1641,56759,4,1.000000,0.000000
32134,34365155302,1056439,0,0,1809,0,0.000000,16384,1589,56439,4,1.000000,0.000000
32135,34366211265,1055963,0,0,1821,0,0.000000,16384,1601,55963,4,1.000000,0.000000
32136,34367266908,1055643,0,0,1813,0,0.000000,16384,1632,55643,4,1.000000,0.000000
32137,34368352523,1085615,0,0,1937,0,0.000000,16384,1737,85615,4,1.000000,0.000000
32138,34369445720,1093197,0,0,1946,0,0.000000,16384,1744,93197,4,1.000000,0.000000
32139,34370505402,1059682,0,0,1828,0,0.000000,16384,1623,59682,4,1.000000,0.000000
32140,34371561888,1056486,0,0,1823,0,0.000000,16384,1603,56486,4,1.000000,0.000000
32141,34372626142,1064254,0,0,1826,0,0.000000,16384,1624,64254,4,1.000000,0.000000
32142,34373700687,1074545,0,0,1953,0,0.000000,16384,1749,74545,4,1.000000,0.000000
32143,34374760983,1060296,0,0,1821,0,0.000000,16384,1644,60296,4,1.000000,0.000000
32144,34375820750,1059767,0,0,1678,0,0.000000,16384,1477,59767,4,1.000000,0.000000
32145,34376879401,1058651,0,0,1827,0,0.000000,16384,1608,58651,4,1.000000,0.000000
32146,34377936249,1056848,0,0,1827,0,0.000000,16384,1649,56848,4,1.000000,0.000000
32147,34378993246,1056997,0,0,1827,0,0.000000,16384,1649,56997,4,1.000000,0.000000
32148,34380048839,1055593,0,0,1814,0,0.000000,16384,1601,55593,4,1.000000,0.000000
32149,34381105583,1056744,0,0,1759,0,0.000000,16384,1539,56744,4,1.000000,0.000000
32150,34382161705,1056122,0,0,1774,0,0.000000,16384,1605,56122,4,1.000000,0.000000
32151,34383227680,1065975,0,0,1832,0,0.000000,16384,1652,65975,4,1.000000,0.000000
32152,34384283717,1056037,0,0,1823,0,0.000000,16384,1608,56037,4,1.000000,0.000000
32153,34385340437,1056720,0,0,1767,0,0.000000,16384,1547,56720,4,1.000000,0.000000
32154,34386396640,1056203,0,0,1809,0,0.000000,16384,1633,56203,4,1.000000,0.000000
32155,34387452848,1056208,0,0,1824,0,0.000000,16384,1647,56208,4,1.000000,0.000000
32156,34388508923,1056075,0,0,1811,0,0.000000,16384,1600,56075,4,1.000000,0.000000
32157,34389565050,1056127,0,0,1804,0,0.000000,16384,1584,56127,4,1.000000,0.000000
32158,34390622031,1056981,0,0,1821,0,0.000000,16384,1632,56981,4,1.000000,0.000000
32159,34391670733,1048702,0,0,1798,0,0.000000,16384,1626,48702,4,1.000000,0.000000
32160,34392726415,1055682,0,0,1822,0,0.000000,16384,1619,55682,4,1.000000,0.000000
32161,34393787023,1060608,0,0,1831,0,0.000000,16384,1611,60608,4,1.000000,0.000000
32162,34394843239,1056216,0,0,1823,0,0.000000,16384,1619,56216,4,1.000000,0.000000
32163,34395901163,1057924,0,0,1758,0,0.000000,16384,1593,57924,4,1.000000,0.000000
32164,34396959912,1058749,0,0,1825,0,0.000000,16384,1630,58749,4,1.000000,0.000000
32165,34398016742,1056830,0,0,1825,0,0.000000,16384,1605,56830,4,1.000000,0.000000
32166,34399076524,1059782,0,0,1812,0,0.000000,16384,1603,59782,4,1.000000,0.000000
32167,34400136931,1060407,0,0,1831,0,0.000000,16384,1652,60407,4,1.000000,0.000000
32168,34401193728,1056797,0,0,1825,0,0.000000,16384,1649,56797,4,1.000000,0.000000
32169,34402249589,1055861,0,0,1799,0,0.000000,16384,1579,55861,4,1.000000,0.000000
32170,34403305218,1055629,0,0,1812,0,0.000000,16384,1588,55629,4,1.000000,0.000000
32171,34404370812,1065594,0,0,1831,0,0.000000,16384,1653,65594,4,1.000000,0.000000
32172,34405426557,1055745,0,0,1824,0,0.000000,16384,1645,55745,4,1.000000,0.000000
32173,34406482478,1055921,0,0,1809,0,0.000000,16384,1602,55921,4,1.000000,0.000000
32174,34407538623,1056145,0,0,1813,0,0.000000,16384,1593,56145,4,1.000000,0.000000
32175,34408594596,1055973,0,0,1824,0,0.000000,16384,1631,55973,4,1.000000,0.000000
32176,34409650353,1055757,0,0,1823,0,0.000000,16384,1646,55757,4,1.000000,0.000000
32177,34410688207,1037854,0,0,1749,0,0.000000,16384,1554,37854,4,1.000000,0.000000
32178,34411747107,1058900,0,0,1650,0,0.000000,16384,1446,58900,4,1.000000,0.000000
32179,34412804026,1056919,0,0,1749,0,0.000000,16384,1585,56919,4,1.000000,0.000000
32180,34413860425,1056399,0,0,1825,0,0.000000,16384,1634,56399,4,1.000000,0.000000
32181,34414931786,1071361,0,0,1796,0,0.000000,16384,1576,71361,4,1.000000,0.000000
32182,34415991899,1060113,0,0,1749,0,0.000000,16384,1555,60113,4,1.000000,0.000000
32183,34417049806,1057907,0,0,1828,0,0.000000,16384,1649,57907,4,1.000000,0.000000
32184,34418105487,1055681,0,0,1806,0,0.000000,16384,1615,55681,4,1.000000,0.000000
32185,34419161264,1055777,0,0,1767,0,0.000000,16384,1547,55777,4,1.000000,0.000000
32186,34420219071,1057807,0,0,1815,0,0.000000,16384,1617,57807,4,1.000000,0.000000
32187,34421275652,1056581,0,0,1826,0,0.000000,16384,1647,56581,4,1.000000,0.000000
32188,34422331409,1055757,0,0,1823,0,0.000000,16384,1636,55757,4,1.000000,0.000000
32189,34423387830,1056421,0,0,1805,0,0.000000,16384,1584,56421,4,1.000000,0.000000
32190,34424444765,1056935,0,0,1823,0,0.000000,16384,1610,56935,4,1.000000,0.000000
32191,34425508824,1064059,0,0,1838,0,0.000000,16384,1657,64059,4,1.000000,0.000000
32192,34426565011,1056187,0,0,1825,0,0.000000,16384,1648,56187,4,1.000000,0.000000
32193,34427620823,1055812,0,0,1822,0,0.000000,16384,1606,55812,4,1.000000,0.000000
32194,34428670586,1049763,0,0,1775,0,0.000000,16384,1555,49763,4,1.000000,0.000000
32195,34429727144,1056558,0,0,1824,0,0.000000,16384,1643,56558,4,1.000000,0.000000
32196,34430783021,1055877,0,0,1813,0,0.000000,16384,1638,55877,4,1.000000,0.000000
32197,34431838717,1055696,0,0,1810,0,0.000000,16384,1602,55696,4,1.000000,0.000000
32198,34432894843,1056126,0,0,1821,0,0.000000,16384,1601,56126,4,1.000000,0.000000
32199,34433950697,1055854,0,0,1822,0,0.000000,16384,1627,55854,4,1.000000,0.000000
32200,34435006824,1056127,0,0,1824,0,0.000000,16384,1647,56127,4,1.000000,0.000000
32201,34436070226,1063402,0,0,1593,0,0.000000,16384,1404,63402,4,1.000000,0.000000
32202,34437131220,1060994,0,0,1636,0,0.000000,16384,1460,60994,4,1.000000,0.000000
32203,34438189856,1058636,0,0,1668,0,0.000000,16384,1505,58636,4,1.000000,0.000000
32204,34439246517,1056661,0,0,1742,0,0.000000,16384,1522,56661,4,1.000000,0.000000
32205,34440303574,1057057,0,0,1826,0,0.000000,16384,1630,57057,4,1.000000,0.000000
32206,34441360935,1057361,0,0,1806,0,0.000000,16384,1632,57361,4,1.000000,0.000000
32207,34442416888,1055953,0,0,1823,0,0.000000,16384,1629,55953,4,1.000000,0.000000
32208,34443472665,1055777,0,0,1820,0,0.000000,16384,1600,55777,4,1.000000,0.000000
32209,34444530287,1057622,0,0,1814,0,0.000000,16384,1604,57622,4,1.000000,0.000000
32210,34445586654,1056367,0,0,1813,0,0.000000,16384,1638,56367,4,1.000000,0.000000
32211,34446652211,1065557,0,0,1838,0,0.000000,16384,1659,65557,4,1.000000,0.000000
32212,34447673538,1021327,0,0,1749,0,0.000000,16384,1529,21327,4,1.000000,0.000000
32213,34448733254,1059716,0,0,1824,0,0.000000,16384,1609,59716,4,1.000000,0.000000
32214,34449794691,1061437,0,0,1579,0,0.000000,16384,1450,61437,4,1.000000,0.000000
32215,34450854404,1059713,0,0,1795,0,0.000000,16384,1577,59713,4,1.000000,0.000000
32216,34451911778,1057374,0,0,1664,0,0.000000,16384,1471,57374,4,1.000000,0.000000
32217,34452968894,1057116,0,0,1816,0,0.000000,16384,1640,57116,4,1.000000,0.000000
32218,34454025975,1057081,0,0,1825,0,0.000000,16384,1632,57081,4,1.000000,0.000000
32219,34455083539,1057564,0,0,1740,0,0.000000,16384,1520,57564,4,1.000000,0.000000
32220,34456140583,1057044,0,0,1766,0,0.000000,16384,1581,57044,4,1.000000,0.000000
32221,34457208822,1068239,0,0,1844,0,0.000000,16384,1662,68239,4,1.000000,0.000000
32222,34458265483,1056661,0,0,1825,0,0.000000,16384,1628,56661,4,1.000000,0.000000
32223,34459321816,1056333,0,0,1824,0,0.000000,16384,1603,56333,4,1.000000,0.000000
32224,34460378716,1056900,0,0,1798,0,0.000000,16384,1595,56900,4,1.000000,0.000000
32225,34461436408,1057692,0,0,1827,0,0.000000,16384,1648,57692,4,1.000000,0.000000
32226,34462492343,1055935,0,0,1793,0,0.000000,16384,1612,55935,4,1.000000,0.000000
32227,34463548399,1056056,0,0,1813,0,0.000000,16384,1593,56056,4,1.000000,0.000000
32228,34464604601,1056202,0,0,1824,0,0.000000,16384,1608,56202,4,1.000000,0.000000
32229,34465660666,1056065,0,0,1813,0,0.000000,16384,1637,56065,4,1.000000,0.000000
32230,34466671022,1010356,0,0,1589,0,0.000000,16384,1417,10356,4,1.000000,0.000000
32231,34467744737,1073715,0,0,1724,0,0.000000,16384,1514,73715,4,1.000000,0.000000
32232,34468801098,1056361,0,0,1824,0,0.000000,16384,1647,56361,4,1.000000,0.000000
32233,34469857236,1056138,0,0,1824,0,0.000000,16384,1645,56138,4,1.000000,0.000000
32234,34470914312,1057076,0,0,1812,0,0.000000,16384,1594,57076,4,1.000000,0.000000
32235,34471970349,1056037,0,0,1823,0,0.000000,16384,1603,56037,4,1.000000,0.000000
32236,34473026316,1055967,0,0,1827,0,0.000000,16384,1642,55967,4,1.000000,0.000000
32237,34474082180,1055864,0,0,1825,0,0.000000,16384,1647,55864,4,1.000000,0.000000
32238,34475137775,1055595,0,0,1813,0,0.000000,16384,1611,55595,4,1.000000,0.000000
32239,34476195662,1057887,0,0,1761,0,0.000000,16384,1542,57887,4,1.000000,0.000000
32240,34477252701,1057039,0,0,1825,0,0.000000,16384,1634,57039,4,1.000000,0.000000
32241,34478314927,1062226,0,0,1834,0,0.000000,16384,1655,62226,4,1.000000,0.000000
32242,34479373187,1058260,0,0,1714,0,0.000000,16384,1520,58260,4,1.000000,0.000000
32243,34480433566,1060379,0,0,1713,0,0.000000,16384,1502,60379,4,1.000000,0.000000
32244,34481491673,1058107,0,0,1666,0,0.000000,16384,1520,58107,4,1.000000,0.000000
32245,34482549057,1057384,0,0,1809,0,0.000000,16384,1606,57384,4,1.000000,0.000000
32246,34483605851,1056794,0,0,1825,0,0.000000,16384,1604,56794,4,1.000000,0.000000
32247,34484662442,1056591,0,0,1814,0,0.000000,16384,1616,56591,4,1.000000,0.000000
32248,34485670891,1008449,0,0,1739,0,0.000000,16384,1579,8449,4,1.000000,0.000000
32249,34486727583,1056692,0,0,1818,0,0.000000,16384,1613,56692,4,1.000000,0.000000
32250,34487783378,1055795,0,0,1820,0,0.000000,16384,1600,55795,4,1.000000,0.000000
32251,34488845850,1062472,0,0,1835,0,0.000000,16384,1632,62472,4,1.000000,0.000000
32252,34489902152,1056302,0,0,1797,0,0.000000,16384,1626,56302,4,1.000000,0.000000
32253,34490958204,1056052,0,0,1809,0,0.000000,16384,1619,56052,4,1.000000,0.000000
32254,34492014089,1055885,0,0,1815,0,0.000000,16384,1595,55885,4,1.000000,0.000000
32255,34493074215,1060126,0,0,1813,0,0.000000,16384,1603,60126,4,1.000000,0.000000
32256,34494134770,1060555,0,0,1832,0,0.000000,16384,1653,60555,4,1.000000,0.000000
32257,34495192652,1057882,0,0,1733,0,0.000000,16384,1558,57882,4,1.000000,0.000000
32258,34496268425,1075773,0,0,1767,0,0.000000,16384,1547,75773,4,1.000000,0.000000
32259,34497330312,1061887,0,0,1671,0,0.000000,16384,1500,61887,4,1.000000,0.000000
32260,34498388593,1058281,0,0,1667,0,0.000000,16384,1498,58281,4,1.000000,0.000000
32261,34499489488,1100895,0,0,1840,0,0.000000,16384,1619,100895,4,1.000000,0.000000
32262,34500580657,1091169,0,0,1827,0,0.000000,16384,1618,91169,4,1.000000,0.000000
32263,34501673326,1092669,0,0,1857,0,0.000000,16384,1672,92669,4,1.000000,0.000000
32264,34502707843,1034517,0,0,1775,0,0.000000,16384,1606,34517,4,1.000000,0.000000
32265,34503771790,1063947,0,0,1815,0,0.000000,16384,1595,63947,4,1.000000,0.000000
32266,34504835293,1063503,0,0,1806,0,0.000000,16384,1584,63503,4,1.000000,0.000000
32267,34505899943,1064650,0,0,1666,0,0.000000,16384,1521,64650,4,1.000000,0.000000
32268,34506973448,1073505,0,0,1434,0,0.000000,16384,1241,73505,4,1.000000,0.000000
32269,34508047085,1073637,0,0,1464,0,0.000000,16384,1347,73637,4,1.000000,0.000000
32270,34509113949,1066864,0,0,1525,0,0.000000,16384,1325,66864,4,1.000000,0.000000
32271,34510198634,1084685,0,0,1499,0,0.000000,16384,1364,84685,4,1.000000,0.000000
32272,34511270800,1072166,0,0,1462,0,0.000000,16384,1285,72166,4,1.000000,0.000000
32273,34512336503,1065703,0,0,1517,0,0.000000,16384,1358,65703,4,1.000000,0.000000
32274,34513401543,1065040,0,0,1429,0,0.000000,16384,1280,65040,4,1.000000,0.000000
32275,34514479160,1077617,0,0,1455,0,0.000000,16384,1272,77617,4,1.000000,0.000000
32276,34515602534,1123374,0,0,1555,0,0.000000,16384,1416,123374,4,1.000000,0.000000
32277,34516673618,1071084,0,0,1498,0,0.000000,16384,1300,71084,4,1.000000,0.000000
32278,34517735351,1061733,0,0,1496,0,0.000000,16384,1377,61733,4,1.000000,0.000000
32279,34518801837,1066486,0,0,1472,0,0.000000,16384,1271,66486,4,1.000000,0.000000
32280,34519863577,1061740,0,0,1445,0,0.000000,16384,1314,61740,4,1.000000,0.000000
32281,34520966412,1102835,0,0,1515,0,0.000000,16384,1335,102835,4,1.000000,0.000000
32282,34522028945,1062533,0,0,1462,0,0.000000,16384,1310,62533,4,1.000000,0.000000
32283,34523089442,1060497,0,0,1453,0,0.000000,16384,1302,60497,4,1.000000,0.000000
32284,34524153223,1063781,0,0,1439,0,0.000000,16384,1254,63781,4,1.000000,0.000000
32285,34525220941,1067718,0,0,1458,0,0.000000,16384,1342,67718,4,1.000000,0.000000
32286,34526306104,1085163,0,0,1477,0,0.000000,16384,1278,85163,4,1.000000,0.000000
32287,34527377893,1071789,0,0,1438,0,0.000000,16384,1301,71789,4,1.000000,0.000000
32288,34528447078,1069185,0,0,1444,0,0.000000,16384,1285,69185,4,1.000000,0.000000
32289,34529519163,1072085,0,0,1438,0,0.000000,16384,1265,72085,4,1.000000,0.000000
32290,34530680759,1161596,0,0,1576,0,0.000000,16384,1428,161596,4,1.000000,0.000000
32291,34531885373,1204614,0,0,1605,0,0.000000,16384,1417,204614,4,1.000000,0.000000
32292,34533014099,1128726,0,0,1478,0,0.000000,16384,1330,128726,4,1.000000,0.000000
32293,34534087752,1073653,0,0,1440,0,0.000000,16384,1252,73653,4,1.000000,0.000000
32294,34535155780,1068028,0,0,1481,0,0.000000,16384,1365,68028,4,1.000000,0.000000
32295,34536228946,1073166,0,0,1420,0,0.000000,16384,1229,73166,4,1.000000,0.000000
32296,34537830304,1601358,0,0,2063,0,0.000000,16384,1839,601358,4,1.000000,0.000000
32297,34538904662,1074358,0,0,1418,0,0.000000,16384,1274,74358,4,1.000000,0.000000
32298,34539973961,1069299,0,0,1497,0,0.000000,16384,1338,69299,4,1.000000,0.000000
32299,34541043174,1069213,0,0,1480,0,0.000000,16384,1305,69213,4,1.000000,0.000000
32300,34542114090,1070916,0,0,1490,0,0.000000,16384,1352,70916,4,1.000000,0.000000
32301,34543214157,1100067,0,0,1444,0,0.000000,16384,1247,100067,4,1.000000,0.000000
32302,34544283055,1068898,0,0,1506,0,0.000000,16384,1390,68898,4,1.000000,0.000000
32303,34545343953,1060898,0,0,1488,0,0.000000,16384,1288,60898,4,1.000000,0.000000
32304,34546401049,1057096,0,0,1495,0,0.000000,16384,1359,57096,4,1.000000,0.000000
32305,34547460569,1059520,0,0,1497,0,0.000000,16384,1315,59520,4,1.000000,0.000000
32306,34548506662,1046093,0,0,1477,0,0.000000,16384,1323,46093,4,1.000000,0.000000
32307,34549571102,1064440,0,0,1504,0,0.000000,16384,1343,64440,4,1.000000,0.000000
32308,34550640693,1069591,0,0,1452,0,0.000000,16384,1281,69591,4,1.000000,0.000000
32309,34551681874,1041181,0,0,1466,0,0.000000,16384,1334,41181,4,1.000000,0.000000
32310,34552748291,1066417,0,0,1498,0,0.000000,16384,1294,66417,4,1.000000,0.000000
32311,34553836547,1088256,0,0,1556,0,0.000000,16384,1430,88256,4,1.000000,0.000000
32312,34554898731,1062184,0,0,1542,0,0.000000,16384,1332,62184,4,1.000000,0.000000
32313,34555962379,1063648,0,0,1514,0,0.000000,16384,1394,63648,4,1.000000,0.000000
32314,34557024457,1062078,0,0,1544,0,0.000000,16384,1328,62078,4,1.000000,0.000000
32315,34558080394,1055937,0,0,1525,0,0.000000,16384,1409,55937,4,1.000000,0.000000
32316,34559146378,1065984,0,0,1507,0,0.000000,16384,1298,65984,4,1.000000,0.000000
32317,34560208145,1061767,0,0,1515,0,0.000000,16384,1388,61767,4,1.000000,0.000000
32318,34561271591,1063446,0,0,1499,0,0.000000,16384,1277,63446,4,1.000000,0.000000
32319,34562336397,1064806,0,0,1489,0,0.000000,16384,1306,64806,4,1.000000,0.000000
32320,34563399053,1062656,0,0,1450,0,0.000000,16384,1301,62656,4,1.000000,0.000000
32321,34564489770,1090717,0,0,1508,0,0.000000,16384,1346,90717,4,1.000000,0.000000
32322,34565556495,1066725,0,0,1470,0,0.000000,16384,1297,66725,4,1.000000,0.000000
32323,34566626564,1070069,0,0,1499,0,0.000000,16384,1359,70069,4,1.000000,0.000000
32324,34567682224,1055660,0,0,1479,0,0.000000,16384,1282,55660,4,1.000000,0.000000
32325,34568750344,1068120,0,0,1484,0,0.000000,16384,1369,68120,4,1.000000,0.000000
32326,34569817151,1066807,0,0,1488,0,0.000000,16384,1284,66807,4,1.000000,0.000000
32327,34570878439,1061288,0,0,1503,0,0.000000,16384,1371,61288,4,1.000000,0.000000
32328,34571937907,1059468,0,0,1492,0,0.000000,16384,1305,59468,4,1.000000,0.000000
32329,34572998704,1060797,0,0,1502,0,0.000000,16384,1353,60797,4,1.000000,0.000000
32330,34574057255,1058551,0,0,1499,0,0.000000,16384,1330,58551,4,1.000000,0.000000
32331,34575152780,1095525,0,0,1589,0,0.000000,16384,1422,95525,4,1.000000,0.000000
32332,34576214979,1062199,0,0,1522,0,0.000000,16384,1347,62199,4,1.000000,0.000000
32333,34577277949,1062970,0,0,1489,0,0.000000,16384,1331,62970,4,1.000000,0.000000
32334,34578340561,1062612,0,0,1536,0,0.000000,16384,1370,62612,4,1.000000,0.000000
32335,34579434588,1094027,0,0,1633,0,0.000000,16384,1460,94027,4,1.000000,0.000000
32336,34580500408,1065820,0,0,1455,0,0.000000,16384,1291,65820,4,1.000000,0.000000
32337,34581562674,1062266,0,0,1500,0,0.000000,16384,1332,62266,4,1.000000,0.000000
32338,34582621772,1059098,0,0,1498,0,0.000000,16384,1348,59098,4,1.000000,0.000000
32339,34583676916,1055144,0,0,1473,0,0.000000,16384,1287,55144,4,1.000000,0.000000
32340,34584739060,1062144,0,0,1486,0,0.000000,16384,1361,62144,4,1.000000,0.000000
32341,34585829524,1090464,0,0,1555,0,0.000000,16384,1344,90464,4,1.000000,0.000000
32342,34586898337,1068813,0,0,1487,0,0.000000,16384,1371,68813,4,1.000000,0.000000
32343,34588168108,1269771,0,0,1601,0,0.000000,16384,1381,269771,4,1.000000,0.000000
32344,34589249542,1081434,0,0,1400,0,0.000000,16384,1284,81434,4,1.000000,0.000000
32345,34590329175,1079633,0,0,1485,0,0.000000,16384,1297,79633,4,1.000000,0.000000
32346,34591403676,1074501,0,0,1386,0,0.000000,16384,1242,74501,4,1.000000,0.000000
32347,34592475522,1071846,0,0,1437,0,0.000000,16384,1297,71846,4,1.000000,0.000000
32348,34593644361,1168839,0,0,1649,0,0.000000,16384,1453,168839,4,1.000000,0.000000
32349,34594677052,1032691,0,0,1529,0,0.000000,16384,1370,32691,4,1.000000,0.000000
32350,34595745305,1068253,0,0,1593,0,0.000000,16384,1416,68253,4,1.000000,0.000000
32351,34596841389,1096084,0,0,1470,0,0.000000,16384,1316,96084,4,1.000000,0.000000
32352,34597906770,1065381,0,0,1434,0,0.000000,16384,1252,65381,4,1.000000,0.000000
32353,34598975896,1069126,0,0,1494,0,0.000000,16384,1370,69126,4,1.000000,0.000000
32354,34600038810,1062914,0,0,1556,0,0.000000,16384,1343,62914,4,1.000000,0.000000
32355,34601099195,1060385,0,0,1555,0,0.000000,16384,1428,60385,4,1.000000,0.000000
32356,34602157967,1058772,0,0,1602,0,0.000000,16384,1393,58772,4,1.000000,0.000000
32357,34603217355,1059388,0,0,1652,0,0.000000,16384,1491,59388,4,1.000000,0.000000
32358,34604258811,1041456,0,0,1625,0,0.000000,16384,1447,41456,4,1.000000,0.000000
32359,34605322395,1063584,0,0,1602,0,0.000000,16384,1415,63584,4,1.000000,0.000000
32360,34606383867,1061472,0,0,1661,0,0.000000,16384,1512,61472,4,1.000000,0.000000
32361,34607467326,1083459,0,0,1692,0,0.000000,16384,1472,83459,4,1.000000,0.000000
32362,34608526498,1059172,0,0,1649,0,0.000000,16384,1486,59172,4,1.000000,0.000000
32363,34609587273,1060775,0,0,1647,0,0.000000,16384,1470,60775,4,1.000000,0.000000
32364,34610646858,1059585,0,0,1588,0,0.000000,16384,1398,59585,4,1.000000,0.000000
32365,34611674176,1027318,0,0,1584,0,0.000000,16384,1438,27318,4,1.000000,0.000000
32366,34612732412,1058236,0,0,1668,0,0.000000,16384,1448,58236,4,1.000000,0.000000
32367,34613789786,1057374,0,0,1657,0,0.000000,16384,1510,57374,4,1.000000,0.000000
32368,34614847635,1057849,0,0,1664,0,0.000000,16384,1471,57849,4,1.000000,0.000000
32369,34615905031,1057396,0,0,1656,0,0.000000,16384,1465,57396,4,1.000000,0.000000
32370,34616965056,1060025,0,0,1452,0,0.000000,16384,1306,60025,4,1.000000,0.000000
32371,34618048518,1083462,0,0,1742,0,0.000000,16384,1530,83462,4,1.000000,0.000000
32372,34619107713,1059195,0,0,1595,0,0.000000,16384,1464,59195,4,1.000000,0.000000
32373,34620164643,1056930,0,0,1722,0,0.000000,16384,1509,56930,4,1.000000,0.000000
32374,34621221511,1056868,0,0,1805,0,0.000000,16384,1593,56868,4,1.000000,0.000000
32375,34622278322,1056811,0,0,1807,0,0.000000,16384,1632,56811,4,1.000000,0.000000
32376,34623335890,1057568,0,0,1811,0,0.000000,16384,1635,57568,4,1.000000,0.000000
32377,34624392648,1056758,0,0,1797,0,0.000000,16384,1577,56758,4,1.000000,0.000000
32378,34625449470,1056822,0,0,1816,0,0.000000,16384,1596,56822,4,1.000000,0.000000
32379,34626505435,1055965,0,0,1815,0,0.000000,16384,1638,55965,4,1.000000,0.000000
32380,34627561055,1055620,0,0,1815,0,0.000000,16384,1640,55620,4,1.000000,0.000000
32381,34628634750,1073695,0,0,1806,0,0.000000,16384,1590,73695,4,1.000000,0.000000
32382,34629674432,1039682,0,0,1512,0,0.000000,16384,1346,39682,4,1.000000,0.000000
32383,34630734624,1060192,0,0,1729,0,0.000000,16384,1559,60192,4,1.000000,0.000000
32384,34631794074,1059450,0,0,1654,0,0.000000,16384,1434,59450,4,1.000000,0.000000
32385,34632851424,1057350,0,0,1659,0,0.000000,16384,1508,57350,4,1.000000,0.000000
32386,34633908401,1056977,0,0,1687,0,0.000000,16384,1498,56977,4,1.000000,0.000000
32387,34634964684,1056283,0,0,1804,0,0.000000,16384,1584,56283,4,1.000000,0.000000
32388,34636022016,1057332,0,0,1735,0,0.000000,16384,1567,57332,4,1.000000,0.000000
32389,34637081527,1059511,0,0,1619,0,0.000000,16384,1447,59511,4,1.000000,0.000000
32390,34638143395,1061868,0,0,1813,0,0.000000,16384,1593,61868,4,1.000000,0.000000
32391,34639219725,1076330,0,0,1848,0,0.000000,16384,1652,76330,4,1.000000,0.000000
32392,34640280459,1060734,0,0,1555,0,0.000000,16384,1411,60734,4,1.000000,0.000000
32393,34641338711,1058252,0,0,1691,0,0.000000,16384,1471,58252,4,1.000000,0.000000
32394,34642394736,1056025,0,0,1714,0,0.000000,16384,1554,56025,4,1.000000,0.000000
32395,34643451088,1056352,0,0,1776,0,0.000000,16384,1596,56352,4,1.000000,0.000000
32396,34644508116,1057028,0,0,1767,0,0.000000,16384,1546,57028,4,1.000000,0.000000
32397,34645565024,1056908,0,0,1821,0,0.000000,16384,1617,56908,4,1.000000,0.000000
32398,34646621076,1056052,0,0,1800,0,0.000000,16384,1627,56052,4,1.000000,0.000000
32399,34647671926,1050850,0,0,1766,0,0.000000,16384,1579,50850,4,1.000000,0.000000
32400,34648730366,1058440,0,0,1789,0,0.000000,16384,1570,58440,4,1.000000,0.000000
32401,34649800032,1069666,0,0,1834,0,0.000000,16384,1631,69666,4,1.000000,0.000000
32402,34650898855,1098823,0,0,1781,0,0.000000,16384,1612,98823,4,1.000000,0.000000
32403,34651960978,1062123,0,0,1629,0,0.000000,16384,1441,62123,4,1.000000,0.000000
32404,34653019893,1058915,0,0,1808,0,0.000000,16384,1589,58915,4,1.000000,0.000000
32405,34654076233,1056340,0,0,1813,0,0.000000,16384,1638,56340,4,1.000000,0.000000
32406,34655132037,1055804,0,0,1821,0,0.000000,16384,1644,55804,4,1.000000,0.000000
32407,34656189378,1057341,0,0,1744,0,0.000000,16384,1531,57341,4,1.000000,0.000000
32408,34657247844,1058466,0,0,1718,0,0.000000,16384,1519,58466,4,1.000000,0.000000
32409,34658305157,1057313,0,0,1826,0,0.000000,16384,1648,57313,4,1.000000,0.000000
32410,34659361475,1056318,0,0,1824,0,0.000000,16384,1637,56318,4,1.000000,0.000000
32411,34660429380,1067905,0,0,1840,0,0.000000,16384,1620,67905,4,1.000000,0.000000
32412,34661485326,1055946,0,0,1821,0,0.000000,16384,1597,55946,4,1.000000,0.000000
32413,34662543687,1058361,0,0,1803,0,0.000000,16384,1632,58361,4,1.000000,0.000000
32414,34663601760,1058073,0,0,1815,0,0.000000,16384,1639,58073,4,1.000000,0.000000
32415,34664658029,1056269,0,0,1811,0,0.000000,16384,1594,56269,4,1.000000,0.000000
32416,34665670843,1012814,0,0,1730,0,0.000000,16384,1519,12814,4,1.000000,0.000000
32417,34666727031,1056188,0,0,1823,0,0.000000,16384,1646,56188,4,1.000000,0.000000
32418,34667782824,1055793,0,0,1823,0,0.000000,16384,1646,55793,4,1.000000,0.000000
32419,34668838766,1055942,0,0,1822,0,0.000000,16384,1602,55942,4,1.000000,0.000000
32420,34669894878,1056112,0,0,1820,0,0.000000,16384,1601,56112,4,1.000000,0.000000
32421,34670967890,1073012,0,0,1849,0,0.000000,16384,1657,73012,4,1.000000,0.000000
32422,34672024139,1056249,0,0,1811,0,0.000000,16384,1636,56249,4,1.000000,0.000000
32423,34673079988,1055849,0,0,1824,0,0.000000,16384,1627,55849,4,1.000000,0.000000
32424,34674135419,1055431,0,0,1820,0,0.000000,16384,1600,55431,4,1.000000,0.000000
32425,34675192208,1056789,0,0,1822,0,0.000000,16384,1614,56789,4,1.000000,0.000000
32426,34676248424,1056216,0,0,1823,0,0.000000,16384,1646,56216,4,1.000000,0.000000
32427,34677307335,1058911,0,0,1773,0,0.000000,16384,1594,58911,4,1.000000,0.000000
32428,34678364326,1056991,0,0,1815,0,0.000000,16384,1595,56991,4,1.000000,0.000000
32429,34679420768,1056442,0,0,1824,0,0.000000,16384,1608,56442,4,1.000000,0.000000
32430,34680476870,1056102,0,0,1769,0,0.000000,16384,1603,56102,4,1.000000,0.000000
32431,34681540613,1063743,0,0,1798,0,0.000000,16384,1616,63743,4,1.000000,0.000000
32432,34682602608,1061995,0,0,1616,0,0.000000,16384,1396,61995,4,1.000000,0.000000
32433,34683662688,1060080,0,0,1829,0,0.000000,16384,1650,60080,4,1.000000,0.000000
32434,34684671419,1008731,0,0,1740,0,0.000000,16384,1579,8731,4,1.000000,0.000000
32435,34685728959,1057540,0,0,1824,0,0.000000,16384,1600,57540,4,1.000000,0.000000
32436,34686785251,1056292,0,0,1822,0,0.000000,16384,1602,56292,4,1.000000,0.000000
32437,34687844988,1059737,0,0,1815,0,0.000000,16384,1635,59737,4,1.000000,0.000000
32438,34688906242,1061254,0,0,1826,0,0.000000,16384,1648,61254,4,1.000000,0.000000
32439,34689963635,1057393,0,0,1824,0,0.000000,16384,1618,57393,4,1.000000,0.000000
32440,34691019781,1056146,0,0,1824,0,0.000000,16384,1604,56146,4,1.000000,0.000000
32441,34692089230,1069449,0,0,1838,0,0.000000,16384,1635,69449,4,1.000000,0.000000
32442,34693145562,1056332,0,0,1812,0,0.000000,16384,1637,56332,4,1.000000,0.000000
32443,34694201580,1056018,0,0,1825,0,0.000000,16384,1639,56018,4,1.000000,0.000000
32444,34695257601,1056021,0,0,1821,0,0.000000,16384,1601,56021,4,1.000000,0.000000
32445,34696313616,1056015,0,0,1812,0,0.000000,16384,1594,56015,4,1.000000,0.000000
32446,34697373477,1059861,0,0,1635,0,0.000000,16384,1495,59861,4,1.000000,0.000000
32447,34698432396,1058919,0,0,1657,0,0.000000,16384,1454,58919,4,1.000000,0.000000
32448,34699488585,1056189,0,0,1662,0,0.000000,16384,1482,56189,4,1.000000,0.000000
32449,34700544879,1056294,0,0,1792,0,0.000000,16384,1621,56294,4,1.000000,0.000000
32450,34701602808,1057929,0,0,1823,0,0.000000,16384,1611,57929,4,1.000000,0.000000
32451,34702672711,1069903,0,0,1839,0,0.000000,16384,1618,69903,4,1.000000,0.000000
32452,34703729151,1056440,0,0,1816,0,0.000000,16384,1622,56440,4,1.000000,0.000000
32453,34704785994,1056843,0,0,1824,0,0.000000,16384,1646,56843,4,1.000000,0.000000
32454,34705841537,1055543,0,0,1822,0,0.000000,16384,1631,55543,4,1.000000,0.000000
32455,34706897915,1056378,0,0,1808,0,0.000000,16384,1588,56378,4,1.000000,0.000000
32456,34707954023,1056108,0,0,1823,0,0.000000,16384,1611,56108,4,1.000000,0.000000
32457,34709009778,1055755,0,0,1823,0,0.000000,16384,1646,55755,4,1.000000,0.000000
32458,34710065360,1055582,0,0,1824,0,0.000000,16384,1648,55582,4,1.000000,0.000000
32459,34711121313,1055953,0,0,1822,0,0.000000,16384,1599,55953,4,1.000000,0.000000
32460,34712177057,1055744,0,0,1812,0,0.000000,16384,1592,55744,4,1.000000,0.000000
32461,34713237508,1060451,0,0,1726,0,0.000000,16384,1563,60451,4,1.000000,0.000000
32462,34714294762,1057254,0,0,1824,0,0.000000,16384,1647,57254,4,1.000000,0.000000
32463,34715351141,1056379,0,0,1821,0,0.000000,16384,1597,56379,4,1.000000,0.000000
32464,34716407195,1056054,0,0,1811,0,0.000000,16384,1591,56054,4,1.000000,0.000000
32465,34717465348,1058153,0,0,1772,0,0.000000,16384,1603,58153,4,1.000000,0.000000
32466,34718522913,1057565,0,0,1755,0,0.000000,16384,1584,57565,4,1.000000,0.000000
32467,34719579519,1056606,0,0,1822,0,0.000000,16384,1602,56606,4,1.000000,0.000000
32468,34720636102,1056583,0,0,1813,0,0.000000,16384,1594,56583,4,1.000000,0.000000
32469,34721670616,1034514,0,0,1781,0,0.000000,16384,1612,34514,4,1.000000,0.000000
32470,34722726921,1056305,0,0,1825,0,0.000000,16384,1649,56305,4,1.000000,0.000000
32471,34723801368,1074447,0,0,1838,0,0.000000,16384,1614,74447,4,1.000000,0.000000
32472,34724857571,1056203,0,0,1823,0,0.000000,16384,1603,56203,4,1.000000,0.000000
32473,34725913612,1056041,0,0,1825,0,0.000000,16384,1638,56041,4,1.000000,0.000000
32474,34726969575,1055963,0,0,1825,0,0.000000,16384,1647,55963,4,1.000000,0.000000
32475,34728026335,1056760,0,0,1810,0,0.000000,16384,1611,56760,4,1.000000,0.000000
32476,34729082907,1056572,0,0,1823,0,0.000000,16384,1603,56572,4,1.000000,0.000000
32477,34730139602,1056695,0,0,1823,0,0.000000,16384,1619,56695,4,1.000000,0.000000
32478,34731195224,1055622,0,0,1822,0,0.000000,16384,1645,55622,4,1.000000,0.000000
32479,34732251095,1055871,0,0,1809,0,0.000000,16384,1626,55871,4,1.000000,0.000000
32480,34733306975,1055880,0,0,1821,0,0.000000,16384,1601,55880,4,1.000000,0.000000
32481,34734367906,1060931,0,0,1829,0,0.000000,16384,1607,60931,4,1.000000,0.000000
32482,34735424162,1056256,0,0,1823,0,0.000000,16384,1647,56256,4,1.000000,0.000000
32483,34736480353,1056191,0,0,1814,0,0.000000,16384,1637,56191,4,1.000000,0.000000
32484,34737540204,1059851,0,0,1754,0,0.000000,16384,1545,59851,4,1.000000,0.000000
32485,34738602725,1062521,0,0,1829,0,0.000000,16384,1605,62521,4,1.000000,0.000000
32486,34739664419,1061694,0,0,1784,0,0.000000,16384,1613,61694,4,1.000000,0.000000
32487,34740789341,1124922,0,0,1886,0,0.000000,16384,1696,124922,4,1.000000,0.000000
32488,34741848950,1059609,0,0,1813,0,0.000000,16384,1610,59609,4,1.000000,0.000000
32489,34742906048,1057098,0,0,1825,0,0.000000,16384,1604,57098,4,1.000000,0.000000
32490,34743962006,1055958,0,0,1778,0,0.000000,16384,1586,55958,4,1.000000,0.000000
32491,34745029307,1067301,0,0,1805,0,0.000000,16384,1632,67301,4,1.000000,0.000000
32492,34746087831,1058524,0,0,1772,0,0.000000,16384,1574,58524,4,1.000000,0.000000
32493,34747144074,1056243,0,0,1816,0,0.000000,16384,1595,56243,4,1.000000,0.000000
32494,34748199620,1055546,0,0,1822,0,0.000000,16384,1627,55546,4,1.000000,0.000000
32495,34749255479,1055859,0,0,1823,0,0.000000,16384,1645,55859,4,1.000000,0.000000
32496,34750311120,1055641,0,0,1823,0,0.000000,16384,1633,55641,4,1.000000,0.000000
32497,34751377903,1066783,0,0,1765,0,0.000000,16384,1544,66783,4,1.000000,0.000000
32498,34752440816,1062913,0,0,1610,0,0.000000,16384,1450,62913,4,1.000000,0.000000
32499,34753500068,1059252,0,0,1786,0,0.000000,16384,1607,59252,4,1.000000,0.000000
32500,34754558472,1058404,0,0,1795,0,0.000000,16384,1575,58404,4,1.000000,0.000000
32501,34755626981,1068509,0,0,1841,0,0.000000,16384,1623,68509,4,1.000000,0.000000
32502,34756670652,1043671,0,0,1781,0,0.000000,16384,1612,43671,4,1.000000,0.000000
32503,34757728996,1058344,0,0,1724,0,0.000000,16384,1547,58344,4,1.000000,0.000000
32504,34758786790,1057794,0,0,1827,0,0.000000,16384,1606,57794,4,1.000000,0.000000
32505,34759843388,1056598,0,0,1812,0,0.000000,16384,1606,56598,4,1.000000,0.000000
32506,34760901737,1058349,0,0,1827,0,0.000000,16384,1648,58349,4,1.000000,0.000000
32507,34761958969,1057232,0,0,1736,0,0.000000,16384,1557,57232,4,1.000000,0.000000
32508,34763016235,1057266,0,0,1649,0,0.000000,16384,1431,57266,4,1.000000,0.000000
32509,34764074636,1058401,0,0,1632,0,0.000000,16384,1494,58401,4,1.000000,0.000000
32510,34765133658,1059022,0,0,1753,0,0.000000,16384,1550,59022,4,1.000000,0.000000
32511,34766201231,1067573,0,0,1749,0,0.000000,16384,1532,67573,4,1.000000,0.000000
32512,34767259495,1058264,0,0,1742,0,0.000000,16384,1581,58264,4,1.000000,0.000000
32513,34768316261,1056766,0,0,1816,0,0.000000,16384,1633,56766,4,1.000000,0.000000
32514,34769404343,1088082,0,0,1851,0,0.000000,16384,1628,88082,4,1.000000,0.000000
32515,34770466715,1062372,0,0,1664,0,0.000000,16384,1472,62372,4,1.000000,0.000000
32516,34771556632,1089917,0,0,1841,0,0.000000,16384,1660,89917,4,1.000000,0.000000
32517,34772646584,1089952,0,0,1847,0,0.000000,16384,1660,89952,4,1.000000,0.000000
32518,34773702360,1055776,0,0,1805,0,0.000000,16384,1584,55776,4,1.000000,0.000000
32519,34774766656,1064296,0,0,1806,0,0.000000,16384,1590,64296,4,1.000000,0.000000
32520,34775829348,1062692,0,0,1804,0,0.000000,16384,1631,62692,4,1.000000,0.000000
32521,34776915019,1085671,0,0,1824,0,0.000000,16384,1647,85671,4,1.000000,0.000000
32522,34777977433,1062414,0,0,1675,0,0.000000,16384,1427,62414,4,1.000000,0.000000
32523,34779041578,1064145,0,0,1809,0,0.000000,16384,1615,64145,4,1.000000,0.000000
32524,34780104842,1063264,0,0,1818,0,0.000000,16384,1598,63264,4,1.000000,0.000000
32525,34781163667,1058825,0,0,1826,0,0.000000,16384,1617,58825,4,1.000000,0.000000
32526,34782220549,1056882,0,0,1790,0,0.000000,16384,1620,56882,4,1.000000,0.000000
32527,34783278761,1058212,0,0,1828,0,0.000000,16384,1642,58212,4,1.000000,0.000000
32528,34784335401,1056640,0,0,1822,0,0.000000,16384,1603,56640,4,1.000000,0.000000
32529,34785391582,1056181,0,0,1822,0,0.000000,16384,1599,56181,4,1.000000,0.000000
32530,34786448582,1057000,0,0,1826,0,0.000000,16384,1649,57000,4,1.000000,0.000000
32531,34787515121,1066539,0,0,1825,0,0.000000,16384,1647,66539,4,1.000000,0.000000
32532,34788571447,1056326,0,0,1753,0,0.000000,16384,1543,56326,4,1.000000,0.000000
32533,34789627403,1055956,0,0,1813,0,0.000000,16384,1593,55956,4,1.000000,0.000000
32534,34790670717,1043314,0,0,1791,0,0.000000,16384,1618,43314,4,1.000000,0.000000
32535,34791773500,1102783,0,0,1851,0,0.000000,16384,1668,102783,4,1.000000,0.000000
32536,34792839684,1066184,0,0,1572,0,0.000000,16384,1368,66184,4,1.000000,0.000000
32537,34793902117,1062433,0,0,1672,0,0.000000,16384,1508,62433,4,1.000000,0.000000
32538,34794958764,1056647,0,0,1665,0,0.000000,16384,1489,56647,4,1.000000,0.000000
32539,34796020568,1061804,0,0,1764,0,0.000000,16384,1544,61804,4,1.000000,0.000000
32540,34797086836,1066268,0,0,1770,0,0.000000,16384,1594,66268,4,1.000000,0.000000
32541,34798162281,1075445,0,0,1654,0,0.000000,16384,1490,75445,4,1.000000,0.000000
32542,34799220586,1058305,0,0,1659,0,0.000000,16384,1440,58305,4,1.000000,0.000000
32543,34800277300,1056714,0,0,1663,0,0.000000,16384,1518,56714,4,1.000000,0.000000
32544,34801311211,1033911,0,0,1612,0,0.000000,16384,1420,33911,4,1.000000,0.000000
32545,34802371068,1059857,0,0,1668,0,0.000000,16384,1486,59857,4,1.000000,0.000000
32546,34803429484,1058416,0,0,1668,0,0.000000,16384,1510,58416,4,1.000000,0.000000
32547,34804486155,1056671,0,0,1661,0,0.000000,16384,1441,56671,4,1.000000,0.000000
32548,34805543055,1056900,0,0,1651,0,0.000000,16384,1501,56900,4,1.000000,0.000000
32549,34806631045,1087990,0,0,1850,0,0.000000,16384,1659,87990,4,1.000000,0.000000
32550,34807677619,1046574,0,0,1691,0,0.000000,16384,1471,46574,4,1.000000,0.000000
32551,34808753348,1075729,0,0,1827,0,0.000000,16384,1632,75729,4,1.000000,0.000000
32552,34809812374,1059026,0,0,1766,0,0.000000,16384,1600,59026,4,1.000000,0.000000
32553,34810872052,1059678,0,0,1776,0,0.000000,16384,1574,59678,4,1.000000,0.000000
32554,34811928854,1056802,0,0,1815,0,0.000000,16384,1595,56802,4,1.000000,0.000000
32555,34812986671,1057817,0,0,1809,0,0.000000,16384,1618,57817,4,1.000000,0.000000
32556,34814043126,1056455,0,0,1815,0,0.000000,16384,1640,56455,4,1.000000,0.000000
32557,34815099574,1056448,0,0,1824,0,0.000000,16384,1626,56448,4,1.000000,0.000000
32558,34816155751,1056177,0,0,1823,0,0.000000,16384,1603,56177,4,1.000000,0.000000
32559,34817208450,1052699,0,0,1808,0,0.000000,16384,1603,52699,4,1.000000,0.000000
32560,34818272517,1064067,0,0,1577,0,0.000000,16384,1442,64067,4,1.000000,0.000000
32561,34819342606,1070089,0,0,1681,0,0.000000,16384,1461,70089,4,1.000000,0.000000
32562,34820399537,1056931,0,0,1663,0,0.000000,16384,1502,56931,4,1.000000,0.000000
32563,34821488734,1089197,0,0,1831,0,0.000000,16384,1652,89197,4,1.000000,0.000000
32564,34822579416,1090682,0,0,1841,0,0.000000,16384,1617,90682,4,1.000000,0.000000
32565,34823640824,1061408,0,0,1670,0,0.000000,16384,1472,61408,4,1.000000,0.000000
32566,34824672639,1031815,0,0,1609,0,0.000000,16384,1471,31815,4,1.000000,0.000000
32567,34825708714,1036075,0,0,1778,0,0.000000,16384,1558,36075,4,1.000000,0.000000
32568,34826771302,1062588,0,0,1822,0,0.000000,16384,1606,62588,4,1.000000,0.000000
32569,34827833491,1062189,0,0,1909,0,0.000000,16384,1715,62189,4,1.000000,0.000000
32570,34828895920,1062429,0,0,1916,0,0.000000,16384,1720,62429,4,1.000000,0.000000
32571,34829975751,1079831,0,0,1936,0,0.000000,16384,1736,79831,4,1.000000,0.000000
32572,34831035664,1059913,0,0,1815,0,0.000000,16384,1609,59913,4,1.000000,0.000000
32573,34832080546,1044882,0,0,1787,0,0.000000,16384,1567,44882,4,1.000000,0.000000
32574,34833158879,1078333,0,0,1729,0,0.000000,16384,1557,78333,4,1.000000,0.000000
32575,34834218178,1059299,0,0,1739,0,0.000000,16384,1571,59299,4,1.000000,0.000000
32576,34835274693,1056515,0,0,1823,0,0.000000,16384,1602,56515,4,1.000000,0.000000
32577,34836330507,1055814,0,0,1821,0,0.000000,16384,1601,55814,4,1.000000,0.000000
32578,34837419627,1089120,0,0,1904,0,0.000000,16384,1711,89120,4,1.000000,0.000000
32579,34838514022,1094395,0,0,1875,0,0.000000,16384,1687,94395,4,1.000000,0.000000
32580,34839576524,1062502,0,0,1709,0,0.000000,16384,1523,62502,4,1.000000,0.000000
32581,34840677093,1100569,0,0,1969,0,0.000000,16384,1747,100569,4,1.000000,0.000000
32582,34841710927,1033834,0,0,1866,0,0.000000,16384,1644,33834,4,1.000000,0.000000
32583,34842774629,1063702,0,0,1925,0,0.000000,16384,1716,63702,4,1.000000,0.000000
32584,34843837376,1062747,0,0,1923,0,0.000000,16384,1726,62747,4,1.000000,0.000000
32585,34844898292,1060916,0,0,1810,0,0.000000,16384,1635,60916,4,1.000000,0.000000
32586,34845955124,1056832,0,0,1826,0,0.000000,16384,1619,56832,4,1.000000,0.000000
32587,34847011426,1056302,0,0,1825,0,0.000000,16384,1605,56302,4,1.000000,0.000000
32588,34848067637,1056211,0,0,1826,0,0.000000,16384,1626,56211,4,1.000000,0.000000
32589,34849128055,1060418,0,0,1881,0,0.000000,16384,1692,60418,4,1.000000,0.000000
32590,34850186874,1058819,0,0,1831,0,0.000000,16384,1652,58819,4,1.000000,0.000000
32591,34851250765,1063891,0,0,1837,0,0.000000,16384,1617,63891,4,1.000000,0.000000
32592,34852311239,1060474,0,0,1646,0,0.000000,16384,1450,60474,4,1.000000,0.000000
32593,34853372616,1061377,0,0,1761,0,0.000000,16384,1596,61377,4,1.000000,0.000000
32594,34854430800,1058184,0,0,1829,0,0.000000,16384,1630,58184,4,1.000000,0.000000
32595,34855489900,1059100,0,0,1806,0,0.000000,16384,1586,59100,4,1.000000,0.000000
32596,34856547755,1057855,0,0,1816,0,0.000000,16384,1613,57855,4,1.000000,0.000000
32597,34857607269,1059514,0,0,1659,0,0.000000,16384,1514,59514,4,1.000000,0.000000
32598,34858665404,1058135,0,0,1810,0,0.000000,16384,1594,58135,4,1.000000,0.000000
32599,34859724650,1059246,0,0,1826,0,0.000000,16384,1605,59246,4,1.000000,0.000000
32600,34860781496,1056846,0,0,1825,0,0.000000,16384,1638,56846,4,1.000000,0.000000
32601,34861849278,1067782,0,0,1745,0,0.000000,16384,1583,67782,4,1.000000,0.000000
32602,34862907597,1058319,0,0,1664,0,0.000000,16384,1454,58319,4,1.000000,0.000000
32603,34863963995,1056398,0,0,1814,0,0.000000,16384,1610,56398,4,1.000000,0.000000
32604,34865019613,1055618,0,0,1814,0,0.000000,16384,1638,55618,4,1.000000,0.000000
32605,34866075426,1055813,0,0,1735,0,0.000000,16384,1551,55813,4,1.000000,0.000000
32606,34867131428,1056002,0,0,1814,0,0.000000,16384,1594,56002,4,1.000000,0.000000
32607,34868187235,1055807,0,0,1822,0,0.000000,16384,1620,55807,4,1.000000,0.000000
32608,34869242820,1055585,0,0,1822,0,0.000000,16384,1645,55585,4,1.000000,0.000000
32609,34870298718,1055898,0,0,1803,0,0.000000,16384,1618,55898,4,1.000000,0.000000
32610,34871354585,1055867,0,0,1824,0,0.000000,16384,1603,55867,4,1.000000,0.000000
32611,34872415100,1060515,0,0,1821,0,0.000000,16384,1605,60515,4,1.000000,0.000000
32612,34873471400,1056300,0,0,1816,0,0.000000,16384,1640,56300,4,1.000000,0.000000
32613,34874527500,1056100,0,0,1826,0,0.000000,16384,1648,56100,4,1.000000,0.000000
32614,34875583504,1056004,0,0,1825,0,0.000000,16384,1608,56004,4,1.000000,0.000000
32615,34876639519,1056015,0,0,1826,0,0.000000,16384,1606,56015,4,1.000000,0.000000
32616,34877677641,1038122,0,0,1733,0,0.000000,16384,1561,38122,4,1.000000,0.000000
32617,34878703211,1025570,0,0,1722,0,0.000000,16384,1554,25570,4,1.000000,0.000000
32618,34879763760,1060549,0,0,1669,0,0.000000,16384,1449,60549,4,1.000000,0.000000
32619,34880820998,1057238,0,0,1655,0,0.000000,16384,1502,57238,4,1.000000,0.000000
32620,34881882810,1061812,0,0,1798,0,0.000000,16384,1610,61812,4,1.000000,0.000000
32621,34882964339,1081529,0,0,1686,0,0.000000,16384,1467,81529,4,1.000000,0.000000
32622,34884022488,1058149,0,0,1667,0,0.000000,16384,1512,58149,4,1.000000,0.000000
32623,34885079556,1057068,0,0,1665,0,0.000000,16384,1480,57068,4,1.000000,0.000000
32624,34886136282,1056726,0,0,1665,0,0.000000,16384,1465,56726,4,1.000000,0.000000
32625,34887192505,1056223,0,0,1696,0,0.000000,16384,1544,56223,4,1.000000,0.000000
32626,34888251324,1058819,0,0,1823,0,0.000000,16384,1614,58819,4,1.000000,0.000000
32627,34889312126,1060802,0,0,1832,0,0.000000,16384,1612,60802,4,1.000000,0.000000
32628,34890369037,1056911,0,0,1824,0,0.000000,16384,1625,56911,4,1.000000,0.000000
32629,34891425594,1056557,0,0,1812,0,0.000000,16384,1637,56557,4,1.000000,0.000000
32630,34892517427,1091833,0,0,1776,0,0.000000,16384,1587,91833,4,1.000000,0.000000
32631,34893616588,1099161,0,0,1859,0,0.000000,16384,1639,99161,4,1.000000,0.000000
32632,34894704999,1088411,0,0,1858,0,0.000000,16384,1634,88411,4,1.000000,0.000000
32633,34895769170,1064171,0,0,1811,0,0.000000,16384,1637,64171,4,1.000000,0.000000
32634,34896831641,1062471,0,0,1790,0,0.000000,16384,1621,62471,4,1.000000,0.000000
32635,34897895299,1063658,0,0,1746,0,0.000000,16384,1529,63658,4,1.000000,0.000000
32636,34898958882,1063583,0,0,1899,0,0.000000,16384,1675,63583,4,1.000000,0.000000
32637,34900021504,1062622,0,0,1905,0,0.000000,16384,1702,62622,4,1.000000,0.000000
32638,34901084743,1063239,0,0,1887,0,0.000000,16384,1698,63239,4,1.000000,0.000000
32639,34902145370,1060627,0,0,1790,0,0.000000,16384,1618,60627,4,1.000000,0.000000
32640,34903235320,1089950,0,0,1862,0,0.000000,16384,1638,89950,4,1.000000,0.000000
32641,34904309709,1074389,0,0,1681,0,0.000000,16384,1478,74389,4,1.000000,0.000000
32642,34905367912,1058203,0,0,1758,0,0.000000,16384,1594,58203,4,1.000000,0.000000
32643,34906455622,1087710,0,0,1944,0,0.000000,16384,1742,87710,4,1.000000,0.000000
32644,34907544208,1088586,0,0,1963,0,0.000000,16384,1748,88586,4,1.000000,0.000000
32645,34908640343,1096135,0,0,1949,0,0.000000,16384,1725,96135,4,1.000000,0.000000
32646,34909702501,1062158,0,0,1922,0,0.000000,16384,1702,62158,4,1.000000,0.000000
32647,34910765013,1062512,0,0,1915,0,0.000000,16384,1691,62512,4,1.000000,0.000000
32648,34911825956,1060943,0,0,1920,0,0.000000,16384,1712,60943,4,1.000000,0.000000
32649,34912905279,1079323,0,0,1934,0,0.000000,16384,1734,79323,4,1.000000,0.000000
32650,34913971931,1066652,0,0,1810,0,0.000000,16384,1636,66652,4,1.000000,0.000000
32651,34915048607,1076676,0,0,1600,0,0.000000,16384,1397,76676,4,1.000000,0.000000
32652,34916108534,1059927,0,0,1805,0,0.000000,16384,1607,59927,4,1.000000,0.000000
32653,34917166149,1057615,0,0,1827,0,0.000000,16384,1649,57615,4,1.000000,0.000000
32654,34918227290,1061141,0,0,1702,0,0.000000,16384,1515,61141,4,1.000000,0.000000
32655,34919290342,1063052,0,0,1648,0,0.000000,16384,1446,63052,4,1.000000,0.000000
32656,34920353381,1063039,0,0,1532,0,0.000000,16384,1398,63039,4,1.000000,0.000000
32657,34921413922,1060541,0,0,1560,0,0.000000,16384,1356,60541,4,1.000000,0.000000
32658,34922470676,1056754,0,0,1631,0,0.000000,16384,1492,56754,4,1.000000,0.000000
32659,34923527712,1057036,0,0,1779,0,0.000000,16384,1564,57036,4,1.000000,0.000000
32660,34924585818,1058106,0,0,1816,0,0.000000,16384,1593,58106,4,1.000000,0.000000
32661,34925660143,1074325,0,0,1852,0,0.000000,16384,1669,74325,4,1.000000,0.000000
32662,34926670746,1010603,0,0,1741,0,0.000000,16384,1580,10603,4,1.000000,0.000000
32663,34927727015,1056269,0,0,1825,0,0.000000,16384,1605,56269,4,1.000000,0.000000
32664,34928782580,1055565,0,0,1812,0,0.000000,16384,1593,55565,4,1.000000,0.000000
32665,34929838456,1055876,0,0,1824,0,0.000000,16384,1639,55876,4,1.000000,0.000000
32666,34930894817,1056361,0,0,1811,0,0.000000,16384,1635,56361,4,1.000000,0.000000
32667,34931951653,1056836,0,0,1800,0,0.000000,16384,1597,56836,4,1.000000,0.000000
32668,34933011861,1060208,0,0,1781,0,0.000000,16384,1561,60208,4,1.000000,0.000000
32669,34934072766,1060905,0,0,1833,0,0.000000,16384,1642,60905,4,1.000000,0.000000
32670,34935129266,1056500,0,0,1809,0,0.000000,16384,1634,56500,4,1.000000,0.000000
32671,34936203510,1074244,0,0,1857,0,0.000000,16384,1659,74244,4,1.000000,0.000000
32672,34937259845,1056335,0,0,1823,0,0.000000,16384,1603,56335,4,1.000000,0.000000
32673,34938318978,1059133,0,0,1698,0,0.000000,16384,1509,59133,4,1.000000,0.000000
32674,34939382456,1063478,0,0,1653,0,0.000000,16384,1502,63478,4,1.000000,0.000000
32675,34940444236,1061780,0,0,1550,0,0.000000,16384,1341,61780,4,1.000000,0.000000
32676,34941501603,1057367,0,0,1641,0,0.000000,16384,1500,57367,4,1.000000,0.000000
32677,34942559084,1057481,0,0,1658,0,0.000000,16384,1452,57481,4,1.000000,0.000000
32678,34943617391,1058307,0,0,1662,0,0.000000,16384,1485,58307,4,1.000000,0.000000
32679,34944678370,1060979,0,0,1803,0,0.000000,16384,1629,60979,4,1.000000,0.000000
32680,34945739572,1061202,0,0,1670,0,0.000000,16384,1460,61202,4,1.000000,0.000000
32681,34946809257,1069685,0,0,1661,0,0.000000,16384,1486,69685,4,1.000000,0.000000
32682,34947865569,1056312,0,0,1683,0,0.000000,16384,1519,56312,4,1.000000,0.000000
32683,34948921802,1056233,0,0,1813,0,0.000000,16384,1593,56233,4,1.000000,0.000000
32684,34949978037,1056235,0,0,1824,0,0.000000,16384,1612,56235,4,1.000000,0.000000
32685,34951034637,1056600,0,0,1824,0,0.000000,16384,1646,56600,4,1.000000,0.000000
32686,34952092023,1057386,0,0,1765,0,0.000000,16384,1591,57386,4,1.000000,0.000000
32687,34953152368,1060345,0,0,1628,0,0.000000,16384,1408,60345,4,1.000000,0.000000
32688,34954210278,1057910,0,0,1817,0,0.000000,16384,1637,57910,4,1.000000,0.000000
32689,34955266794,1056516,0,0,1815,0,0.000000,16384,1640,56516,4,1.000000,0.000000
32690,34956323108,1056314,0,0,1823,0,0.000000,16384,1614,56314,4,1.000000,0.000000
32691,34957390115,1067007,0,0,1840,0,0.000000,16384,1619,67007,4,1.000000,0.000000
32692,34958450756,1060641,0,0,1688,0,0.000000,16384,1515,60641,4,1.000000,0.000000
32693,34959509406,1058650,0,0,1556,0,0.000000,16384,1390,58650,4,1.000000,0.000000
32694,34960571355,1061949,0,0,1513,0,0.000000,16384,1346,61949,4,1.000000,0.000000
32695,34961663850,1092495,0,0,1469,0,0.000000,16384,1304,92495,4,1.000000,0.000000
32696,34962743165,1079315,0,0,1506,0,0.000000,16384,1357,79315,4,1.000000,0.000000
32697,34963811513,1068348,0,0,1516,0,0.000000,16384,1329,68348,4,1.000000,0.000000
32698,34964876844,1065331,0,0,1519,0,0.000000,16384,1380,65331,4,1.000000,0.000000
32699,34965940629,1063785,0,0,1667,0,0.000000,16384,1470,63785,4,1.000000,0.000000
32700,34966997949,1057320,0,0,1654,0,0.000000,16384,1468,57320,4,1.000000,0.000000
32701,34968076610,1078661,0,0,1692,0,0.000000,16384,1538,78661,4,1.000000,0.000000
32702,34969134497,1057887,0,0,1664,0,0.000000,16384,1444,57887,4,1.000000,0.000000
32703,34970192325,1057828,0,0,1666,0,0.000000,16384,1503,57828,4,1.000000,0.000000
32704,34971248764,1056439,0,0,1657,0,0.000000,16384,1479,56439,4,1.000000,0.000000
32705,34972305907,1057143,0,0,1654,0,0.000000,16384,1451,57143,4,1.000000,0.000000
32706,34973362253,1056346,0,0,1664,0,0.000000,16384,1518,56346,4,1.000000,0.000000
32707,34974418575,1056322,0,0,1748,0,0.000000,16384,1538,56322,4,1.000000,0.000000
32708,34975474593,1056018,0,0,1812,0,0.000000,16384,1592,56018,4,1.000000,0.000000
32709,34976530379,1055786,0,0,1823,0,0.000000,16384,1645,55786,4,1.000000,0.000000
32710,34977586055,1055676,0,0,1822,0,0.000000,16384,1644,55676,4,1.000000,0.000000
32711,34978649583,1063528,0,0,1706,0,0.000000,16384,1502,63528,4,1.000000,0.000000
32712,34979671027,1021444,0,0,1757,0,0.000000,16384,1550,21444,4,1.000000,0.000000
32713,34980728008,1056981,0,0,1799,0,0.000000,16384,1626,56981,4,1.000000,0.000000
32714,34981784556,1056548,0,0,1824,0,0.000000,16384,1640,56548,4,1.000000,0.000000
32715,34982841810,1057254,0,0,1787,0,0.000000,16384,1567,57254,4,1.000000,0.000000
32716,34983898189,1056379,0,0,1801,0,0.000000,16384,1591,56379,4,1.000000,0.000000
32717,34984954116,1055927,0,0,1825,0,0.000000,16384,1647,55927,4,1.000000,0.000000
32718,34986009451,1055335,0,0,1825,0,0.000000,16384,1649,55335,4,1.000000,0.000000
32719,34987065016,1055565,0,0,1801,0,0.000000,16384,1579,55565,4,1.000000,0.000000
32720,34988121791,1056775,0,0,1752,0,0.000000,16384,1542,56775,4,1.000000,0.000000
32721,34989200270,1078479,0,0,1763,0,0.000000,16384,1530,78479,4,1.000000,0.000000
32722,34990256928,1056658,0,0,1823,0,0.000000,16384,1614,56658,4,1.000000,0.000000
32723,34991313055,1056127,0,0,1824,0,0.000000,16384,1646,56127,4,1.000000,0.000000
32724,34992368904,1055849,0,0,1825,0,0.000000,16384,1648,55849,4,1.000000,0.000000
32725,34993424950,1056046,0,0,1822,0,0.000000,16384,1598,56046,4,1.000000,0.000000
32726,34994481413,1056463,0,0,1769,0,0.000000,16384,1555,56463,4,1.000000,0.000000
32727,34995537276,1055863,0,0,1822,0,0.000000,16384,1645,55863,4,1.000000,0.000000
32728,34996593221,1055945,0,0,1824,0,0.000000,16384,1646,55945,4,1.000000,0.000000
32729,34997649210,1055989,0,0,1805,0,0.000000,16384,1589,55989,4,1.000000,0.000000
32730,34998671512,1022302,0,0,1601,0,0.000000,16384,1417,22302,4,1.000000,0.000000
32731,34999735217,1063705,0,0,1835,0,0.000000,16384,1655,63705,4,1.000000,0.000000
32732,35000792120,1056903,0,0,1803,0,0.000000,16384,1608,56903,4,1.000000,0.000000
32733,35001848834,1056714,0,0,1820,0,0.000000,16384,1600,56714,4,1.000000,0.000000
32734,35002905621,1056787,0,0,1825,0,0.000000,16384,1619,56787,4,1.000000,0.000000
32735,35003961915,1056294,0,0,1812,0,0.000000,16384,1636,56294,4,1.000000,0.000000
32736,35005017375,1055460,0,0,1824,0,0.000000,16384,1642,55460,4,1.000000,0.000000
32737,35006073174,1055799,0,0,1824,0,0.000000,16384,1604,55799,4,1.000000,0.000000
32738,35007129100,1055926,0,0,1791,0,0.000000,16384,1574,55926,4,1.000000,0.000000
32739,35008184983,1055883,0,0,1822,0,0.000000,16384,1644,55883,4,1.000000,0.000000
32740,35009240725,1055742,0,0,1824,0,0.000000,16384,1647,55742,4,1.000000,0.000000
32741,35010301076,1060351,0,0,1769,0,0.000000,16384,1556,60351,4,1.000000,0.000000
32742,35011359669,1058593,0,0,1757,0,0.000000,16384,1545,58593,4,1.000000,0.000000
32743,35012417048,1057379,0,0,1815,0,0.000000,16384,1640,57379,4,1.000000,0.000000
32744,35013475042,1057994,0,0,1741,0,0.000000,16384,1565,57994,4,1.000000,0.000000
32745,35014531756,1056714,0,0,1786,0,0.000000,16384,1565,56714,4,1.000000,0.000000
32746,35015614197,1082441,0,0,1793,0,0.000000,16384,1593,82441,4,1.000000,0.000000
32747,35016671533,1057336,0,0,1810,0,0.000000,16384,1636,57336,4,1.000000,0.000000
32748,35017727694,1056161,0,0,1815,0,0.000000,16384,1626,56161,4,1.000000,0.000000
32749,35018785993,1058299,0,0,1707,0,0.000000,16384,1487,58299,4,1.000000,0.000000
32750,35019843873,1057880,0,0,1658,0,0.000000,16384,1498,57880,4,1.000000,0.000000
32751,35020911687,1067814,0,0,1694,0,0.000000,16384,1514,67814,4,1.000000,0.000000
32752,35021968538,1056851,0,0,1815,0,0.000000,16384,1595,56851,4,1.000000,0.000000
32753,35023025918,1057380,0,0,1811,0,0.000000,16384,1616,57380,4,1.000000,0.000000
32754,35024083315,1057397,0,0,1823,0,0.000000,16384,1645,57397,4,1.000000,0.000000
32755,35025139352,1056037,0,0,1823,0,0.000000,16384,1632,56037,4,1.000000,0.000000
32756,35026195872,1056520,0,0,1725,0,0.000000,16384,1504,56520,4,1.000000,0.000000
32757,35027251853,1055981,0,0,1742,0,0.000000,16384,1564,55981,4,1.000000,0.000000
32758,35028307488,1055635,0,0,1813,0,0.000000,16384,1638,55635,4,1.000000,0.000000
32759,35029363560,1056072,0,0,1822,0,0.000000,16384,1612,56072,4,1.000000,0.000000
32760,35030418981,1055421,0,0,1810,0,0.000000,16384,1590,55421,4,1.000000,0.000000
32761,35031481850,1062869,0,0,1835,0,0.000000,16384,1640,62869,4,1.000000,0.000000
32762,35032538296,1056446,0,0,1813,0,0.000000,16384,1637,56446,4,1.000000,0.000000
32763,35033594042,1055746,0,0,1822,0,0.000000,16384,1629,55746,4,1.000000,0.000000
32764,35034649747,1055705,0,0,1813,0,0.000000,16384,1593,55705,4,1.000000,0.000000
32765,35035673080,1023333,0,0,1753,0,0.000000,16384,1557,23333,4,1.000000,0.000000
32766,35036728977,1055897,0,0,1802,0,0.000000,16384,1628,55897,4,1.000000,0.000000
32767,35037785396,1056419,0,0,1807,0,0.000000,16384,1613,56419,4,1.000000,0.000000
32768,35038844835,1059439,0,0,1608,0,0.000000,16384,1400,59439,4,1.000000,0.000000
32769,35039907010,1062175,0,0,1647,0,0.000000,16384,1505,62175,4,1.000000,0.000000
32770,35040966730,1059720,0,0,1637,0,0.000000,16384,1431,59720,4,1.000000,0.000000
32771,35042044459,1077729,0,0,1708,0,0.000000,16384,1526,77729,4,1.000000,0.000000
32772,35043101302,1056843,0,0,1826,0,0.000000,16384,1648,56843,4,1.000000,0.000000
32773,35044159695,1058393,0,0,1815,0,0.000000,16384,1611,58393,4,1.000000,0.000000
32774,35045259025,1099330,0,0,1616,0,0.000000,16384,1414,99330,4,1.000000,0.000000
32775,35046328147,1069122,0,0,1486,0,0.000000,16384,1352,69122,4,1.000000,0.000000
32776,35047388881,1060734,0,0,1627,0,0.000000,16384,1420,60734,4,1.000000,0.000000
32777,35048446838,1057957,0,0,1667,0,0.000000,16384,1520,57957,4,1.000000,0.000000
32778,35049503049,1056211,0,0,1661,0,0.000000,16384,1459,56211,4,1.000000,0.000000
32779,35050600878,1097829,0,0,1858,0,0.000000,16384,1637,97829,4,1.000000,0.000000
32780,35051663427,1062549,0,0,1703,0,0.000000,16384,1550,62549,4,1.000000,0.000000
32781,35052764149,1100722,0,0,1861,0,0.000000,16384,1671,100722,4,1.000000,0.000000
32782,35053828682,1064533,0,0,1656,0,0.000000,16384,1436,64533,4,1.000000,0.000000
32783,35054890372,1061690,0,0,1669,0,0.000000,16384,1510,61690,4,1.000000,0.000000
32784,35055947048,1056676,0,0,1663,0,0.000000,16384,1482,56676,4,1.000000,0.000000
32785,35057004610,1057562,0,0,1663,0,0.000000,16384,1459,57562,4,1.000000,0.000000
32786,35058061990,1057380,0,0,1667,0,0.000000,16384,1520,57380,4,1.000000,0.000000
32787,35059120947,1058957,0,0,1660,0,0.000000,16384,1454,58957,4,1.000000,0.000000
32788,35060178673,1057726,0,0,1814,0,0.000000,16384,1607,57726,4,1.000000,0.000000
32789,35061235110,1056437,0,0,1824,0,0.000000,16384,1647,56437,4,1.000000,0.000000
32790,35062290703,1055593,0,0,1824,0,0.000000,16384,1645,55593,4,1.000000,0.000000
32791,35063359965,1069262,0,0,1816,0,0.000000,16384,1594,69262,4,1.000000,0.000000
32792,35064417173,1057208,0,0,1825,0,0.000000,16384,1603,57208,4,1.000000,0.000000
32793,35065476076,1058903,0,0,1795,0,0.000000,16384,1621,58903,4,1.000000,0.000000
32794,35066533091,1057015,0,0,1792,0,0.000000,16384,1620,57015,4,1.000000,0.000000
32795,35067589317,1056226,0,0,1768,0,0.000000,16384,1553,56226,4,1.000000,0.000000
32796,35068645010,1055693,0,0,1810,0,0.000000,16384,1590,55693,4,1.000000,0.000000
32797,35069670582,1025572,0,0,1767,0,0.000000,16384,1602,25572,4,1.000000,0.000000
32798,35070726716,1056134,0,0,1825,0,0.000000,16384,1647,56134,4,1.000000,0.000000
32799,35071782424,1055708,0,0,1820,0,0.000000,16384,1596,55708,4,1.000000,0.000000
32800,35072838067,1055643,0,0,1821,0,0.000000,16384,1601,55643,4,1.000000,0.000000
32801,35073900504,1062437,0,0,1833,0,0.000000,16384,1650,62437,4,1.000000,0.000000
32802,35074956173,1055669,0,0,1824,0,0.000000,16384,1646,55669,4,1.000000,0.000000
32803,35076011953,1055780,0,0,1813,0,0.000000,16384,1610,55780,4,1.000000,0.000000
32804,35077067763,1055810,0,0,1820,0,0.000000,16384,1600,55810,4,1.000000,0.000000
32805,35078124939,1057176,0,0,1824,0,0.000000,16384,1624,57176,4,1.000000,0.000000
32806,35079183152,1058213,0,0,1692,0,0.000000,16384,1541,58213,4,1.000000,0.000000
32807,35080246121,1062969,0,0,1572,0,0.000000,16384,1363,62969,4,1.000000,0.000000
32808,35081305089,1058968,0,0,1723,0,0.000000,16384,1554,58968,4,1.000000,0.000000
32809,35082361750,1056661,0,0,1825,0,0.000000,16384,1647,56661,4,1.000000,0.000000
32810,35083418603,1056853,0,0,1810,0,0.000000,16384,1593,56853,4,1.000000,0.000000
32811,35084487228,1068625,0,0,1831,0,0.000000,16384,1611,68625,4,1.000000,0.000000
32812,35085544529,1057301,0,0,1828,0,0.000000,16384,1639,57301,4,1.000000,0.000000
32813,35086600693,1056164,0,0,1825,0,0.000000,16384,1647,56164,4,1.000000,0.000000
32814,35087656114,1055421,0,0,1821,0,0.000000,16384,1624,55421,4,1.000000,0.000000
32815,35088674184,1018070,0,0,1743,0,0.000000,16384,1522,18070,4,1.000000,0.000000
32816,35089735521,1061337,0,0,1833,0,0.000000,16384,1639,61337,4,1.000000,0.000000
32817,35090793028,1057507,0,0,1809,0,0.000000,16384,1635,57507,4,1.000000,0.000000
32818,35091848960,1055932,0,0,1812,0,0.000000,16384,1616,55932,4,1.000000,0.000000
32819,35092905111,1056151,0,0,1808,0,0.000000,16384,1589,56151,4,1.000000,0.000000
32820,35093962037,1056926,0,0,1823,0,0.000000,16384,1618,56926,4,1.000000,0.000000
32821,35095038050,1076013,0,0,1845,0,0.000000,16384,1663,76013,4,1.000000,0.000000
32822,35096122163,1084113,0,0,1864,0,0.000000,16384,1678,84113,4,1.000000,0.000000
32823,35097184070,1061907,0,0,1655,0,0.000000,16384,1444,61907,4,1.000000,0.000000
32824,35098241496,1057426,0,0,1664,0,0.000000,16384,1492,57426,4,1.000000,0.000000
32825,35099300398,1058902,0,0,1591,0,0.000000,16384,1423,58902,4,1.000000,0.000000
32826,35100356919,1056521,0,0,1599,0,0.000000,16384,1410,56521,4,1.000000,0.000000
32827,35101444783,1087864,0,0,1821,0,0.000000,16384,1644,87864,4,1.000000,0.000000
32828,35102541296,1096513,0,0,1846,0,0.000000,16384,1652,96513,4,1.000000,0.000000
32829,35103603933,1062637,0,0,1789,0,0.000000,16384,1569,62637,4,1.000000,0.000000
32830,35104696237,1092304,0,0,1861,0,0.000000,16384,1644,92304,4,1.000000,0.000000
32831,35105771104,1074867,0,0,1942,0,0.000000,16384,1740,74867,4,1.000000,0.000000
32832,35106833160,1062056,0,0,1915,0,0.000000,16384,1720,62056,4,1.000000,0.000000
32833,35107895568,1062408,0,0,1891,0,0.000000,16384,1699,62408,4,1.000000,0.000000
32834,35108958305,1062737,0,0,1910,0,0.000000,16384,1703,62737,4,1.000000,0.000000
32835,35110017442,1059137,0,0,1827,0,0.000000,16384,1608,59137,4,1.000000,0.000000
32836,35111073957,1056515,0,0,1824,0,0.000000,16384,1607,56515,4,1.000000,0.000000
32837,35112130256,1056299,0,0,1824,0,0.000000,16384,1646,56299,4,1.000000,0.000000
32838,35113185964,1055708,0,0,1816,0,0.000000,16384,1640,55708,4,1.000000,0.000000
32839,35114243604,1057640,0,0,1812,0,0.000000,16384,1595,57640,4,1.000000,0.000000
32840,35115300140,1056536,0,0,1824,0,0.000000,16384,1604,56536,4,1.000000,0.000000
32841,35116392980,1092840,0,0,1946,0,0.000000,16384,1735,92840,4,1.000000,0.000000
32842,35117488694,1095714,0,0,1967,0,0.000000,16384,1760,95714,4,1.000000,0.000000
32843,35118577399,1088705,0,0,1967,0,0.000000,16384,1761,88705,4,1.000000,0.000000
32844,35119639101,1061702,0,0,1746,0,0.000000,16384,1582,61702,4,1.000000,0.000000
32845,35120671880,1032779,0,0,1768,0,0.000000,16384,1548,32779,4,1.000000,0.000000
32846,35121729084,1057204,0,0,1814,0,0.000000,16384,1601,57204,4,1.000000,0.000000
32847,35122786117,1057033,0,0,1827,0,0.000000,16384,1648,57033,4,1.000000,0.000000
32848,35123842627,1056510,0,0,1817,0,0.000000,16384,1642,56510,4,1.000000,0.000000
32849,35124899992,1057365,0,0,1821,0,0.000000,16384,1600,57365,4,1.000000,0.000000
32850,35125956145,1056153,0,0,1822,0,0.000000,16384,1602,56153,4,1.000000,0.000000
32851,35127021194,1065049,0,0,1838,0,0.000000,16384,1650,65049,4,1.000000,0.000000
32852,35128077557,1056363,0,0,1811,0,0.000000,16384,1636,56363,4,1.000000,0.000000
32853,35129133447,1055890,0,0,1814,0,0.000000,16384,1613,55890,4,1.000000,0.000000
32854,35130191314,1057867,0,0,1822,0,0.000000,16384,1602,57867,4,1.000000,0.000000
32855,35131248273,1056959,0,0,1822,0,0.000000,16384,1619,56959,4,1.000000,0.000000
32856,35132303438,1055165,0,0,1811,0,0.000000,16384,1636,55165,4,1.000000,0.000000
32857,35133359764,1056326,0,0,1810,0,0.000000,16384,1624,56326,4,1.000000,0.000000
32858,35134415673,1055909,0,0,1822,0,0.000000,16384,1602,55909,4,1.000000,0.000000
32859,35135471373,1055700,0,0,1805,0,0.000000,16384,1592,55700,4,1.000000,0.000000
32860,35136527081,1055708,0,0,1823,0,0.000000,16384,1646,55708,4,1.000000,0.000000
32861,35137587997,1060916,0,0,1821,0,0.000000,16384,1645,60916,4,1.000000,0.000000
32862,35138643612,1055615,0,0,1796,0,0.000000,16384,1576,55615,4,1.000000,0.000000
32863,35139674390,1030778,0,0,1693,0,0.000000,16384,1494,30778,4,1.000000,0.000000
32864,35140735048,1060658,0,0,1766,0,0.000000,16384,1601,60658,4,1.000000,0.000000
32865,35141792967,1057919,0,0,1827,0,0.000000,16384,1629,57919,4,1.000000,0.000000
32866,35142851487,1058520,0,0,1822,0,0.000000,16384,1602,58520,4,1.000000,0.000000
32867,35143909445,1057958,0,0,1823,0,0.000000,16384,1614,57958,4,1.000000,0.000000
32868,35144966535,1057090,0,0,1812,0,0.000000,16384,1637,57090,4,1.000000,0.000000
32869,35146058740,1092205,0,0,1879,0,0.000000,16384,1690,92205,4,1.000000,0.000000
32870,35147123209,1064469,0,0,1759,0,0.000000,16384,1548,64469,4,1.000000,0.000000
32871,35148204812,1081603,0,0,1696,0,0.000000,16384,1497,81603,4,1.000000,0.000000
32872,35149262879,1058067,0,0,1667,0,0.000000,16384,1521,58067,4,1.000000,0.000000
32873,35150351569,1088690,0,0,1805,0,0.000000,16384,1586,88690,4,1.000000,0.000000
32874,35151441456,1089887,0,0,1805,0,0.000000,16384,1585,89887,4,1.000000,0.000000
32875,35152536240,1094784,0,0,1846,0,0.000000,16384,1662,94784,4,1.000000,0.000000
32876,35153632489,1096249,0,0,1862,0,0.000000,16384,1677,96249,4,1.000000,0.000000
32877,35154679335,1046846,0,0,1550,0,0.000000,16384,1358,46846,4,1.000000,0.000000
32878,35155704305,1024970,0,0,1754,0,0.000000,16384,1566,24970,4,1.000000,0.000000
32879,35156768623,1064318,0,0,1811,0,0.000000,16384,1636,64318,4,1.000000,0.000000
32880,35157828170,1059547,0,0,1667,0,0.000000,16384,1471,59547,4,1.000000,0.000000
32881,35158896889,1068719,0,0,1679,0,0.000000,16384,1486,68719,4,1.000000,0.000000
32882,35159957637,1060748,0,0,1600,0,0.000000,16384,1453,60748,4,1.000000,0.000000
32883,35161017814,1060177,0,0,1631,0,0.000000,16384,1411,60177,4,1.000000,0.000000
32884,35162075221,1057407,0,0,1802,0,0.000000,16384,1631,57407,4,1.000000,0.000000
32885,35163131127,1055906,0,0,1824,0,0.000000,16384,1646,55906,4,1.000000,0.000000
32886,35164186366,1055239,0,0,1753,0,0.000000,16384,1542,55239,4,1.000000,0.000000
32887,35165241991,1055625,0,0,1748,0,0.000000,16384,1540,55625,4,1.000000,0.000000
32888,35166297483,1055492,0,0,1809,0,0.000000,16384,1634,55492,4,1.000000,0.000000
32889,35167352765,1055282,0,0,1822,0,0.000000,16384,1641,55282,4,1.000000,0.000000
32890,35168408655,1055890,0,0,1821,0,0.000000,16384,1601,55890,4,1.000000,0.000000
32891,35169473192,1064537,0,0,1815,0,0.000000,16384,1590,64537,4,1.000000,0.000000
32892,35170528912,1055720,0,0,1823,0,0.000000,16384,1648,55720,4,1.000000,0.000000
32893,35171584789,1055877,0,0,1824,0,0.000000,16384,1646,55877,4,1.000000,0.000000
32894,35172640814,1056025,0,0,1821,0,0.000000,16384,1611,56025,4,1.000000,0.000000
32895,35173672564,1031750,0,0,1740,0,0.000000,16384,1519,31750,4,1.000000,0.000000
32896,35174729157,1056593,0,0,1823,0,0.000000,16384,1646,56593,4,1.000000,0.000000
32897,35175784896,1055739,0,0,1823,0,0.000000,16384,1645,55739,4,1.000000,0.000000
32898,35176840029,1055133,0,0,1821,0,0.000000,16384,1613,55133,4,1.000000,0.000000
32899,35177895739,1055710,0,0,1822,0,0.000000,16384,1601,55710,4,1.000000,0.000000
32900,35178951183,1055444,0,0,1821,0,0.000000,16384,1625,55444,4,1.000000,0.000000
32901,35180014406,1063223,0,0,1671,0,0.000000,16384,1526,63223,4,1.000000,0.000000
32902,35181072286,1057880,0,0,1716,0,0.000000,16384,1498,57880,4,1.000000,0.000000
32903,35182129705,1057419,0,0,1740,0,0.000000,16384,1546,57419,4,1.000000,0.000000
32904,35183185588,1055883,0,0,1733,0,0.000000,16384,1574,55883,4,1.000000,0.000000
32905,35184241657,1056069,0,0,1823,0,0.000000,16384,1612,56069,4,1.000000,0.000000
32906,35185299643,1057986,0,0,1813,0,0.000000,16384,1593,57986,4,1.000000,0.000000
32907,35186357734,1058091,0,0,1813,0,0.000000,16384,1622,58091,4,1.000000,0.000000
32908,35187415444,1057710,0,0,1752,0,0.000000,16384,1589,57710,4,1.000000,0.000000
32909,35188472483,1057039,0,0,1823,0,0.000000,16384,1613,57039,4,1.000000,0.000000
32910,35189528266,1055783,0,0,1793,0,0.000000,16384,1573,55783,4,1.000000,0.000000
32911,35190592070,1063804,0,0,1836,0,0.000000,16384,1643,63804,4,1.000000,0.000000
32912,35191648332,1056262,0,0,1823,0,0.000000,16384,1646,56262,4,1.000000,0.000000
32913,35192673379,1025047,0,0,1765,0,0.000000,16384,1571,25047,4,1.000000,0.000000
32914,35193729216,1055837,0,0,1822,0,0.000000,16384,1601,55837,4,1.000000,0.000000
32915,35194786477,1057261,0,0,1822,0,0.000000,16384,1623,57261,4,1.000000,0.000000
32916,35195842802,1056325,0,0,1792,0,0.000000,16384,1621,56325,4,1.000000,0.000000
32917,35196898921,1056119,0,0,1821,0,0.000000,16384,1544,56119,4,1.000000,0.000000
32918,35197955446,1056525,0,0,1743,0,0.000000,16384,1582,56525,4,1.000000,0.000000
32919,35199011336,1055890,0,0,1825,0,0.000000,16384,1625,55890,4,1.000000,0.000000
32920,35200069534,1058198,0,0,1713,0,0.000000,16384,1492,58198,4,1.000000,0.000000
32921,35201145317,1075783,0,0,1802,0,0.000000,16384,1623,75783,4,1.000000,0.000000
32922,35202202331,1057014,0,0,1778,0,0.000000,16384,1610,57014,4,1.000000,0.000000
32923,35203258669,1056338,0,0,1823,0,0.000000,16384,1607,56338,4,1.000000,0.000000
32924,35204315060,1056391,0,0,1822,0,0.000000,16384,1601,56391,4,1.000000,0.000000
32925,35205371163,1056103,0,0,1822,0,0.000000,16384,1633,56103,4,1.000000,0.000000
32926,35206427611,1056448,0,0,1826,0,0.000000,16384,1648,56448,4,1.000000,0.000000
32927,35207483807,1056196,0,0,1804,0,0.000000,16384,1608,56196,4,1.000000,0.000000
32928,35208540206,1056399,0,0,1817,0,0.000000,16384,1597,56399,4,1.000000,0.000000
32929,35209596804,1056598,0,0,1825,0,0.000000,16384,1619,56598,4,1.000000,0.000000
32930,35210670949,1074145,0,0,1503,0,0.000000,16384,1369,74145,4,1.000000,0.000000
32931,35211755652,1084703,0,0,1557,0,0.000000,16384,1361,84703,4,1.000000,0.000000
32932,35212816836,1061184,0,0,1566,0,0.000000,16384,1426,61184,4,1.000000,0.000000
32933,35213874380,1057544,0,0,1595,0,0.000000,16384,1383,57544,4,1.000000,0.000000
32934,35214930384,1056004,0,0,1816,0,0.000000,16384,1640,56004,4,1.000000,0.000000
32935,35215988754,1058370,0,0,1828,0,0.000000,16384,1650,58370,4,1.000000,0.000000
32936,35217045466,1056712,0,0,1826,0,0.000000,16384,1607,56712,4,1.000000,0.000000
32937,35218107060,1061594,0,0,1737,0,0.000000,16384,1524,61594,4,1.000000,0.000000
32938,35219168431,1061371,0,0,1757,0,0.000000,16384,1593,61371,4,1.000000,0.000000
32939,35220228218,1059787,0,0,1707,0,0.000000,16384,1525,59787,4,1.000000,0.000000
32940,35221286032,1057814,0,0,1728,0,0.000000,16384,1508,57814,4,1.000000,0.000000
32941,35222363646,1077614,0,0,1857,0,0.000000,16384,1669,77614,4,1.000000,0.000000
32942,35223420677,1057031,0,0,1827,0,0.000000,16384,1648,57031,4,1.000000,0.000000
32943,35224477570,1056893,0,0,1811,0,0.000000,16384,1614,56893,4,1.000000,0.000000
32944,35225535167,1057597,0,0,1826,0,0.000000,16384,1606,57597,4,1.000000,0.000000
32945,35226591222,1056055,0,0,1823,0,0.000000,16384,1616,56055,4,1.000000,0.000000
32946,35227646736,1055514,0,0,1820,0,0.000000,16384,1644,55514,4,1.000000,0.000000
32947,35228672408,1025672,0,0,1672,0,0.000000,16384,1490,25672,4,1.000000,0.000000
32948,35229728970,1056562,0,0,1824,0,0.000000,16384,1605,56562,4,1.000000,0.000000
32949,35230784917,1055947,0,0,1825,0,0.000000,16384,1629,55947,4,1.000000,0.000000
32950,35231842144,1057227,0,0,1786,0,0.000000,16384,1616,57227,4,1.000000,0.000000
32951,35232907260,1065116,0,0,1808,0,0.000000,16384,1610,65116,4,1.000000,0.000000
32952,35233963215,1055955,0,0,1748,0,0.000000,16384,1528,55955,4,1.000000,0.000000
32953,35235019077,1055862,0,0,1825,0,0.000000,16384,1635,55862,4,1.000000,0.000000
32954,35236075372,1056295,0,0,1825,0,0.000000,16384,1647,56295,4,1.000000,0.000000
32955,35237131529,1056157,0,0,1823,0,0.000000,16384,1627,56157,4,1.000000,0.000000
32956,35238190426,1058897,0,0,1697,0,0.000000,16384,1476,58897,4,1.000000,0.000000
32957,35239247246,1056820,0,0,1781,0,0.000000,16384,1606,56820,4,1.000000,0.000000
32958,35240305693,1058447,0,0,1651,0,0.000000,16384,1487,58447,4,1.000000,0.000000
32959,35241365412,1059719,0,0,1740,0,0.000000,16384,1520,59719,4,1.000000,0.000000
32960,35242422309,1056897,0,0,1815,0,0.000000,16384,1626,56897,4,1.000000,0.000000
32961,35243487483,1065174,0,0,1838,0,0.000000,16384,1658,65174,4,1.000000,0.000000
32962,35244550795,1063312,0,0,1497,0,0.000000,16384,1306,63312,4,1.000000,0.000000
32963,35245630344,1079549,0,0,1480,0,0.000000,16384,1356,79549,4,1.000000,0.000000
32964,35246679544,1049200,0,0,1514,0,0.000000,16384,1304,49200,4,1.000000,0.000000
32965,35247742996,1063452,0,0,1554,0,0.000000,16384,1431,63452,4,1.000000,0.000000
32966,35248802316,1059320,0,0,1567,0,0.000000,16384,1352,59320,4,1.000000,0.000000
32967,35249864701,1062385,0,0,1796,0,0.000000,16384,1619,62385,4,1.000000,0.000000
32968,35250928826,1064125,0,0,1788,0,0.000000,16384,1618,64125,4,1.000000,0.000000
32969,35251993501,1064675,0,0,1778,0,0.000000,16384,1563,64675,4,1.000000,0.000000
32970,35253056504,1063003,0,0,1768,0,0.000000,16384,1555,63003,4,1.000000,0.000000
32971,35254144483,1087979,0,0,1713,0,0.000000,16384,1557,87979,4,1.000000,0.000000
32972,35255207451,1062968,0,0,1569,0,0.000000,16384,1380,62968,4,1.000000,0.000000
32973,35256269167,1061716,0,0,1617,0,0.000000,16384,1449,61716,4,1.000000,0.000000
32974,35257326975,1057808,0,0,1665,0,0.000000,16384,1493,57808,4,1.000000,0.000000
32975,35258384607,1057632,0,0,1663,0,0.000000,16384,1451,57632,4,1.000000,0.000000
32976,35259440880,1056273,0,0,1664,0,0.000000,16384,1518,56273,4,1.000000,0.000000
32977,35260500250,1059370,0,0,1604,0,0.000000,16384,1406,59370,4,1.000000,0.000000
32978,35261564947,1064697,0,0,1794,0,0.000000,16384,1594,64697,4,1.000000,0.000000
32979,35262626606,1061659,0,0,1832,0,0.000000,16384,1652,61659,4,1.000000,0.000000
32980,35263678584,1051978,0,0,1776,0,0.000000,16384,1592,51978,4,1.000000,0.000000
32981,35264753495,1074911,0,0,1840,0,0.000000,16384,1620,74911,4,1.000000,0.000000
32982,35265809763,1056268,0,0,1810,0,0.000000,16384,1596,56268,4,1.000000,0.000000
32983,35266865955,1056192,0,0,1825,0,0.000000,16384,1648,56192,4,1.000000,0.000000
32984,35267922264,1056309,0,0,1826,0,0.000000,16384,1648,56309,4,1.000000,0.000000
32985,35268978898,1056634,0,0,1810,0,0.000000,16384,1591,56634,4,1.000000,0.000000
32986,35270034885,1055987,0,0,1824,0,0.000000,16384,1604,55987,4,1.000000,0.000000
32987,35271090736,1055851,0,0,1823,0,0.000000,16384,1639,55851,4,1.000000,0.000000
32988,35272146144,1055408,0,0,1814,0,0.000000,16384,1638,55408,4,1.000000,0.000000
32989,35273202095,1055951,0,0,1800,0,0.000000,16384,1596,55951,4,1.000000,0.000000
32990,35274258049,1055954,0,0,1822,0,0.000000,16384,1602,55954,4,1.000000,0.000000
32991,35275317921,1059872,0,0,1829,0,0.000000,16384,1631,59872,4,1.000000,0.000000
32992,35276374286,1056365,0,0,1824,0,0.000000,16384,1647,56365,4,1.000000,0.000000
32993,35277430477,1056191,0,0,1823,0,0.000000,16384,1634,56191,4,1.000000,0.000000
32994,35278486182,1055705,0,0,1820,0,0.000000,16384,1600,55705,4,1.000000,0.000000
32995,35279542398,1056216,0,0,1822,0,0.000000,16384,1606,56216,4,1.000000,0.000000
32996,35280600726,1058328,0,0,1640,0,0.000000,16384,1499,58328,4,1.000000,0.000000
32997,35281658772,1058046,0,0,1807,0,0.000000,16384,1600,58046,4,1.000000,0.000000
32998,35282673292,1014520,0,0,1621,0,0.000000,16384,1423,14520,4,1.000000,0.000000
32999,35283730417,1057125,0,0,1798,0,0.000000,16384,1626,57125,4,1.000000,0.000000
33000,35284786194,1055777,0,0,1822,0,0.000000,16384,1632,55777,4,1.000000,0.000000
33001,35285850814,1064620,0,0,1819,0,0.000000,16384,1599,64620,4,1.000000,0.000000
33002,35286907462,1056648,0,0,1818,0,0.000000,16384,1604,56648,4,1.000000,0.000000
33003,35287963787,1056325,0,0,1813,0,0.000000,16384,1637,56325,4,1.000000,0.000000
33004,35289024227,1060440,0,0,1823,0,0.000000,16384,1646,60440,4,1.000000,0.000000
33005,35290084807,1060580,0,0,1830,0,0.000000,16384,1609,60580,4,1.000000,0.000000
33006,35291141123,1056316,0,0,1824,0,0.000000,16384,1604,56316,4,1.000000,0.000000
33007,35292197060,1055937,0,0,1821,0,0.000000,16384,1635,55937,4,1.000000,0.000000
33008,35293253215,1056155,0,0,1824,0,0.000000,16384,1646,56155,4,1.000000,0.000000
33009,35294309223,1056008,0,0,1825,0,0.000000,16384,1625,56008,4,1.000000,0.000000
33010,35295365378,1056155,0,0,1823,0,0.000000,16384,1603,56155,4,1.000000,0.000000
33011,35296429393,1064015,0,0,1826,0,0.000000,16384,1620,64015,4,1.000000,0.000000
33012,35297485072,1055679,0,0,1805,0,0.000000,16384,1631,55679,4,1.000000,0.000000
33013,35298541088,1056016,0,0,1823,0,0.000000,16384,1639,56016,4,1.000000,0.000000
33014,35299597043,1055955,0,0,1806,0,0.000000,16384,1585,55955,4,1.000000,0.000000
33015,35300656250,1059207,0,0,1727,0,0.000000,16384,1529,59207,4,1.000000,0.000000
33016,35301671643,1015393,0,0,1677,0,0.000000,16384,1528,15393,4,1.000000,0.000000
33017,35302728612,1056969,0,0,1825,0,0.000000,16384,1609,56969,4,1.000000,0.000000
33018,35303784561,1055949,0,0,1812,0,0.000000,16384,1592,55949,4,1.000000,0.000000
33019,35304840790,1056229,0,0,1824,0,0.000000,16384,1636,56229,4,1.000000,0.000000
33020,35305897607,1056817,0,0,1826,0,0.000000,16384,1648,56817,4,1.000000,0.000000
33021,35306972510,1074903,0,0,1851,0,0.000000,16384,1653,74903,4,1.000000,0.000000
33022,35308029658,1057148,0,0,1808,0,0.000000,16384,1588,57148,4,1.000000,0.000000
33023,35309085863,1056205,0,0,1823,0,0.000000,16384,1613,56205,4,1.000000,0.000000
33024,35310141495,1055632,0,0,1822,0,0.000000,16384,1645,55632,4,1.000000,0.000000
33025,35311197300,1055805,0,0,1823,0,0.000000,16384,1646,55805,4,1.000000,0.000000
33026,35312253356,1056056,0,0,1801,0,0.000000,16384,1581,56056,4,1.000000,0.000000
33027,35313309275,1055919,0,0,1822,0,0.000000,16384,1598,55919,4,1.000000,0.000000
33028,35314366797,1057522,0,0,1706,0,0.000000,16384,1551,57522,4,1.000000,0.000000
33029,35315424401,1057604,0,0,1757,0,0.000000,16384,1572,57604,4,1.000000,0.000000
33030,35316480430,1056029,0,0,1822,0,0.000000,16384,1602,56029,4,1.000000,0.000000
33031,35317542134,1061704,0,0,1832,0,0.000000,16384,1623,61704,4,1.000000,0.000000
33032,35318598355,1056221,0,0,1825,0,0.000000,16384,1647,56221,4,1.000000,0.000000
33033,35319654392,1056037,0,0,1824,0,0.000000,16384,1647,56037,4,1.000000,0.000000
33034,35320675237,1020845,0,0,1695,0,0.000000,16384,1475,20845,4,1.000000,0.000000
33035,35321733695,1058458,0,0,1819,0,0.000000,16384,1617,58458,4,1.000000,0.000000
33036,35322789600,1055905,0,0,1823,0,0.000000,16384,1645,55905,4,1.000000,0.000000
33037,35323845982,1056382,0,0,1825,0,0.000000,16384,1641,56382,4,1.000000,0.000000
33038,35324903498,1057516,0,0,1823,0,0.000000,16384,1603,57516,4,1.000000,0.000000
33039,35325960114,1056616,0,0,1806,0,0.000000,16384,1588,56616,4,1.000000,0.000000
33040,35327015902,1055788,0,0,1825,0,0.000000,16384,1647,55788,4,1.000000,0.000000
33041,35328079001,1063099,0,0,1834,0,0.000000,16384,1654,63099,4,1.000000,0.000000
33042,35329135402,1056401,0,0,1653,0,0.000000,16384,1445,56401,4,1.000000,0.000000
33043,35330192341,1056939,0,0,1786,0,0.000000,16384,1587,56939,4,1.000000,0.000000
33044,35331248411,1056070,0,0,1825,0,0.000000,16384,1647,56070,4,1.000000,0.000000
33045,35332304179,1055768,0,0,1825,0,0.000000,16384,1638,55768,4,1.000000,0.000000
33046,35333360766,1056587,0,0,1815,0,0.000000,16384,1595,56587,4,1.000000,0.000000
33047,35334416456,1055690,0,0,1823,0,0.000000,16384,1606,55690,4,1.000000,0.000000
33048,35335472031,1055575,0,0,1826,0,0.000000,16384,1648,55575,4,1.000000,0.000000
33049,35336527686,1055655,0,0,1826,0,0.000000,16384,1647,55655,4,1.000000,0.000000
33050,35337583662,1055976,0,0,1825,0,0.000000,16384,1611,55976,4,1.000000,0.000000
33051,35338651639,1067977,0,0,1535,0,0.000000,16384,1359,67977,4,1.000000,0.000000
33052,35339680659,1029020,0,0,1410,0,0.000000,16384,1254,29020,4,1.000000,0.000000
33053,35341691048,2010389,0,0,2707,0,0.000000,16384,2414,1010389,4,1.000000,0.000000
33054,35342765011,1073963,0,0,1458,0,0.000000,16384,1303,73963,4,1.000000,0.000000
33055,35343852490,1087479,0,0,1463,0,0.000000,16384,1314,87479,4,1.000000,0.000000
33056,35344922820,1070330,0,0,1472,0,0.000000,16384,1285,70330,4,1.000000,0.000000
33057,35345992499,1069679,0,0,1438,0,0.000000,16384,1322,69679,4,1.000000,0.000000
33058,35347056457,1063958,0,0,1499,0,0.000000,16384,1295,63958,4,1.000000,0.000000
33059,35348115928,1059471,0,0,1496,0,0.000000,16384,1364,59471,4,1.000000,0.000000
33060,35349173622,1057694,0,0,1494,0,0.000000,16384,1309,57694,4,1.000000,0.000000
33061,35350257947,1084325,0,0,1535,0,0.000000,16384,1384,84325,4,1.000000,0.000000
33062,35351324154,1066207,0,0,1487,0,0.000000,16384,1314,66207,4,1.000000,0.000000
33063,35352388545,1064391,0,0,1505,0,0.000000,16384,1345,64391,4,1.000000,0.000000
33064,35353450472,1061927,0,0,1491,0,0.000000,16384,1333,61927,4,1.000000,0.000000
33065,35354512713,1062241,0,0,1499,0,0.000000,16384,1321,62241,4,1.000000,0.000000
33066,35355579585,1066872,0,0,1483,0,0.000000,16384,1345,66872,4,1.000000,0.000000
33067,35356645050,1065465,0,0,1474,0,0.000000,16384,1277,65465,4,1.000000,0.000000
33068,35357673909,1028859,0,0,1450,0,0.000000,16384,1334,28859,4,1.000000,0.000000
33069,35358732305,1058396,0,0,1498,0,0.000000,16384,1301,58396,4,1.000000,0.000000
33070,35359790460,1058155,0,0,1602,0,0.000000,16384,1463,58155,4,1.000000,0.000000
33071,35360888448,1097988,0,0,1540,0,0.000000,16384,1331,97988,4,1.000000,0.000000
33072,35361950266,1061818,0,0,1566,0,0.000000,16384,1439,61818,4,1.000000,0.000000
33073,35363689738,1739472,0,0,2247,0,0.000000,16384,1985,739472,4,1.000000,0.000000
33074,35364767717,1077979,0,0,1406,0,0.000000,16384,1224,77979,4,1.000000,0.000000
33075,35365836166,1068449,0,0,1514,0,0.000000,16384,1394,68449,4,1.000000,0.000000
33076,35366901052,1064886,0,0,1557,0,0.000000,16384,1341,64886,4,1.000000,0.000000
33077,35367961520,1060468,0,0,1559,0,0.000000,16384,1433,60468,4,1.000000,0.000000
33078,35369019358,1057838,0,0,1527,0,0.000000,16384,1317,57838,4,1.000000,0.000000
33079,35370079095,1059737,0,0,1554,0,0.000000,16384,1428,59737,4,1.000000,0.000000
33080,35371137140,1058045,0,0,1603,0,0.000000,16384,1393,58045,4,1.000000,0.000000
33081,35372216661,1079521,0,0,1642,0,0.000000,16384,1484,79521,4,1.000000,0.000000
33082,35373274858,1058197,0,0,1614,0,0.000000,16384,1432,58197,4,1.000000,0.000000
33083,35374332323,1057465,0,0,1658,0,0.000000,16384,1466,57465,4,1.000000,0.000000
33084,35375422987,1090664,0,0,1813,0,0.000000,16384,1638,90664,4,1.000000,0.000000
33085,35376489625,1066638,0,0,1673,0,0.000000,16384,1480,66638,4,1.000000,0.000000
33086,35377585608,1095983,0,0,1613,0,0.000000,16384,1430,95983,4,1.000000,0.000000
33087,35378697615,1112007,0,0,1850,0,0.000000,16384,1667,112007,4,1.000000,0.000000
33088,35379763254,1065639,0,0,1663,0,0.000000,16384,1471,65639,4,1.000000,0.000000
33089,35380828117,1064863,0,0,1606,0,0.000000,16384,1424,64863,4,1.000000,0.000000
33090,35381888429,1060312,0,0,1663,0,0.000000,16384,1506,60312,4,1.000000,0.000000
33091,35382966681,1078252,0,0,1686,0,0.000000,16384,1466,78252,4,1.000000,0.000000
33092,35384024702,1058021,0,0,1667,0,0.000000,16384,1510,58021,4,1.000000,0.000000
33093,35385082185,1057483,0,0,1666,0,0.000000,16384,1484,57483,4,1.000000,0.000000
33094,35386139648,1057463,0,0,1660,0,0.000000,16384,1456,57463,4,1.000000,0.000000
33095,35387196311,1056663,0,0,1505,0,0.000000,16384,1373,56663,4,1.000000,0.000000
33096,35388252399,1056088,0,0,1658,0,0.000000,16384,1438,56088,4,1.000000,0.000000
33097,35389312048,1059649,0,0,1435,0,0.000000,16384,1319,59649,4,1.000000,0.000000
33098,35390370513,1058465,0,0,1600,0,0.000000,16384,1391,58465,4,1.000000,0.000000
33099,35391429515,1059002,0,0,1717,0,0.000000,16384,1561,59002,4,1.000000,0.000000
33100,35392488017,1058502,0,0,1818,0,0.000000,16384,1623,58502,4,1.000000,0.000000
33101,35393559246,1071229,0,0,1834,0,0.000000,16384,1614,71229,4,1.000000,0.000000
33102,35394621784,1062538,0,0,1823,0,0.000000,16384,1611,62538,4,1.000000,0.000000
33103,35395678890,1057106,0,0,1797,0,0.000000,16384,1625,57106,4,1.000000,0.000000
33104,35396738890,1060000,0,0,1759,0,0.000000,16384,1578,60000,4,1.000000,0.000000
33105,35397795452,1056562,0,0,1669,0,0.000000,16384,1450,56562,4,1.000000,0.000000
33106,35398851704,1056252,0,0,1806,0,0.000000,16384,1627,56252,4,1.000000,0.000000
33107,35399908404,1056700,0,0,1785,0,0.000000,16384,1615,56700,4,1.000000,0.000000
33108,35400966185,1057781,0,0,1622,0,0.000000,16384,1410,57781,4,1.000000,0.000000
33109,35402023683,1057498,0,0,1817,0,0.000000,16384,1622,57498,4,1.000000,0.000000
33110,35403080027,1056344,0,0,1791,0,0.000000,16384,1620,56344,4,1.000000,0.000000
33111,35404146996,1066969,0,0,1817,0,0.000000,16384,1620,66969,4,1.000000,0.000000
33112,35405204129,1057133,0,0,1817,0,0.000000,16384,1597,57133,4,1.000000,0.000000
33113,35406260580,1056451,0,0,1813,0,0.000000,16384,1609,56451,4,1.000000,0.000000
33114,35407316124,1055544,0,0,1825,0,0.000000,16384,1647,55544,4,1.000000,0.000000
33115,35408372409,1056285,0,0,1803,0,0.000000,16384,1621,56285,4,1.000000,0.000000
33116,35409428356,1055947,0,0,1820,0,0.000000,16384,1600,55947,4,1.000000,0.000000
33117,35410483971,1055615,0,0,1821,0,0.000000,16384,1602,55615,4,1.000000,0.000000
33118,35411542415,1058444,0,0,1774,0,0.000000,16384,1607,58444,4,1.000000,0.000000
33119,35412600246,1057831,0,0,1826,0,0.000000,16384,1648,57831,4,1.000000,0.000000
33120,35413653714,1053468,0,0,1806,0,0.000000,16384,1532,53468,4,1.000000,0.000000
33121,35414707999,1054285,0,0,1776,0,0.000000,16384,1605,54285,4,1.000000,0.000000
33122,35415772806,1064807,0,0,1804,0,0.000000,16384,1584,64807,4,1.000000,0.000000
33123,35416837657,1064851,0,0,1754,0,0.000000,16384,1546,64851,4,1.000000,0.000000
33124,35417901419,1063762,0,0,1796,0,0.000000,16384,1624,63762,4,1.000000,0.000000
33125,35418965093,1063674,0,0,1787,0,0.000000,16384,1603,63674,4,1.000000,0.000000
33126,35420025466,1060373,0,0,1631,0,0.000000,16384,1411,60373,4,1.000000,0.000000
33127,35421088061,1062595,0,0,1618,0,0.000000,16384,1483,62595,4,1.000000,0.000000
33128,35422148574,1060513,0,0,1668,0,0.000000,16384,1467,60513,4,1.000000,0.000000
33129,35423205640,1057066,0,0,1664,0,0.000000,16384,1479,57066,4,1.000000,0.000000
33130,35424262953,1057313,0,0,1664,0,0.000000,16384,1509,57313,4,1.000000,0.000000
33131,35425360400,1097447,0,0,1885,0,0.000000,16384,1661,97447,4,1.000000,0.000000
33132,35426449860,1089460,0,0,1955,0,0.000000,16384,1735,89460,4,1.000000,0.000000
33133,35427509955,1060095,0,0,1830,0,0.000000,16384,1618,60095,4,1.000000,0.000000
33134,35428604031,1094076,0,0,1979,0,0.000000,16384,1770,94076,4,1.000000,0.000000
33135,35429693814,1089783,0,0,1961,0,0.000000,16384,1756,89783,4,1.000000,0.000000
33136,35430756294,1062480,0,0,1931,0,0.000000,16384,1732,62480,4,1.000000,0.000000
33137,35431818175,1061881,0,0,1899,0,0.000000,16384,1707,61881,4,1.000000,0.000000
33138,35432880434,1062259,0,0,1912,0,0.000000,16384,1693,62259,4,1.000000,0.000000
33139,35433942945,1062511,0,0,1886,0,0.000000,16384,1666,62511,4,1.000000,0.000000
33140,35435002377,1059432,0,0,1827,0,0.000000,16384,1609,59432,4,1.000000,0.000000
33141,35436066844,1064467,0,0,1837,0,0.000000,16384,1657,64467,4,1.000000,0.000000
33142,35437123141,1056297,0,0,1826,0,0.000000,16384,1648,56297,4,1.000000,0.000000
33143,35438179476,1056335,0,0,1825,0,0.000000,16384,1613,56335,4,1.000000,0.000000
33144,35439235086,1055610,0,0,1821,0,0.000000,16384,1601,55610,4,1.000000,0.000000
33145,35440291178,1056092,0,0,1815,0,0.000000,16384,1622,56092,4,1.000000,0.000000
33146,35441350081,1058903,0,0,1701,0,0.000000,16384,1548,58903,4,1.000000,0.000000
33147,35442409323,1059242,0,0,1726,0,0.000000,16384,1512,59242,4,1.000000,0.000000
33148,35443466536,1057213,0,0,1824,0,0.000000,16384,1609,57213,4,1.000000,0.000000
33149,35444524048,1057512,0,0,1787,0,0.000000,16384,1616,57512,4,1.000000,0.000000
33150,35445580550,1056502,0,0,1658,0,0.000000,16384,1480,56502,4,1.000000,0.000000
33151,35446647600,1067050,0,0,1693,0,0.000000,16384,1483,67050,4,1.000000,0.000000
33152,35447670775,1023175,0,0,1762,0,0.000000,16384,1596,23175,4,1.000000,0.000000
33153,35448727005,1056230,0,0,1813,0,0.000000,16384,1629,56230,4,1.000000,0.000000
33154,35449783051,1056046,0,0,1822,0,0.000000,16384,1602,56046,4,1.000000,0.000000
33155,35450839199,1056148,0,0,1822,0,0.000000,16384,1603,56148,4,1.000000,0.000000
33156,35451894872,1055673,0,0,1821,0,0.000000,16384,1644,55673,4,1.000000,0.000000
33157,35452950595,1055723,0,0,1821,0,0.000000,16384,1644,55723,4,1.000000,0.000000
33158,35454006592,1055997,0,0,1823,0,0.000000,16384,1608,55997,4,1.000000,0.000000
33159,35455062386,1055794,0,0,1804,0,0.000000,16384,1584,55794,4,1.000000,0.000000
33160,35456121747,1059361,0,0,1752,0,0.000000,16384,1579,59361,4,1.000000,0.000000
33161,35457200793,1079046,0,0,1673,0,0.000000,16384,1506,79046,4,1.000000,0.000000
33162,35458258846,1058053,0,0,1818,0,0.000000,16384,1598,58053,4,1.000000,0.000000
33163,35459315631,1056785,0,0,1823,0,0.000000,16384,1615,56785,4,1.000000,0.000000
33164,35460374284,1058653,0,0,1824,0,0.000000,16384,1647,58653,4,1.000000,0.000000
33165,35461436374,1062090,0,0,1762,0,0.000000,16384,1583,62090,4,1.000000,0.000000
33166,35462497652,1061278,0,0,1830,0,0.000000,16384,1610,61278,4,1.000000,0.000000
33167,35463556223,1058571,0,0,1753,0,0.000000,16384,1551,58571,4,1.000000,0.000000
33168,35464613430,1057207,0,0,1751,0,0.000000,16384,1587,57207,4,1.000000,0.000000
33169,35465672847,1059417,0,0,1669,0,0.000000,16384,1475,59417,4,1.000000,0.000000
33170,35466730380,1057533,0,0,1668,0,0.000000,16384,1476,57533,4,1.000000,0.000000
33171,35467796916,1066536,0,0,1820,0,0.000000,16384,1643,66536,4,1.000000,0.000000
33172,35468853199,1056283,0,0,1824,0,0.000000,16384,1629,56283,4,1.000000,0.000000
33173,35469909337,1056138,0,0,1823,0,0.000000,16384,1603,56138,4,1.000000,0.000000
33174,35470965627,1056290,0,0,1823,0,0.000000,16384,1612,56290,4,1.000000,0.000000
33175,35472021453,1055826,0,0,1824,0,0.000000,16384,1647,55826,4,1.000000,0.000000
33176,35473077736,1056283,0,0,1815,0,0.000000,16384,1639,56283,4,1.000000,0.000000
33177,35474140261,1062525,0,0,1717,0,0.000000,16384,1497,62525,4,1.000000,0.000000
33178,35475201258,1060997,0,0,1719,0,0.000000,16384,1533,60997,4,1.000000,0.000000
33179,35476259307,1058049,0,0,1829,0,0.000000,16384,1650,58049,4,1.000000,0.000000
33180,35477314887,1055580,0,0,1823,0,0.000000,16384,1624,55580,4,1.000000,0.000000
33181,35478381612,1066725,0,0,1840,0,0.000000,16384,1620,66725,4,1.000000,0.000000
33182,35479438584,1056972,0,0,1811,0,0.000000,16384,1603,56972,4,1.000000,0.000000
33183,35480495151,1056567,0,0,1825,0,0.000000,16384,1647,56567,4,1.000000,0.000000
33184,35481554170,1059019,0,0,1725,0,0.000000,16384,1547,59019,4,1.000000,0.000000
33185,35482612228,1058058,0,0,1814,0,0.000000,16384,1594,58058,4,1.000000,0.000000
33186,35483668907,1056679,0,0,1806,0,0.000000,16384,1603,56679,4,1.000000,0.000000
33187,35484725994,1057087,0,0,1811,0,0.000000,16384,1636,57087,4,1.000000,0.000000
33188,35485783648,1057654,0,0,1827,0,0.000000,16384,1641,57654,4,1.000000,0.000000
33189,35486840449,1056801,0,0,1827,0,0.000000,16384,1607,56801,4,1.000000,0.000000
33190,35487897584,1057135,0,0,1823,0,0.000000,16384,1601,57135,4,1.000000,0.000000
33191,35488961438,1063854,0,0,1837,0,0.000000,16384,1658,63854,4,1.000000,0.000000
33192,35490017598,1056160,0,0,1815,0,0.000000,16384,1639,56160,4,1.000000,0.000000
33193,35491073525,1055927,0,0,1824,0,0.000000,16384,1613,55927,4,1.000000,0.000000
33194,35492129535,1056010,0,0,1824,0,0.000000,16384,1603,56010,4,1.000000,0.000000
33195,35493185061,1055526,0,0,1822,0,0.000000,16384,1628,55526,4,1.000000,0.000000
33196,35494240367,1055306,0,0,1804,0,0.000000,16384,1630,55306,4,1.000000,0.000000
33197,35495295536,1055169,0,0,1823,0,0.000000,16384,1628,55169,4,1.000000,0.000000
33198,35496351048,1055512,0,0,1822,0,0.000000,16384,1602,55512,4,1.000000,0.000000
33199,35497408256,1057208,0,0,1788,0,0.000000,16384,1585,57208,4,1.000000,0.000000
33200,35498464929,1056673,0,0,1812,0,0.000000,16384,1636,56673,4,1.000000,0.000000
33201,35499525111,1060182,0,0,1829,0,0.000000,16384,1644,60182,4,1.000000,0.000000
33202,35500581088,1055977,0,0,1825,0,0.000000,16384,1605,55977,4,1.000000,0.000000
33203,35501639071,1057983,0,0,1766,0,0.000000,16384,1555,57983,4,1.000000,0.000000
33204,35502670086,1031015,0,0,1775,0,0.000000,16384,1608,31015,4,1.000000,0.000000
33205,35503726395,1056309,0,0,1825,0,0.000000,16384,1639,56309,4,1.000000,0.000000
33206,35504782704,1056309,0,0,1824,0,0.000000,16384,1604,56309,4,1.000000,0.000000
33207,35505839564,1056860,0,0,1800,0,0.000000,16384,1584,56860,4,1.000000,0.000000
33208,35506896138,1056574,0,0,1666,0,0.000000,16384,1520,56574,4,1.000000,0.000000
33209,35507952945,1056807,0,0,1779,0,0.000000,16384,1577,56807,4,1.000000,0.000000
33210,35509009125,1056180,0,0,1826,0,0.000000,16384,1606,56180,4,1.000000,0.000000
33211,35510082676,1073551,0,0,1851,0,0.000000,16384,1650,73551,4,1.000000,0.000000
33212,35511138594,1055918,0,0,1825,0,0.000000,16384,1646,55918,4,1.000000,0.000000
33213,35512194237,1055643,0,0,1822,0,0.000000,16384,1638,55643,4,1.000000,0.000000
33214,35513249784,1055547,0,0,1822,0,0.000000,16384,1602,55547,4,1.000000,0.000000
33215,35514307691,1057907,0,0,1716,0,0.000000,16384,1517,57907,4,1.000000,0.000000
33216,35515364055,1056364,0,0,1720,0,0.000000,16384,1563,56364,4,1.000000,0.000000
33217,35516420073,1056018,0,0,1756,0,0.000000,16384,1548,56018,4,1.000000,0.000000
33218,35517476109,1056036,0,0,1825,0,0.000000,16384,1604,56036,4,1.000000,0.000000
33219,35518532005,1055896,0,0,1824,0,0.000000,16384,1640,55896,4,1.000000,0.000000
33220,35519587735,1055730,0,0,1825,0,0.000000,16384,1647,55730,4,1.000000,0.000000
33221,35520648262,1060527,0,0,1813,0,0.000000,16384,1612,60527,4,1.000000,0.000000
33222,35521672557,1024295,0,0,1691,0,0.000000,16384,1470,24295,4,1.000000,0.000000
33223,35522730510,1057953,0,0,1816,0,0.000000,16384,1642,57953,4,1.000000,0.000000
33224,35523787189,1056679,0,0,1826,0,0.000000,16384,1648,56679,4,1.000000,0.000000
33225,35524843647,1056458,0,0,1812,0,0.000000,16384,1601,56458,4,1.000000,0.000000
33226,35525900315,1056668,0,0,1824,0,0.000000,16384,1604,56668,4,1.000000,0.000000
33227,35526956283,1055968,0,0,1818,0,0.000000,16384,1627,55968,4,1.000000,0.000000
33228,35528011801,1055518,0,0,1818,0,0.000000,16384,1641,55518,4,1.000000,0.000000
33229,35529067561,1055760,0,0,1817,0,0.000000,16384,1620,55760,4,1.000000,0.000000
33230,35530123500,1055939,0,0,1807,0,0.000000,16384,1588,55939,4,1.000000,0.000000
33231,35531185775,1062275,0,0,1833,0,0.000000,16384,1626,62275,4,1.000000,0.000000
33232,35532241603,1055828,0,0,1825,0,0.000000,16384,1647,55828,4,1.000000,0.000000
33233,35533298160,1056557,0,0,1696,0,0.000000,16384,1517,56557,4,1.000000,0.000000
33234,35534354126,1055966,0,0,1821,0,0.000000,16384,1601,55966,4,1.000000,0.000000
33235,35535410217,1056091,0,0,1824,0,0.000000,16384,1623,56091,4,1.000000,0.000000
33236,35536466356,1056139,0,0,1825,0,0.000000,16384,1647,56139,4,1.000000,0.000000
33237,35537522390,1056034,0,0,1824,0,0.000000,16384,1639,56034,4,1.000000,0.000000
33238,35538578498,1056108,0,0,1813,0,0.000000,16384,1593,56108,4,1.000000,0.000000
33239,35539634518,1056020,0,0,1823,0,0.000000,16384,1604,56020,4,1.000000,0.000000
33240,35540673542,1039024,0,0,1791,0,0.000000,16384,1620,39024,4,1.000000,0.000000
33241,35541737173,1063631,0,0,1727,0,0.000000,16384,1553,63631,4,1.000000,0.000000
33242,35542795134,1057961,0,0,1825,0,0.000000,16384,1605,57961,4,1.000000,0.000000
33243,35543851353,1056219,0,0,1823,0,0.000000,16384,1610,56219,4,1.000000,0.000000
33244,35544907913,1056560,0,0,1825,0,0.000000,16384,1647,56560,4,1.000000,0.000000
33245,35545964973,1057060,0,0,1712,0,0.000000,16384,1538,57060,4,1.000000,0.000000
33246,35547020580,1055607,0,0,1707,0,0.000000,16384,1488,55607,4,1.000000,0.000000
33247,35548077490,1056910,0,0,1810,0,0.000000,16384,1625,56910,4,1.000000,0.000000
33248,35549135607,1058117,0,0,1808,0,0.000000,16384,1634,58117,4,1.000000,0.000000
33249,35550192267,1056660,0,0,1825,0,0.000000,16384,1620,56660,4,1.000000,0.000000
33250,35551248306,1056039,0,0,1824,0,0.000000,16384,1604,56039,4,1.000000,0.000000
33251,35552318493,1070187,0,0,1589,0,0.000000,16384,1434,70187,4,1.000000,0.000000
33252,35553378490,1059997,0,0,1628,0,0.000000,16384,1443,59997,4,1.000000,0.000000
33253,35554435143,1056653,0,0,1773,0,0.000000,16384,1558,56653,4,1.000000,0.000000
33254,35555491479,1056336,0,0,1824,0,0.000000,16384,1647,56336,4,1.000000,0.000000
33255,35556548965,1057486,0,0,1817,0,0.000000,16384,1641,57486,4,1.000000,0.000000
33256,35557610565,1061600,0,0,1618,0,0.000000,16384,1406,61600,4,1.000000,0.000000
33257,35558672880,1062315,0,0,1665,0,0.000000,16384,1501,62315,4,1.000000,0.000000
33258,35559731041,1058161,0,0,1663,0,0.000000,16384,1487,58161,4,1.000000,0.000000
33259,35560788497,1057456,0,0,1790,0,0.000000,16384,1569,57456,4,1.000000,0.000000
33260,35561848478,1059981,0,0,1619,0,0.000000,16384,1470,59981,4,1.000000,0.000000
33261,35562932318,1083840,0,0,1701,0,0.000000,16384,1511,83840,4,1.000000,0.000000
33262,35563980849,1048531,0,0,1594,0,0.000000,16384,1406,48531,4,1.000000,0.000000
33263,35565042291,1061442,0,0,1665,0,0.000000,16384,1517,61442,4,1.000000,0.000000
33264,35566099975,1057684,0,0,1662,0,0.000000,16384,1442,57684,4,1.000000,0.000000
33265,35567157155,1057180,0,0,1665,0,0.000000,16384,1502,57180,4,1.000000,0.000000
33266,35568214654,1057499,0,0,1665,0,0.000000,16384,1487,57499,4,1.000000,0.000000
33267,35569271449,1056795,0,0,1660,0,0.000000,16384,1454,56795,4,1.000000,0.000000
33268,35570327942,1056493,0,0,1664,0,0.000000,16384,1519,56493,4,1.000000,0.000000
33269,35571386219,1058277,0,0,1715,0,0.000000,16384,1511,58277,4,1.000000,0.000000
33270,35572445125,1058906,0,0,1821,0,0.000000,16384,1597,58906,4,1.000000,0.000000
33271,35573517239,1072114,0,0,1828,0,0.000000,16384,1651,72114,4,1.000000,0.000000
33272,35574573829,1056590,0,0,1825,0,0.000000,16384,1647,56590,4,1.000000,0.000000
33273,35575630730,1056901,0,0,1812,0,0.000000,16384,1603,56901,4,1.000000,0.000000
33274,35576672642,1041912,0,0,1618,0,0.000000,16384,1422,41912,4,1.000000,0.000000
33275,35577729050,1056408,0,0,1806,0,0.000000,16384,1631,56408,4,1.000000,0.000000
33276,35578785094,1056044,0,0,1823,0,0.000000,16384,1634,56044,4,1.000000,0.000000
33277,35579842082,1056988,0,0,1812,0,0.000000,16384,1592,56988,4,1.000000,0.000000
33278,35580899678,1057596,0,0,1750,0,0.000000,16384,1551,57596,4,1.000000,0.000000
33279,35581958230,1058552,0,0,1742,0,0.000000,16384,1581,58552,4,1.000000,0.000000
33280,35583015333,1057103,0,0,1825,0,0.000000,16384,1621,57103,4,1.000000,0.000000
33281,35584077504,1062171,0,0,1819,0,0.000000,16384,1599,62171,4,1.000000,0.000000
33282,35585135071,1057567,0,0,1821,0,0.000000,16384,1620,57567,4,1.000000,0.000000
33283,35586191599,1056528,0,0,1814,0,0.000000,16384,1638,56528,4,1.000000,0.000000
33284,35587247783,1056184,0,0,1827,0,0.000000,16384,1640,56184,4,1.000000,0.000000
33285,35588304596,1056813,0,0,1791,0,0.000000,16384,1571,56813,4,1.000000,0.000000
33286,35589360879,1056283,0,0,1715,0,0.000000,16384,1523,56283,4,1.000000,0.000000
33287,35590421248,1060369,0,0,1815,0,0.000000,16384,1640,60369,4,1.000000,0.000000
33288,35591481652,1060404,0,0,1829,0,0.000000,16384,1632,60404,4,1.000000,0.000000
33289,35592538567,1056915,0,0,1822,0,0.000000,16384,1602,56915,4,1.000000,0.000000
33290,35593594616,1056049,0,0,1822,0,0.000000,16384,1612,56049,4,1.000000,0.000000
33291,35594657709,1063093,0,0,1833,0,0.000000,16384,1654,63093,4,1.000000,0.000000
33292,35595670412,1012703,0,0,1744,0,0.000000,16384,1569,12703,4,1.000000,0.000000
33293,35596726520,1056108,0,0,1822,0,0.000000,16384,1602,56108,4,1.000000,0.000000
33294,35597784356,1057836,0,0,1804,0,0.000000,16384,1592,57836,4,1.000000,0.000000
33295,35598841418,1057062,0,0,1825,0,0.000000,16384,1648,57062,4,1.000000,0.000000
33296,35599897646,1056228,0,0,1826,0,0.000000,16384,1649,56228,4,1.000000,0.000000
33297,35600953612,1055966,0,0,1822,0,0.000000,16384,1600,55966,4,1.000000,0.000000
33298,35602012710,1059098,0,0,1710,0,0.000000,16384,1505,59098,4,1.000000,0.000000
33299,35603070788,1058078,0,0,1827,0,0.000000,16384,1649,58078,4,1.000000,0.000000
33300,35604126118,1055330,0,0,1824,0,0.000000,16384,1647,55330,4,1.000000,0.000000
33301,35605190606,1064488,0,0,1836,0,0.000000,16384,1612,64488,4,1.000000,0.000000
33302,35606247447,1056841,0,0,1824,0,0.000000,16384,1604,56841,4,1.000000,0.000000
33303,35607303944,1056497,0,0,1825,0,0.000000,16384,1639,56497,4,1.000000,0.000000
33304,35608359707,1055763,0,0,1810,0,0.000000,16384,1636,55763,4,1.000000,0.000000
33305,35609415852,1056145,0,0,1823,0,0.000000,16384,1619,56145,4,1.000000,0.000000
33306,35610472630,1056778,0,0,1824,0,0.000000,16384,1604,56778,4,1.000000,0.000000
33307,35611531738,1059108,0,0,1706,0,0.000000,16384,1526,59108,4,1.000000,0.000000
33308,35612589418,1057680,0,0,1720,0,0.000000,16384,1560,57680,4,1.000000,0.000000
33309,35613646654,1057236,0,0,1674,0,0.000000,16384,1454,57236,4,1.000000,0.000000
33310,35614672243,1025589,0,0,1692,0,0.000000,16384,1524,25589,4,1.000000,0.000000
33311,35615751177,1078934,0,0,1842,0,0.000000,16384,1661,78934,4,1.000000,0.000000
33312,35616807325,1056148,0,0,1824,0,0.000000,16384,1609,56148,4,1.000000,0.000000
33313,35617864082,1056757,0,0,1823,0,0.000000,16384,1603,56757,4,1.000000,0.000000
33314,35618920291,1056209,0,0,1823,0,0.000000,16384,1632,56209,4,1.000000,0.000000
33315,35619976963,1056672,0,0,1790,0,0.000000,16384,1619,56672,4,1.000000,0.000000
33316,35621034078,1057115,0,0,1819,0,0.000000,16384,1542,57115,4,1.000000,0.000000
33317,35622091973,1057895,0,0,1760,0,0.000000,16384,1596,57895,4,1.000000,0.000000
33318,35623149511,1057538,0,0,1828,0,0.000000,16384,1622,57538,4,1.000000,0.000000
33319,35624205883,1056372,0,0,1800,0,0.000000,16384,1580,56372,4,1.000000,0.000000
33320,35625264044,1058161,0,0,1826,0,0.000000,16384,1629,58161,4,1.000000,0.000000
33321,35626328421,1064377,0,0,1837,0,0.000000,16384,1657,64377,4,1.000000,0.000000
33322,35627385220,1056799,0,0,1824,0,0.000000,16384,1636,56799,4,1.000000,0.000000
33323,35628441739,1056519,0,0,1821,0,0.000000,16384,1601,56519,4,1.000000,0.000000
33324,35629497385,1055646,0,0,1821,0,0.000000,16384,1604,55646,4,1.000000,0.000000
33325,35630553189,1055804,0,0,1823,0,0.000000,16384,1645,55804,4,1.000000,0.000000
33326,35631609094,1055905,0,0,1823,0,0.000000,16384,1646,55905,4,1.000000,0.000000
33327,35632664825,1055731,0,0,1822,0,0.000000,16384,1607,55731,4,1.000000,0.000000
33328,35633723401,1058576,0,0,1696,0,0.000000,16384,1488,58576,4,1.000000,0.000000
33329,35634779481,1056080,0,0,1824,0,0.000000,16384,1647,56080,4,1.000000,0.000000
33330,35635835145,1055664,0,0,1824,0,0.000000,16384,1647,55664,4,1.000000,0.000000
33331,35636894277,1059132,0,0,1811,0,0.000000,16384,1589,59132,4,1.000000,0.000000
33332,35637950297,1056020,0,0,1821,0,0.000000,16384,1601,56020,4,1.000000,0.000000
33333,35639006061,1055764,0,0,1822,0,0.000000,16384,1640,55764,4,1.000000,0.000000
33334,35640061647,1055586,0,0,1822,0,0.000000,16384,1645,55586,4,1.000000,0.000000
33335,35641117966,1056319,0,0,1755,0,0.000000,16384,1550,56319,4,1.000000,0.000000
33336,35642180712,1062746,0,0,1582,0,0.000000,16384,1400,62746,4,1.000000,0.000000
33337,35643250193,1069481,0,0,1453,0,0.000000,16384,1303,69481,4,1.000000,0.000000
33338,35644317174,1066981,0,0,1473,0,0.000000,16384,1319,66981,4,1.000000,0.000000
33339,35645500524,1183350,0,0,1555,0,0.000000,16384,1373,183350,4,1.000000,0.000000
33340,35646568912,1068388,0,0,1482,0,0.000000,16384,1337,68388,4,1.000000,0.000000
33341,35647656922,1088010,0,0,1520,0,0.000000,16384,1329,88010,4,1.000000,0.000000
33342,35648673419,1016497,0,0,1434,0,0.000000,16384,1317,16497,4,1.000000,0.000000
33343,35649733676,1060257,0,0,1499,0,0.000000,16384,1291,60257,4,1.000000,0.000000
33344,35650794798,1061122,0,0,1497,0,0.000000,16384,1370,61122,4,1.000000,0.000000
33345,35651854339,1059541,0,0,1499,0,0.000000,16384,1308,59541,4,1.000000,0.000000
33346,35652912430,1058091,0,0,1499,0,0.000000,16384,1353,58091,4,1.000000,0.000000
33347,35653972786,1060356,0,0,1495,0,0.000000,16384,1323,60356,4,1.000000,0.000000
33348,35655031590,1058804,0,0,1530,0,0.000000,16384,1366,58804,4,1.000000,0.000000
33349,35656090776,1059186,0,0,1603,0,0.000000,16384,1421,59186,4,1.000000,0.000000
33350,35657148380,1057604,0,0,1596,0,0.000000,16384,1443,57604,4,1.000000,0.000000
33351,35658236697,1088317,0,0,1476,0,0.000000,16384,1295,88317,4,1.000000,0.000000
33352,35659300030,1063333,0,0,1496,0,0.000000,16384,1341,63333,4,1.000000,0.000000
33353,35660359447,1059417,0,0,1501,0,0.000000,16384,1338,59417,4,1.000000,0.000000
33354,35661420980,1061533,0,0,1564,0,0.000000,16384,1391,61533,4,1.000000,0.000000
33355,35662485154,1064174,0,0,1567,0,0.000000,16384,1394,64174,4,1.000000,0.000000
33356,35663757633,1272479,0,0,1790,0,0.000000,16384,1620,272479,4,1.000000,0.000000
33357,35664827895,1070262,0,0,1407,0,0.000000,16384,1219,70262,4,1.000000,0.000000
33358,35665898463,1070568,0,0,1488,0,0.000000,16384,1346,70568,4,1.000000,0.000000
33359,35666961358,1062895,0,0,1559,0,0.000000,16384,1372,62895,4,1.000000,0.000000
33360,35668018171,1056813,0,0,1626,0,0.000000,16384,1478,56813,4,1.000000,0.000000
33361,35669108810,1090639,0,0,1855,0,0.000000,16384,1635,90639,4,1.000000,0.000000
33362,35670168786,1059976,0,0,1812,0,0.000000,16384,1588,59976,4,1.000000,0.000000
33363,35671232150,1063364,0,0,1631,0,0.000000,16384,1494,63364,4,1.000000,0.000000
33364,35672292268,1060118,0,0,1813,0,0.000000,16384,1610,60118,4,1.000000,0.000000
33365,35673349216,1056948,0,0,1810,0,0.000000,16384,1590,56948,4,1.000000,0.000000
33366,35674404913,1055697,0,0,1809,0,0.000000,16384,1613,55697,4,1.000000,0.000000
33367,35675462358,1057445,0,0,1822,0,0.000000,16384,1645,57445,4,1.000000,0.000000
33368,35676521194,1058836,0,0,1806,0,0.000000,16384,1615,58836,4,1.000000,0.000000
33369,35677578341,1057147,0,0,1821,0,0.000000,16384,1600,57147,4,1.000000,0.000000
33370,35678634682,1056341,0,0,1820,0,0.000000,16384,1611,56341,4,1.000000,0.000000
33371,35679670700,1036018,0,0,1782,0,0.000000,16384,1612,36018,4,1.000000,0.000000
33372,35680726571,1055871,0,0,1821,0,0.000000,16384,1636,55871,4,1.000000,0.000000
33373,35681788985,1062414,0,0,1668,0,0.000000,16384,1449,62414,4,1.000000,0.000000
33374,35682853164,1064179,0,0,1411,0,0.000000,16384,1294,64179,4,1.000000,0.000000
33375,35683957186,1104022,0,0,1609,0,0.000000,16384,1390,104022,4,1.000000,0.000000
33376,35685022017,1064831,0,0,1549,0,0.000000,16384,1427,64831,4,1.000000,0.000000
33377,35686084907,1062890,0,0,1599,0,0.000000,16384,1385,62890,4,1.000000,0.000000
33378,35687141836,1056929,0,0,1718,0,0.000000,16384,1549,56929,4,1.000000,0.000000
33379,35688198801,1056965,0,0,1811,0,0.000000,16384,1636,56965,4,1.000000,0.000000
33380,35689249121,1050320,0,0,1780,0,0.000000,16384,1564,50320,4,1.000000,0.000000
33381,35690324954,1075833,0,0,1680,0,0.000000,16384,1485,75833,4,1.000000,0.000000
33382,35691382886,1057932,0,0,1662,0,0.000000,16384,1517,57932,4,1.000000,0.000000
33383,35692472654,1089768,0,0,1825,0,0.000000,16384,1601,89768,4,1.000000,0.000000
33384,35693563565,1090911,0,0,1841,0,0.000000,16384,1621,90911,4,1.000000,0.000000
33385,35694653728,1090163,0,0,1854,0,0.000000,16384,1662,90163,4,1.000000,0.000000
33386,35695704568,1050840,0,0,1721,0,0.000000,16384,1564,50840,4,1.000000,0.000000
33387,35696769422,1064854,0,0,1814,0,0.000000,16384,1599,64854,4,1.000000,0.000000
33388,35697832354,1062932,0,0,1583,0,0.000000,16384,1399,62932,4,1.000000,0.000000
33389,35698892811,1060457,0,0,1692,0,0.000000,16384,1540,60457,4,1.000000,0.000000
33390,35699949764,1056953,0,0,1820,0,0.000000,16384,1597,56953,4,1.000000,0.000000
33391,35701019100,1069336,0,0,1910,0,0.000000,16384,1689,69336,4,1.000000,0.000000
33392,35702081828,1062728,0,0,1800,0,0.000000,16384,1607,62728,4,1.000000,0.000000
33393,35703141434,1059606,0,0,1823,0,0.000000,16384,1645,59606,4,1.000000,0.000000
33394,35704199128,1057694,0,0,1809,0,0.000000,16384,1616,57694,4,1.000000,0.000000
33395,35705255560,1056432,0,0,1824,0,0.000000,16384,1604,56432,4,1.000000,0.000000
33396,35706311245,1055685,0,0,1824,0,0.000000,16384,1614,55685,4,1.000000,0.000000
33397,35707368674,1057429,0,0,1815,0,0.000000,16384,1639,57429,4,1.000000,0.000000
33398,35708425710,1057036,0,0,1825,0,0.000000,16384,1647,57036,4,1.000000,0.000000
33399,35709481822,1056112,0,0,1808,0,0.000000,16384,1588,56112,4,1.000000,0.000000
33400,35710537727,1055905,0,0,1822,0,0.000000,16384,1597,55905,4,1.000000,0.000000
33401,35711603495,1065768,0,0,1838,0,0.000000,16384,1658,65768,4,1.000000,0.000000
33402,35712659156,1055661,0,0,1822,0,0.000000,16384,1645,55661,4,1.000000,0.000000
33403,35713672025,1012869,0,0,1724,0,0.000000,16384,1519,12869,4,1.000000,0.000000
33404,35714731362,1059337,0,0,1585,0,0.000000,16384,1409,59337,4,1.000000,0.000000
33405,35715789586,1058224,0,0,1817,0,0.000000,16384,1640,58224,4,1.000000,0.000000
33406,35716846497,1056911,0,0,1826,0,0.000000,16384,1618,56911,4,1.000000,0.000000
33407,35717903299,1056802,0,0,1807,0,0.000000,16384,1587,56802,4,1.000000,0.000000
33408,35718958915,1055616,0,0,1824,0,0.000000,16384,1628,55616,4,1.000000,0.000000
33409,35720015041,1056126,0,0,1826,0,0.000000,16384,1648,56126,4,1.000000,0.000000
33410,35721071018,1055977,0,0,1824,0,0.000000,16384,1634,55977,4,1.000000,0.000000
33411,35722146608,1075590,0,0,1776,0,0.000000,16384,1556,75590,4,1.000000,0.000000
33412,35723205951,1059343,0,0,1816,0,0.000000,16384,1612,59343,4,1.000000,0.000000
33413,35724262776,1056825,0,0,1736,0,0.000000,16384,1576,56825,4,1.000000,0.000000
33414,35725318633,1055857,0,0,1772,0,0.000000,16384,1572,55857,4,1.000000,0.000000
33415,35726374551,1055918,0,0,1822,0,0.000000,16384,1602,55918,4,1.000000,0.000000
33416,35727431629,1057078,0,0,1826,0,0.000000,16384,1630,57078,4,1.000000,0.000000
33417,35728489214,1057585,0,0,1804,0,0.000000,16384,1630,57585,4,1.000000,0.000000
33418,35729545904,1056690,0,0,1826,0,0.000000,16384,1632,56690,4,1.000000,0.000000
33419,35730601945,1056041,0,0,1810,0,0.000000,16384,1590,56041,4,1.000000,0.000000
33420,35731657601,1055656,0,0,1811,0,0.000000,16384,1604,55656,4,1.000000,0.000000
33421,35732724303,1066702,0,0,1837,0,0.000000,16384,1657,66702,4,1.000000,0.000000
33422,35733781213,1056910,0,0,1813,0,0.000000,16384,1636,56910,4,1.000000,0.000000
33423,35734837093,1055880,0,0,1822,0,0.000000,16384,1599,55880,4,1.000000,0.000000
33424,35735892936,1055843,0,0,1821,0,0.000000,16384,1599,55843,4,1.000000,0.000000
33425,35736948788,1055852,0,0,1823,0,0.000000,16384,1644,55852,4,1.000000,0.000000
33426,35738004185,1055397,0,0,1823,0,0.000000,16384,1646,55397,4,1.000000,0.000000
33427,35739059703,1055518,0,0,1813,0,0.000000,16384,1606,55518,4,1.000000,0.000000
33428,35740118161,1058458,0,0,1772,0,0.000000,16384,1552,58458,4,1.000000,0.000000
33429,35741177889,1059728,0,0,1763,0,0.000000,16384,1588,59728,4,1.000000,0.000000
33430,35742238485,1060596,0,0,1664,0,0.000000,16384,1499,60596,4,1.000000,0.000000
33431,35743306586,1068101,0,0,1739,0,0.000000,16384,1519,68101,4,1.000000,0.000000
33432,35744363073,1056487,0,0,1779,0,0.000000,16384,1596,56487,4,1.000000,0.000000
33433,35745419796,1056723,0,0,1817,0,0.000000,16384,1640,56723,4,1.000000,0.000000
33434,35746478050,1058254,0,0,1785,0,0.000000,16384,1581,58254,4,1.000000,0.000000
33435,35747583599,1105549,0,0,1717,0,0.000000,16384,1502,105549,4,1.000000,0.000000
33436,35748677216,1093617,0,0,1839,0,0.000000,16384,1658,93617,4,1.000000,0.000000
33437,35749706833,1029617,0,0,1757,0,0.000000,16384,1593,29617,4,1.000000,0.000000
33438,35750769837,1063004,0,0,1813,0,0.000000,16384,1590,63004,4,1.000000,0.000000
33439,35751833389,1063552,0,0,1802,0,0.000000,16384,1581,63552,4,1.000000,0.000000
33440,35752897201,1063812,0,0,1793,0,0.000000,16384,1623,63812,4,1.000000,0.000000
33441,35753971668,1074467,0,0,1702,0,0.000000,16384,1531,74467,4,1.000000,0.000000
33442,35755030726,1059058,0,0,1812,0,0.000000,16384,1593,59058,4,1.000000,0.000000
33443,35756087204,1056478,0,0,1821,0,0.000000,16384,1612,56478,4,1.000000,0.000000
33444,35757142941,1055737,0,0,1822,0,0.000000,16384,1645,55737,4,1.000000,0.000000
33445,35758198971,1056030,0,0,1822,0,0.000000,16384,1644,56030,4,1.000000,0.000000
33446,35759260539,1061568,0,0,1591,0,0.000000,16384,1371,61568,4,1.000000,0.000000
33447,35760322475,1061936,0,0,1660,0,0.000000,16384,1511,61936,4,1.000000,0.000000
33448,35761382816,1060341,0,0,1588,0,0.000000,16384,1401,60341,4,1.000000,0.000000
33449,35762442191,1059375,0,0,1562,0,0.000000,16384,1400,59375,4,1.000000,0.000000
33450,35763529970,1087779,0,0,1668,0,0.000000,16384,1490,87779,4,1.000000,0.000000
33451,35764607606,1077636,0,0,1543,0,0.000000,16384,1360,77636,4,1.000000,0.000000
33452,35765671517,1063911,0,0,1556,0,0.000000,16384,1403,63911,4,1.000000,0.000000
33453,35766732532,1061015,0,0,1557,0,0.000000,16384,1368,61015,4,1.000000,0.000000
33454,35767792672,1060140,0,0,1552,0,0.000000,16384,1405,60140,4,1.000000,0.000000
33455,35768851361,1058689,0,0,1556,0,0.000000,16384,1362,58689,4,1.000000,0.000000
33456,35769909780,1058419,0,0,1537,0,0.000000,16384,1395,58419,4,1.000000,0.000000
33457,35770967196,1057416,0,0,1577,0,0.000000,16384,1377,57416,4,1.000000,0.000000
33458,35772024669,1057473,0,0,1661,0,0.000000,16384,1516,57473,4,1.000000,0.000000
33459,35773081234,1056565,0,0,1659,0,0.000000,16384,1448,56565,4,1.000000,0.000000
33460,35774141846,1060612,0,0,1630,0,0.000000,16384,1464,60612,4,1.000000,0.000000
33461,35775228790,1086944,0,0,1840,0,0.000000,16384,1660,86944,4,1.000000,0.000000
33462,35776289862,1061072,0,0,1827,0,0.000000,16384,1609,61072,4,1.000000,0.000000
33463,35777351120,1061258,0,0,1821,0,0.000000,16384,1601,61258,4,1.000000,0.000000
33464,35778408671,1057551,0,0,1828,0,0.000000,16384,1638,57551,4,1.000000,0.000000
33465,35779465957,1057286,0,0,1816,0,0.000000,16384,1640,57286,4,1.000000,0.000000
33466,35780523561,1057604,0,0,1747,0,0.000000,16384,1549,57604,4,1.000000,0.000000
33467,35781581451,1057890,0,0,1823,0,0.000000,16384,1603,57890,4,1.000000,0.000000
33468,35782640606,1059155,0,0,1687,0,0.000000,16384,1522,59155,4,1.000000,0.000000
33469,35783671971,1031365,0,0,1618,0,0.000000,16384,1442,31365,4,1.000000,0.000000
33470,35784729949,1057978,0,0,1810,0,0.000000,16384,1591,57978,4,1.000000,0.000000
33471,35785803284,1073335,0,0,1824,0,0.000000,16384,1636,73335,4,1.000000,0.000000
33472,35786866414,1063130,0,0,1613,0,0.000000,16384,1461,63130,4,1.000000,0.000000
33473,35787926835,1060421,0,0,1818,0,0.000000,16384,1598,60421,4,1.000000,0.000000
33474,35788982988,1056153,0,0,1824,0,0.000000,16384,1614,56153,4,1.000000,0.000000
33475,35790039670,1056682,0,0,1825,0,0.000000,16384,1647,56682,4,1.000000,0.000000
33476,35791097158,1057488,0,0,1828,0,0.000000,16384,1651,57488,4,1.000000,0.000000
33477,35792154288,1057130,0,0,1825,0,0.000000,16384,1602,57130,4,1.000000,0.000000
33478,35793210306,1056018,0,0,1802,0,0.000000,16384,1582,56018,4,1.000000,0.000000
33479,35794266245,1055939,0,0,1823,0,0.000000,16384,1642,55939,4,1.000000,0.000000
33480,35795321915,1055670,0,0,1815,0,0.000000,16384,1640,55670,4,1.000000,0.000000
33481,35796388299,1066384,0,0,1830,0,0.000000,16384,1622,66384,4,1.000000,0.000000
33482,35797444864,1056565,0,0,1807,0,0.000000,16384,1587,56565,4,1.000000,0.000000
33483,35798502676,1057812,0,0,1822,0,0.000000,16384,1626,57812,4,1.000000,0.000000
33484,35799559084,1056408,0,0,1823,0,0.000000,16384,1645,56408,4,1.000000,0.000000
33485,35800615065,1055981,0,0,1822,0,0.000000,16384,1632,55981,4,1.000000,0.000000
33486,35801670525,1055460,0,0,1747,0,0.000000,16384,1527,55460,4,1.000000,0.000000
33487,35802731288,1060763,0,0,1693,0,0.000000,16384,1519,60763,4,1.000000,0.000000
33488,35803790618,1059330,0,0,1680,0,0.000000,16384,1514,59330,4,1.000000,0.000000
33489,35804846948,1056330,0,0,1822,0,0.000000,16384,1602,56330,4,1.000000,0.000000
33490,35805902864,1055916,0,0,1822,0,0.000000,16384,1611,55916,4,1.000000,0.000000
33491,35806970777,1067913,0,0,1820,0,0.000000,16384,1643,67913,4,1.000000,0.000000
33492,35808031215,1060438,0,0,1829,0,0.000000,16384,1653,60438,4,1.000000,0.000000
33493,35809089342,1058127,0,0,1669,0,0.000000,16384,1449,58127,4,1.000000,0.000000
33494,35810146221,1056879,0,0,1792,0,0.000000,16384,1598,56879,4,1.000000,0.000000
33495,35811202431,1056210,0,0,1813,0,0.000000,16384,1638,56210,4,1.000000,0.000000
33496,35812261519,1059088,0,0,1762,0,0.000000,16384,1567,59088,4,1.000000,0.000000
33497,35813317979,1056460,0,0,1812,0,0.000000,16384,1592,56460,4,1.000000,0.000000
33498,35814374276,1056297,0,0,1683,0,0.000000,16384,1515,56297,4,1.000000,0.000000
33499,35815430906,1056630,0,0,1764,0,0.000000,16384,1592,56630,4,1.000000,0.000000
33500,35816487262,1056356,0,0,1822,0,0.000000,16384,1602,56356,4,1.000000,0.000000
33501,35817551766,1064504,0,0,1836,0,0.000000,16384,1612,64504,4,1.000000,0.000000
33502,35818608576,1056810,0,0,1803,0,0.000000,16384,1629,56810,4,1.000000,0.000000
33503,35819665289,1056713,0,0,1813,0,0.000000,16384,1637,56713,4,1.000000,0.000000
33504,35820723517,1058228,0,0,1822,0,0.000000,16384,1608,58228,4,1.000000,0.000000
33505,35821779304,1055787,0,0,1820,0,0.000000,16384,1600,55787,4,1.000000,0.000000
33506,35822839610,1060306,0,0,1700,0,0.000000,16384,1533,60306,4,1.000000,0.000000
33507,35823899029,1059419,0,0,1629,0,0.000000,16384,1456,59419,4,1.000000,0.000000
33508,35824955835,1056806,0,0,1692,0,0.000000,16384,1483,56806,4,1.000000,0.000000
33509,35826011819,1055984,0,0,1810,0,0.000000,16384,1635,55984,4,1.000000,0.000000
33510,35827067018,1055199,0,0,1813,0,0.000000,16384,1637,55199,4,1.000000,0.000000
33511,35828141932,1074914,0,0,1853,0,0.000000,16384,1629,74914,4,1.000000,0.000000
33512,35829198286,1056354,0,0,1823,0,0.000000,16384,1603,56354,4,1.000000,0.000000
33513,35830254041,1055755,0,0,1824,0,0.000000,16384,1636,55755,4,1.000000,0.000000
33514,35831309654,1055613,0,0,1825,0,0.000000,16384,1648,55613,4,1.000000,0.000000
33515,35832366154,1056500,0,0,1801,0,0.000000,16384,1602,56500,4,1.000000,0.000000
33516,35833422295,1056141,0,0,1822,0,0.000000,16384,1602,56141,4,1.000000,0.000000
33517,35834478216,1055921,0,0,1812,0,0.000000,16384,1612,55921,4,1.000000,0.000000
33518,35835534228,1056012,0,0,1809,0,0.000000,16384,1564,56012,4,1.000000,0.000000
33519,35836589993,1055765,0,0,1821,0,0.000000,16384,1615,55765,4,1.000000,0.000000
33520,35837645838,1055845,0,0,1824,0,0.000000,16384,1646,55845,4,1.000000,0.000000
33521,35838670570,1024732,0,0,1765,0,0.000000,16384,1585,24732,4,1.000000,0.000000
33522,35839726374,1055804,0,0,1820,0,0.000000,16384,1600,55804,4,1.000000,0.000000
33523,35840783483,1057109,0,0,1824,0,0.000000,16384,1610,57109,4,1.000000,0.000000
33524,35841842354,1058871,0,0,1751,0,0.000000,16384,1588,58871,4,1.000000,0.000000
33525,35842901773,1059419,0,0,1663,0,0.000000,16384,1475,59419,4,1.000000,0.000000
33526,35843959515,1057742,0,0,1824,0,0.000000,16384,1605,57742,4,1.000000,0.000000
33527,35845020546,1061031,0,0,1693,0,0.000000,16384,1532,61031,4,1.000000,0.000000
33528,35846079772,1059226,0,0,1702,0,0.000000,16384,1523,59226,4,1.000000,0.000000
33529,35847136774,1057002,0,0,1759,0,0.000000,16384,1538,57002,4,1.000000,0.000000
33530,35848195184,1058410,0,0,1818,0,0.000000,16384,1630,58410,4,1.000000,0.000000
33531,35849263095,1067911,0,0,1835,0,0.000000,16384,1656,67911,4,1.000000,0.000000
33532,35850320391,1057296,0,0,1818,0,0.000000,16384,1622,57296,4,1.000000,0.000000
33533,35851377133,1056742,0,0,1811,0,0.000000,16384,1591,56742,4,1.000000,0.000000
33534,35852432791,1055658,0,0,1822,0,0.000000,16384,1615,55658,4,1.000000,0.000000
33535,35853488484,1055693,0,0,1824,0,0.000000,16384,1647,55693,4,1.000000,0.000000
33536,35854544194,1055710,0,0,1823,0,0.000000,16384,1643,55710,4,1.000000,0.000000
33537,35855601005,1056811,0,0,1824,0,0.000000,16384,1602,56811,4,1.000000,0.000000
33538,35856662661,1061656,0,0,1620,0,0.000000,16384,1436,61656,4,1.000000,0.000000
33539,35857726650,1063989,0,0,1808,0,0.000000,16384,1633,63989,4,1.000000,0.000000
33540,35858782147,1055497,0,0,1804,0,0.000000,16384,1601,55497,4,1.000000,0.000000
33541,35859851623,1069476,0,0,1640,0,0.000000,16384,1436,69476,4,1.000000,0.000000
33542,35860910657,1059034,0,0,1819,0,0.000000,16384,1642,59034,4,1.000000,0.000000
33543,35861967392,1056735,0,0,1781,0,0.000000,16384,1602,56735,4,1.000000,0.000000
33544,35863026116,1058724,0,0,1678,0,0.000000,16384,1458,58724,4,1.000000,0.000000
33545,35864084903,1058787,0,0,1729,0,0.000000,16384,1559,58787,4,1.000000,0.000000
33546,35865140980,1056077,0,0,1658,0,0.000000,16384,1488,56077,4,1.000000,0.000000
33547,35866198231,1057251,0,0,1814,0,0.000000,16384,1594,57251,4,1.000000,0.000000
33548,35867254692,1056461,0,0,1813,0,0.000000,16384,1614,56461,4,1.000000,0.000000
33549,35868311055,1056363,0,0,1817,0,0.000000,16384,1640,56363,4,1.000000,0.000000
33550,35869366419,1055364,0,0,1822,0,0.000000,16384,1634,55364,4,1.000000,0.000000
33551,35870431930,1065511,0,0,1836,0,0.000000,16384,1616,65511,4,1.000000,0.000000
33552,35871487825,1055895,0,0,1800,0,0.000000,16384,1585,55895,4,1.000000,0.000000
33553,35872543674,1055849,0,0,1823,0,0.000000,16384,1646,55849,4,1.000000,0.000000
33554,35873599529,1055855,0,0,1823,0,0.000000,16384,1644,55855,4,1.000000,0.000000
33555,35874659602,1060073,0,0,1774,0,0.000000,16384,1561,60073,4,1.000000,0.000000
33556,35875671128,1011526,0,0,1729,0,0.000000,16384,1523,11526,4,1.000000,0.000000
33557,35876727421,1056293,0,0,1824,0,0.000000,16384,1647,56293,4,1.000000,0.000000
33558,35877783059,1055638,0,0,1824,0,0.000000,16384,1643,55638,4,1.000000,0.000000
33559,35878840346,1057287,0,0,1800,0,0.000000,16384,1580,57287,4,1.000000,0.000000
33560,35879897287,1056941,0,0,1823,0,0.000000,16384,1602,56941,4,1.000000,0.000000
33561,35880971486,1074199,0,0,1851,0,0.000000,16384,1668,74199,4,1.000000,0.000000
33562,35882029199,1057713,0,0,1825,0,0.000000,16384,1648,57713,4,1.000000,0.000000
33563,35883086860,1057661,0,0,1750,0,0.000000,16384,1543,57661,4,1.000000,0.000000
33564,35884143440,1056580,0,0,1754,0,0.000000,16384,1541,56580,4,1.000000,0.000000
33565,35885199210,1055770,0,0,1812,0,0.000000,16384,1636,55770,4,1.000000,0.000000
33566,35886266692,1067482,0,0,1747,0,0.000000,16384,1576,67482,4,1.000000,0.000000
33567,35887330350,1063658,0,0,1556,0,0.000000,16384,1348,63658,4,1.000000,0.000000
33568,35888426467,1096117,0,0,1821,0,0.000000,16384,1644,96117,4,1.000000,0.000000
33569,35889517149,1090682,0,0,1837,0,0.000000,16384,1656,90682,4,1.000000,0.000000
33570,35890607299,1090150,0,0,1850,0,0.000000,16384,1632,90150,4,1.000000,0.000000
33571,35891712373,1105074,0,0,1842,0,0.000000,16384,1622,105074,4,1.000000,0.000000
33572,35892777373,1065000,0,0,1811,0,0.000000,16384,1617,65000,4,1.000000,0.000000
33573,35893841477,1064104,0,0,1774,0,0.000000,16384,1606,64104,4,1.000000,0.000000
33574,35894905059,1063582,0,0,1794,0,0.000000,16384,1592,63582,4,1.000000,0.000000
33575,35895968942,1063883,0,0,1782,0,0.000000,16384,1562,63883,4,1.000000,0.000000
33576,35897029655,1060713,0,0,1665,0,0.000000,16384,1507,60713,4,1.000000,0.000000
33577,35898091066,1061411,0,0,1868,0,0.000000,16384,1682,61411,4,1.000000,0.000000
33578,35899150226,1059160,0,0,1817,0,0.000000,16384,1597,59160,4,1.000000,0.000000
33579,35900206859,1056633,0,0,1804,0,0.000000,16384,1584,56633,4,1.000000,0.000000
33580,35901264406,1057547,0,0,1794,0,0.000000,16384,1619,57547,4,1.000000,0.000000
33581,35902330310,1065904,0,0,1829,0,0.000000,16384,1650,65904,4,1.000000,0.000000
33582,35903389654,1059344,0,0,1785,0,0.000000,16384,1575,59344,4,1.000000,0.000000
33583,35904480265,1090611,0,0,1960,0,0.000000,16384,1740,90611,4,1.000000,0.000000
33584,35905547627,1067362,0,0,1831,0,0.000000,16384,1614,67362,4,1.000000,0.000000
33585,35906607504,1059877,0,0,1831,0,0.000000,16384,1652,59877,4,1.000000,0.000000
33586,35907664255,1056751,0,0,1816,0,0.000000,16384,1640,56751,4,1.000000,0.000000
33587,35908725485,1061230,0,0,1806,0,0.000000,16384,1590,61230,4,1.000000,0.000000
33588,35909785544,1060059,0,0,1923,0,0.000000,16384,1703,60059,4,1.000000,0.000000
33589,35910845338,1059794,0,0,1822,0,0.000000,16384,1616,59794,4,1.000000,0.000000
33590,35911903704,1058366,0,0,1827,0,0.000000,16384,1648,58366,4,1.000000,0.000000
33591,35912969826,1066122,0,0,1825,0,0.000000,16384,1646,66122,4,1.000000,0.000000
33592,35914026140,1056314,0,0,1822,0,0.000000,16384,1600,56314,4,1.000000,0.000000
33593,35915083408,1057268,0,0,1732,0,0.000000,16384,1526,57268,4,1.000000,0.000000
33594,35916139363,1055955,0,0,1812,0,0.000000,16384,1636,55955,4,1.000000,0.000000
33595,35917194538,1055175,0,0,1809,0,0.000000,16384,1629,55175,4,1.000000,0.000000
33596,35918250662,1056124,0,0,1820,0,0.000000,16384,1600,56124,4,1.000000,0.000000
33597,35919306882,1056220,0,0,1820,0,0.000000,16384,1598,56220,4,1.000000,0.000000
33598,35920367851,1060969,0,0,1734,0,0.000000,16384,1575,60969,4,1.000000,0.000000
33599,35921430894,1063043,0,0,1542,0,0.000000,16384,1363,63043,4,1.000000,0.000000
33600,35922491461,1060567,0,0,1630,0,0.000000,16384,1455,60567,4,1.000000,0.000000
33601,35923563651,1072190,0,0,1643,0,0.000000,16384,1478,72190,4,1.000000,0.000000
33602,35924624233,1060582,0,0,1796,0,0.000000,16384,1576,60582,4,1.000000,0.000000
33603,35925673240,1049007,0,0,1790,0,0.000000,16384,1598,49007,4,1.000000,0.000000
33604,35926730899,1057659,0,0,1808,0,0.000000,16384,1633,57659,4,1.000000,0.000000
33605,35927787903,1057004,0,0,1824,0,0.000000,16384,1627,57004,4,1.000000,0.000000
33606,35928843403,1055500,0,0,1820,0,0.000000,16384,1600,55500,4,1.000000,0.000000
33607,35929899376,1055973,0,0,1822,0,0.000000,16384,1614,55973,4,1.000000,0.000000
33608,35930959692,1060316,0,0,1682,0,0.000000,16384,1533,60316,4,1.000000,0.000000
33609,35932020083,1060391,0,0,1585,0,0.000000,16384,1382,60391,4,1.000000,0.000000
33610,35933078806,1058723,0,0,1627,0,0.000000,16384,1468,58723,4,1.000000,0.000000
33611,35934158652,1079846,0,0,1608,0,0.000000,16384,1427,79846,4,1.000000,0.000000
33612,35935214858,1056206,0,0,1739,0,0.000000,16384,1532,56206,4,1.000000,0.000000
33613,35936261911,1047053,0,0,1780,0,0.000000,16384,1611,47053,4,1.000000,0.000000
33614,35937323713,1061802,0,0,1665,0,0.000000,16384,1480,61802,4,1.000000,0.000000
33615,35938381612,1057899,0,0,1663,0,0.000000,16384,1463,57899,4,1.000000,0.000000
33616,35939440267,1058655,0,0,1665,0,0.000000,16384,1519,58655,4,1.000000,0.000000
33617,35940529199,1088932,0,0,1833,0,0.000000,16384,1620,88932,4,1.000000,0.000000
33618,35941591097,1061898,0,0,1755,0,0.000000,16384,1535,61898,4,1.000000,0.000000
33619,35942649203,1058106,0,0,1808,0,0.000000,16384,1630,58106,4,1.000000,0.000000
33620,35943673142,1023939,0,0,1692,0,0.000000,16384,1530,23939,4,1.000000,0.000000
33621,35944739605,1066463,0,0,1819,0,0.000000,16384,1598,66463,4,1.000000,0.000000
33622,35945802644,1063039,0,0,1643,0,0.000000,16384,1463,63039,4,1.000000,0.000000
33623,35946865818,1063174,0,0,1696,0,0.000000,16384,1537,63174,4,1.000000,0.000000
33624,35947924189,1058371,0,0,1819,0,0.000000,16384,1599,58371,4,1.000000,0.000000
33625,35948983602,1059413,0,0,1821,0,0.000000,16384,1601,59413,4,1.000000,0.000000
33626,35950040962,1057360,0,0,1826,0,0.000000,16384,1648,57360,4,1.000000,0.000000
33627,35951098654,1057692,0,0,1826,0,0.000000,16384,1648,57692,4,1.000000,0.000000
33628,35952155002,1056348,0,0,1806,0,0.000000,16384,1594,56348,4,1.000000,0.000000
33629,35953210942,1055940,0,0,1822,0,0.000000,16384,1602,55940,4,1.000000,0.000000
33630,35954266545,1055603,0,0,1822,0,0.000000,16384,1632,55603,4,1.000000,0.000000
33631,35955334024,1067479,0,0,1844,0,0.000000,16384,1662,67479,4,1.000000,0.000000
33632,35956390283,1056259,0,0,1811,0,0.000000,16384,1619,56259,4,1.000000,0.000000
33633,35957445926,1055643,0,0,1821,0,0.000000,16384,1601,55643,4,1.000000,0.000000
33634,35958501719,1055793,0,0,1823,0,0.000000,16384,1612,55793,4,1.000000,0.000000
33635,35959557630,1055911,0,0,1805,0,0.000000,16384,1632,55911,4,1.000000,0.000000
33636,35960617203,1059573,0,0,1598,0,0.000000,16384,1418,59573,4,1.000000,0.000000
33637,35961673197,1055994,0,0,1798,0,0.000000,16384,1577,55994,4,1.000000,0.000000
33638,35962730657,1057460,0,0,1818,0,0.000000,16384,1643,57460,4,1.000000,0.000000
33639,35963790230,1059573,0,0,1605,0,0.000000,16384,1441,59573,4,1.000000,0.000000
33640,35964851414,1061184,0,0,1650,0,0.000000,16384,1445,61184,4,1.000000,0.000000
33641,35965919211,1067797,0,0,1794,0,0.000000,16384,1622,67797,4,1.000000,0.000000
33642,35966975236,1056025,0,0,1796,0,0.000000,16384,1613,56025,4,1.000000,0.000000
33643,35968033868,1058632,0,0,1762,0,0.000000,16384,1542,58632,4,1.000000,0.000000
33644,35969091820,1057952,0,0,1821,0,0.000000,16384,1616,57952,4,1.000000,0.000000
33645,35970148122,1056302,0,0,1823,0,0.000000,16384,1646,56302,4,1.000000,0.000000
33646,35971205135,1057013,0,0,1823,0,0.000000,16384,1641,57013,4,1.000000,0.000000
33647,35972261423,1056288,0,0,1823,0,0.000000,16384,1603,56288,4,1.000000,0.000000
33648,35973317081,1055658,0,0,1821,0,0.000000,16384,1597,55658,4,1.000000,0.000000
33649,35974373300,1056219,0,0,1824,0,0.000000,16384,1647,56219,4,1.000000,0.000000
33650,35975430781,1057481,0,0,1822,0,0.000000,16384,1645,57481,4,1.000000,0.000000
33651,35976494109,1063328,0,0,1784,0,0.000000,16384,1573,63328,4,1.000000,0.000000
33652,35977550278,1056169,0,0,1822,0,0.000000,16384,1603,56169,4,1.000000,0.000000
33653,35978606440,1056162,0,0,1824,0,0.000000,16384,1636,56162,4,1.000000,0.000000
33654,35979661778,1055338,0,0,1821,0,0.000000,16384,1644,55338,4,1.000000,0.000000
33655,35980670296,1008518,0,0,1737,0,0.000000,16384,1538,8518,4,1.000000,0.000000
33656,35981726472,1056176,0,0,1810,0,0.000000,16384,1590,56176,4,1.000000,0.000000
33657,35982782425,1055953,0,0,1824,0,0.000000,16384,1636,55953,4,1.000000,0.000000
33658,35983841432,1059007,0,0,1664,0,0.000000,16384,1511,59007,4,1.000000,0.000000
33659,35984899194,1057762,0,0,1791,0,0.000000,16384,1572,57762,4,1.000000,0.000000
33660,35985954785,1055591,0,0,1823,0,0.000000,16384,1608,55591,4,1.000000,0.000000
33661,35987029193,1074408,0,0,1854,0,0.000000,16384,1670,74408,4,1.000000,0.000000
33662,35988087798,1058605,0,0,1807,0,0.000000,16384,1632,58605,4,1.000000,0.000000
33663,35989145314,1057516,0,0,1823,0,0.000000,16384,1608,57516,4,1.000000,0.000000
33664,35990201526,1056212,0,0,1822,0,0.000000,16384,1603,56212,4,1.000000,0.000000
33665,35991257595,1056069,0,0,1822,0,0.000000,16384,1632,56069,4,1.000000,0.000000
33666,35992313166,1055571,0,0,1823,0,0.000000,16384,1645,55571,4,1.000000,0.000000
33667,35993369307,1056141,0,0,1822,0,0.000000,16384,1626,56141,4,1.000000,0.000000
33668,35994425199,1055892,0,0,1821,0,0.000000,16384,1601,55892,4,1.000000,0.000000
33669,35995480911,1055712,0,0,1821,0,0.000000,16384,1612,55712,4,1.000000,0.000000
33670,35996536668,1055757,0,0,1821,0,0.000000,16384,1644,55757,4,1.000000,0.000000
33671,35997597599,1060931,0,0,1832,0,0.000000,16384,1654,60931,4,1.000000,0.000000
33672,35998653332,1055733,0,0,1822,0,0.000000,16384,1598,55733,4,1.000000,0.000000
33673,35999670254,1016922,0,0,1752,0,0.000000,16384,1541,16922,4,1.000000,0.000000
33674,36000727597,1057343,0,0,1789,0,0.000000,16384,1619,57343,4,1.000000,0.000000
33675,36001783705,1056108,0,0,1821,0,0.000000,16384,1642,56108,4,1.000000,0.000000
33676,36002839976,1056271,0,0,1822,0,0.000000,16384,1600,56271,4,1.000000,0.000000
33677,36003898832,1058856,0,0,1671,0,0.000000,16384,1477,58856,4,1.000000,0.000000
33678,36004956632,1057800,0,0,1761,0,0.000000,16384,1596,57800,4,1.000000,0.000000
33679,36006012477,1055845,0,0,1822,0,0.000000,16384,1619,55845,4,1.000000,0.000000
33680,36007069018,1056541,0,0,1822,0,0.000000,16384,1602,56541,4,1.000000,0.000000
33681,36008135239,1066221,0,0,1814,0,0.000000,16384,1613,66221,4,1.000000,0.000000
33682,36009192019,1056780,0,0,1825,0,0.000000,16384,1647,56780,4,1.000000,0.000000
33683,36010248321,1056302,0,0,1808,0,0.000000,16384,1623,56302,4,1.000000,0.000000
33684,36011303896,1055575,0,0,1819,0,0.000000,16384,1599,55575,4,1.000000,0.000000
33685,36012362004,1058108,0,0,1778,0,0.000000,16384,1570,58108,4,1.000000,0.000000
33686,36013418994,1056990,0,0,1826,0,0.000000,16384,1648,56990,4,1.000000,0.000000
33687,36014477633,1058639,0,0,1812,0,0.000000,16384,1633,58639,4,1.000000,0.000000
33688,36015536437,1058804,0,0,1743,0,0.000000,16384,1524,58804,4,1.000000,0.000000
33689,36016615031,1078594,0,0,1860,0,0.000000,16384,1643,78594,4,1.000000,0.000000
33690,36017670054,1055023,0,0,1817,0,0.000000,16384,1641,55023,4,1.000000,0.000000
33691,36021580035,3909981,0,0,6707,0,0.000000,16384,5976,2909981,4,1.000000,0.000000
33692,36022637522,1057487,0,0,1705,0,0.000000,16384,1503,57487,4,1.000000,0.000000
33693,36023675368,1037846,0,0,1553,0,0.000000,16384,1419,37846,4,1.000000,0.000000
33694,36024734289,1058921,0,0,1657,0,0.000000,16384,1437,58921,4,1.000000,0.000000
33695,36025791127,1056838,0,0,1681,0,0.000000,16384,1524,56838,4,1.000000,0.000000
33696,36026848090,1056963,0,0,1820,0,0.000000,16384,1637,56963,4,1.000000,0.000000
33697,36027905021,1056931,0,0,1823,0,0.000000,16384,1603,56931,4,1.000000,0.000000
33698,36028962338,1057317,0,0,1811,0,0.000000,16384,1592,57317,4,1.000000,0.000000
33699,36030018302,1055964,0,0,1822,0,0.000000,16384,1644,55964,4,1.000000,0.000000
33700,36031073924,1055622,0,0,1816,0,0.000000,16384,1640,55622,4,1.000000,0.000000
33701,36032136814,1062890,0,0,1835,0,0.000000,16384,1620,62890,4,1.000000,0.000000
33702,36033192437,1055623,0,0,1822,0,0.000000,16384,1601,55623,4,1.000000,0.000000
33703,36034248359,1055922,0,0,1811,0,0.000000,16384,1622,55922,4,1.000000,0.000000
33704,36035304131,1055772,0,0,1824,0,0.000000,16384,1646,55772,4,1.000000,0.000000
33705,36036360077,1055946,0,0,1823,0,0.000000,16384,1627,55946,4,1.000000,0.000000
33706,36037419940,1059863,0,0,1827,0,0.000000,16384,1607,59863,4,1.000000,0.000000
33707,36038480581,1060641,0,0,1831,0,0.000000,16384,1619,60641,4,1.000000,0.000000
33708,36039537072,1056491,0,0,1824,0,0.000000,16384,1646,56491,4,1.000000,0.000000
33709,36040595324,1058252,0,0,1826,0,0.000000,16384,1650,58252,4,1.000000,0.000000
33710,36041654823,1059499,0,0,1777,0,0.000000,16384,1559,59499,4,1.000000,0.000000
33711,36042729140,1074317,0,0,1835,0,0.000000,16384,1611,74317,4,1.000000,0.000000
33712,36043788690,1059550,0,0,1749,0,0.000000,16384,1482,59550,4,1.000000,0.000000
33713,36044852426,1063736,0,0,1676,0,0.000000,16384,1340,63736,4,1.000000,0.000000
33714,36045918126,1065700,0,0,1427,0,0.000000,16384,1154,65700,4,1.000000,0.000000
33715,36046981495,1063369,0,0,1578,0,0.000000,16384,1280,63369,4,1.000000,0.000000
33716,36048039939,1058444,0,0,1656,0,0.000000,16384,1319,58444,4,1.000000,0.000000
33717,36049097410,1057471,0,0,1658,0,0.000000,16384,1339,57471,4,1.000000,0.000000
33718,36050154666,1057256,0,0,1809,0,0.000000,16384,1447,57256,4,1.000000,0.000000
33719,36051211206,1056540,0,0,1816,0,0.000000,16384,1554,56540,4,1.000000,0.000000
33720,36052266872,1055666,0,0,1807,0,0.000000,16384,1633,55666,4,1.000000,0.000000
33721,36053347991,1081119,0,0,1861,0,0.000000,16384,1676,81119,4,1.000000,0.000000
33722,36054406440,1058449,0,0,1827,0,0.000000,16384,1609,58449,4,1.000000,0.000000
33723,36055462524,1056084,0,0,1823,0,0.000000,16384,1603,56084,4,1.000000,0.000000
33724,36056518274,1055750,0,0,1826,0,0.000000,16384,1637,55750,4,1.000000,0.000000
33725,36057574091,1055817,0,0,1824,0,0.000000,16384,1646,55817,4,1.000000,0.000000
33726,36058630809,1056718,0,0,1815,0,0.000000,16384,1618,56718,4,1.000000,0.000000
33727,36059670534,1039725,0,0,1785,0,0.000000,16384,1565,39725,4,1.000000,0.000000
33728,36060764201,1093667,0,0,1810,0,0.000000,16384,1613,93667,4,1.000000,0.000000
33729,36061829174,1064973,0,0,1599,0,0.000000,16384,1456,64973,4,1.000000,0.000000
33730,36062890609,1061435,0,0,1668,0,0.000000,16384,1448,61435,4,1.000000,0.000000
33731,36063965533,1074924,0,0,1655,0,0.000000,16384,1502,74924,4,1.000000,0.000000
33732,36065027829,1062296,0,0,1659,0,0.000000,16384,1472,62296,4,1.000000,0.000000
33733,36066090485,1062656,0,0,1651,0,0.000000,16384,1457,62656,4,1.000000,0.000000
33734,36067149395,1058910,0,0,1667,0,0.000000,16384,1520,58910,4,1.000000,0.000000
33735,36068208054,1058659,0,0,1663,0,0.000000,16384,1447,58659,4,1.000000,0.000000
33736,36069265824,1057770,0,0,1662,0,0.000000,16384,1494,57770,4,1.000000,0.000000
33737,36070322557,1056733,0,0,1664,0,0.000000,16384,1493,56733,4,1.000000,0.000000
33738,36071378497,1055940,0,0,1660,0,0.000000,16384,1447,55940,4,1.000000,0.000000
33739,36072435168,1056671,0,0,1664,0,0.000000,16384,1519,56671,4,1.000000,0.000000
33740,36073491772,1056604,0,0,1662,0,0.000000,16384,1464,56604,4,1.000000,0.000000
33741,36074560384,1068612,0,0,1680,0,0.000000,16384,1490,68612,4,1.000000,0.000000
33742,36075616513,1056129,0,0,1701,0,0.000000,16384,1549,56129,4,1.000000,0.000000
33743,36076670375,1053862,0,0,1815,0,0.000000,16384,1593,53862,4,1.000000,0.000000
33744,36077725997,1055622,0,0,1822,0,0.000000,16384,1602,55622,4,1.000000,0.000000
33745,36078781837,1055840,0,0,1824,0,0.000000,16384,1641,55840,4,1.000000,0.000000
33746,36079838607,1056770,0,0,1720,0,0.000000,16384,1563,56770,4,1.000000,0.000000
33747,36080901208,1062601,0,0,1563,0,0.000000,16384,1343,62601,4,1.000000,0.000000
33748,36081961289,1060081,0,0,1735,0,0.000000,16384,1576,60081,4,1.000000,0.000000
33749,36083020114,1058825,0,0,1769,0,0.000000,16384,1588,58825,4,1.000000,0.000000
33750,36084078350,1058236,0,0,1678,0,0.000000,16384,1458,58236,4,1.000000,0.000000
33751,36085151951,1073601,0,0,1841,0,0.000000,16384,1653,73601,4,1.000000,0.000000
33752,36086208918,1056967,0,0,1825,0,0.000000,16384,1647,56967,4,1.000000,0.000000
33753,36087265220,1056302,0,0,1823,0,0.000000,16384,1625,56302,4,1.000000,0.000000
33754,36088321495,1056275,0,0,1702,0,0.000000,16384,1482,56275,4,1.000000,0.000000
33755,36089377773,1056278,0,0,1758,0,0.000000,16384,1587,56278,4,1.000000,0.000000
33756,36090433109,1055336,0,0,1821,0,0.000000,16384,1644,55336,4,1.000000,0.000000
33757,36091488999,1055890,0,0,1822,0,0.000000,16384,1606,55890,4,1.000000,0.000000
33758,36092545074,1056075,0,0,1803,0,0.000000,16384,1583,56075,4,1.000000,0.000000
33759,36093606993,1061919,0,0,1813,0,0.000000,16384,1630,61919,4,1.000000,0.000000
33760,36094699003,1092010,0,0,1862,0,0.000000,16384,1677,92010,4,1.000000,0.000000
33761,36095783726,1084723,0,0,1844,0,0.000000,16384,1648,84723,4,1.000000,0.000000
33762,36096846968,1063242,0,0,1800,0,0.000000,16384,1579,63242,4,1.000000,0.000000
33763,36097910413,1063445,0,0,1793,0,0.000000,16384,1590,63445,4,1.000000,0.000000
33764,36098974193,1063780,0,0,1785,0,0.000000,16384,1615,63780,4,1.000000,0.000000
33765,36100037599,1063406,0,0,1775,0,0.000000,16384,1585,63406,4,1.000000,0.000000
33766,36101097640,1060041,0,0,1669,0,0.000000,16384,1451,60041,4,1.000000,0.000000
33767,36102156114,1058474,0,0,1658,0,0.000000,16384,1514,58474,4,1.000000,0.000000
33768,36103212987,1056873,0,0,1660,0,0.000000,16384,1466,56873,4,1.000000,0.000000
33769,36104271196,1058209,0,0,1722,0,0.000000,16384,1520,58209,4,1.000000,0.000000
33770,36105331168,1059972,0,0,1816,0,0.000000,16384,1640,59972,4,1.000000,0.000000
33771,36106398613,1067445,0,0,1830,0,0.000000,16384,1643,67445,4,1.000000,0.000000
33772,36107455741,1057128,0,0,1824,0,0.000000,16384,1605,57128,4,1.000000,0.000000
33773,36108512274,1056533,0,0,1825,0,0.000000,16384,1603,56533,4,1.000000,0.000000
33774,36109568539,1056265,0,0,1825,0,0.000000,16384,1647,56265,4,1.000000,0.000000
33775,36110624507,1055968,0,0,1823,0,0.000000,16384,1646,55968,4,1.000000,0.000000
33776,36111670493,1045986,0,0,1803,0,0.000000,16384,1592,45986,4,1.000000,0.000000
33777,36112726800,1056307,0,0,1815,0,0.000000,16384,1595,56307,4,1.000000,0.000000
33778,36113782564,1055764,0,0,1812,0,0.000000,16384,1625,55764,4,1.000000,0.000000
33779,36114817710,1035146,0,0,1751,0,0.000000,16384,1588,35146,4,1.000000,0.000000
33780,36115880894,1063184,0,0,1656,0,0.000000,16384,1446,63184,4,1.000000,0.000000
33781,36116953048,1072154,0,0,1798,0,0.000000,16384,1598,72154,4,1.000000,0.000000
33782,36118012911,1059863,0,0,1669,0,0.000000,16384,1523,59863,4,1.000000,0.000000
33783,36119070275,1057364,0,0,1654,0,0.000000,16384,1440,57364,4,1.000000,0.000000
33784,36120130900,1060625,0,0,1687,0,0.000000,16384,1513,60625,4,1.000000,0.000000
33785,36121190741,1059841,0,0,1667,0,0.000000,16384,1501,59841,4,1.000000,0.000000
33786,36122247826,1057085,0,0,1660,0,0.000000,16384,1440,57085,4,1.000000,0.000000
33787,36123304585,1056759,0,0,1664,0,0.000000,16384,1520,56759,4,1.000000,0.000000
33788,36124363265,1058680,0,0,1627,0,0.000000,16384,1434,58680,4,1.000000,0.000000
33789,36125420960,1057695,0,0,1746,0,0.000000,16384,1545,57695,4,1.000000,0.000000
33790,36126477037,1056077,0,0,1823,0,0.000000,16384,1646,56077,4,1.000000,0.000000
33791,36127542739,1065702,0,0,1840,0,0.000000,16384,1654,65702,4,1.000000,0.000000
33792,36128598760,1056021,0,0,1821,0,0.000000,16384,1602,56021,4,1.000000,0.000000
33793,36129654834,1056074,0,0,1821,0,0.000000,16384,1597,56074,4,1.000000,0.000000
33794,36130670723,1015889,0,0,1751,0,0.000000,16384,1589,15889,4,1.000000,0.000000
33795,36131726659,1055936,0,0,1799,0,0.000000,16384,1621,55936,4,1.000000,0.000000
33796,36132782247,1055588,0,0,1821,0,0.000000,16384,1601,55588,4,1.000000,0.000000
33797,36133838236,1055989,0,0,1823,0,0.000000,16384,1599,55989,4,1.000000,0.000000
33798,36134894533,1056297,0,0,1714,0,0.000000,16384,1559,56297,4,1.000000,0.000000
33799,36135950573,1056040,0,0,1800,0,0.000000,16384,1615,56040,4,1.000000,0.000000
33800,36137006607,1056034,0,0,1824,0,0.000000,16384,1604,56034,4,1.000000,0.000000
33801,36138066453,1059846,0,0,1828,0,0.000000,16384,1611,59846,4,1.000000,0.000000
33802,36139122385,1055932,0,0,1824,0,0.000000,16384,1646,55932,4,1.000000,0.000000
33803,36140178076,1055691,0,0,1825,0,0.000000,16384,1648,55691,4,1.000000,0.000000
33804,36141239370,1061294,0,0,1792,0,0.000000,16384,1576,61294,4,1.000000,0.000000
33805,36142298248,1058878,0,0,1805,0,0.000000,16384,1585,58878,4,1.000000,0.000000
33806,36143360506,1062258,0,0,1823,0,0.000000,16384,1643,62258,4,1.000000,0.000000
33807,36144424533,1064027,0,0,1714,0,0.000000,16384,1554,64027,4,1.000000,0.000000
33808,36145484902,1060369,0,0,1699,0,0.000000,16384,1479,60369,4,1.000000,0.000000
33809,36146544307,1059405,0,0,1789,0,0.000000,16384,1596,59405,4,1.000000,0.000000
33810,36147600806,1056499,0,0,1815,0,0.000000,16384,1639,56499,4,1.000000,0.000000
33811,36148671975,1071169,0,0,1814,0,0.000000,16384,1619,71169,4,1.000000,0.000000
33812,36149730469,1058494,0,0,1825,0,0.000000,16384,1605,58494,4,1.000000,0.000000
33813,36150787902,1057433,0,0,1822,0,0.000000,16384,1613,57433,4,1.000000,0.000000
33814,36151844330,1056428,0,0,1807,0,0.000000,16384,1632,56428,4,1.000000,0.000000
33815,36152900337,1056007,0,0,1824,0,0.000000,16384,1644,56007,4,1.000000,0.000000
33816,36153955822,1055485,0,0,1812,0,0.000000,16384,1592,55485,4,1.000000,0.000000
33817,36155011648,1055826,0,0,1824,0,0.000000,16384,1600,55826,4,1.000000,0.000000
33818,36156069697,1058049,0,0,1718,0,0.000000,16384,1563,58049,4,1.000000,0.000000
33819,36157126517,1056820,0,0,1803,0,0.000000,16384,1618,56820,4,1.000000,0.000000
33820,36158182488,1055971,0,0,1821,0,0.000000,16384,1601,55971,4,1.000000,0.000000
33821,36159245058,1062570,0,0,1833,0,0.000000,16384,1614,62570,4,1.000000,0.000000
33822,36160300912,1055854,0,0,1814,0,0.000000,16384,1639,55854,4,1.000000,0.000000
33823,36161358460,1057548,0,0,1710,0,0.000000,16384,1539,57548,4,1.000000,0.000000
33824,36162419837,1061377,0,0,1566,0,0.000000,16384,1362,61377,4,1.000000,0.000000
33825,36163481025,1061188,0,0,1587,0,0.000000,16384,1456,61188,4,1.000000,0.000000
33826,36164540842,1059817,0,0,1541,0,0.000000,16384,1327,59817,4,1.000000,0.000000
33827,36165602094,1061252,0,0,1638,0,0.000000,16384,1498,61252,4,1.000000,0.000000
33828,36166662991,1060897,0,0,1741,0,0.000000,16384,1535,60897,4,1.000000,0.000000
33829,36167672215,1009224,0,0,1729,0,0.000000,16384,1522,9224,4,1.000000,0.000000
33830,36168729579,1057364,0,0,1809,0,0.000000,16384,1633,57364,4,1.000000,0.000000
33831,36169800130,1070551,0,0,1817,0,0.000000,16384,1639,70551,4,1.000000,0.000000
33832,36170856531,1056401,0,0,1812,0,0.000000,16384,1593,56401,4,1.000000,0.000000
33833,36171912655,1056124,0,0,1823,0,0.000000,16384,1599,56124,4,1.000000,0.000000
33834,36172968300,1055645,0,0,1825,0,0.000000,16384,1647,55645,4,1.000000,0.000000
33835,36174024438,1056138,0,0,1825,0,0.000000,16384,1647,56138,4,1.000000,0.000000
33836,36175080432,1055994,0,0,1824,0,0.000000,16384,1616,55994,4,1.000000,0.000000
33837,36176137768,1057336,0,0,1777,0,0.000000,16384,1557,57336,4,1.000000,0.000000
33838,36177194222,1056454,0,0,1826,0,0.000000,16384,1637,56454,4,1.000000,0.000000
33839,36178250193,1055971,0,0,1825,0,0.000000,16384,1647,55971,4,1.000000,0.000000
33840,36179305731,1055538,0,0,1814,0,0.000000,16384,1617,55538,4,1.000000,0.000000
33841,36180367234,1061503,0,0,1831,0,0.000000,16384,1611,61503,4,1.000000,0.000000
33842,36181424286,1057052,0,0,1820,0,0.000000,16384,1612,57052,4,1.000000,0.000000
33843,36182480247,1055961,0,0,1747,0,0.000000,16384,1585,55961,4,1.000000,0.000000
33844,36183537240,1056993,0,0,1686,0,0.000000,16384,1492,56993,4,1.000000,0.000000
33845,36184596098,1058858,0,0,1627,0,0.000000,16384,1439,58858,4,1.000000,0.000000
33846,36185653171,1057073,0,0,1656,0,0.000000,16384,1508,57073,4,1.000000,0.000000
33847,36186673813,1020642,0,0,1748,0,0.000000,16384,1528,20642,4,1.000000,0.000000
33848,36187731419,1057606,0,0,1801,0,0.000000,16384,1596,57606,4,1.000000,0.000000
33849,36188788627,1057208,0,0,1820,0,0.000000,16384,1643,57208,4,1.000000,0.000000
33850,36189845702,1057075,0,0,1825,0,0.000000,16384,1643,57075,4,1.000000,0.000000
33851,36190906913,1061211,0,0,1829,0,0.000000,16384,1609,61211,4,1.000000,0.000000
33852,36191962708,1055795,0,0,1811,0,0.000000,16384,1587,55795,4,1.000000,0.000000
33853,36193018500,1055792,0,0,1824,0,0.000000,16384,1647,55792,4,1.000000,0.000000
33854,36194074329,1055829,0,0,1823,0,0.000000,16384,1646,55829,4,1.000000,0.000000
33855,36195130314,1055985,0,0,1752,0,0.000000,16384,1542,55985,4,1.000000,0.000000
33856,36196186386,1056072,0,0,1707,0,0.000000,16384,1506,56072,4,1.000000,0.000000
33857,36197242370,1055984,0,0,1824,0,0.000000,16384,1646,55984,4,1.000000,0.000000
33858,36198298236,1055866,0,0,1806,0,0.000000,16384,1625,55866,4,1.000000,0.000000
33859,36199354249,1056013,0,0,1822,0,0.000000,16384,1602,56013,4,1.000000,0.000000
33860,36200410442,1056193,0,0,1814,0,0.000000,16384,1594,56193,4,1.000000,0.000000
33861,36201481149,1070707,0,0,1836,0,0.000000,16384,1657,70707,4,1.000000,0.000000
33862,36202538671,1057522,0,0,1812,0,0.000000,16384,1636,57522,4,1.000000,0.000000
33863,36203595663,1056992,0,0,1807,0,0.000000,16384,1594,56992,4,1.000000,0.000000
33864,36204653751,1058088,0,0,1698,0,0.000000,16384,1492,58088,4,1.000000,0.000000
33865,36205671313,1017562,0,0,1752,0,0.000000,16384,1589,17562,4,1.000000,0.000000
33866,36206728252,1056939,0,0,1826,0,0.000000,16384,1635,56939,4,1.000000,0.000000
33867,36207785986,1057734,0,0,1815,0,0.000000,16384,1595,57734,4,1.000000,0.000000
33868,36208843501,1057515,0,0,1712,0,0.000000,16384,1520,57515,4,1.000000,0.000000
33869,36209900126,1056625,0,0,1806,0,0.000000,16384,1632,56625,4,1.000000,0.000000
33870,36210955438,1055312,0,0,1820,0,0.000000,16384,1622,55312,4,1.000000,0.000000
33871,36212019455,1064017,0,0,1731,0,0.000000,16384,1511,64017,4,1.000000,0.000000
33872,36213077642,1058187,0,0,1775,0,0.000000,16384,1596,58187,4,1.000000,0.000000
33873,36214135004,1057362,0,0,1815,0,0.000000,16384,1639,57362,4,1.000000,0.000000
33874,36215191922,1056918,0,0,1757,0,0.000000,16384,1548,56918,4,1.000000,0.000000
33875,36216248716,1056794,0,0,1785,0,0.000000,16384,1565,56794,4,1.000000,0.000000
33876,36217304276,1055560,0,0,1812,0,0.000000,16384,1638,55560,4,1.000000,0.000000
33877,36218360999,1056723,0,0,1824,0,0.000000,16384,1647,56723,4,1.000000,0.000000
33878,36219416712,1055713,0,0,1822,0,0.000000,16384,1609,55713,4,1.000000,0.000000
33879,36220472791,1056079,0,0,1812,0,0.000000,16384,1592,56079,4,1.000000,0.000000
33880,36221528560,1055769,0,0,1823,0,0.000000,16384,1632,55769,4,1.000000,0.000000
33881,36222589793,1061233,0,0,1813,0,0.000000,16384,1638,61233,4,1.000000,0.000000
33882,36223645472,1055679,0,0,1824,0,0.000000,16384,1626,55679,4,1.000000,0.000000
33883,36224672484,1027012,0,0,1580,0,0.000000,16384,1378,27012,4,1.000000,0.000000
33884,36225730445,1057961,0,0,1783,0,0.000000,16384,1613,57961,4,1.000000,0.000000
33885,36226786946,1056501,0,0,1825,0,0.000000,16384,1637,56501,4,1.000000,0.000000
33886,36227843861,1056915,0,0,1815,0,0.000000,16384,1595,56915,4,1.000000,0.000000
33887,36228899912,1056051,0,0,1824,0,0.000000,16384,1608,56051,4,1.000000,0.000000
33888,36229955541,1055629,0,0,1824,0,0.000000,16384,1646,55629,4,1.000000,0.000000
33889,36231011416,1055875,0,0,1824,0,0.000000,16384,1646,55875,4,1.000000,0.000000
33890,36232067327,1055911,0,0,1771,0,0.000000,16384,1558,55911,4,1.000000,0.000000
33891,36233127941,1060614,0,0,1829,0,0.000000,16384,1606,60614,4,1.000000,0.000000
33892,36234183804,1055863,0,0,1824,0,0.000000,16384,1644,55863,4,1.000000,0.000000
33893,36235239374,1055570,0,0,1794,0,0.000000,16384,1622,55570,4,1.000000,0.000000
33894,36236295046,1055672,0,0,1814,0,0.000000,16384,1602,55672,4,1.000000,0.000000
33895,36237351993,1056947,0,0,1825,0,0.000000,16384,1604,56947,4,1.000000,0.000000
33896,36238408219,1056226,0,0,1826,0,0.000000,16384,1634,56226,4,1.000000,0.000000
33897,36239464164,1055945,0,0,1826,0,0.000000,16384,1647,55945,4,1.000000,0.000000
33898,36240521264,1057100,0,0,1791,0,0.000000,16384,1598,57100,4,1.000000,0.000000
33899,36241578991,1057727,0,0,1755,0,0.000000,16384,1536,57727,4,1.000000,0.000000
33900,36242637485,1058494,0,0,1816,0,0.000000,16384,1625,58494,4,1.000000,0.000000
33901,36243671036,1033551,0,0,1767,0,0.000000,16384,1600,33551,4,1.000000,0.000000
33902,36244728663,1057627,0,0,1568,0,0.000000,16384,1366,57627,4,1.000000,0.000000
33903,36245786225,1057562,0,0,1675,0,0.000000,16384,1510,57562,4,1.000000,0.000000
33904,36246844003,1057778,0,0,1817,0,0.000000,16384,1642,57778,4,1.000000,0.000000
33905,36247903544,1059541,0,0,1591,0,0.000000,16384,1371,59541,4,1.000000,0.000000
33906,36248960577,1057033,0,0,1768,0,0.000000,16384,1595,57033,4,1.000000,0.000000
33907,36250018645,1058068,0,0,1826,0,0.000000,16384,1648,58068,4,1.000000,0.000000
33908,36251075321,1056676,0,0,1824,0,0.000000,16384,1611,56676,4,1.000000,0.000000
33909,36252132047,1056726,0,0,1790,0,0.000000,16384,1570,56726,4,1.000000,0.000000
33910,36253189683,1057636,0,0,1743,0,0.000000,16384,1573,57636,4,1.000000,0.000000
33911,36254253002,1063319,0,0,1834,0,0.000000,16384,1654,63319,4,1.000000,0.000000
33912,36255308719,1055717,0,0,1822,0,0.000000,16384,1608,55717,4,1.000000,0.000000
33913,36256365568,1056849,0,0,1825,0,0.000000,16384,1604,56849,4,1.000000,0.000000
33914,36257421855,1056287,0,0,1824,0,0.000000,16384,1633,56287,4,1.000000,0.000000
33915,36258477788,1055933,0,0,1826,0,0.000000,16384,1647,55933,4,1.000000,0.000000
33916,36259533729,1055941,0,0,1824,0,0.000000,16384,1631,55941,4,1.000000,0.000000
33917,36260590298,1056569,0,0,1808,0,0.000000,16384,1694,56569,4,1.000000,0.000000
33918,36261645938,1055640,0,0,1835,0,0.000000,16384,1827,55640,4,1.000000,0.000000
33919,36262676650,1030712,0,0,1586,0,0.000000,16384,1582,30712,4,1.000000,0.000000
33920,36263737385,1060735,0,0,1817,0,0.000000,16384,1646,60735,4,1.000000,0.000000
33921,36264804660,1067275,0,0,1594,0,0.000000,16384,1425,67275,4,1.000000,0.000000
33922,36265863902,1059242,0,0,1573,0,0.000000,16384,1389,59242,4,1.000000,0.000000
33923,36266922469,1058567,0,0,1610,0,0.000000,16384,1458,58567,4,1.000000,0.000000
33924,36267980434,1057965,0,0,1748,0,0.000000,16384,1528,57965,4,1.000000,0.000000
33925,36269039090,1058656,0,0,1678,0,0.000000,16384,1511,58656,4,1.000000,0.000000
33926,36270098141,1059051,0,0,1660,0,0.000000,16384,1487,59051,4,1.000000,0.000000
33927,36271157151,1059010,0,0,1644,0,0.000000,16384,1437,59010,4,1.000000,0.000000
33928,36272214317,1057166,0,0,1665,0,0.000000,16384,1519,57166,4,1.000000,0.000000
33929,36273271179,1056862,0,0,1665,0,0.000000,16384,1461,56862,4,1.000000,0.000000
33930,36274326965,1055786,0,0,1748,0,0.000000,16384,1551,55786,4,1.000000,0.000000
33931,36275391042,1064077,0,0,1827,0,0.000000,16384,1648,64077,4,1.000000,0.000000
33932,36276447305,1056263,0,0,1812,0,0.000000,16384,1625,56263,4,1.000000,0.000000
33933,36277503837,1056532,0,0,1813,0,0.000000,16384,1593,56532,4,1.000000,0.000000
33934,36278560048,1056211,0,0,1816,0,0.000000,16384,1603,56211,4,1.000000,0.000000
33935,36279616121,1056073,0,0,1814,0,0.000000,16384,1639,56073,4,1.000000,0.000000
33936,36280672060,1055939,0,0,1765,0,0.000000,16384,1589,55939,4,1.000000,0.000000
33937,36281729112,1057052,0,0,1660,0,0.000000,16384,1440,57052,4,1.000000,0.000000
33938,36282785712,1056600,0,0,1653,0,0.000000,16384,1500,56600,4,1.000000,0.000000
33939,36283842365,1056653,0,0,1799,0,0.000000,16384,1612,56653,4,1.000000,0.000000
33940,36284900323,1057958,0,0,1688,0,0.000000,16384,1467,57958,4,1.000000,0.000000
33941,36285963424,1063101,0,0,1836,0,0.000000,16384,1648,63101,4,1.000000,0.000000
33942,36287019203,1055779,0,0,1804,0,0.000000,16384,1631,55779,4,1.000000,0.000000
33943,36288075611,1056408,0,0,1808,0,0.000000,16384,1606,56408,4,1.000000,0.000000
33944,36289132600,1056989,0,0,1824,0,0.000000,16384,1604,56989,4,1.000000,0.000000
33945,36290188987,1056387,0,0,1824,0,0.000000,16384,1623,56387,4,1.000000,0.000000
33946,36291244753,1055766,0,0,1824,0,0.000000,16384,1646,55766,4,1.000000,0.000000
33947,36292300546,1055793,0,0,1824,0,0.000000,16384,1639,55793,4,1.000000,0.000000
33948,36293356410,1055864,0,0,1825,0,0.000000,16384,1605,55864,4,1.000000,0.000000
33949,36294412307,1055897,0,0,1824,0,0.000000,16384,1602,55897,4,1.000000,0.000000
33950,36295468963,1056656,0,0,1828,0,0.000000,16384,1650,56656,4,1.000000,0.000000
33951,36296536452,1067489,0,0,1842,0,0.000000,16384,1661,67489,4,1.000000,0.000000
33952,36297592696,1056244,0,0,1822,0,0.000000,16384,1615,56244,4,1.000000,0.000000
33953,36298648828,1056132,0,0,1807,0,0.000000,16384,1587,56132,4,1.000000,0.000000
33954,36299670841,1022013,0,0,1746,0,0.000000,16384,1566,22013,4,1.000000,0.000000
33955,36300727111,1056270,0,0,1821,0,0.000000,16384,1644,56270,4,1.000000,0.000000
33956,36301783760,1056649,0,0,1820,0,0.000000,16384,1612,56649,4,1.000000,0.000000
33957,36302840157,1056397,0,0,1822,0,0.000000,16384,1603,56397,4,1.000000,0.000000
33958,36303896032,1055875,0,0,1823,0,0.000000,16384,1625,55875,4,1.000000,0.000000
33959,36304954320,1058288,0,0,1727,0,0.000000,16384,1569,58288,4,1.000000,0.000000
33960,36306011452,1057132,0,0,1827,0,0.000000,16384,1619,57132,4,1.000000,0.000000
33961,36307073964,1062512,0,0,1833,0,0.000000,16384,1613,62512,4,1.000000,0.000000
33962,36308130794,1056830,0,0,1825,0,0.000000,16384,1624,56830,4,1.000000,0.000000
33963,36309187075,1056281,0,0,1826,0,0.000000,16384,1648,56281,4,1.000000,0.000000
33964,36310244889,1057814,0,0,1798,0,0.000000,16384,1613,57814,4,1.000000,0.000000
33965,36311301113,1056224,0,0,1823,0,0.000000,16384,1603,56224,4,1.000000,0.000000
33966,36312357133,1056020,0,0,1823,0,0.000000,16384,1607,56020,4,1.000000,0.000000
33967,36313413643,1056510,0,0,1805,0,0.000000,16384,1631,56510,4,1.000000,0.000000
33968,36314469843,1056200,0,0,1824,0,0.000000,16384,1648,56200,4,1.000000,0.000000
33969,36315526627,1056784,0,0,1739,0,0.000000,16384,1521,56784,4,1.000000,0.000000
33970,36316583111,1056484,0,0,1803,0,0.000000,16384,1592,56484,4,1.000000,0.000000
33971,36317643734,1060623,0,0,1832,0,0.000000,16384,1652,60623,4,1.000000,0.000000
33972,36318670354,1026620,0,0,1769,0,0.000000,16384,1596,26620,4,1.000000,0.000000
33973,36319726346,1055992,0,0,1809,0,0.000000,16384,1589,55992,4,1.000000,0.000000
33974,36320782269,1055923,0,0,1824,0,0.000000,16384,1605,55923,4,1.000000,0.000000
33975,36321837990,1055721,0,0,1825,0,0.000000,16384,1647,55721,4,1.000000,0.000000
33976,36322893635,1055645,0,0,1822,0,0.000000,16384,1645,55645,4,1.000000,0.000000
33977,36323949432,1055797,0,0,1823,0,0.000000,16384,1609,55797,4,1.000000,0.000000
33978,36325005670,1056238,0,0,1673,0,0.000000,16384,1468,56238,4,1.000000,0.000000
33979,36326062170,1056500,0,0,1786,0,0.000000,16384,1617,56500,4,1.000000,0.000000
33980,36327119258,1057088,0,0,1821,0,0.000000,16384,1635,57088,4,1.000000,0.000000
33981,36328180465,1061207,0,0,1830,0,0.000000,16384,1610,61207,4,1.000000,0.000000
33982,36329237874,1057409,0,0,1809,0,0.000000,16384,1591,57409,4,1.000000,0.000000
33983,36330294662,1056788,0,0,1826,0,0.000000,16384,1648,56788,4,1.000000,0.000000
33984,36331350089,1055427,0,0,1823,0,0.000000,16384,1645,55427,4,1.000000,0.000000
33985,36332406236,1056147,0,0,1823,0,0.000000,16384,1609,56147,4,1.000000,0.000000
33986,36333462251,1056015,0,0,1822,0,0.000000,16384,1602,56015,4,1.000000,0.000000
33987,36334518969,1056718,0,0,1820,0,0.000000,16384,1629,56718,4,1.000000,0.000000
33988,36335575027,1056058,0,0,1816,0,0.000000,16384,1640,56058,4,1.000000,0.000000
33989,36336631901,1056874,0,0,1823,0,0.000000,16384,1625,56874,4,1.000000,0.000000
33990,36337670211,1038310,0,0,1787,0,0.000000,16384,1568,38310,4,1.000000,0.000000
33991,36338732204,1061993,0,0,1720,0,0.000000,16384,1539,61993,4,1.000000,0.000000
33992,36339796745,1064541,0,0,1613,0,0.000000,16384,1453,64541,4,1.000000,0.000000
33993,36340864573,1067828,0,0,1460,0,0.000000,16384,1287,67828,4,1.000000,0.000000
33994,36341930937,1066364,0,0,1479,0,0.000000,16384,1321,66364,4,1.000000,0.000000
33995,36342992754,1061817,0,0,1563,0,0.000000,16384,1393,61817,4,1.000000,0.000000
33996,36344050105,1057351,0,0,1555,0,0.000000,16384,1385,57351,4,1.000000,0.000000
33997,36345112183,1062078,0,0,1529,0,0.000000,16384,1363,62078,4,1.000000,0.000000
33998,36346173404,1061221,0,0,1560,0,0.000000,16384,1390,61221,4,1.000000,0.000000
33999,36347231236,1057832,0,0,1555,0,0.000000,16384,1383,57832,4,1.000000,0.000000
34000,36348291150,1059914,0,0,1561,0,0.000000,16384,1397,59914,4,1.000000,0.000000
34001,36349379443,1088293,0,0,1600,0,0.000000,16384,1412,88293,4,1.000000,0.000000
34002,36350436914,1057471,0,0,1555,0,0.000000,16384,1407,57471,4,1.000000,0.000000
34003,36351495046,1058132,0,0,1557,0,0.000000,16384,1364,58132,4,1.000000,0.000000
34004,36352553254,1058208,0,0,1553,0,0.000000,16384,1410,58208,4,1.000000,0.000000
34005,36353610485,1057231,0,0,1553,0,0.000000,16384,1355,57231,4,1.000000,0.000000
34006,36354674808,1064323,0,0,1633,0,0.000000,16384,1494,64323,4,1.000000,0.000000
34007,36355736666,1061858,0,0,1669,0,0.000000,16384,1450,61858,4,1.000000,0.000000
34008,36356794249,1057583,0,0,1665,0,0.000000,16384,1498,57583,4,1.000000,0.000000
34009,36357851160,1056911,0,0,1664,0,0.000000,16384,1491,56911,4,1.000000,0.000000
34010,36358907977,1056817,0,0,1660,0,0.000000,16384,1449,56817,4,1.000000,0.000000
34011,36359974383,1066406,0,0,1678,0,0.000000,16384,1529,66406,4,1.000000,0.000000
34012,36361030325,1055942,0,0,1812,0,0.000000,16384,1611,55942,4,1.000000,0.000000
34013,36362086725,1056400,0,0,1809,0,0.000000,16384,1590,56400,4,1.000000,0.000000
34014,36363243394,1156669,0,0,1774,0,0.000000,16384,1584,156669,4,1.000000,0.000000
34015,36364303711,1060317,0,0,1752,0,0.000000,16384,1588,60317,4,1.000000,0.000000
34016,36365363755,1060044,0,0,1632,0,0.000000,16384,1426,60044,4,1.000000,0.000000
34017,36366423810,1060055,0,0,1730,0,0.000000,16384,1545,60055,4,1.000000,0.000000
34018,36367481593,1057783,0,0,1807,0,0.000000,16384,1633,57783,4,1.000000,0.000000
34019,36368539453,1057860,0,0,1827,0,0.000000,16384,1621,57860,4,1.000000,0.000000
34020,36369595222,1055769,0,0,1821,0,0.000000,16384,1602,55769,4,1.000000,0.000000
34021,36370661593,1066371,0,0,1841,0,0.000000,16384,1636,66371,4,1.000000,0.000000
34022,36371670894,1009301,0,0,1734,0,0.000000,16384,1574,9301,4,1.000000,0.000000
34023,36372726878,1055984,0,0,1824,0,0.000000,16384,1625,55984,4,1.000000,0.000000
34024,36373782581,1055703,0,0,1813,0,0.000000,16384,1593,55703,4,1.000000,0.000000
34025,36374838573,1055992,0,0,1825,0,0.000000,16384,1620,55992,4,1.000000,0.000000
34026,36375894027,1055454,0,0,1824,0,0.000000,16384,1645,55454,4,1.000000,0.000000
34027,36376949848,1055821,0,0,1824,0,0.000000,16384,1644,55821,4,1.000000,0.000000
34028,36378005716,1055868,0,0,1823,0,0.000000,16384,1603,55868,4,1.000000,0.000000
34029,36379061511,1055795,0,0,1793,0,0.000000,16384,1574,55795,4,1.000000,0.000000
34030,36380118015,1056504,0,0,1826,0,0.000000,16384,1648,56504,4,1.000000,0.000000
34031,36381177806,1059791,0,0,1831,0,0.000000,16384,1652,59791,4,1.000000,0.000000
34032,36382234230,1056424,0,0,1811,0,0.000000,16384,1599,56424,4,1.000000,0.000000
34033,36383290568,1056338,0,0,1823,0,0.000000,16384,1603,56338,4,1.000000,0.000000
34034,36384346541,1055973,0,0,1826,0,0.000000,16384,1634,55973,4,1.000000,0.000000
34035,36385404241,1057700,0,0,1766,0,0.000000,16384,1600,57700,4,1.000000,0.000000
34036,36386461490,1057249,0,0,1825,0,0.000000,16384,1619,57249,4,1.000000,0.000000
34037,36387516956,1055466,0,0,1809,0,0.000000,16384,1589,55466,4,1.000000,0.000000
34038,36388533315,1016359,0,0,1753,0,0.000000,16384,1570,16359,4,1.000000,0.000000
34039,36389590355,1057040,0,0,1799,0,0.000000,16384,1626,57040,4,1.000000,0.000000
34040,36390647175,1056820,0,0,1712,0,0.000000,16384,1508,56820,4,1.000000,0.000000
34041,36391670652,1023477,0,0,1761,0,0.000000,16384,1551,23477,4,1.000000,0.000000
34042,36392726687,1056035,0,0,1824,0,0.000000,16384,1647,56035,4,1.000000,0.000000
34043,36393782879,1056192,0,0,1824,0,0.000000,16384,1647,56192,4,1.000000,0.000000
34044,36394838538,1055659,0,0,1811,0,0.000000,16384,1589,55659,4,1.000000,0.000000
34045,36395894420,1055882,0,0,1821,0,0.000000,16384,1598,55882,4,1.000000,0.000000
34046,36396950696,1056276,0,0,1824,0,0.000000,16384,1645,56276,4,1.000000,0.000000
34047,36398006197,1055501,0,0,1813,0,0.000000,16384,1638,55501,4,1.000000,0.000000
34048,36399062070,1055873,0,0,1821,0,0.000000,16384,1611,55873,4,1.000000,0.000000
34049,36400117844,1055774,0,0,1821,0,0.000000,16384,1602,55774,4,1.000000,0.000000
34050,36401173310,1055466,0,0,1821,0,0.000000,16384,1625,55466,4,1.000000,0.000000
34051,36402242607,1069297,0,0,1843,0,0.000000,16384,1662,69297,4,1.000000,0.000000
34052,36403299448,1056841,0,0,1730,0,0.000000,16384,1543,56841,4,1.000000,0.000000
34053,36404355939,1056491,0,0,1746,0,0.000000,16384,1526,56491,4,1.000000,0.000000
34054,36405413685,1057746,0,0,1775,0,0.000000,16384,1599,57746,4,1.000000,0.000000
34055,36406471383,1057698,0,0,1748,0,0.000000,16384,1584,57698,4,1.000000,0.000000
34056,36407528174,1056791,0,0,1815,0,0.000000,16384,1595,56791,4,1.000000,0.000000
34057,36408584454,1056280,0,0,1824,0,0.000000,16384,1599,56280,4,1.000000,0.000000
34058,36409641157,1056703,0,0,1825,0,0.000000,16384,1647,56703,4,1.000000,0.000000
34059,36410670634,1029477,0,0,1775,0,0.000000,16384,1607,29477,4,1.000000,0.000000
34060,36411726432,1055798,0,0,1824,0,0.000000,16384,1607,55798,4,1.000000,0.000000
34061,36412790191,1063759,0,0,1751,0,0.000000,16384,1533,63759,4,1.000000,0.000000
34062,36413848145,1057954,0,0,1675,0,0.000000,16384,1528,57954,4,1.000000,0.000000
34063,36414905974,1057829,0,0,1792,0,0.000000,16384,1596,57829,4,1.000000,0.000000
34064,36415964609,1058635,0,0,1650,0,0.000000,16384,1439,58635,4,1.000000,0.000000
34065,36417022317,1057708,0,0,1703,0,0.000000,16384,1549,57708,4,1.000000,0.000000
34066,36418079280,1056963,0,0,1825,0,0.000000,16384,1631,56963,4,1.000000,0.000000
34067,36419135572,1056292,0,0,1822,0,0.000000,16384,1602,56292,4,1.000000,0.000000
34068,36420191104,1055532,0,0,1809,0,0.000000,16384,1599,55532,4,1.000000,0.000000
34069,36421247260,1056156,0,0,1810,0,0.000000,16384,1636,56156,4,1.000000,0.000000
34070,36422303301,1056041,0,0,1825,0,0.000000,16384,1645,56041,4,1.000000,0.000000
34071,36423366420,1063119,0,0,1833,0,0.000000,16384,1608,63119,4,1.000000,0.000000
34072,36424422542,1056122,0,0,1822,0,0.000000,16384,1603,56122,4,1.000000,0.000000
34073,36425480430,1057888,0,0,1770,0,0.000000,16384,1600,57888,4,1.000000,0.000000
34074,36426536653,1056223,0,0,1822,0,0.000000,16384,1644,56223,4,1.000000,0.000000
34075,36427593214,1056561,0,0,1824,0,0.000000,16384,1608,56561,4,1.000000,0.000000
34076,36428649423,1056209,0,0,1823,0,0.000000,16384,1602,56209,4,1.000000,0.000000
34077,36429678904,1029481,0,0,1754,0,0.000000,16384,1579,29481,4,1.000000,0.000000
34078,36430735353,1056449,0,0,1824,0,0.000000,16384,1647,56449,4,1.000000,0.000000
34079,36431791371,1056018,0,0,1823,0,0.000000,16384,1612,56018,4,1.000000,0.000000
34080,36432847329,1055958,0,0,1822,0,0.000000,16384,1602,55958,4,1.000000,0.000000
34081,36433910162,1062833,0,0,1836,0,0.000000,16384,1638,62833,4,1.000000,0.000000
34082,36434966904,1056742,0,0,1825,0,0.000000,16384,1648,56742,4,1.000000,0.000000
34083,36436022996,1056092,0,0,1823,0,0.000000,16384,1633,56092,4,1.000000,0.000000
34084,36437080694,1057698,0,0,1675,0,0.000000,16384,1456,57698,4,1.000000,0.000000
34085,36438137222,1056528,0,0,1777,0,0.000000,16384,1599,56528,4,1.000000,0.000000
34086,36439192794,1055572,0,0,1820,0,0.000000,16384,1643,55572,4,1.000000,0.000000
34087,36440249720,1056926,0,0,1824,0,0.000000,16384,1615,56926,4,1.000000,0.000000
34088,36441309973,1060253,0,0,1629,0,0.000000,16384,1428,60253,4,1.000000,0.000000
34089,36442370763,1060790,0,0,1726,0,0.000000,16384,1568,60790,4,1.000000,0.000000
34090,36443429922,1059159,0,0,1796,0,0.000000,16384,1595,59159,4,1.000000,0.000000
34091,36444495713,1065791,0,0,1827,0,0.000000,16384,1607,65791,4,1.000000,0.000000
34092,36445555163,1059450,0,0,1654,0,0.000000,16384,1488,59450,4,1.000000,0.000000
34093,36446614214,1059051,0,0,1804,0,0.000000,16384,1630,59051,4,1.000000,0.000000
34094,36447676586,1062372,0,0,1815,0,0.000000,16384,1593,62372,4,1.000000,0.000000
34095,36448739428,1062842,0,0,1806,0,0.000000,16384,1584,62842,4,1.000000,0.000000
34096,36449798846,1059418,0,0,1671,0,0.000000,16384,1525,59418,4,1.000000,0.000000
34097,36450856390,1057544,0,0,1816,0,0.000000,16384,1622,57544,4,1.000000,0.000000
34098,36451912272,1055882,0,0,1821,0,0.000000,16384,1601,55882,4,1.000000,0.000000
34099,36452968513,1056241,0,0,1811,0,0.000000,16384,1603,56241,4,1.000000,0.000000
34100,36454024391,1055878,0,0,1824,0,0.000000,16384,1646,55878,4,1.000000,0.000000
34101,36455099312,1074921,0,0,1854,0,0.000000,16384,1670,74921,4,1.000000,0.000000
34102,36456157048,1057736,0,0,1788,0,0.000000,16384,1572,57736,4,1.000000,0.000000
34103,36457213021,1055973,0,0,1820,0,0.000000,16384,1597,55973,4,1.000000,0.000000
34104,36458268521,1055500,0,0,1822,0,0.000000,16384,1644,55500,4,1.000000,0.000000
34105,36459324233,1055712,0,0,1823,0,0.000000,16384,1645,55712,4,1.000000,0.000000
34106,36460380410,1056177,0,0,1822,0,0.000000,16384,1615,56177,4,1.000000,0.000000
34107,36461436407,1055997,0,0,1821,0,0.000000,16384,1601,55997,4,1.000000,0.000000
34108,36462492485,1056078,0,0,1823,0,0.000000,16384,1625,56078,4,1.000000,0.000000
34109,36463581700,1089215,0,0,1805,0,0.000000,16384,1631,89215,4,1.000000,0.000000
34110,36464646257,1064557,0,0,1533,0,0.000000,16384,1345,64557,4,1.000000,0.000000
34111,36465676071,1029814,0,0,1487,0,0.000000,16384,1352,29814,4,1.000000,0.000000
34112,36466737876,1061805,0,0,1554,0,0.000000,16384,1352,61805,4,1.000000,0.000000
34113,36467797547,1059671,0,0,1557,0,0.000000,16384,1418,59671,4,1.000000,0.000000
34114,36468855984,1058437,0,0,1559,0,0.000000,16384,1362,58437,4,1.000000,0.000000
34115,36469918325,1062341,0,0,1657,0,0.000000,16384,1491,62341,4,1.000000,0.000000
34116,36470978505,1060180,0,0,1670,0,0.000000,16384,1497,60180,4,1.000000,0.000000
34117,36472040304,1061799,0,0,1772,0,0.000000,16384,1552,61799,4,1.000000,0.000000
34118,36473103585,1063281,0,0,1760,0,0.000000,16384,1580,63281,4,1.000000,0.000000
34119,36474163465,1059880,0,0,1668,0,0.000000,16384,1421,59880,4,1.000000,0.000000
34120,36475220383,1056918,0,0,1664,0,0.000000,16384,1519,56918,4,1.000000,0.000000
34121,36476286279,1065896,0,0,1765,0,0.000000,16384,1553,65896,4,1.000000,0.000000
34122,36477342137,1055858,0,0,1822,0,0.000000,16384,1598,55858,4,1.000000,0.000000
34123,36478429335,1087198,0,0,1940,0,0.000000,16384,1738,87198,4,1.000000,0.000000
34124,36479518209,1088874,0,0,1961,0,0.000000,16384,1756,88874,4,1.000000,0.000000
34125,36480607204,1088995,0,0,1971,0,0.000000,16384,1764,88995,4,1.000000,0.000000
34126,36481698769,1091565,0,0,1961,0,0.000000,16384,1756,91565,4,1.000000,0.000000
34127,36482758583,1059814,0,0,1774,0,0.000000,16384,1580,59814,4,1.000000,0.000000
34128,36483818861,1060278,0,0,1921,0,0.000000,16384,1702,60278,4,1.000000,0.000000
34129,36484881159,1062298,0,0,1905,0,0.000000,16384,1681,62298,4,1.000000,0.000000
34130,36485942212,1061053,0,0,1749,0,0.000000,16384,1572,61053,4,1.000000,0.000000
34131,36487008197,1065985,0,0,1839,0,0.000000,16384,1658,65985,4,1.000000,0.000000
34132,36488065647,1057450,0,0,1810,0,0.000000,16384,1604,57450,4,1.000000,0.000000
34133,36489122218,1056571,0,0,1813,0,0.000000,16384,1593,56571,4,1.000000,0.000000
34134,36490177980,1055762,0,0,1823,0,0.000000,16384,1627,55762,4,1.000000,0.000000
34135,36491234149,1056169,0,0,1822,0,0.000000,16384,1646,56169,4,1.000000,0.000000
34136,36492290202,1056053,0,0,1823,0,0.000000,16384,1631,56053,4,1.000000,0.000000
34137,36493347113,1056911,0,0,1801,0,0.000000,16384,1581,56911,4,1.000000,0.000000
34138,36494403857,1056744,0,0,1768,0,0.000000,16384,1569,56744,4,1.000000,0.000000
34139,36495461475,1057618,0,0,1753,0,0.000000,16384,1590,57618,4,1.000000,0.000000
34140,36496551409,1089934,0,0,1843,0,0.000000,16384,1641,89934,4,1.000000,0.000000
34141,36497623150,1071741,0,0,1658,0,0.000000,16384,1440,71741,4,1.000000,0.000000
34142,36498709209,1086059,0,0,1843,0,0.000000,16384,1662,86059,4,1.000000,0.000000
34143,36499772813,1063604,0,0,1639,0,0.000000,16384,1478,63604,4,1.000000,0.000000
34144,36500837385,1064572,0,0,1799,0,0.000000,16384,1579,64572,4,1.000000,0.000000
34145,36501901734,1064349,0,0,1790,0,0.000000,16384,1593,64349,4,1.000000,0.000000
34146,36502964874,1063140,0,0,1783,0,0.000000,16384,1614,63140,4,1.000000,0.000000
34147,36504028246,1063372,0,0,1773,0,0.000000,16384,1575,63372,4,1.000000,0.000000
34148,36505091972,1063726,0,0,1730,0,0.000000,16384,1510,63726,4,1.000000,0.000000
34149,36506153607,1061635,0,0,1726,0,0.000000,16384,1566,61635,4,1.000000,0.000000
34150,36507213348,1059741,0,0,1829,0,0.000000,16384,1649,59741,4,1.000000,0.000000
34151,36508291038,1077690,0,0,1798,0,0.000000,16384,1578,77690,4,1.000000,0.000000
34152,36509349444,1058406,0,0,1793,0,0.000000,16384,1577,58406,4,1.000000,0.000000
34153,36510407649,1058205,0,0,1827,0,0.000000,16384,1649,58205,4,1.000000,0.000000
34154,36511465296,1057647,0,0,1826,0,0.000000,16384,1648,57647,4,1.000000,0.000000
34155,36512521590,1056294,0,0,1823,0,0.000000,16384,1607,56294,4,1.000000,0.000000
34156,36513577386,1055796,0,0,1822,0,0.000000,16384,1602,55796,4,1.000000,0.000000
34157,36514633306,1055920,0,0,1826,0,0.000000,16384,1636,55920,4,1.000000,0.000000
34158,36515671760,1038454,0,0,1775,0,0.000000,16384,1607,38454,4,1.000000,0.000000
34159,36516729114,1057354,0,0,1789,0,0.000000,16384,1583,57354,4,1.000000,0.000000
34160,36517785843,1056729,0,0,1809,0,0.000000,16384,1589,56729,4,1.000000,0.000000
34161,36518848342,1062499,0,0,1832,0,0.000000,16384,1640,62499,4,1.000000,0.000000
34162,36519903911,1055569,0,0,1825,0,0.000000,16384,1647,55569,4,1.000000,0.000000
34163,36520959750,1055839,0,0,1803,0,0.000000,16384,1609,55839,4,1.000000,0.000000
34164,36522015017,1055267,0,0,1820,0,0.000000,16384,1600,55267,4,1.000000,0.000000
34165,36523070751,1055734,0,0,1823,0,0.000000,16384,1616,55734,4,1.000000,0.000000
34166,36524126518,1055767,0,0,1824,0,0.000000,16384,1646,55767,4,1.000000,0.000000
34167,36525183776,1057258,0,0,1827,0,0.000000,16384,1648,57258,4,1.000000,0.000000
34168,36526242312,1058536,0,0,1743,0,0.000000,16384,1522,58536,4,1.000000,0.000000
34169,36527299600,1057288,0,0,1824,0,0.000000,16384,1614,57288,4,1.000000,0.000000
34170,36528355079,1055479,0,0,1822,0,0.000000,16384,1644,55479,4,1.000000,0.000000
34171,36529417898,1062819,0,0,1835,0,0.000000,16384,1656,62819,4,1.000000,0.000000
34172,36530475273,1057375,0,0,1826,0,0.000000,16384,1606,57375,4,1.000000,0.000000
34173,36531531639,1056366,0,0,1823,0,0.000000,16384,1603,56366,4,1.000000,0.000000
34174,36532587542,1055903,0,0,1823,0,0.000000,16384,1636,55903,4,1.000000,0.000000
34175,36533643442,1055900,0,0,1805,0,0.000000,16384,1631,55900,4,1.000000,0.000000
34176,36534670184,1026742,0,0,1770,0,0.000000,16384,1567,26742,4,1.000000,0.000000
34177,36535726966,1056782,0,0,1825,0,0.000000,16384,1604,56782,4,1.000000,0.000000
34178,36536783498,1056532,0,0,1825,0,0.000000,16384,1633,56532,4,1.000000,0.000000
34179,36537839477,1055979,0,0,1825,0,0.000000,16384,1648,55979,4,1.000000,0.000000
34180,36538895367,1055890,0,0,1825,0,0.000000,16384,1631,55890,4,1.000000,0.000000
34181,36539955928,1060561,0,0,1831,0,0.000000,16384,1611,60561,4,1.000000,0.000000
34182,36541011628,1055700,0,0,1823,0,0.000000,16384,1609,55700,4,1.000000,0.000000
34183,36542068553,1056925,0,0,1826,0,0.000000,16384,1648,56925,4,1.000000,0.000000
34184,36543127479,1058926,0,0,1643,0,0.000000,16384,1471,58926,4,1.000000,0.000000
34185,36544184840,1057361,0,0,1815,0,0.000000,16384,1595,57361,4,1.000000,0.000000
34186,36545241738,1056898,0,0,1814,0,0.000000,16384,1619,56898,4,1.000000,0.000000
34187,36546300217,1058479,0,0,1727,0,0.000000,16384,1569,58479,4,1.000000,0.000000
34188,36547356664,1056447,0,0,1802,0,0.000000,16384,1591,56447,4,1.000000,0.000000
34189,36548413825,1057161,0,0,1826,0,0.000000,16384,1605,57161,4,1.000000,0.000000
34190,36549472551,1058726,0,0,1810,0,0.000000,16384,1623,58726,4,1.000000,0.000000
34191,36550537610,1065059,0,0,1819,0,0.000000,16384,1642,65059,4,1.000000,0.000000
34192,36551594823,1057213,0,0,1824,0,0.000000,16384,1625,57213,4,1.000000,0.000000
34193,36552650781,1055958,0,0,1809,0,0.000000,16384,1588,55958,4,1.000000,0.000000
34194,36553670014,1019233,0,0,1754,0,0.000000,16384,1565,19233,4,1.000000,0.000000
34195,36554726124,1056110,0,0,1824,0,0.000000,16384,1646,56110,4,1.000000,0.000000
34196,36555782215,1056091,0,0,1824,0,0.000000,16384,1628,56091,4,1.000000,0.000000
34197,36556839263,1057048,0,0,1823,0,0.000000,16384,1603,57048,4,1.000000,0.000000
34198,36557895127,1055864,0,0,1805,0,0.000000,16384,1599,55864,4,1.000000,0.000000
34199,36558951582,1056455,0,0,1823,0,0.000000,16384,1645,56455,4,1.000000,0.000000
34200,36560007985,1056403,0,0,1761,0,0.000000,16384,1581,56403,4,1.000000,0.000000
34201,36561079914,1071929,0,0,1729,0,0.000000,16384,1509,71929,4,1.000000,0.000000
34202,36562136914,1057000,0,0,1813,0,0.000000,16384,1621,57000,4,1.000000,0.000000
34203,36563192913,1055999,0,0,1822,0,0.000000,16384,1644,55999,4,1.000000,0.000000
34204,36564280801,1087888,0,0,1807,0,0.000000,16384,1612,87888,4,1.000000,0.000000
34205,36565345360,1064559,0,0,1598,0,0.000000,16384,1393,64559,4,1.000000,0.000000
34206,36566408268,1062908,0,0,1550,0,0.000000,16384,1420,62908,4,1.000000,0.000000
34207,36567468840,1060572,0,0,1556,0,0.000000,16384,1346,60572,4,1.000000,0.000000
34208,36568527367,1058527,0,0,1559,0,0.000000,16384,1433,58527,4,1.000000,0.000000
34209,36569618233,1090866,0,0,1827,0,0.000000,16384,1603,90866,4,1.000000,0.000000
34210,36570676729,1058496,0,0,1649,0,0.000000,16384,1459,58496,4,1.000000,0.000000
34211,36571747624,1070895,0,0,1669,0,0.000000,16384,1523,70895,4,1.000000,0.000000
34212,36572808864,1061240,0,0,1757,0,0.000000,16384,1537,61240,4,1.000000,0.000000
34213,36573873444,1064580,0,0,1779,0,0.000000,16384,1573,64580,4,1.000000,0.000000
34214,36574935191,1061747,0,0,1694,0,0.000000,16384,1542,61747,4,1.000000,0.000000
34215,36575994484,1059293,0,0,1817,0,0.000000,16384,1611,59293,4,1.000000,0.000000
34216,36577052052,1057568,0,0,1764,0,0.000000,16384,1544,57568,4,1.000000,0.000000
34217,36578109360,1057308,0,0,1729,0,0.000000,16384,1561,57308,4,1.000000,0.000000
34218,36579165290,1055930,0,0,1826,0,0.000000,16384,1648,55930,4,1.000000,0.000000
34219,36580221156,1055866,0,0,1824,0,0.000000,16384,1606,55866,4,1.000000,0.000000
34220,36581277491,1056335,0,0,1747,0,0.000000,16384,1532,56335,4,1.000000,0.000000
34221,36582342512,1065021,0,0,1818,0,0.000000,16384,1641,65021,4,1.000000,0.000000
34222,36583399592,1057080,0,0,1827,0,0.000000,16384,1649,57080,4,1.000000,0.000000
34223,36584456735,1057143,0,0,1783,0,0.000000,16384,1569,57143,4,1.000000,0.000000
34224,36585512648,1055913,0,0,1783,0,0.000000,16384,1563,55913,4,1.000000,0.000000
34225,36586572505,1059857,0,0,1708,0,0.000000,16384,1555,59857,4,1.000000,0.000000
34226,36587631535,1059030,0,0,1811,0,0.000000,16384,1624,59030,4,1.000000,0.000000
34227,36588674360,1042825,0,0,1715,0,0.000000,16384,1495,42825,4,1.000000,0.000000
34228,36589732381,1058021,0,0,1810,0,0.000000,16384,1618,58021,4,1.000000,0.000000
34229,36590789046,1056665,0,0,1817,0,0.000000,16384,1641,56665,4,1.000000,0.000000
34230,36591844717,1055671,0,0,1825,0,0.000000,16384,1629,55671,4,1.000000,0.000000
34231,36592910043,1065326,0,0,1791,0,0.000000,16384,1571,65326,4,1.000000,0.000000
34232,36593966781,1056738,0,0,1820,0,0.000000,16384,1617,56738,4,1.000000,0.000000
34233,36595022503,1055722,0,0,1824,0,0.000000,16384,1645,55722,4,1.000000,0.000000
34234,36596078353,1055850,0,0,1823,0,0.000000,16384,1641,55850,4,1.000000,0.000000
34235,36597134254,1055901,0,0,1821,0,0.000000,16384,1601,55901,4,1.000000,0.000000
34236,36598191972,1057718,0,0,1722,0,0.000000,16384,1519,57718,4,1.000000,0.000000
34237,36599249211,1057239,0,0,1657,0,0.000000,16384,1514,57239,4,1.000000,0.000000
34238,36600305919,1056708,0,0,1662,0,0.000000,16384,1448,56708,4,1.000000,0.000000
34239,36601363983,1058064,0,0,1652,0,0.000000,16384,1484,58064,4,1.000000,0.000000
34240,36602420578,1056595,0,0,1772,0,0.000000,16384,1600,56595,4,1.000000,0.000000
34241,36603480821,1060243,0,0,1830,0,0.000000,16384,1610,60243,4,1.000000,0.000000
34242,36604536463,1055642,0,0,1821,0,0.000000,16384,1597,55642,4,1.000000,0.000000
34243,36605592882,1056419,0,0,1799,0,0.000000,16384,1626,56419,4,1.000000,0.000000
34244,36606651076,1058194,0,0,1745,0,0.000000,16384,1578,58194,4,1.000000,0.000000
34245,36607670647,1019571,0,0,1743,0,0.000000,16384,1523,19571,4,1.000000,0.000000
34246,36608728935,1058288,0,0,1817,0,0.000000,16384,1611,58288,4,1.000000,0.000000
34247,36609785481,1056546,0,0,1822,0,0.000000,16384,1644,56546,4,1.000000,0.000000
34248,36610841214,1055733,0,0,1811,0,0.000000,16384,1631,55733,4,1.000000,0.000000
34249,36611897076,1055862,0,0,1821,0,0.000000,16384,1601,55862,4,1.000000,0.000000
34250,36612953993,1056917,0,0,1668,0,0.000000,16384,1476,56917,4,1.000000,0.000000
34251,36614028325,1074332,0,0,1786,0,0.000000,16384,1616,74332,4,1.000000,0.000000
34252,36615084764,1056439,0,0,1814,0,0.000000,16384,1612,56439,4,1.000000,0.000000
34253,36616142431,1057667,0,0,1737,0,0.000000,16384,1517,57667,4,1.000000,0.000000
34254,36617198386,1055955,0,0,1813,0,0.000000,16384,1630,55955,4,1.000000,0.000000
34255,36618254578,1056192,0,0,1824,0,0.000000,16384,1647,56192,4,1.000000,0.000000
34256,36619310835,1056257,0,0,1824,0,0.000000,16384,1620,56257,4,1.000000,0.000000
34257,36620368027,1057192,0,0,1798,0,0.000000,16384,1578,57192,4,1.000000,0.000000
34258,36621424911,1056884,0,0,1824,0,0.000000,16384,1627,56884,4,1.000000,0.000000
34259,36622480680,1055769,0,0,1824,0,0.000000,16384,1646,55769,4,1.000000,0.000000
34260,36623537497,1056817,0,0,1677,0,0.000000,16384,1487,56817,4,1.000000,0.000000
34261,36624601079,1063582,0,0,1808,0,0.000000,16384,1589,63582,4,1.000000,0.000000
34262,36625658084,1057005,0,0,1663,0,0.000000,16384,1511,57005,4,1.000000,0.000000
34263,36626673560,1015476,0,0,1542,0,0.000000,16384,1358,15476,4,1.000000,0.000000
34264,36627731216,1057656,0,0,1820,0,0.000000,16384,1612,57656,4,1.000000,0.000000
34265,36628787036,1055820,0,0,1823,0,0.000000,16384,1646,55820,4,1.000000,0.000000
34266,36629843220,1056184,0,0,1811,0,0.000000,16384,1632,56184,4,1.000000,0.000000
34267,36630899261,1056041,0,0,1812,0,0.000000,16384,1592,56041,4,1.000000,0.000000
34268,36631955641,1056380,0,0,1823,0,0.000000,16384,1599,56380,4,1.000000,0.000000
34269,36633011470,1055829,0,0,1814,0,0.000000,16384,1640,55829,4,1.000000,0.000000
34270,36634067061,1055591,0,0,1823,0,0.000000,16384,1645,55591,4,1.000000,0.000000
34271,36635127813,1060752,0,0,1820,0,0.000000,16384,1608,60752,4,1.000000,0.000000
34272,36636184761,1056948,0,0,1803,0,0.000000,16384,1583,56948,4,1.000000,0.000000
34273,36637240961,1056200,0,0,1823,0,0.000000,16384,1634,56200,4,1.000000,0.000000
34274,36638296931,1055970,0,0,1803,0,0.000000,16384,1630,55970,4,1.000000,0.000000
34275,36639352907,1055976,0,0,1813,0,0.000000,16384,1611,55976,4,1.000000,0.000000
34276,36640408562,1055655,0,0,1821,0,0.000000,16384,1601,55655,4,1.000000,0.000000
34277,36641464533,1055971,0,0,1816,0,0.000000,16384,1616,55971,4,1.000000,0.000000
34278,36642521866,1057333,0,0,1674,0,0.000000,16384,1526,57333,4,1.000000,0.000000
34279,36643578580,1056714,0,0,1786,0,0.000000,16384,1570,56714,4,1.000000,0.000000
34280,36644641464,1062884,0,0,1806,0,0.000000,16384,1586,62884,4,1.000000,0.000000
34281,36646690712,2049248,0,0,2808,0,0.000000,16384,2526,1049248,4,1.000000,0.000000
34282,36647764566,1073854,0,0,1485,0,0.000000,16384,1319,73854,4,1.000000,0.000000
34283,36648837240,1072674,0,0,1475,0,0.000000,16384,1330,72674,4,1.000000,0.000000
34284,36649901050,1063810,0,0,1521,0,0.000000,16384,1330,63810,4,1.000000,0.000000
34285,36650964474,1063424,0,0,1513,0,0.000000,16384,1378,63424,4,1.000000,0.000000
34286,36652024858,1060384,0,0,1658,0,0.000000,16384,1457,60384,4,1.000000,0.000000
34287,36653088272,1063414,0,0,1757,0,0.000000,16384,1555,63414,4,1.000000,0.000000
34288,36654148837,1060565,0,0,1729,0,0.000000,16384,1570,60565,4,1.000000,0.000000
34289,36655206573,1057736,0,0,1816,0,0.000000,16384,1613,57736,4,1.000000,0.000000
34290,36656262496,1055923,0,0,1813,0,0.000000,16384,1593,55923,4,1.000000,0.000000
34291,36657346272,1083776,0,0,1665,0,0.000000,16384,1498,83776,4,1.000000,0.000000
34292,36658410320,1064048,0,0,1620,0,0.000000,16384,1447,64048,4,1.000000,0.000000
34293,36659469723,1059403,0,0,1775,0,0.000000,16384,1555,59403,4,1.000000,0.000000
34294,36660557703,1087980,0,0,1953,0,0.000000,16384,1744,87980,4,1.000000,0.000000
34295,36661646661,1088958,0,0,1964,0,0.000000,16384,1759,88958,4,1.000000,0.000000
34296,36662708204,1061543,0,0,1913,0,0.000000,16384,1717,61543,4,1.000000,0.000000
34297,36663771698,1063494,0,0,1809,0,0.000000,16384,1631,63494,4,1.000000,0.000000
34298,36664865567,1093869,0,0,1769,0,0.000000,16384,1549,93869,4,1.000000,0.000000
34299,36665932882,1067315,0,0,1488,0,0.000000,16384,1341,67315,4,1.000000,0.000000
34300,36666997938,1065056,0,0,1528,0,0.000000,16384,1339,65056,4,1.000000,0.000000
34301,36668094639,1096701,0,0,1597,0,0.000000,16384,1442,96701,4,1.000000,0.000000
34302,36669152990,1058351,0,0,1354,0,0.000000,16384,1176,58351,4,1.000000,0.000000
34303,36670211912,1058922,0,0,1549,0,0.000000,16384,1428,58922,4,1.000000,0.000000
34304,36671274231,1062319,0,0,1521,0,0.000000,16384,1310,62319,4,1.000000,0.000000
34305,36672337304,1063073,0,0,1558,0,0.000000,16384,1434,63073,4,1.000000,0.000000
34306,36673401316,1064012,0,0,1524,0,0.000000,16384,1312,64012,4,1.000000,0.000000
34307,36674465776,1064460,0,0,1541,0,0.000000,16384,1418,64460,4,1.000000,0.000000
34308,36675523885,1058109,0,0,1531,0,0.000000,16384,1320,58109,4,1.000000,0.000000
34309,36676582762,1058877,0,0,1533,0,0.000000,16384,1408,58877,4,1.000000,0.000000
34310,36677642608,1059846,0,0,1533,0,0.000000,16384,1326,59846,4,1.000000,0.000000
34311,36678673365,1030757,0,0,1489,0,0.000000,16384,1360,30757,4,1.000000,0.000000
34312,36679731364,1057999,0,0,1533,0,0.000000,16384,1338,57999,4,1.000000,0.000000
34313,36680789496,1058132,0,0,1535,0,0.000000,16384,1394,58132,4,1.000000,0.000000
34314,36681890054,1100558,0,0,1589,0,0.000000,16384,1386,100558,4,1.000000,0.000000
34315,36682953340,1063286,0,0,1638,0,0.000000,16384,1498,63286,4,1.000000,0.000000
34316,36684015080,1061740,0,0,1823,0,0.000000,16384,1606,61740,4,1.000000,0.000000
34317,36685078888,1063808,0,0,1594,0,0.000000,16384,1408,63808,4,1.000000,0.000000
34318,36686144208,1065320,0,0,1618,0,0.000000,16384,1466,65320,4,1.000000,0.000000
34319,36687239991,1095783,0,0,1589,0,0.000000,16384,1585,95783,4,1.000000,0.000000
34320,36688309641,1069650,0,0,1461,0,0.000000,16384,1457,69650,4,1.000000,0.000000
34321,36689399929,1090288,0,0,1566,0,0.000000,16384,1562,90288,4,1.000000,0.000000
34322,36690460168,1060239,0,0,1724,0,0.000000,16384,1500,60239,4,1.000000,0.000000
34323,36691518887,1058719,0,0,1811,0,0.000000,16384,1622,58719,4,1.000000,0.000000
34324,36692576327,1057440,0,0,1808,0,0.000000,16384,1634,57440,4,1.000000,0.000000
34325,36693634190,1057863,0,0,1805,0,0.000000,16384,1604,57863,4,1.000000,0.000000
34326,36694670166,1035976,0,0,1776,0,0.000000,16384,1556,35976,4,1.000000,0.000000
34327,36695726333,1056167,0,0,1826,0,0.000000,16384,1633,56167,4,1.000000,0.000000
34328,36696784065,1057732,0,0,1786,0,0.000000,16384,1616,57732,4,1.000000,0.000000
34329,36697847263,1063198,0,0,1494,0,0.000000,16384,1297,63198,4,1.000000,0.000000
34330,36698909815,1062552,0,0,1565,0,0.000000,16384,1431,62552,4,1.000000,0.000000
34331,36699987092,1077277,0,0,1612,0,0.000000,16384,1410,77277,4,1.000000,0.000000
34332,36701043876,1056784,0,0,1658,0,0.000000,16384,1487,56784,4,1.000000,0.000000
34333,36702100988,1057112,0,0,1716,0,0.000000,16384,1546,57112,4,1.000000,0.000000
34334,36703158691,1057703,0,0,1787,0,0.000000,16384,1568,57703,4,1.000000,0.000000
34335,36704214439,1055748,0,0,1811,0,0.000000,16384,1604,55748,4,1.000000,0.000000
34336,36705270442,1056003,0,0,1814,0,0.000000,16384,1639,56003,4,1.000000,0.000000
34337,36706327178,1056736,0,0,1809,0,0.000000,16384,1627,56736,4,1.000000,0.000000
34338,36707385257,1058079,0,0,1709,0,0.000000,16384,1489,58079,4,1.000000,0.000000
34339,36708442823,1057566,0,0,1761,0,0.000000,16384,1576,57566,4,1.000000,0.000000
34340,36709501220,1058397,0,0,1558,0,0.000000,16384,1403,58397,4,1.000000,0.000000
34341,36710650665,1149445,0,0,1874,0,0.000000,16384,1654,149445,4,1.000000,0.000000
34342,36711678837,1028172,0,0,1527,0,0.000000,16384,1377,28172,4,1.000000,0.000000
34343,36712704929,1026092,0,0,1605,0,0.000000,16384,1419,26092,4,1.000000,0.000000
34344,36713768728,1063799,0,0,1813,0,0.000000,16384,1597,63799,4,1.000000,0.000000
34345,36714828697,1059969,0,0,1663,0,0.000000,16384,1518,59969,4,1.000000,0.000000
34346,36715883509,1054812,0,0,1779,0,0.000000,16384,1576,54812,4,1.000000,0.000000
34347,36716943828,1060319,0,0,1793,0,0.000000,16384,1573,60319,4,1.000000,0.000000
34348,36718001132,1057304,0,0,1772,0,0.000000,16384,1594,57304,4,1.000000,0.000000
34349,36719058322,1057190,0,0,1799,0,0.000000,16384,1626,57190,4,1.000000,0.000000
34350,36720114006,1055684,0,0,1820,0,0.000000,16384,1607,55684,4,1.000000,0.000000
34351,36721192279,1078273,0,0,1857,0,0.000000,16384,1637,78273,4,1.000000,0.000000
34352,36722248906,1056627,0,0,1823,0,0.000000,16384,1624,56627,4,1.000000,0.000000
34353,36723304897,1055991,0,0,1813,0,0.000000,16384,1638,55991,4,1.000000,0.000000
34354,36724361181,1056284,0,0,1802,0,0.000000,16384,1612,56284,4,1.000000,0.000000
34355,36725418651,1057470,0,0,1814,0,0.000000,16384,1594,57470,4,1.000000,0.000000
34356,36726476586,1057935,0,0,1816,0,0.000000,16384,1608,57935,4,1.000000,0.000000
34357,36727535348,1058762,0,0,1769,0,0.000000,16384,1602,58762,4,1.000000,0.000000
34358,36728593397,1058049,0,0,1823,0,0.000000,16384,1634,58049,4,1.000000,0.000000
34359,36729652340,1058943,0,0,1716,0,0.000000,16384,1496,58943,4,1.000000,0.000000
34360,36730671274,1018934,0,0,1749,0,0.000000,16384,1568,18934,4,1.000000,0.000000
34361,36731741584,1070310,0,0,1830,0,0.000000,16384,1652,70310,4,1.000000,0.000000
34362,36732797846,1056262,0,0,1788,0,0.000000,16384,1582,56262,4,1.000000,0.000000
34363,36733854134,1056288,0,0,1810,0,0.000000,16384,1591,56288,4,1.000000,0.000000
34364,36734910018,1055884,0,0,1812,0,0.000000,16384,1623,55884,4,1.000000,0.000000
34365,36735966635,1056617,0,0,1823,0,0.000000,16384,1645,56617,4,1.000000,0.000000
34366,36737022804,1056169,0,0,1824,0,0.000000,16384,1626,56169,4,1.000000,0.000000
34367,36738078954,1056150,0,0,1821,0,0.000000,16384,1602,56150,4,1.000000,0.000000
34368,36739134219,1055265,0,0,1811,0,0.000000,16384,1605,55265,4,1.000000,0.000000
34369,36740190092,1055873,0,0,1823,0,0.000000,16384,1646,55873,4,1.000000,0.000000
34370,36741247677,1057585,0,0,1785,0,0.000000,16384,1604,57585,4,1.000000,0.000000
34371,36742311408,1063731,0,0,1753,0,0.000000,16384,1533,63731,4,1.000000,0.000000
34372,36743371779,1060371,0,0,1761,0,0.000000,16384,1570,60371,4,1.000000,0.000000
34373,36744430224,1058445,0,0,1817,0,0.000000,16384,1641,58445,4,1.000000,0.000000
34374,36745486161,1055937,0,0,1814,0,0.000000,16384,1617,55937,4,1.000000,0.000000
34375,36746543052,1056891,0,0,1789,0,0.000000,16384,1569,56891,4,1.000000,0.000000
34376,36747603778,1060726,0,0,1619,0,0.000000,16384,1458,60726,4,1.000000,0.000000
34377,36748663266,1059488,0,0,1805,0,0.000000,16384,1626,59488,4,1.000000,0.000000
34378,36749673110,1009844,0,0,1736,0,0.000000,16384,1516,9844,4,1.000000,0.000000
34379,36750730505,1057395,0,0,1805,0,0.000000,16384,1604,57395,4,1.000000,0.000000
34380,36751786184,1055679,0,0,1814,0,0.000000,16384,1638,55679,4,1.000000,0.000000
34381,36752852162,1065978,0,0,1843,0,0.000000,16384,1656,65978,4,1.000000,0.000000
34382,36753962696,1110534,0,0,1907,0,0.000000,16384,1683,110534,4,1.000000,0.000000
34383,36755027443,1064747,0,0,1751,0,0.000000,16384,1531,64747,4,1.000000,0.000000
34384,36756090794,1063351,0,0,1625,0,0.000000,16384,1486,63351,4,1.000000,0.000000
34385,36757151377,1060583,0,0,1661,0,0.000000,16384,1464,60583,4,1.000000,0.000000
34386,36758208474,1057097,0,0,1664,0,0.000000,16384,1477,57097,4,1.000000,0.000000
34387,36759265299,1056825,0,0,1665,0,0.000000,16384,1512,56825,4,1.000000,0.000000
34388,36760321901,1056602,0,0,1662,0,0.000000,16384,1442,56602,4,1.000000,0.000000
34389,36761383028,1061127,0,0,1739,0,0.000000,16384,1566,61127,4,1.000000,0.000000
34390,36762472232,1089204,0,0,1912,0,0.000000,16384,1718,89204,4,1.000000,0.000000
34391,36763571389,1099157,0,0,1980,0,0.000000,16384,1771,99157,4,1.000000,0.000000
34392,36764633661,1062272,0,0,1629,0,0.000000,16384,1421,62272,4,1.000000,0.000000
34393,36765707165,1073504,0,0,1681,0,0.000000,16384,1508,73504,4,1.000000,0.000000
34394,36766772553,1065388,0,0,1542,0,0.000000,16384,1375,65388,4,1.000000,0.000000
34395,36767835043,1062490,0,0,1552,0,0.000000,16384,1381,62490,4,1.000000,0.000000
34396,36768894600,1059557,0,0,1560,0,0.000000,16384,1395,59557,4,1.000000,0.000000
34397,36769955977,1061377,0,0,1553,0,0.000000,16384,1375,61377,4,1.000000,0.000000
34398,36771013484,1057507,0,0,1547,0,0.000000,16384,1388,57507,4,1.000000,0.000000
34399,36772071637,1058153,0,0,1558,0,0.000000,16384,1378,58153,4,1.000000,0.000000
34400,36773129279,1057642,0,0,1558,0,0.000000,16384,1403,57642,4,1.000000,0.000000
34401,36774215104,1085825,0,0,1582,0,0.000000,16384,1390,85825,4,1.000000,0.000000
34402,36775273812,1058708,0,0,1750,0,0.000000,16384,1586,58708,4,1.000000,0.000000
34403,36776331790,1057978,0,0,1808,0,0.000000,16384,1604,57978,4,1.000000,0.000000
34404,36777391761,1059971,0,0,1826,0,0.000000,16384,1606,59971,4,1.000000,0.000000
34405,36778452841,1061080,0,0,1832,0,0.000000,16384,1631,61080,4,1.000000,0.000000
34406,36779510247,1057406,0,0,1825,0,0.000000,16384,1648,57406,4,1.000000,0.000000
34407,36780569070,1058823,0,0,1789,0,0.000000,16384,1603,58823,4,1.000000,0.000000
34408,36781625751,1056681,0,0,1802,0,0.000000,16384,1581,56681,4,1.000000,0.000000
34409,36782673201,1047450,0,0,1735,0,0.000000,16384,1545,47450,4,1.000000,0.000000
34410,36783730455,1057254,0,0,1786,0,0.000000,16384,1616,57254,4,1.000000,0.000000
34411,36784797088,1066633,0,0,1840,0,0.000000,16384,1637,66633,4,1.000000,0.000000
34412,36785854097,1057009,0,0,1824,0,0.000000,16384,1604,57009,4,1.000000,0.000000
34413,36786913360,1059263,0,0,1777,0,0.000000,16384,1579,59263,4,1.000000,0.000000
34414,36787972073,1058713,0,0,1799,0,0.000000,16384,1626,58713,4,1.000000,0.000000
34415,36789029439,1057366,0,0,1817,0,0.000000,16384,1624,57366,4,1.000000,0.000000
34416,36790085668,1056229,0,0,1815,0,0.000000,16384,1595,56229,4,1.000000,0.000000
34417,36791141598,1055930,0,0,1816,0,0.000000,16384,1607,55930,4,1.000000,0.000000
34418,36792198200,1056602,0,0,1803,0,0.000000,16384,1631,56602,4,1.000000,0.000000
34419,36793255056,1056856,0,0,1825,0,0.000000,16384,1642,56856,4,1.000000,0.000000
34420,36794311036,1055980,0,0,1794,0,0.000000,16384,1574,55980,4,1.000000,0.000000
34421,36795374681,1063645,0,0,1835,0,0.000000,16384,1614,63645,4,1.000000,0.000000
34422,36796430474,1055793,0,0,1824,0,0.000000,16384,1647,55793,4,1.000000,0.000000
34423,36797486214,1055740,0,0,1825,0,0.000000,16384,1648,55740,4,1.000000,0.000000
34424,36798542341,1056127,0,0,1813,0,0.000000,16384,1600,56127,4,1.000000,0.000000
34425,36799598148,1055807,0,0,1822,0,0.000000,16384,1602,55807,4,1.000000,0.000000
34426,36800653884,1055736,0,0,1825,0,0.000000,16384,1634,55736,4,1.000000,0.000000
34427,36801671305,1017421,0,0,1697,0,0.000000,16384,1546,17421,4,1.000000,0.000000
34428,36802727877,1056572,0,0,1792,0,0.000000,16384,1573,56572,4,1.000000,0.000000
34429,36803783856,1055979,0,0,1824,0,0.000000,16384,1601,55979,4,1.000000,0.000000
34430,36804839714,1055858,0,0,1827,0,0.000000,16384,1647,55858,4,1.000000,0.000000
34431,36805899043,1059329,0,0,1831,0,0.000000,16384,1651,59329,4,1.000000,0.000000
34432,36806966109,1067066,0,0,1763,0,0.000000,16384,1559,67066,4,1.000000,0.000000
34433,36808025629,1059520,0,0,1561,0,0.000000,16384,1382,59520,4,1.000000,0.000000
34434,36809064811,1039182,0,0,1564,0,0.000000,16384,1407,39182,4,1.000000,0.000000
34435,36810122797,1057986,0,0,1662,0,0.000000,16384,1454,57986,4,1.000000,0.000000
34436,36811179583,1056786,0,0,1736,0,0.000000,16384,1576,56786,4,1.000000,0.000000
34437,36812236101,1056518,0,0,1822,0,0.000000,16384,1630,56518,4,1.000000,0.000000
34438,36813295546,1059445,0,0,1819,0,0.000000,16384,1599,59445,4,1.000000,0.000000
34439,36814354121,1058575,0,0,1648,0,0.000000,16384,1471,58575,4,1.000000,0.000000
34440,36815411831,1057710,0,0,1817,0,0.000000,16384,1640,57710,4,1.000000,0.000000
34441,36816478197,1066366,0,0,1825,0,0.000000,16384,1615,66366,4,1.000000,0.000000
34442,36817535426,1057229,0,0,1827,0,0.000000,16384,1607,57229,4,1.000000,0.000000
34443,36818591541,1056115,0,0,1825,0,0.000000,16384,1628,56115,4,1.000000,0.000000
34444,36819647263,1055722,0,0,1812,0,0.000000,16384,1637,55722,4,1.000000,0.000000
34445,36820673529,1026266,0,0,1746,0,0.000000,16384,1554,26266,4,1.000000,0.000000
34446,36821729395,1055866,0,0,1823,0,0.000000,16384,1602,55866,4,1.000000,0.000000
34447,36822785425,1056030,0,0,1823,0,0.000000,16384,1625,56030,4,1.000000,0.000000
34448,36823842649,1057224,0,0,1801,0,0.000000,16384,1628,57224,4,1.000000,0.000000
34449,36824899153,1056504,0,0,1824,0,0.000000,16384,1632,56504,4,1.000000,0.000000
34450,36825956687,1057534,0,0,1823,0,0.000000,16384,1603,57534,4,1.000000,0.000000
34451,36827062225,1105538,0,0,1868,0,0.000000,16384,1643,105538,4,1.000000,0.000000
34452,36828126261,1064036,0,0,1742,0,0.000000,16384,1583,64036,4,1.000000,0.000000
34453,36829186881,1060620,0,0,1670,0,0.000000,16384,1489,60620,4,1.000000,0.000000
34454,36830244899,1058018,0,0,1665,0,0.000000,16384,1460,58018,4,1.000000,0.000000
34455,36831305723,1060824,0,0,1607,0,0.000000,16384,1473,60824,4,1.000000,0.000000
34456,36832364949,1059226,0,0,1659,0,0.000000,16384,1443,59226,4,1.000000,0.000000
34457,36833424313,1059364,0,0,1597,0,0.000000,16384,1442,59364,4,1.000000,0.000000
34458,36834516631,1092318,0,0,1840,0,0.000000,16384,1655,92318,4,1.000000,0.000000
34459,36835605726,1089095,0,0,1884,0,0.000000,16384,1660,89095,4,1.000000,0.000000
34460,36836696168,1090442,0,0,1978,0,0.000000,16384,1757,90442,4,1.000000,0.000000
34461,36837776795,1080627,0,0,1946,0,0.000000,16384,1723,80627,4,1.000000,0.000000
34462,36838839355,1062560,0,0,1923,0,0.000000,16384,1705,62560,4,1.000000,0.000000
34463,36839901922,1062567,0,0,1905,0,0.000000,16384,1711,62567,4,1.000000,0.000000
34464,36840963840,1061918,0,0,1908,0,0.000000,16384,1713,61918,4,1.000000,0.000000
34465,36842022772,1058932,0,0,1816,0,0.000000,16384,1635,58932,4,1.000000,0.000000
34466,36843079478,1056706,0,0,1823,0,0.000000,16384,1603,56706,4,1.000000,0.000000
34467,36844137399,1057921,0,0,1760,0,0.000000,16384,1550,57921,4,1.000000,0.000000
34468,36845194982,1057583,0,0,1815,0,0.000000,16384,1639,57583,4,1.000000,0.000000
34469,36846253085,1058103,0,0,1798,0,0.000000,16384,1620,58103,4,1.000000,0.000000
34470,36847311984,1058899,0,0,1733,0,0.000000,16384,1513,58899,4,1.000000,0.000000
34471,36848381467,1069483,0,0,1818,0,0.000000,16384,1613,69483,4,1.000000,0.000000
34472,36849439586,1058119,0,0,1819,0,0.000000,16384,1643,58119,4,1.000000,0.000000
34473,36850497507,1057921,0,0,1699,0,0.000000,16384,1516,57921,4,1.000000,0.000000
34474,36851554717,1057210,0,0,1791,0,0.000000,16384,1571,57210,4,1.000000,0.000000
34475,36852611222,1056505,0,0,1823,0,0.000000,16384,1632,56505,4,1.000000,0.000000
34476,36853668843,1057621,0,0,1813,0,0.000000,16384,1637,57621,4,1.000000,0.000000
34477,36854724754,1055911,0,0,1825,0,0.000000,16384,1628,55911,4,1.000000,0.000000
34478,36855780965,1056211,0,0,1812,0,0.000000,16384,1592,56211,4,1.000000,0.000000
34479,36856836988,1056023,0,0,1823,0,0.000000,16384,1616,56023,4,1.000000,0.000000
34480,36857892894,1055906,0,0,1825,0,0.000000,16384,1648,55906,4,1.000000,0.000000
34481,36858954378,1061484,0,0,1834,0,0.000000,16384,1653,61484,4,1.000000,0.000000
34482,36860011544,1057166,0,0,1748,0,0.000000,16384,1529,57166,4,1.000000,0.000000
34483,36861068731,1057187,0,0,1759,0,0.000000,16384,1558,57187,4,1.000000,0.000000
34484,36862126730,1057999,0,0,1713,0,0.000000,16384,1558,57999,4,1.000000,0.000000
34485,36863184302,1057572,0,0,1804,0,0.000000,16384,1596,57572,4,1.000000,0.000000
34486,36864240953,1056651,0,0,1811,0,0.000000,16384,1591,56651,4,1.000000,0.000000
34487,36865297040,1056087,0,0,1823,0,0.000000,16384,1631,56087,4,1.000000,0.000000
34488,36866354019,1056979,0,0,1762,0,0.000000,16384,1597,56979,4,1.000000,0.000000
34489,36867415808,1061789,0,0,1552,0,0.000000,16384,1349,61789,4,1.000000,0.000000
34490,36868478065,1062257,0,0,1640,0,0.000000,16384,1486,62257,4,1.000000,0.000000
34491,36869547322,1069257,0,0,1670,0,0.000000,16384,1484,69257,4,1.000000,0.000000
34492,36870605220,1057898,0,0,1800,0,0.000000,16384,1580,57898,4,1.000000,0.000000
34493,36871662263,1057043,0,0,1824,0,0.000000,16384,1639,57043,4,1.000000,0.000000
34494,36872671360,1009097,0,0,1661,0,0.000000,16384,1506,9097,4,1.000000,0.000000
34495,36873727711,1056351,0,0,1822,0,0.000000,16384,1602,56351,4,1.000000,0.000000
34496,36874788627,1060916,0,0,1728,0,0.000000,16384,1529,60916,4,1.000000,0.000000
34497,36875848795,1060168,0,0,1831,0,0.000000,16384,1652,60168,4,1.000000,0.000000
34498,36876905980,1057185,0,0,1817,0,0.000000,16384,1631,57185,4,1.000000,0.000000
34499,36877962703,1056723,0,0,1824,0,0.000000,16384,1603,56723,4,1.000000,0.000000
34500,36879018621,1055918,0,0,1823,0,0.000000,16384,1605,55918,4,1.000000,0.000000
34501,36880095254,1076633,0,0,1848,0,0.000000,16384,1665,76633,4,1.000000,0.000000
34502,36881151740,1056486,0,0,1826,0,0.000000,16384,1648,56486,4,1.000000,0.000000
34503,36882207659,1055919,0,0,1808,0,0.000000,16384,1600,55919,4,1.000000,0.000000
34504,36883267710,1060051,0,0,1824,0,0.000000,16384,1604,60051,4,1.000000,0.000000
34505,36884328298,1060588,0,0,1828,0,0.000000,16384,1632,60588,4,1.000000,0.000000
34506,36885386037,1057739,0,0,1719,0,0.000000,16384,1563,57739,4,1.000000,0.000000
34507,36886442542,1056505,0,0,1823,0,0.000000,16384,1611,56505,4,1.000000,0.000000
34508,36887503528,1060986,0,0,1759,0,0.000000,16384,1539,60986,4,1.000000,0.000000
34509,36888563525,1059997,0,0,1660,0,0.000000,16384,1511,59997,4,1.000000,0.000000
34510,36889621418,1057893,0,0,1666,0,0.000000,16384,1474,57893,4,1.000000,0.000000
34511,36890670971,1049553,0,0,1793,0,0.000000,16384,1574,49553,4,1.000000,0.000000
34512,36891730404,1059433,0,0,1794,0,0.000000,16384,1623,59433,4,1.000000,0.000000
34513,36892791751,1061347,0,0,1821,0,0.000000,16384,1644,61347,4,1.000000,0.000000
34514,36893849064,1057313,0,0,1826,0,0.000000,16384,1610,57313,4,1.000000,0.000000
34515,36894905328,1056264,0,0,1824,0,0.000000,16384,1604,56264,4,1.000000,0.000000
34516,36895961440,1056112,0,0,1815,0,0.000000,16384,1626,56112,4,1.000000,0.000000
34517,36897017533,1056093,0,0,1824,0,0.000000,16384,1646,56093,4,1.000000,0.000000
34518,36898074886,1057353,0,0,1766,0,0.000000,16384,1569,57353,4,1.000000,0.000000
34519,36899130982,1056096,0,0,1774,0,0.000000,16384,1554,56096,4,1.000000,0.000000
34520,36900187071,1056089,0,0,1817,0,0.000000,16384,1589,56089,4,1.000000,0.000000
34521,36901250880,1063809,0,0,1813,0,0.000000,16384,1593,63809,4,1.000000,0.000000
34522,36902307247,1056367,0,0,1821,0,0.000000,16384,1629,56367,4,1.000000,0.000000
34523,36903363717,1056470,0,0,1773,0,0.000000,16384,1606,56470,4,1.000000,0.000000
34524,36904419529,1055812,0,0,1815,0,0.000000,16384,1610,55812,4,1.000000,0.000000
34525,36905475554,1056025,0,0,1824,0,0.000000,16384,1604,56025,4,1.000000,0.000000
34526,36906531916,1056362,0,0,1825,0,0.000000,16384,1625,56362,4,1.000000,0.000000
34527,36907580821,1048905,0,0,1720,0,0.000000,16384,1562,48905,4,1.000000,0.000000
34528,36908676175,1095354,0,0,1838,0,0.000000,16384,1632,95354,4,1.000000,0.000000
34529,36909703208,1027033,0,0,1591,0,0.000000,16384,1393,27033,4,1.000000,0.000000
34530,36910764062,1060854,0,0,1556,0,0.000000,16384,1418,60854,4,1.000000,0.000000
34531,36911835074,1071012,0,0,1586,0,0.000000,16384,1376,71012,4,1.000000,0.000000
34532,36912897488,1062414,0,0,1793,0,0.000000,16384,1622,62414,4,1.000000,0.000000
34533,36913959396,1061908,0,0,1782,0,0.000000,16384,1603,61908,4,1.000000,0.000000
34534,36915022899,1063503,0,0,1776,0,0.000000,16384,1556,63503,4,1.000000,0.000000
34535,36916056325,1033426,0,0,1713,0,0.000000,16384,1526,33426,4,1.000000,0.000000
34536,36917117157,1060832,0,0,1804,0,0.000000,16384,1630,60832,4,1.000000,0.000000
34537,36918176264,1059107,0,0,1819,0,0.000000,16384,1616,59107,4,1.000000,0.000000
34538,36919233245,1056981,0,0,1817,0,0.000000,16384,1597,56981,4,1.000000,0.000000
34539,36920289370,1056125,0,0,1824,0,0.000000,16384,1623,56125,4,1.000000,0.000000
34540,36921351436,1062066,0,0,1740,0,0.000000,16384,1579,62066,4,1.000000,0.000000
34541,36922428896,1077460,0,0,1624,0,0.000000,16384,1426,77460,4,1.000000,0.000000
34542,36923487667,1058771,0,0,1772,0,0.000000,16384,1572,58771,4,1.000000,0.000000
34543,36924545703,1058036,0,0,1790,0,0.000000,16384,1619,58036,4,1.000000,0.000000
34544,36925602827,1057124,0,0,1802,0,0.000000,16384,1609,57124,4,1.000000,0.000000
34545,36926660759,1057932,0,0,1817,0,0.000000,16384,1597,57932,4,1.000000,0.000000
34546,36927677204,1016445,0,0,1655,0,0.000000,16384,1481,16445,4,1.000000,0.000000
34547,36928737187,1059983,0,0,1800,0,0.000000,16384,1628,59983,4,1.000000,0.000000
34548,36929793656,1056469,0,0,1743,0,0.000000,16384,1529,56469,4,1.000000,0.000000
34549,36930849925,1056269,0,0,1823,0,0.000000,16384,1604,56269,4,1.000000,0.000000
34550,36931906456,1056531,0,0,1825,0,0.000000,16384,1647,56531,4,1.000000,0.000000
34551,36932983274,1076818,0,0,1856,0,0.000000,16384,1672,76818,4,1.000000,0.000000
34552,36934040591,1057317,0,0,1800,0,0.000000,16384,1593,57317,4,1.000000,0.000000
34553,36935096564,1055973,0,0,1824,0,0.000000,16384,1604,55973,4,1.000000,0.000000
34554,36936152132,1055568,0,0,1809,0,0.000000,16384,1618,55568,4,1.000000,0.000000
34555,36937208258,1056126,0,0,1802,0,0.000000,16384,1629,56126,4,1.000000,0.000000
34556,36938264393,1056135,0,0,1825,0,0.000000,16384,1625,56135,4,1.000000,0.000000
34557,36939320315,1055922,0,0,1821,0,0.000000,16384,1601,55922,4,1.000000,0.000000
34558,36940376262,1055947,0,0,1822,0,0.000000,16384,1616,55947,4,1.000000,0.000000
34559,36941433016,1056754,0,0,1810,0,0.000000,16384,1634,56754,4,1.000000,0.000000
34560,36942488854,1055838,0,0,1822,0,0.000000,16384,1640,55838,4,1.000000,0.000000
34561,36943551848,1062994,0,0,1761,0,0.000000,16384,1541,62994,4,1.000000,0.000000
34562,36944608976,1057128,0,0,1824,0,0.000000,16384,1614,57128,4,1.000000,0.000000
34563,36945664939,1055963,0,0,1824,0,0.000000,16384,1646,55963,4,1.000000,0.000000
34564,36946726920,1061981,0,0,1780,0,0.000000,16384,1603,61981,4,1.000000,0.000000
34565,36947786953,1060033,0,0,1748,0,0.000000,16384,1529,60033,4,1.000000,0.000000
34566,36948844121,1057168,0,0,1825,0,0.000000,16384,1619,57168,4,1.000000,0.000000
34567,36949901444,1057323,0,0,1785,0,0.000000,16384,1615,57323,4,1.000000,0.000000
34568,36950959006,1057562,0,0,1737,0,0.000000,16384,1549,57562,4,1.000000,0.000000
34569,36952015747,1056741,0,0,1822,0,0.000000,16384,1602,56741,4,1.000000,0.000000
34570,36953072491,1056744,0,0,1823,0,0.000000,16384,1622,56744,4,1.000000,0.000000
34571,36954137765,1065274,0,0,1827,0,0.000000,16384,1649,65274,4,1.000000,0.000000
34572,36955194787,1057022,0,0,1816,0,0.000000,16384,1631,57022,4,1.000000,0.000000
34573,36956250503,1055716,0,0,1798,0,0.000000,16384,1578,55716,4,1.000000,0.000000
34574,36957306732,1056229,0,0,1823,0,0.000000,16384,1608,56229,4,1.000000,0.000000
34575,36958362901,1056169,0,0,1822,0,0.000000,16384,1645,56169,4,1.000000,0.000000
34576,36959418915,1056014,0,0,1809,0,0.000000,16384,1637,56014,4,1.000000,0.000000
34577,36960475225,1056310,0,0,1821,0,0.000000,16384,1597,56310,4,1.000000,0.000000
34578,36961530980,1055755,0,0,1822,0,0.000000,16384,1602,55755,4,1.000000,0.000000
34579,36962587069,1056089,0,0,1813,0,0.000000,16384,1632,56089,4,1.000000,0.000000
34580,36963643110,1056041,0,0,1795,0,0.000000,16384,1623,56041,4,1.000000,0.000000
34581,36964672691,1029581,0,0,1776,0,0.000000,16384,1564,29581,4,1.000000,0.000000
34582,36965730479,1057788,0,0,1690,0,0.000000,16384,1490,57788,4,1.000000,0.000000
34583,36966788315,1057836,0,0,1755,0,0.000000,16384,1591,57836,4,1.000000,0.000000
34584,36967851207,1062892,0,0,1638,0,0.000000,16384,1447,62892,4,1.000000,0.000000
34585,36968912165,1060958,0,0,1746,0,0.000000,16384,1541,60958,4,1.000000,0.000000
34586,36969969808,1057643,0,0,1828,0,0.000000,16384,1649,57643,4,1.000000,0.000000
34587,36971026065,1056257,0,0,1815,0,0.000000,16384,1635,56257,4,1.000000,0.000000
34588,36972082764,1056699,0,0,1825,0,0.000000,16384,1605,56699,4,1.000000,0.000000
34589,36973138803,1056039,0,0,1820,0,0.000000,16384,1596,56039,4,1.000000,0.000000
34590,36974194406,1055603,0,0,1813,0,0.000000,16384,1638,55603,4,1.000000,0.000000
34591,36975260016,1065610,0,0,1751,0,0.000000,16384,1586,65610,4,1.000000,0.000000
34592,36976316377,1056361,0,0,1715,0,0.000000,16384,1495,56361,4,1.000000,0.000000
34593,36977373311,1056934,0,0,1824,0,0.000000,16384,1619,56934,4,1.000000,0.000000
34594,36978429391,1056080,0,0,1823,0,0.000000,16384,1645,56080,4,1.000000,0.000000
34595,36979485266,1055875,0,0,1812,0,0.000000,16384,1631,55875,4,1.000000,0.000000
34596,36980540747,1055481,0,0,1822,0,0.000000,16384,1602,55481,4,1.000000,0.000000
34597,36981596434,1055687,0,0,1823,0,0.000000,16384,1600,55687,4,1.000000,0.000000
34598,36982652412,1055978,0,0,1801,0,0.000000,16384,1629,55978,4,1.000000,0.000000
34599,36983670810,1018398,0,0,1661,0,0.000000,16384,1492,18398,4,1.000000,0.000000
34600,36984726656,1055846,0,0,1823,0,0.000000,16384,1603,55846,4,1.000000,0.000000
34601,36985798494,1071838,0,0,1839,0,0.000000,16384,1632,71838,4,1.000000,0.000000
34602,36986854648,1056154,0,0,1813,0,0.000000,16384,1637,56154,4,1.000000,0.000000
34603,36987913961,1059313,0,0,1753,0,0.000000,16384,1572,59313,4,1.000000,0.000000
34604,36988973021,1059060,0,0,1685,0,0.000000,16384,1465,59060,4,1.000000,0.000000
34605,36990030320,1057299,0,0,1761,0,0.000000,16384,1590,57299,4,1.000000,0.000000
34606,36991087171,1056851,0,0,1826,0,0.000000,16384,1648,56851,4,1.000000,0.000000
34607,36992143306,1056135,0,0,1823,0,0.000000,16384,1608,56135,4,1.000000,0.000000
34608,36993198779,1055473,0,0,1824,0,0.000000,16384,1603,55473,4,1.000000,0.000000
34609,36994254591,1055812,0,0,1823,0,0.000000,16384,1633,55812,4,1.000000,0.000000
34610,36995311098,1056507,0,0,1799,0,0.000000,16384,1627,56507,4,1.000000,0.000000
34611,36996374780,1063682,0,0,1834,0,0.000000,16384,1633,63682,4,1.000000,0.000000
34612,36997430795,1056015,0,0,1824,0,0.000000,16384,1604,56015,4,1.000000,0.000000
34613,36998487544,1056749,0,0,1815,0,0.000000,16384,1609,56749,4,1.000000,0.000000
34614,36999543155,1055611,0,0,1809,0,0.000000,16384,1635,55611,4,1.000000,0.000000
34615,37000599007,1055852,0,0,1823,0,0.000000,16384,1638,55852,4,1.000000,0.000000
34616,37001655102,1056095,0,0,1823,0,0.000000,16384,1604,56095,4,1.000000,0.000000
34617,37002670424,1015322,0,0,1732,0,0.000000,16384,1528,15322,4,1.000000,0.000000
34618,37003726340,1055916,0,0,1814,0,0.000000,16384,1638,55916,4,1.000000,0.000000
34619,37004781970,1055630,0,0,1824,0,0.000000,16384,1640,55630,4,1.000000,0.000000
34620,37005838733,1056763,0,0,1818,0,0.000000,16384,1597,56763,4,1.000000,0.000000
34621,37006898227,1059494,0,0,1828,0,0.000000,16384,1607,59494,4,1.000000,0.000000
34622,37007958151,1059924,0,0,1742,0,0.000000,16384,1580,59924,4,1.000000,0.000000
34623,37009016679,1058528,0,0,1813,0,0.000000,16384,1633,58528,4,1.000000,0.000000
34624,37010073439,1056760,0,0,1767,0,0.000000,16384,1547,56760,4,1.000000,0.000000
34625,37011129287,1055848,0,0,1823,0,0.000000,16384,1612,55848,4,1.000000,0.000000
34626,37012184966,1055679,0,0,1825,0,0.000000,16384,1647,55679,4,1.000000,0.000000
34627,37013242307,1057341,0,0,1639,0,0.000000,16384,1464,57341,4,1.000000,0.000000
34628,37014299298,1056991,0,0,1734,0,0.000000,16384,1514,56991,4,1.000000,0.000000
34629,37015355644,1056346,0,0,1735,0,0.000000,16384,1576,56346,4,1.000000,0.000000
34630,37016412704,1057060,0,0,1741,0,0.000000,16384,1560,57060,4,1.000000,0.000000
34631,37017499489,1086785,0,0,1874,0,0.000000,16384,1654,86785,4,1.000000,0.000000
34632,37018555632,1056143,0,0,1823,0,0.000000,16384,1605,56143,4,1.000000,0.000000
34633,37019611728,1056096,0,0,1824,0,0.000000,16384,1646,56096,4,1.000000,0.000000
34634,37020680256,1068528,0,0,1817,0,0.000000,16384,1641,68528,4,1.000000,0.000000
34635,37021706935,1026679,0,0,1742,0,0.000000,16384,1530,26679,4,1.000000,0.000000
34636,37022770200,1063265,0,0,1815,0,0.000000,16384,1596,63265,4,1.000000,0.000000
34637,37023833780,1063580,0,0,1808,0,0.000000,16384,1634,63580,4,1.000000,0.000000
34638,37024896775,1062995,0,0,1798,0,0.000000,16384,1627,62995,4,1.000000,0.000000
34639,37025960745,1063970,0,0,1774,0,0.000000,16384,1554,63970,4,1.000000,0.000000
34640,37027020612,1059867,0,0,1670,0,0.000000,16384,1480,59867,4,1.000000,0.000000
34641,37028099376,1078764,0,0,1771,0,0.000000,16384,1604,78764,4,1.000000,0.000000
34642,37029161163,1061787,0,0,1827,0,0.000000,16384,1620,61787,4,1.000000,0.000000
34643,37030219144,1057981,0,0,1826,0,0.000000,16384,1606,57981,4,1.000000,0.000000
34644,37031275125,1055981,0,0,1814,0,0.000000,16384,1616,55981,4,1.000000,0.000000
34645,37032331517,1056392,0,0,1826,0,0.000000,16384,1648,56392,4,1.000000,0.000000
34646,37033392381,1060864,0,0,1830,0,0.000000,16384,1642,60864,4,1.000000,0.000000
34647,37034481415,1089034,0,0,1958,0,0.000000,16384,1733,89034,4,1.000000,0.000000
34648,37035574587,1093172,0,0,1966,0,0.000000,16384,1743,93172,4,1.000000,0.000000
34649,37036670252,1095665,0,0,1977,0,0.000000,16384,1757,95665,4,1.000000,0.000000
34650,37037703088,1032836,0,0,1871,0,0.000000,16384,1647,32836,4,1.000000,0.000000
34651,37038774017,1070929,0,0,1940,0,0.000000,16384,1741,70929,4,1.000000,0.000000
34652,37039836571,1062554,0,0,1923,0,0.000000,16384,1726,62554,4,1.000000,0.000000
34653,37040896934,1060363,0,0,1827,0,0.000000,16384,1649,60363,4,1.000000,0.000000
34654,37041954154,1057220,0,0,1824,0,0.000000,16384,1610,57220,4,1.000000,0.000000
34655,37043010574,1056420,0,0,1822,0,0.000000,16384,1602,56420,4,1.000000,0.000000
34656,37044068542,1057968,0,0,1772,0,0.000000,16384,1589,57968,4,1.000000,0.000000
34657,37045171987,1103445,0,0,1670,0,0.000000,16384,1513,103445,4,1.000000,0.000000
34658,37046240278,1068291,0,0,1576,0,0.000000,16384,1366,68291,4,1.000000,0.000000
34659,37047301397,1061119,0,0,1668,0,0.000000,16384,1520,61119,4,1.000000,0.000000
34660,37048363889,1062492,0,0,1621,0,0.000000,16384,1423,62492,4,1.000000,0.000000
34661,37049446500,1082611,0,0,1712,0,0.000000,16384,1525,82611,4,1.000000,0.000000
34662,37050534060,1087560,0,0,1953,0,0.000000,16384,1750,87560,4,1.000000,0.000000
34663,37051624476,1090416,0,0,1968,0,0.000000,16384,1762,90416,4,1.000000,0.000000
34664,37052711996,1087520,0,0,1901,0,0.000000,16384,1709,87520,4,1.000000,0.000000
34665,37053775251,1063255,0,0,1835,0,0.000000,16384,1611,63255,4,1.000000,0.000000
34666,37054837670,1062419,0,0,1921,0,0.000000,16384,1701,62419,4,1.000000,0.000000
34667,37055900192,1062522,0,0,1913,0,0.000000,16384,1689,62522,4,1.000000,0.000000
34668,37056961988,1061796,0,0,1909,0,0.000000,16384,1715,61796,4,1.000000,0.000000
34669,37058024265,1062277,0,0,1903,0,0.000000,16384,1710,62277,4,1.000000,0.000000
34670,37059087272,1063007,0,0,1898,0,0.000000,16384,1705,63007,4,1.000000,0.000000
34671,37060156007,1068735,0,0,1845,0,0.000000,16384,1637,68735,4,1.000000,0.000000
34672,37061212607,1056600,0,0,1823,0,0.000000,16384,1603,56600,4,1.000000,0.000000
34673,37062268679,1056072,0,0,1824,0,0.000000,16384,1622,56072,4,1.000000,0.000000
34674,37063357185,1088506,0,0,1946,0,0.000000,16384,1744,88506,4,1.000000,0.000000
34675,37064445141,1087956,0,0,1954,0,0.000000,16384,1750,87956,4,1.000000,0.000000
34676,37065537300,1092159,0,0,1971,0,0.000000,16384,1764,92159,4,1.000000,0.000000
34677,37066600820,1063520,0,0,1873,0,0.000000,16384,1676,63520,4,1.000000,0.000000
34678,37067660505,1059685,0,0,1805,0,0.000000,16384,1585,59685,4,1.000000,0.000000
34679,37068678449,1017944,0,0,1478,0,0.000000,16384,1332,17944,4,1.000000,0.000000
34680,37069737742,1059293,0,0,1660,0,0.000000,16384,1469,59293,4,1.000000,0.000000
34681,37070807864,1070122,0,0,1689,0,0.000000,16384,1491,70122,4,1.000000,0.000000
34682,37071864921,1057057,0,0,1827,0,0.000000,16384,1649,57057,4,1.000000,0.000000
34683,37072921788,1056867,0,0,1825,0,0.000000,16384,1638,56867,4,1.000000,0.000000
34684,37073978898,1057110,0,0,1823,0,0.000000,16384,1603,57110,4,1.000000,0.000000
34685,37075034966,1056068,0,0,1822,0,0.000000,16384,1603,56068,4,1.000000,0.000000
34686,37076090578,1055612,0,0,1823,0,0.000000,16384,1646,55612,4,1.000000,0.000000
34687,37077146588,1056010,0,0,1823,0,0.000000,16384,1645,56010,4,1.000000,0.000000
34688,37078202287,1055699,0,0,1822,0,0.000000,16384,1607,55699,4,1.000000,0.000000
34689,37079258257,1055970,0,0,1820,0,0.000000,16384,1601,55970,4,1.000000,0.000000
34690,37080314002,1055745,0,0,1799,0,0.000000,16384,1613,55745,4,1.000000,0.000000
34691,37081430254,1116252,0,0,1707,0,0.000000,16384,1553,116252,4,1.000000,0.000000
34692,37082521314,1091060,0,0,1729,0,0.000000,16384,1509,91060,4,1.000000,0.000000
34693,37083585792,1064478,0,0,1667,0,0.000000,16384,1488,64478,4,1.000000,0.000000
34694,37084680091,1094299,0,0,1845,0,0.000000,16384,1664,94299,4,1.000000,0.000000
34695,37085704077,1023986,0,0,1745,0,0.000000,16384,1541,23986,4,1.000000,0.000000
34696,37086768150,1064073,0,0,1922,0,0.000000,16384,1702,64073,4,1.000000,0.000000
34697,37087831789,1063639,0,0,1901,0,0.000000,16384,1677,63639,4,1.000000,0.000000
34698,37088892857,1061068,0,0,1755,0,0.000000,16384,1593,61068,4,1.000000,0.000000
34699,37089951984,1059127,0,0,1831,0,0.000000,16384,1653,59127,4,1.000000,0.000000
34700,37091008689,1056705,0,0,1823,0,0.000000,16384,1599,56705,4,1.000000,0.000000
34701,37092079387,1070698,0,0,1846,0,0.000000,16384,1626,70698,4,1.000000,0.000000
34702,37093138506,1059119,0,0,1822,0,0.000000,16384,1635,59119,4,1.000000,0.000000
34703,37094196377,1057871,0,0,1817,0,0.000000,16384,1641,57871,4,1.000000,0.000000
34704,37095252075,1055698,0,0,1821,0,0.000000,16384,1620,55698,4,1.000000,0.000000
34705,37096312411,1060336,0,0,1817,0,0.000000,16384,1597,60336,4,1.000000,0.000000
34706,37097372889,1060478,0,0,1828,0,0.000000,16384,1624,60478,4,1.000000,0.000000
34707,37098430175,1057286,0,0,1826,0,0.000000,16384,1647,57286,4,1.000000,0.000000
34708,37099486278,1056103,0,0,1824,0,0.000000,16384,1642,56103,4,1.000000,0.000000
34709,37100542239,1055961,0,0,1821,0,0.000000,16384,1602,55961,4,1.000000,0.000000
34710,37101597649,1055410,0,0,1820,0,0.000000,16384,1596,55410,4,1.000000,0.000000
34711,37102662177,1064528,0,0,1828,0,0.000000,16384,1650,64528,4,1.000000,0.000000
34712,37103670834,1008657,0,0,1727,0,0.000000,16384,1565,8657,4,1.000000,0.000000
34713,37104730585,1059751,0,0,1818,0,0.000000,16384,1598,59751,4,1.000000,0.000000
34714,37105790306,1059721,0,0,1827,0,0.000000,16384,1603,59721,4,1.000000,0.000000
34715,37106847529,1057223,0,0,1831,0,0.000000,16384,1713,57223,4,1.000000,0.000000
34716,37107903380,1055851,0,0,1835,0,0.000000,16384,1827,55851,4,1.000000,0.000000
34717,37108962042,1058662,0,0,1702,0,0.000000,16384,1698,58662,4,1.000000,0.000000
34718,37110021173,1059131,0,0,1821,0,0.000000,16384,1703,59131,4,1.000000,0.000000
34719,37111078126,1056953,0,0,1815,0,0.000000,16384,1593,56953,4,1.000000,0.000000
34720,37112134524,1056398,0,0,1813,0,0.000000,16384,1593,56398,4,1.000000,0.000000
34721,37113199862,1065338,0,0,1758,0,0.000000,16384,1590,65338,4,1.000000,0.000000
34722,37114255494,1055632,0,0,1802,0,0.000000,16384,1630,55632,4,1.000000,0.000000
34723,37115311332,1055838,0,0,1821,0,0.000000,16384,1597,55838,4,1.000000,0.000000
34724,37116367636,1056304,0,0,1822,0,0.000000,16384,1602,56304,4,1.000000,0.000000
34725,37117424101,1056465,0,0,1794,0,0.000000,16384,1617,56465,4,1.000000,0.000000
34726,37118480010,1055909,0,0,1812,0,0.000000,16384,1637,55909,4,1.000000,0.000000
34727,37119540296,1060286,0,0,1822,0,0.000000,16384,1610,60286,4,1.000000,0.000000
34728,37120599683,1059387,0,0,1722,0,0.000000,16384,1506,59387,4,1.000000,0.000000
34729,37121656714,1057031,0,0,1827,0,0.000000,16384,1649,57031,4,1.000000,0.000000
34730,37122670619,1013905,0,0,1748,0,0.000000,16384,1582,13905,4,1.000000,0.000000
34731,37123734283,1063664,0,0,1835,0,0.000000,16384,1611,63664,4,1.000000,0.000000
34732,37124790264,1055981,0,0,1822,0,0.000000,16384,1602,55981,4,1.000000,0.000000
34733,37125846435,1056171,0,0,1801,0,0.000000,16384,1625,56171,4,1.000000,0.000000
34734,37126902197,1055762,0,0,1825,0,0.000000,16384,1647,55762,4,1.000000,0.000000
34735,37127958757,1056560,0,0,1780,0,0.000000,16384,1570,56560,4,1.000000,0.000000
34736,37129016787,1058030,0,0,1735,0,0.000000,16384,1522,58030,4,1.000000,0.000000
34737,37130073766,1056979,0,0,1825,0,0.000000,16384,1648,56979,4,1.000000,0.000000
34738,37131130070,1056304,0,0,1826,0,0.000000,16384,1648,56304,4,1.000000,0.000000
34739,37132187567,1057497,0,0,1821,0,0.000000,16384,1605,57497,4,1.000000,0.000000
34740,37133243942,1056375,0,0,1823,0,0.000000,16384,1603,56375,4,1.000000,0.000000
34741,37134322282,1078340,0,0,1843,0,0.000000,16384,1650,78340,4,1.000000,0.000000
34742,37135383667,1061385,0,0,1833,0,0.000000,16384,1653,61385,4,1.000000,0.000000
34743,37136440903,1057236,0,0,1802,0,0.000000,16384,1611,57236,4,1.000000,0.000000
34744,37137497030,1056127,0,0,1822,0,0.000000,16384,1602,56127,4,1.000000,0.000000
34745,37138553168,1056138,0,0,1823,0,0.000000,16384,1613,56138,4,1.000000,0.000000
34746,37139608995,1055827,0,0,1824,0,0.000000,16384,1646,55827,4,1.000000,0.000000
34747,37140664948,1055953,0,0,1824,0,0.000000,16384,1648,55953,4,1.000000,0.000000
34748,37141723790,1058842,0,0,1816,0,0.000000,16384,1592,58842,4,1.000000,0.000000
34749,37142780579,1056789,0,0,1815,0,0.000000,16384,1595,56789,4,1.000000,0.000000
34750,37143838667,1058088,0,0,1753,0,0.000000,16384,1587,58088,4,1.000000,0.000000
34751,37144904662,1065995,0,0,1838,0,0.000000,16384,1658,65995,4,1.000000,0.000000
34752,37145962231,1057569,0,0,1825,0,0.000000,16384,1607,57569,4,1.000000,0.000000
34753,37147020415,1058184,0,0,1796,0,0.000000,16384,1575,58184,4,1.000000,0.000000
34754,37148078871,1058456,0,0,1822,0,0.000000,16384,1639,58456,4,1.000000,0.000000
34755,37149137857,1058986,0,0,1752,0,0.000000,16384,1590,58986,4,1.000000,0.000000
34756,37150196138,1058281,0,0,1815,0,0.000000,16384,1597,58281,4,1.000000,0.000000
34757,37151252127,1055989,0,0,1821,0,0.000000,16384,1601,55989,4,1.000000,0.000000
34758,37152308282,1056155,0,0,1740,0,0.000000,16384,1571,56155,4,1.000000,0.000000
34759,37153364636,1056354,0,0,1823,0,0.000000,16384,1645,56354,4,1.000000,0.000000
34760,37154421087,1056451,0,0,1823,0,0.000000,16384,1605,56451,4,1.000000,0.000000
34761,37155485614,1064527,0,0,1835,0,0.000000,16384,1616,64527,4,1.000000,0.000000
34762,37156541668,1056054,0,0,1823,0,0.000000,16384,1632,56054,4,1.000000,0.000000
34763,37157597545,1055877,0,0,1822,0,0.000000,16384,1645,55877,4,1.000000,0.000000
34764,37158654719,1057174,0,0,1811,0,0.000000,16384,1615,57174,4,1.000000,0.000000
34765,37159670197,1015478,0,0,1747,0,0.000000,16384,1526,15478,4,1.000000,0.000000
34766,37160726392,1056195,0,0,1813,0,0.000000,16384,1624,56195,4,1.000000,0.000000
34767,37161796089,1069697,0,0,1843,0,0.000000,16384,1661,69697,4,1.000000,0.000000
34768,37162856896,1060807,0,0,1668,0,0.000000,16384,1476,60807,4,1.000000,0.000000
34769,37163918747,1061851,0,0,1790,0,0.000000,16384,1570,61851,4,1.000000,0.000000
34770,37164982395,1063648,0,0,1784,0,0.000000,16384,1616,63648,4,1.000000,0.000000
34771,37166054322,1071927,0,0,1785,0,0.000000,16384,1613,71927,4,1.000000,0.000000
34772,37167116436,1062114,0,0,1700,0,0.000000,16384,1480,62114,4,1.000000,0.000000
34773,37168176354,1059918,0,0,1668,0,0.000000,16384,1497,59918,4,1.000000,0.000000
34774,37169239856,1063502,0,0,1537,0,0.000000,16384,1370,63502,4,1.000000,0.000000
34775,37170301998,1062142,0,0,1558,0,0.000000,16384,1387,62142,4,1.000000,0.000000
34776,37171359055,1057057,0,0,1552,0,0.000000,16384,1385,57057,4,1.000000,0.000000
34777,37172417011,1057956,0,0,1631,0,0.000000,16384,1442,57956,4,1.000000,0.000000
34778,37173505787,1088776,0,0,1833,0,0.000000,16384,1654,88776,4,1.000000,0.000000
34779,37174600763,1094976,0,0,1855,0,0.000000,16384,1663,94976,4,1.000000,0.000000
34780,37175694426,1093663,0,0,1865,0,0.000000,16384,1641,93663,4,1.000000,0.000000
34781,37176767261,1072835,0,0,1836,0,0.000000,16384,1616,72835,4,1.000000,0.000000
34782,37177830708,1063447,0,0,1903,0,0.000000,16384,1701,63447,4,1.000000,0.000000
34783,37178893870,1063162,0,0,1905,0,0.000000,16384,1712,63162,4,1.000000,0.000000
34784,37179956346,1062476,0,0,1911,0,0.000000,16384,1716,62476,4,1.000000,0.000000
34785,37181015560,1059214,0,0,1830,0,0.000000,16384,1632,59214,4,1.000000,0.000000
34786,37182072077,1056517,0,0,1805,0,0.000000,16384,1585,56517,4,1.000000,0.000000
34787,37183128606,1056529,0,0,1738,0,0.000000,16384,1550,56529,4,1.000000,0.000000
34788,37184184242,1055636,0,0,1672,0,0.000000,16384,1520,55636,4,1.000000,0.000000
34789,37185239765,1055523,0,0,1812,0,0.000000,16384,1592,55523,4,1.000000,0.000000
34790,37186297703,1057938,0,0,1793,0,0.000000,16384,1577,57938,4,1.000000,0.000000
34791,37187374045,1076342,0,0,1855,0,0.000000,16384,1672,76342,4,1.000000,0.000000
34792,37188460604,1086559,0,0,1869,0,0.000000,16384,1682,86559,4,1.000000,0.000000
34793,37189526426,1065822,0,0,1631,0,0.000000,16384,1433,65822,4,1.000000,0.000000
34794,37190585301,1058875,0,0,1637,0,0.000000,16384,1462,58875,4,1.000000,0.000000
34795,37191643732,1058431,0,0,1665,0,0.000000,16384,1500,58431,4,1.000000,0.000000
34796,37192706633,1062901,0,0,1817,0,0.000000,16384,1597,62901,4,1.000000,0.000000
34797,37193769822,1063189,0,0,1812,0,0.000000,16384,1606,63189,4,1.000000,0.000000
34798,37194833640,1063818,0,0,1807,0,0.000000,16384,1633,63818,4,1.000000,0.000000
34799,37195897298,1063658,0,0,1794,0,0.000000,16384,1610,63658,4,1.000000,0.000000
34800,37196959807,1062509,0,0,1899,0,0.000000,16384,1675,62509,4,1.000000,0.000000
34801,37198031354,1071547,0,0,1841,0,0.000000,16384,1621,71547,4,1.000000,0.000000
34802,37199092552,1061198,0,0,1831,0,0.000000,16384,1641,61198,4,1.000000,0.000000
34803,37200149683,1057131,0,0,1825,0,0.000000,16384,1648,57131,4,1.000000,0.000000
34804,37201207400,1057717,0,0,1797,0,0.000000,16384,1600,57717,4,1.000000,0.000000
34805,37202264724,1057324,0,0,1822,0,0.000000,16384,1602,57324,4,1.000000,0.000000
34806,37203320283,1055559,0,0,1821,0,0.000000,16384,1618,55559,4,1.000000,0.000000
34807,37204411580,1091297,0,0,1953,0,0.000000,16384,1749,91297,4,1.000000,0.000000
34808,37205502986,1091406,0,0,1962,0,0.000000,16384,1757,91406,4,1.000000,0.000000
34809,37206591409,1088423,0,0,1966,0,0.000000,16384,1760,88423,4,1.000000,0.000000
34810,37207683760,1092351,0,0,1979,0,0.000000,16384,1770,92351,4,1.000000,0.000000
34811,37208757867,1074107,0,0,1859,0,0.000000,16384,1650,74107,4,1.000000,0.000000
34812,37209817944,1060077,0,0,1779,0,0.000000,16384,1558,60077,4,1.000000,0.000000
34813,37210877456,1059512,0,0,1789,0,0.000000,16384,1602,59512,4,1.000000,0.000000
34814,37211935643,1058187,0,0,1766,0,0.000000,16384,1599,58187,4,1.000000,0.000000
34815,37212993043,1057400,0,0,1823,0,0.000000,16384,1614,57400,4,1.000000,0.000000
34816,37214054603,1061560,0,0,1696,0,0.000000,16384,1483,61560,4,1.000000,0.000000
34817,37215117007,1062404,0,0,1835,0,0.000000,16384,1655,62404,4,1.000000,0.000000
34818,37216173127,1056120,0,0,1804,0,0.000000,16384,1631,56120,4,1.000000,0.000000
34819,37217228960,1055833,0,0,1788,0,0.000000,16384,1570,55833,4,1.000000,0.000000
34820,37218284798,1055838,0,0,1821,0,0.000000,16384,1601,55838,4,1.000000,0.000000
34821,37219350278,1065480,0,0,1840,0,0.000000,16384,1656,65480,4,1.000000,0.000000
34822,37220406605,1056327,0,0,1824,0,0.000000,16384,1646,56327,4,1.000000,0.000000
34823,37221462519,1055914,0,0,1823,0,0.000000,16384,1620,55914,4,1.000000,0.000000
34824,37222517999,1055480,0,0,1821,0,0.000000,16384,1602,55480,4,1.000000,0.000000
34825,37223574950,1056951,0,0,1821,0,0.000000,16384,1618,56951,4,1.000000,0.000000
34826,37224631561,1056611,0,0,1814,0,0.000000,16384,1639,56611,4,1.000000,0.000000
34827,37225674241,1042680,0,0,1798,0,0.000000,16384,1612,42680,4,1.000000,0.000000
34828,37226730346,1056105,0,0,1808,0,0.000000,16384,1588,56105,4,1.000000,0.000000
34829,37227786278,1055932,0,0,1823,0,0.000000,16384,1611,55932,4,1.000000,0.000000
34830,37228863207,1076929,0,0,1781,0,0.000000,16384,1612,76929,4,1.000000,0.000000
34831,37229932355,1069148,0,0,1769,0,0.000000,16384,1586,69148,4,1.000000,0.000000
34832,37230990409,1058054,0,0,1662,0,0.000000,16384,1442,58054,4,1.000000,0.000000
34833,37232047585,1057176,0,0,1663,0,0.000000,16384,1514,57176,4,1.000000,0.000000
34834,37233104324,1056739,0,0,1722,0,0.000000,16384,1531,56739,4,1.000000,0.000000
34835,37234164480,1060156,0,0,1823,0,0.000000,16384,1603,60156,4,1.000000,0.000000
34836,37235224789,1060309,0,0,1831,0,0.000000,16384,1636,60309,4,1.000000,0.000000
34837,37236283568,1058779,0,0,1813,0,0.000000,16384,1637,58779,4,1.000000,0.000000
34838,37237340478,1056910,0,0,1825,0,0.000000,16384,1632,56910,4,1.000000,0.000000
34839,37238396924,1056446,0,0,1822,0,0.000000,16384,1602,56446,4,1.000000,0.000000
34840,37239452892,1055968,0,0,1824,0,0.000000,16384,1611,55968,4,1.000000,0.000000
34841,37240526971,1074079,0,0,1843,0,0.000000,16384,1662,74079,4,1.000000,0.000000
34842,37241583137,1056166,0,0,1822,0,0.000000,16384,1645,56166,4,1.000000,0.000000
34843,37242639345,1056208,0,0,1821,0,0.000000,16384,1604,56208,4,1.000000,0.000000
34844,37243673196,1033851,0,0,1714,0,0.000000,16384,1504,33851,4,1.000000,0.000000
34845,37244731105,1057909,0,0,1826,0,0.000000,16384,1648,57909,4,1.000000,0.000000
34846,37245792276,1061171,0,0,1703,0,0.000000,16384,1531,61171,4,1.000000,0.000000
34847,37246859906,1067630,0,0,1830,0,0.000000,16384,1610,67630,4,1.000000,0.000000
34848,37247918980,1059074,0,0,1631,0,0.000000,16384,1459,59074,4,1.000000,0.000000
34849,37248978331,1059351,0,0,1628,0,0.000000,16384,1460,59351,4,1.000000,0.000000
34850,37250036951,1058620,0,0,1814,0,0.000000,16384,1593,58620,4,1.000000,0.000000
34851,37251107057,1070106,0,0,1844,0,0.000000,16384,1643,70106,4,1.000000,0.000000
34852,37252164377,1057320,0,0,1825,0,0.000000,16384,1648,57320,4,1.000000,0.000000
34853,37253221379,1057002,0,0,1808,0,0.000000,16384,1623,57002,4,1.000000,0.000000
34854,37254276950,1055571,0,0,1821,0,0.000000,16384,1601,55571,4,1.000000,0.000000
34855,37255332754,1055804,0,0,1822,0,0.000000,16384,1604,55804,4,1.000000,0.000000
34856,37256388729,1055975,0,0,1824,0,0.000000,16384,1647,55975,4,1.000000,0.000000
34857,37257445258,1056529,0,0,1824,0,0.000000,16384,1646,56529,4,1.000000,0.000000
34858,37258501060,1055802,0,0,1822,0,0.000000,16384,1606,55802,4,1.000000,0.000000
34859,37259556969,1055909,0,0,1820,0,0.000000,16384,1601,55909,4,1.000000,0.000000
34860,37260612515,1055546,0,0,1825,0,0.000000,16384,1635,55546,4,1.000000,0.000000
34861,37261671753,1059238,0,0,1821,0,0.000000,16384,1644,59238,4,1.000000,0.000000
34862,37262728506,1056753,0,0,1826,0,0.000000,16384,1629,56753,4,1.000000,0.000000
34863,37263784572,1056066,0,0,1824,0,0.000000,16384,1604,56066,4,1.000000,0.000000
34864,37264840356,1055784,0,0,1822,0,0.000000,16384,1612,55784,4,1.000000,0.000000
34865,37265896311,1055955,0,0,1824,0,0.000000,16384,1647,55955,4,1.000000,0.000000
34866,37266953248,1056937,0,0,1801,0,0.000000,16384,1623,56937,4,1.000000,0.000000
34867,37268009620,1056372,0,0,1822,0,0.000000,16384,1603,56372,4,1.000000,0.000000
34868,37269069875,1060255,0,0,1743,0,0.000000,16384,1535,60255,4,1.000000,0.000000
34869,37270134176,1064301,0,0,1533,0,0.000000,16384,1400,64301,4,1.000000,0.000000
34870,37271196144,1061968,0,0,1558,0,0.000000,16384,1353,61968,4,1.000000,0.000000
34871,37272265388,1069244,0,0,1574,0,0.000000,16384,1444,69244,4,1.000000,0.000000
34872,37273321552,1056164,0,0,1707,0,0.000000,16384,1487,56164,4,1.000000,0.000000
34873,37274378453,1056901,0,0,1823,0,0.000000,16384,1620,56901,4,1.000000,0.000000
34874,37275437212,1058759,0,0,1824,0,0.000000,16384,1647,58759,4,1.000000,0.000000
34875,37276495329,1058117,0,0,1780,0,0.000000,16384,1595,58117,4,1.000000,0.000000
34876,37277551604,1056275,0,0,1764,0,0.000000,16384,1545,56275,4,1.000000,0.000000
34877,37278607637,1056033,0,0,1822,0,0.000000,16384,1621,56033,4,1.000000,0.000000
34878,37279663049,1055412,0,0,1823,0,0.000000,16384,1645,55412,4,1.000000,0.000000
34879,37280671431,1008382,0,0,1720,0,0.000000,16384,1535,8382,4,1.000000,0.000000
34880,37281727922,1056491,0,0,1822,0,0.000000,16384,1602,56491,4,1.000000,0.000000
34881,37282792667,1064745,0,0,1755,0,0.000000,16384,1569,64745,4,1.000000,0.000000
34882,37283850578,1057911,0,0,1791,0,0.000000,16384,1620,57911,4,1.000000,0.000000
34883,37284907027,1056449,0,0,1821,0,0.000000,16384,1614,56449,4,1.000000,0.000000
34884,37285962682,1055655,0,0,1821,0,0.000000,16384,1601,55655,4,1.000000,0.000000
34885,37287018934,1056252,0,0,1813,0,0.000000,16384,1616,56252,4,1.000000,0.000000
34886,37288077305,1058371,0,0,1805,0,0.000000,16384,1632,58371,4,1.000000,0.000000
34887,37289135874,1058569,0,0,1760,0,0.000000,16384,1566,58569,4,1.000000,0.000000
34888,37290194792,1058918,0,0,1822,0,0.000000,16384,1602,58918,4,1.000000,0.000000
34889,37291251255,1056463,0,0,1824,0,0.000000,16384,1625,56463,4,1.000000,0.000000
34890,37292307041,1055786,0,0,1826,0,0.000000,16384,1648,55786,4,1.000000,0.000000
34891,37293381132,1074091,0,0,1852,0,0.000000,16384,1665,74091,4,1.000000,0.000000
34892,37294439223,1058091,0,0,1826,0,0.000000,16384,1606,58091,4,1.000000,0.000000
34893,37295495214,1055991,0,0,1821,0,0.000000,16384,1597,55991,4,1.000000,0.000000
34894,37296550859,1055645,0,0,1824,0,0.000000,16384,1645,55645,4,1.000000,0.000000
34895,37297606575,1055716,0,0,1823,0,0.000000,16384,1646,55716,4,1.000000,0.000000
34896,37298663968,1057393,0,0,1734,0,0.000000,16384,1527,57393,4,1.000000,0.000000
34897,37299724751,1060783,0,0,1804,0,0.000000,16384,1583,60783,4,1.000000,0.000000
34898,37300782375,1057624,0,0,1812,0,0.000000,16384,1638,57624,4,1.000000,0.000000
34899,37301839358,1056983,0,0,1760,0,0.000000,16384,1594,56983,4,1.000000,0.000000
34900,37302895944,1056586,0,0,1785,0,0.000000,16384,1565,56586,4,1.000000,0.000000
34901,37303957546,1061602,0,0,1819,0,0.000000,16384,1600,61602,4,1.000000,0.000000
34902,37305013318,1055772,0,0,1816,0,0.000000,16384,1639,55772,4,1.000000,0.000000
34903,37306069214,1055896,0,0,1815,0,0.000000,16384,1640,55896,4,1.000000,0.000000
34904,37307125374,1056160,0,0,1813,0,0.000000,16384,1596,56160,4,1.000000,0.000000
34905,37308181304,1055930,0,0,1821,0,0.000000,16384,1601,55930,4,1.000000,0.000000
34906,37309238803,1057499,0,0,1760,0,0.000000,16384,1587,57499,4,1.000000,0.000000
34907,37310295870,1057067,0,0,1751,0,0.000000,16384,1584,57067,4,1.000000,0.000000
34908,37311351721,1055851,0,0,1813,0,0.000000,16384,1593,55851,4,1.000000,0.000000
34909,37312408064,1056343,0,0,1813,0,0.000000,16384,1591,56343,4,1.000000,0.000000
34910,37313464633,1056569,0,0,1825,0,0.000000,16384,1648,56569,4,1.000000,0.000000
34911,37314527563,1062930,0,0,1827,0,0.000000,16384,1649,62930,4,1.000000,0.000000
34912,37315584258,1056695,0,0,1805,0,0.000000,16384,1594,56695,4,1.000000,0.000000
34913,37316640392,1056134,0,0,1821,0,0.000000,16384,1580,56134,4,1.000000,0.000000
34914,37317671329,1030937,0,0,1759,0,0.000000,16384,1552,30937,4,1.000000,0.000000
34915,37318727884,1056555,0,0,1826,0,0.000000,16384,1606,56555,4,1.000000,0.000000
34916,37319784146,1056262,0,0,1824,0,0.000000,16384,1637,56262,4,1.000000,0.000000
34917,37320840021,1055875,0,0,1826,0,0.000000,16384,1648,55875,4,1.000000,0.000000
34918,37321895584,1055563,0,0,1825,0,0.000000,16384,1626,55563,4,1.000000,0.000000
34919,37322952042,1056458,0,0,1788,0,0.000000,16384,1568,56458,4,1.000000,0.000000
34920,37324007447,1055405,0,0,1822,0,0.000000,16384,1622,55405,4,1.000000,0.000000
34921,37325067828,1060381,0,0,1830,0,0.000000,16384,1651,60381,4,1.000000,0.000000
34922,37326123933,1056105,0,0,1809,0,0.000000,16384,1624,56105,4,1.000000,0.000000
34923,37327180573,1056640,0,0,1823,0,0.000000,16384,1602,56640,4,1.000000,0.000000
34924,37328236763,1056190,0,0,1819,0,0.000000,16384,1603,56190,4,1.000000,0.000000
34925,37329295854,1059091,0,0,1766,0,0.000000,16384,1600,59091,4,1.000000,0.000000
34926,37330355260,1059406,0,0,1659,0,0.000000,16384,1478,59406,4,1.000000,0.000000
34927,37331413119,1057859,0,0,1656,0,0.000000,16384,1455,57859,4,1.000000,0.000000
34928,37332470354,1057235,0,0,1667,0,0.000000,16384,1521,57235,4,1.000000,0.000000
34929,37333526743,1056389,0,0,1789,0,0.000000,16384,1576,56389,4,1.000000,0.000000
34930,37334583869,1057126,0,0,1783,0,0.000000,16384,1563,57126,4,1.000000,0.000000
34931,37335648199,1064330,0,0,1836,0,0.000000,16384,1655,64330,4,1.000000,0.000000
34932,37336670229,1022030,0,0,1751,0,0.000000,16384,1589,22030,4,1.000000,0.000000
34933,37337726412,1056183,0,0,1821,0,0.000000,16384,1600,56183,4,1.000000,0.000000
34934,37338782716,1056304,0,0,1795,0,0.000000,16384,1575,56304,4,1.000000,0.000000
34935,37339838822,1056106,0,0,1812,0,0.000000,16384,1635,56106,4,1.000000,0.000000
34936,37340896899,1058077,0,0,1822,0,0.000000,16384,1644,58077,4,1.000000,0.000000
34937,37341953234,1056335,0,0,1824,0,0.000000,16384,1615,56335,4,1.000000,0.000000
34938,37343008841,1055607,0,0,1822,0,0.000000,16384,1602,55607,4,1.000000,0.000000
34939,37344067260,1058419,0,0,1776,0,0.000000,16384,1588,58419,4,1.000000,0.000000
34940,37345124415,1057155,0,0,1817,0,0.000000,16384,1642,57155,4,1.000000,0.000000
34941,37346167201,1042786,0,0,1799,0,0.000000,16384,1598,42786,4,1.000000,0.000000
34942,37347224000,1056799,0,0,1787,0,0.000000,16384,1567,56799,4,1.000000,0.000000
34943,37348280588,1056588,0,0,1810,0,0.000000,16384,1620,56588,4,1.000000,0.000000
34944,37349339252,1058664,0,0,1796,0,0.000000,16384,1624,58664,4,1.000000,0.000000
34945,37350398503,1059251,0,0,1803,0,0.000000,16384,1601,59251,4,1.000000,0.000000
34946,37351456107,1057604,0,0,1826,0,0.000000,16384,1606,57604,4,1.000000,0.000000
34947,37352513096,1056989,0,0,1810,0,0.000000,16384,1612,56989,4,1.000000,0.000000
34948,37353571251,1058155,0,0,1820,0,0.000000,16384,1643,58155,4,1.000000,0.000000
34949,37354700266,1129015,0,0,1849,0,0.000000,16384,1660,129015,4,1.000000,0.000000
34950,37355758599,1058333,0,0,1807,0,0.000000,16384,1587,58333,4,1.000000,0.000000
34951,37356824394,1065795,0,0,1801,0,0.000000,16384,1587,65795,4,1.000000,0.000000
34952,37357882726,1058332,0,0,1790,0,0.000000,16384,1618,58332,4,1.000000,0.000000
34953,37358940092,1057366,0,0,1813,0,0.000000,16384,1635,57366,4,1.000000,0.000000
34954,37359996334,1056242,0,0,1814,0,0.000000,16384,1594,56242,4,1.000000,0.000000
34955,37361052198,1055864,0,0,1815,0,0.000000,16384,1593,55864,4,1.000000,0.000000
34956,37362108247,1056049,0,0,1804,0,0.000000,16384,1631,56049,4,1.000000,0.000000
34957,37363164447,1056200,0,0,1815,0,0.000000,16384,1639,56200,4,1.000000,0.000000
34958,37364221155,1056708,0,0,1741,0,0.000000,16384,1528,56708,4,1.000000,0.000000
34959,37365277196,1056041,0,0,1748,0,0.000000,16384,1544,56041,4,1.000000,0.000000
34960,37366335162,1057966,0,0,1802,0,0.000000,16384,1629,57966,4,1.000000,0.000000
34961,37367398721,1063559,0,0,1773,0,0.000000,16384,1586,63559,4,1.000000,0.000000
34962,37368455571,1056850,0,0,1798,0,0.000000,16384,1578,56850,4,1.000000,0.000000
34963,37369514532,1058961,0,0,1664,0,0.000000,16384,1492,58961,4,1.000000,0.000000
34964,37370584844,1070312,0,0,1538,0,0.000000,16384,1370,70312,4,1.000000,0.000000
34965,37371688004,1103160,0,0,1812,0,0.000000,16384,1592,103160,4,1.000000,0.000000
34966,37372708657,1020653,0,0,1694,0,0.000000,16384,1541,20653,4,1.000000,0.000000
34967,37373774795,1066138,0,0,1564,0,0.000000,16384,1381,66138,4,1.000000,0.000000
34968,37374839521,1064726,0,0,1783,0,0.000000,16384,1577,64726,4,1.000000,0.000000
34969,37375903644,1064123,0,0,1824,0,0.000000,16384,1647,64123,4,1.000000,0.000000
34970,37376966559,1062915,0,0,1899,0,0.000000,16384,1706,62915,4,1.000000,0.000000
34971,37378047178,1080619,0,0,1919,0,0.000000,16384,1707,80619,4,1.000000,0.000000
34972,37379106996,1059818,0,0,1831,0,0.000000,16384,1611,59818,4,1.000000,0.000000
34973,37380163912,1056916,0,0,1792,0,0.000000,16384,1584,56916,4,1.000000,0.000000
34974,37381219689,1055777,0,0,1822,0,0.000000,16384,1645,55777,4,1.000000,0.000000
34975,37382275640,1055951,0,0,1821,0,0.000000,16384,1642,55951,4,1.000000,0.000000
34976,37383363644,1088004,0,0,1818,0,0.000000,16384,1597,88004,4,1.000000,0.000000
34977,37384452282,1088638,0,0,1860,0,0.000000,16384,1637,88638,4,1.000000,0.000000
34978,37385540852,1088570,0,0,1963,0,0.000000,16384,1748,88570,4,1.000000,0.000000
34979,37386600635,1059783,0,0,1818,0,0.000000,16384,1641,59783,4,1.000000,0.000000
34980,37387688314,1087679,0,0,1970,0,0.000000,16384,1764,87679,4,1.000000,0.000000
34981,37388759045,1070731,0,0,1933,0,0.000000,16384,1734,70731,4,1.000000,0.000000
34982,37389808115,1049070,0,0,1720,0,0.000000,16384,1509,49070,4,1.000000,0.000000
34983,37390871961,1063846,0,0,1797,0,0.000000,16384,1585,63846,4,1.000000,0.000000
34984,37391933890,1061929,0,0,1666,0,0.000000,16384,1520,61929,4,1.000000,0.000000
34985,37392996525,1062635,0,0,1779,0,0.000000,16384,1573,62635,4,1.000000,0.000000
34986,37394056126,1059601,0,0,1666,0,0.000000,16384,1464,59601,4,1.000000,0.000000
34987,37395113756,1057630,0,0,1665,0,0.000000,16384,1518,57630,4,1.000000,0.000000
34988,37396170771,1057015,0,0,1663,0,0.000000,16384,1456,57015,4,1.000000,0.000000
34989,37397227385,1056614,0,0,1661,0,0.000000,16384,1485,56614,4,1.000000,0.000000
34990,37398283472,1056087,0,0,1743,0,0.000000,16384,1579,56087,4,1.000000,0.000000
34991,37399397094,1113622,0,0,1986,0,0.000000,16384,1762,113622,4,1.000000,0.000000
34992,37400485883,1088789,0,0,1956,0,0.000000,16384,1732,88789,4,1.000000,0.000000
34993,37401577322,1091439,0,0,1969,0,0.000000,16384,1749,91439,4,1.000000,0.000000
34994,37402673280,1095958,0,0,1983,0,0.000000,16384,1759,95958,4,1.000000,0.000000
34995,37403763910,1090630,0,0,1952,0,0.000000,16384,1728,90630,4,1.000000,0.000000
34996,37404827729,1063819,0,0,1801,0,0.000000,16384,1620,63819,4,1.000000,0.000000
34997,37405890555,1062826,0,0,1908,0,0.000000,16384,1714,62826,4,1.000000,0.000000
34998,37406952337,1061782,0,0,1901,0,0.000000,16384,1708,61782,4,1.000000,0.000000
34999,37408014873,1062536,0,0,1903,0,0.000000,16384,1683,62536,4,1.000000,0.000000
35000,37409077561,1062688,0,0,1899,0,0.000000,16384,1679,62688,4,1.000000,0.000000
35001,37410148331,1070770,0,0,1761,0,0.000000,16384,1556,70770,4,1.000000,0.000000
35002,37411207822,1059491,0,0,1817,0,0.000000,16384,1641,59491,4,1.000000,0.000000
35003,37412264303,1056481,0,0,1826,0,0.000000,16384,1643,56481,4,1.000000,0.000000
35004,37413322834,1058531,0,0,1719,0,0.000000,16384,1499,58531,4,1.000000,0.000000
35005,37414381144,1058310,0,0,1763,0,0.000000,16384,1572,58310,4,1.000000,0.000000
35006,37415437888,1056744,0,0,1825,0,0.000000,16384,1647,56744,4,1.000000,0.000000
35007,37416524588,1086700,0,0,1956,0,0.000000,16384,1752,86700,4,1.000000,0.000000
35008,37417615061,1090473,0,0,1899,0,0.000000,16384,1684,90473,4,1.000000,0.000000
35009,37418705871,1090810,0,0,1978,0,0.000000,16384,1754,90810,4,1.000000,0.000000
35010,37419768659,1062788,0,0,1929,0,0.000000,16384,1708,62788,4,1.000000,0.000000
35011,37420841195,1072536,0,0,1918,0,0.000000,16384,1694,72536,4,1.000000,0.000000
35012,37421904556,1063361,0,0,1909,0,0.000000,16384,1709,63361,4,1.000000,0.000000
35013,37422967349,1062793,0,0,1907,0,0.000000,16384,1713,62793,4,1.000000,0.000000
35014,37424026498,1059149,0,0,1830,0,0.000000,16384,1651,59149,4,1.000000,0.000000
35015,37425087440,1060942,0,0,1895,0,0.000000,16384,1681,60942,4,1.000000,0.000000
35016,37426146424,1058984,0,0,1813,0,0.000000,16384,1593,58984,4,1.000000,0.000000
35017,37427202897,1056473,0,0,1825,0,0.000000,16384,1620,56473,4,1.000000,0.000000
35018,37428259409,1056512,0,0,1825,0,0.000000,16384,1648,56512,4,1.000000,0.000000
35019,37429345692,1086283,0,0,1980,0,0.000000,16384,1771,86283,4,1.000000,0.000000
35020,37430405417,1059725,0,0,1770,0,0.000000,16384,1572,59725,4,1.000000,0.000000
35021,37431472580,1067163,0,0,1812,0,0.000000,16384,1593,67163,4,1.000000,0.000000
35022,37432535655,1063075,0,0,1832,0,0.000000,16384,1634,63075,4,1.000000,0.000000
35023,37433596597,1060942,0,0,1833,0,0.000000,16384,1654,60942,4,1.000000,0.000000
35024,37434654294,1057697,0,0,1799,0,0.000000,16384,1612,57697,4,1.000000,0.000000
35025,37435671549,1017255,0,0,1752,0,0.000000,16384,1531,17255,4,1.000000,0.000000
35026,37436728334,1056785,0,0,1823,0,0.000000,16384,1624,56785,4,1.000000,0.000000
35027,37437785550,1057216,0,0,1824,0,0.000000,16384,1646,57216,4,1.000000,0.000000
35028,37438841162,1055612,0,0,1824,0,0.000000,16384,1638,55612,4,1.000000,0.000000
35029,37439897002,1055840,0,0,1824,0,0.000000,16384,1604,55840,4,1.000000,0.000000
35030,37440953061,1056059,0,0,1824,0,0.000000,16384,1604,56059,4,1.000000,0.000000
35031,37442017350,1064289,0,0,1823,0,0.000000,16384,1646,64289,4,1.000000,0.000000
35032,37443073088,1055738,0,0,1824,0,0.000000,16384,1645,55738,4,1.000000,0.000000
35033,37444184030,1110942,0,0,1849,0,0.000000,16384,1637,110942,4,1.000000,0.000000
35034,37445246981,1062951,0,0,1670,0,0.000000,16384,1460,62951,4,1.000000,0.000000
35035,37446305470,1058489,0,0,1666,0,0.000000,16384,1520,58489,4,1.000000,0.000000
35036,37447396920,1091450,0,0,1818,0,0.000000,16384,1614,91450,4,1.000000,0.000000
35037,37448489349,1092429,0,0,1832,0,0.000000,16384,1612,92429,4,1.000000,0.000000
35038,37449583278,1093929,0,0,1853,0,0.000000,16384,1644,93929,4,1.000000,0.000000
35039,37450646343,1063065,0,0,1626,0,0.000000,16384,1488,63065,4,1.000000,0.000000
35040,37451671204,1024861,0,0,1600,0,0.000000,16384,1387,24861,4,1.000000,0.000000
35041,37452751255,1080051,0,0,1718,0,0.000000,16384,1549,80051,4,1.000000,0.000000
35042,37453808679,1057424,0,0,1827,0,0.000000,16384,1648,57424,4,1.000000,0.000000
35043,37454869408,1060729,0,0,1914,0,0.000000,16384,1698,60729,4,1.000000,0.000000
35044,37455932329,1062921,0,0,1913,0,0.000000,16384,1692,62921,4,1.000000,0.000000
35045,37456994800,1062471,0,0,1884,0,0.000000,16384,1661,62471,4,1.000000,0.000000
35046,37458056677,1061877,0,0,1897,0,0.000000,16384,1691,61877,4,1.000000,0.000000
35047,37459115318,1058641,0,0,1829,0,0.000000,16384,1650,58641,4,1.000000,0.000000
35048,37460171856,1056538,0,0,1824,0,0.000000,16384,1645,56538,4,1.000000,0.000000
35049,37461227824,1055968,0,0,1821,0,0.000000,16384,1599,55968,4,1.000000,0.000000
35050,37462284017,1056193,0,0,1821,0,0.000000,16384,1599,56193,4,1.000000,0.000000
35051,37463377094,1093077,0,0,1954,0,0.000000,16384,1749,93077,4,1.000000,0.000000
35052,37464464940,1087846,0,0,1954,0,0.000000,16384,1750,87846,4,1.000000,0.000000
35053,37465524049,1059109,0,0,1830,0,0.000000,16384,1651,59109,4,1.000000,0.000000
35054,37466580858,1056809,0,0,1824,0,0.000000,16384,1624,56809,4,1.000000,0.000000
35055,37467638753,1057895,0,0,1799,0,0.000000,16384,1579,57895,4,1.000000,0.000000
35056,37468674101,1035348,0,0,1771,0,0.000000,16384,1580,35348,4,1.000000,0.000000
35057,37469732817,1058716,0,0,1828,0,0.000000,16384,1650,58716,4,1.000000,0.000000
35058,37470790686,1057869,0,0,1728,0,0.000000,16384,1533,57869,4,1.000000,0.000000
35059,37471848878,1058192,0,0,1827,0,0.000000,16384,1606,58192,4,1.000000,0.000000
35060,37472905659,1056781,0,0,1826,0,0.000000,16384,1634,56781,4,1.000000,0.000000
35061,37473975369,1069710,0,0,1659,0,0.000000,16384,1512,69710,4,1.000000,0.000000
35062,37475034842,1059473,0,0,1816,0,0.000000,16384,1596,59473,4,1.000000,0.000000
35063,37476091039,1056197,0,0,1822,0,0.000000,16384,1598,56197,4,1.000000,0.000000
35064,37477146539,1055500,0,0,1824,0,0.000000,16384,1646,55500,4,1.000000,0.000000
35065,37478203424,1056885,0,0,1826,0,0.000000,16384,1648,56885,4,1.000000,0.000000
35066,37479260228,1056804,0,0,1823,0,0.000000,16384,1615,56804,4,1.000000,0.000000
35067,37480316061,1055833,0,0,1822,0,0.000000,16384,1601,55833,4,1.000000,0.000000
35068,37481371849,1055788,0,0,1823,0,0.000000,16384,1626,55788,4,1.000000,0.000000
35069,37482428925,1057076,0,0,1817,0,0.000000,16384,1641,57076,4,1.000000,0.000000
35070,37483486640,1057715,0,0,1692,0,0.000000,16384,1502,57715,4,1.000000,0.000000
35071,37484557575,1070935,0,0,1807,0,0.000000,16384,1587,70935,4,1.000000,0.000000
35072,37485618566,1060991,0,0,1834,0,0.000000,16384,1645,60991,4,1.000000,0.000000
35073,37486671768,1053202,0,0,1805,0,0.000000,16384,1631,53202,4,1.000000,0.000000
35074,37487728104,1056336,0,0,1826,0,0.000000,16384,1625,56336,4,1.000000,0.000000
35075,37488785355,1057251,0,0,1825,0,0.000000,16384,1605,57251,4,1.000000,0.000000
35076,37489842027,1056672,0,0,1814,0,0.000000,16384,1611,56672,4,1.000000,0.000000
35077,37490900487,1058460,0,0,1741,0,0.000000,16384,1580,58460,4,1.000000,0.000000
35078,37491958669,1058182,0,0,1827,0,0.000000,16384,1626,58182,4,1.000000,0.000000
35079,37493016220,1057551,0,0,1823,0,0.000000,16384,1604,57551,4,1.000000,0.000000
35080,37494073238,1057018,0,0,1810,0,0.000000,16384,1605,57018,4,1.000000,0.000000
35081,37495138888,1065650,0,0,1838,0,0.000000,16384,1657,65650,4,1.000000,0.000000
35082,37496195128,1056240,0,0,1804,0,0.000000,16384,1626,56240,4,1.000000,0.000000
35083,37497252247,1057119,0,0,1816,0,0.000000,16384,1596,57119,4,1.000000,0.000000
35084,37498308558,1056311,0,0,1812,0,0.000000,16384,1593,56311,4,1.000000,0.000000
35085,37499364725,1056167,0,0,1815,0,0.000000,16384,1639,56167,4,1.000000,0.000000
35086,37500420820,1056095,0,0,1825,0,0.000000,16384,1647,56095,4,1.000000,0.000000
35087,37501476971,1056151,0,0,1811,0,0.000000,16384,1596,56151,4,1.000000,0.000000
35088,37502532910,1055939,0,0,1812,0,0.000000,16384,1592,55939,4,1.000000,0.000000
35089,37503589013,1056103,0,0,1817,0,0.000000,16384,1632,56103,4,1.000000,0.000000
35090,37504645513,1056500,0,0,1826,0,0.000000,16384,1648,56500,4,1.000000,0.000000
35091,37505671315,1025802,0,0,1767,0,0.000000,16384,1566,25802,4,1.000000,0.000000
35092,37506728247,1056932,0,0,1807,0,0.000000,16384,1587,56932,4,1.000000,0.000000
35093,37507784587,1056340,0,0,1825,0,0.000000,16384,1634,56340,4,1.000000,0.000000
35094,37508840289,1055702,0,0,1824,0,0.000000,16384,1647,55702,4,1.000000,0.000000
35095,37509896523,1056234,0,0,1809,0,0.000000,16384,1613,56234,4,1.000000,0.000000
35096,37510954377,1057854,0,0,1783,0,0.000000,16384,1562,57854,4,1.000000,0.000000
35097,37512011754,1057377,0,0,1825,0,0.000000,16384,1626,57377,4,1.000000,0.000000
35098,37513068202,1056448,0,0,1824,0,0.000000,16384,1647,56448,4,1.000000,0.000000
35099,37514125029,1056827,0,0,1813,0,0.000000,16384,1626,56827,4,1.000000,0.000000
35100,37515181177,1056148,0,0,1812,0,0.000000,16384,1592,56148,4,1.000000,0.000000
35101,37516243329,1062152,0,0,1831,0,0.000000,16384,1614,62152,4,1.000000,0.000000
35102,37517301361,1058032,0,0,1797,0,0.000000,16384,1625,58032,4,1.000000,0.000000
35103,37518358186,1056825,0,0,1746,0,0.000000,16384,1571,56825,4,1.000000,0.000000
35104,37519414403,1056217,0,0,1822,0,0.000000,16384,1602,56217,4,1.000000,0.000000
35105,37520470333,1055930,0,0,1824,0,0.000000,16384,1609,55930,4,1.000000,0.000000
35106,37521525889,1055556,0,0,1804,0,0.000000,16384,1630,55556,4,1.000000,0.000000
35107,37522581996,1056107,0,0,1813,0,0.000000,16384,1636,56107,4,1.000000,0.000000
35108,37523638066,1056070,0,0,1818,0,0.000000,16384,1814,56070,4,1.000000,0.000000
35109,37524672734,1034668,0,0,1794,0,0.000000,16384,1786,34668,4,1.000000,0.000000
35110,37525728889,1056155,0,0,1830,0,0.000000,16384,1713,56155,4,1.000000,0.000000
35111,37526790435,1061546,0,0,1828,0,0.000000,16384,1609,61546,4,1.000000,0.000000
35112,37527846566,1056131,0,0,1825,0,0.000000,16384,1639,56131,4,1.000000,0.000000
35113,37528902700,1056134,0,0,1825,0,0.000000,16384,1647,56134,4,1.000000,0.000000
35114,37529958590,1055890,0,0,1790,0,0.000000,16384,1590,55890,4,1.000000,0.000000
35115,37531015793,1057203,0,0,1705,0,0.000000,16384,1485,57203,4,1.000000,0.000000
35116,37532072881,1057088,0,0,1824,0,0.000000,16384,1648,57088,4,1.000000,0.000000
35117,37533128615,1055734,0,0,1825,0,0.000000,16384,1647,55734,4,1.000000,0.000000
35118,37534185113,1056498,0,0,1823,0,0.000000,16384,1613,56498,4,1.000000,0.000000
35119,37535241187,1056074,0,0,1765,0,0.000000,16384,1545,56074,4,1.000000,0.000000
35120,37536298050,1056863,0,0,1825,0,0.000000,16384,1641,56863,4,1.000000,0.000000
35121,37537360552,1062502,0,0,1821,0,0.000000,16384,1644,62502,4,1.000000,0.000000
35122,37538417354,1056802,0,0,1813,0,0.000000,16384,1610,56802,4,1.000000,0.000000
35123,37539473658,1056304,0,0,1813,0,0.000000,16384,1592,56304,4,1.000000,0.000000
35124,37540529507,1055849,0,0,1821,0,0.000000,16384,1623,55849,4,1.000000,0.000000
35125,37541585716,1056209,0,0,1809,0,0.000000,16384,1635,56209,4,1.000000,0.000000
35126,37542641994,1056278,0,0,1822,0,0.000000,16384,1631,56278,4,1.000000,0.000000
35127,37543670455,1028461,0,0,1770,0,0.000000,16384,1550,28461,4,1.000000,0.000000
35128,37544728892,1058437,0,0,1763,0,0.000000,16384,1571,58437,4,1.000000,0.000000
35129,37545786013,1057121,0,0,1815,0,0.000000,16384,1638,57121,4,1.000000,0.000000
35130,37546841560,1055547,0,0,1792,0,0.000000,16384,1597,55547,4,1.000000,0.000000
35131,37547904442,1062882,0,0,1769,0,0.000000,16384,1549,62882,4,1.000000,0.000000
35132,37548962641,1058199,0,0,1703,0,0.000000,16384,1534,58199,4,1.000000,0.000000
35133,37550018993,1056352,0,0,1814,0,0.000000,16384,1639,56352,4,1.000000,0.000000
35134,37551077725,1058732,0,0,1769,0,0.000000,16384,1553,58732,4,1.000000,0.000000
35135,37552135630,1057905,0,0,1804,0,0.000000,16384,1586,57905,4,1.000000,0.000000
35136,37553191515,1055885,0,0,1732,0,0.000000,16384,1573,55885,4,1.000000,0.000000
35137,37554247691,1056176,0,0,1815,0,0.000000,16384,1628,56176,4,1.000000,0.000000
35138,37555304042,1056351,0,0,1814,0,0.000000,16384,1594,56351,4,1.000000,0.000000
35139,37556360051,1056009,0,0,1823,0,0.000000,16384,1607,56009,4,1.000000,0.000000
35140,37557416171,1056120,0,0,1807,0,0.000000,16384,1633,56120,4,1.000000,0.000000
35141,37558488731,1072560,0,0,1851,0,0.000000,16384,1668,72560,4,1.000000,0.000000
35142,37559545300,1056569,0,0,1823,0,0.000000,16384,1608,56569,4,1.000000,0.000000
35143,37560601333,1056033,0,0,1822,0,0.000000,16384,1602,56033,4,1.000000,0.000000
35144,37561657973,1056640,0,0,1662,0,0.000000,16384,1504,56640,4,1.000000,0.000000
35145,37562670397,1012424,0,0,1699,0,0.000000,16384,1517,12424,4,1.000000,0.000000
35146,37563726225,1055828,0,0,1813,0,0.000000,16384,1592,55828,4,1.000000,0.000000
35147,37564781982,1055757,0,0,1824,0,0.000000,16384,1627,55757,4,1.000000,0.000000
35148,37565837791,1055809,0,0,1826,0,0.000000,16384,1648,55809,4,1.000000,0.000000
35149,37566893851,1056060,0,0,1825,0,0.000000,16384,1637,56060,4,1.000000,0.000000
35150,37567951290,1057439,0,0,1795,0,0.000000,16384,1575,57439,4,1.000000,0.000000
35151,37569011824,1060534,0,0,1831,0,0.000000,16384,1616,60534,4,1.000000,0.000000
35152,37570067861,1056037,0,0,1814,0,0.000000,16384,1640,56037,4,1.000000,0.000000
35153,37571124981,1057120,0,0,1773,0,0.000000,16384,1598,57120,4,1.000000,0.000000
35154,37572181407,1056426,0,0,1823,0,0.000000,16384,1603,56426,4,1.000000,0.000000
35155,37573237735,1056328,0,0,1824,0,0.000000,16384,1602,56328,4,1.000000,0.000000
35156,37574304370,1066635,0,0,1668,0,0.000000,16384,1522,66635,4,1.000000,0.000000
35157,37575365409,1061039,0,0,1758,0,0.000000,16384,1562,61039,4,1.000000,0.000000
35158,37576422769,1057360,0,0,1815,0,0.000000,16384,1595,57360,4,1.000000,0.000000
35159,37577481050,1058281,0,0,1800,0,0.000000,16384,1610,58281,4,1.000000,0.000000
35160,37578538256,1057206,0,0,1765,0,0.000000,16384,1599,57206,4,1.000000,0.000000
35161,37579605244,1066988,0,0,1830,0,0.000000,16384,1622,66988,4,1.000000,0.000000
35162,37580662273,1057029,0,0,1825,0,0.000000,16384,1604,57029,4,1.000000,0.000000
35163,37581705343,1043070,0,0,1753,0,0.000000,16384,1568,43070,4,1.000000,0.000000
35164,37582766557,1061214,0,0,1670,0,0.000000,16384,1516,61214,4,1.000000,0.000000
35165,37583824618,1058061,0,0,1664,0,0.000000,16384,1444,58061,4,1.000000,0.000000
35166,37584885778,1061160,0,0,1764,0,0.000000,16384,1586,61160,4,1.000000,0.000000
35167,37585949496,1063718,0,0,1785,0,0.000000,16384,1615,63718,4,1.000000,0.000000
35168,37587011308,1061812,0,0,1631,0,0.000000,16384,1419,61812,4,1.000000,0.000000
35169,37588069886,1058578,0,0,1666,0,0.000000,16384,1500,58578,4,1.000000,0.000000
35170,37589126966,1057080,0,0,1664,0,0.000000,16384,1490,57080,4,1.000000,0.000000
35171,37590194569,1067603,0,0,1669,0,0.000000,16384,1457,67603,4,1.000000,0.000000
35172,37591253418,1058849,0,0,1718,0,0.000000,16384,1562,58849,4,1.000000,0.000000
35173,37592311904,1058486,0,0,1828,0,0.000000,16384,1636,58486,4,1.000000,0.000000
35174,37593368367,1056463,0,0,1820,0,0.000000,16384,1600,56463,4,1.000000,0.000000
35175,37594456487,1088120,0,0,1953,0,0.000000,16384,1729,88120,4,1.000000,0.000000
35176,37595547351,1090864,0,0,1967,0,0.000000,16384,1743,90864,4,1.000000,0.000000
35177,37596635824,1088473,0,0,1953,0,0.000000,16384,1751,88473,4,1.000000,0.000000
35178,37597702656,1066832,0,0,1939,0,0.000000,16384,1739,66832,4,1.000000,0.000000
35179,37598764862,1062206,0,0,1931,0,0.000000,16384,1731,62206,4,1.000000,0.000000
35180,37599827374,1062512,0,0,1924,0,0.000000,16384,1726,62512,4,1.000000,0.000000
35181,37600898004,1070630,0,0,1912,0,0.000000,16384,1700,70630,4,1.000000,0.000000
35182,37601960220,1062216,0,0,1906,0,0.000000,16384,1682,62216,4,1.000000,0.000000
35183,37603019224,1059004,0,0,1827,0,0.000000,16384,1607,59004,4,1.000000,0.000000
35184,37604075653,1056429,0,0,1825,0,0.000000,16384,1643,56429,4,1.000000,0.000000
35185,37605131837,1056184,0,0,1825,0,0.000000,16384,1647,56184,4,1.000000,0.000000
35186,37606187944,1056107,0,0,1824,0,0.000000,16384,1620,56107,4,1.000000,0.000000
35187,37607243777,1055833,0,0,1821,0,0.000000,16384,1601,55833,4,1.000000,0.000000
35188,37608299539,1055762,0,0,1822,0,0.000000,16384,1621,55762,4,1.000000,0.000000
35189,37609387114,1087575,0,0,1948,0,0.000000,16384,1746,87575,4,1.000000,0.000000
35190,37610475215,1088101,0,0,1955,0,0.000000,16384,1751,88101,4,1.000000,0.000000
35191,37611585603,1110388,0,0,1929,0,0.000000,16384,1730,110388,4,1.000000,0.000000
35192,37612676618,1091015,0,0,1970,0,0.000000,16384,1763,91015,4,1.000000,0.000000
35193,37613741519,1064901,0,0,1791,0,0.000000,16384,1572,64901,4,1.000000,0.000000
35194,37614803236,1061717,0,0,1803,0,0.000000,16384,1584,61717,4,1.000000,0.000000
35195,37615860920,1057684,0,0,1818,0,0.000000,16384,1642,57684,4,1.000000,0.000000
35196,37616916766,1055846,0,0,1816,0,0.000000,16384,1639,55846,4,1.000000,0.000000
35197,37617975774,1059008,0,0,1845,0,0.000000,16384,1629,59008,4,1.000000,0.000000
35198,37619035148,1059374,0,0,1827,0,0.000000,16384,1607,59374,4,1.000000,0.000000
35199,37620091950,1056802,0,0,1823,0,0.000000,16384,1629,56802,4,1.000000,0.000000
35200,37621148670,1056720,0,0,1795,0,0.000000,16384,1623,56720,4,1.000000,0.000000
35201,37622215292,1066622,0,0,1843,0,0.000000,16384,1645,66622,4,1.000000,0.000000
35202,37623271135,1055843,0,0,1824,0,0.000000,16384,1604,55843,4,1.000000,0.000000
35203,37624326949,1055814,0,0,1824,0,0.000000,16384,1612,55814,4,1.000000,0.000000
35204,37625415417,1088468,0,0,1933,0,0.000000,16384,1734,88468,4,1.000000,0.000000
35205,37626475912,1060495,0,0,1722,0,0.000000,16384,1564,60495,4,1.000000,0.000000
35206,37627534039,1058127,0,0,1827,0,0.000000,16384,1608,58127,4,1.000000,0.000000
35207,37628590366,1056327,0,0,1826,0,0.000000,16384,1606,56327,4,1.000000,0.000000
35208,37629645759,1055393,0,0,1822,0,0.000000,16384,1634,55393,4,1.000000,0.000000
35209,37630706144,1060385,0,0,1794,0,0.000000,16384,1623,60385,4,1.000000,0.000000
35210,37631770500,1064356,0,0,1793,0,0.000000,16384,1588,64356,4,1.000000,0.000000
35211,37632843765,1073265,0,0,1816,0,0.000000,16384,1596,73265,4,1.000000,0.000000
35212,37633908129,1064364,0,0,1796,0,0.000000,16384,1608,64364,4,1.000000,0.000000
35213,37634972165,1064036,0,0,1780,0,0.000000,16384,1611,64036,4,1.000000,0.000000
35214,37636035222,1063057,0,0,1773,0,0.000000,16384,1566,63057,4,1.000000,0.000000
35215,37637095609,1060387,0,0,1668,0,0.000000,16384,1468,60387,4,1.000000,0.000000
35216,37638153684,1058075,0,0,1667,0,0.000000,16384,1520,58075,4,1.000000,0.000000
35217,37639210400,1056716,0,0,1662,0,0.000000,16384,1453,56716,4,1.000000,0.000000
35218,37640266563,1056163,0,0,1801,0,0.000000,16384,1599,56163,4,1.000000,0.000000
35219,37641354117,1087554,0,0,1942,0,0.000000,16384,1740,87554,4,1.000000,0.000000
35220,37642443349,1089232,0,0,1952,0,0.000000,16384,1749,89232,4,1.000000,0.000000
35221,37643540898,1097549,0,0,1999,0,0.000000,16384,1787,97549,4,1.000000,0.000000
35222,37644629412,1088514,0,0,1971,0,0.000000,16384,1764,88514,4,1.000000,0.000000
35223,37645679553,1050141,0,0,1696,0,0.000000,16384,1490,50141,4,1.000000,0.000000
35224,37646747880,1068327,0,0,1513,0,0.000000,16384,1358,68327,4,1.000000,0.000000
35225,37647816039,1068159,0,0,1535,0,0.000000,16384,1353,68159,4,1.000000,0.000000
35226,37648876192,1060153,0,0,1557,0,0.000000,16384,1401,60153,4,1.000000,0.000000
35227,37649935483,1059291,0,0,1560,0,0.000000,16384,1381,59291,4,1.000000,0.000000
35228,37650999476,1063993,0,0,1523,0,0.000000,16384,1366,63993,4,1.000000,0.000000
35229,37652061632,1062156,0,0,1589,0,0.000000,16384,1410,62156,4,1.000000,0.000000
35230,37653121283,1059651,0,0,1653,0,0.000000,16384,1465,59651,4,1.000000,0.000000
35231,37654203017,1081734,0,0,1699,0,0.000000,16384,1547,81734,4,1.000000,0.000000
35232,37655259285,1056268,0,0,1734,0,0.000000,16384,1514,56268,4,1.000000,0.000000
35233,37656316588,1057303,0,0,1802,0,0.000000,16384,1595,57303,4,1.000000,0.000000
35234,37657378333,1061745,0,0,1580,0,0.000000,16384,1446,61745,4,1.000000,0.000000
35235,37658441233,1062900,0,0,1720,0,0.000000,16384,1501,62900,4,1.000000,0.000000
35236,37659500678,1059445,0,0,1822,0,0.000000,16384,1618,59445,4,1.000000,0.000000
35237,37660557631,1056953,0,0,1815,0,0.000000,16384,1639,56953,4,1.000000,0.000000
35238,37661612763,1055132,0,0,1813,0,0.000000,16384,1629,55132,4,1.000000,0.000000
35239,37662671612,1058849,0,0,1813,0,0.000000,16384,1593,58849,4,1.000000,0.000000
35240,37663729240,1057628,0,0,1800,0,0.000000,16384,1587,57628,4,1.000000,0.000000
35241,37664814138,1084898,0,0,1714,0,0.000000,16384,1559,84898,4,1.000000,0.000000
35242,37665871232,1057094,0,0,1816,0,0.000000,16384,1620,57094,4,1.000000,0.000000
35243,37666931163,1059931,0,0,1826,0,0.000000,16384,1606,59931,4,1.000000,0.000000
35244,37667990981,1059818,0,0,1789,0,0.000000,16384,1586,59818,4,1.000000,0.000000
35245,37669050301,1059320,0,0,1666,0,0.000000,16384,1520,59320,4,1.000000,0.000000
35246,37670146728,1096427,0,0,1843,0,0.000000,16384,1628,96427,4,1.000000,0.000000
35247,37671213651,1066923,0,0,1486,0,0.000000,16384,1316,66923,4,1.000000,0.000000
35248,37672275819,1062168,0,0,1616,0,0.000000,16384,1450,62168,4,1.000000,0.000000
35249,37673334194,1058375,0,0,1658,0,0.000000,16384,1450,58375,4,1.000000,0.000000
35250,37674392576,1058382,0,0,1546,0,0.000000,16384,1418,58382,4,1.000000,0.000000
35251,37675478672,1086096,0,0,1471,0,0.000000,16384,1277,86096,4,1.000000,0.000000
35252,37676543666,1064994,0,0,1534,0,0.000000,16384,1392,64994,4,1.000000,0.000000
35253,37677567254,1023588,0,0,1455,0,0.000000,16384,1280,23588,4,1.000000,0.000000
35254,37678638717,1071463,0,0,1466,0,0.000000,16384,1309,71463,4,1.000000,0.000000
35255,37679687373,1048656,0,0,1409,0,0.000000,16384,1271,48656,4,1.000000,0.000000
35256,37680812187,1124814,0,0,1644,0,0.000000,16384,1446,124814,4,1.000000,0.000000
35257,37681874773,1062586,0,0,1603,0,0.000000,16384,1433,62586,4,1.000000,0.000000
35258,37682937486,1062713,0,0,1604,0,0.000000,16384,1434,62713,4,1.000000,0.000000
35259,37684000526,1063040,0,0,1624,0,0.000000,16384,1429,63040,4,1.000000,0.000000
35260,37685069122,1068596,0,0,1656,0,0.000000,16384,1513,68596,4,1.000000,0.000000
35261,37686158161,1089039,0,0,1665,0,0.000000,16384,1447,89039,4,1.000000,0.000000
35262,37687216496,1058335,0,0,1611,0,0.000000,16384,1454,58335,4,1.000000,0.000000
35263,37688278103,1061607,0,0,1608,0,0.000000,16384,1427,61607,4,1.000000,0.000000
35264,37689339123,1061020,0,0,1596,0,0.000000,16384,1417,61020,4,1.000000,0.000000
35265,37690436653,1097530,0,0,1756,0,0.000000,16384,1592,97530,4,1.000000,0.000000
35266,37691503057,1066404,0,0,1517,0,0.000000,16384,1307,66404,4,1.000000,0.000000
35267,37692567374,1064317,0,0,1600,0,0.000000,16384,1467,64317,4,1.000000,0.000000
35268,37693626430,1059056,0,0,1618,0,0.000000,16384,1410,59056,4,1.000000,0.000000
35269,37694713344,1086914,0,0,1778,0,0.000000,16384,1588,86914,4,1.000000,0.000000
35270,37695781256,1067912,0,0,1748,0,0.000000,16384,1585,67912,4,1.000000,0.000000
35271,37696870669,1089413,0,0,1754,0,0.000000,16384,1543,89413,4,1.000000,0.000000
35272,37697937949,1067280,0,0,1576,0,0.000000,16384,1401,67280,4,1.000000,0.000000
35273,37699001220,1063271,0,0,1542,0,0.000000,16384,1381,63271,4,1.000000,0.000000
35274,37700060130,1058910,0,0,1599,0,0.000000,16384,1414,58910,4,1.000000,0.000000
35275,37701119838,1059708,0,0,1621,0,0.000000,16384,1470,59708,4,1.000000,0.000000
35276,37702179083,1059245,0,0,1621,0,0.000000,16384,1403,59245,4,1.000000,0.000000
35277,37703237418,1058335,0,0,1633,0,0.000000,16384,1495,58335,4,1.000000,0.000000
35278,37704295972,1058554,0,0,1598,0,0.000000,16384,1398,58554,4,1.000000,0.000000
35279,37705356125,1060153,0,0,1594,0,0.000000,16384,1436,60153,4,1.000000,0.000000
35280,37706417010,1060885,0,0,1592,0,0.000000,16384,1413,60885,4,1.000000,0.000000
35281,37707511027,1094017,0,0,1614,0,0.000000,16384,1433,94017,4,1.000000,0.000000
35282,37708572211,1061184,0,0,1604,0,0.000000,16384,1446,61184,4,1.000000,0.000000
35283,37709632698,1060487,0,0,1456,0,0.000000,16384,1282,60487,4,1.000000,0.000000
35284,37710678913,1046215,0,0,1578,0,0.000000,16384,1416,46215,4,1.000000,0.000000
35285,37711741765,1062852,0,0,1553,0,0.000000,16384,1370,62852,4,1.000000,0.000000
35286,37712803332,1061567,0,0,1595,0,0.000000,16384,1442,61567,4,1.000000,0.000000
35287,37713867285,1063953,0,0,1592,0,0.000000,16384,1389,63953,4,1.000000,0.000000
35288,37714928184,1060899,0,0,1592,0,0.000000,16384,1459,60899,4,1.000000,0.000000
35289,37715994140,1065956,0,0,1528,0,0.000000,16384,1317,65956,4,1.000000,0.000000
35290,37717057944,1063804,0,0,1562,0,0.000000,16384,1436,63804,4,1.000000,0.000000
35291,37718160965,1103021,0,0,1566,0,0.000000,16384,1347,103021,4,1.000000,0.000000
35292,37719220908,1059943,0,0,1542,0,0.000000,16384,1421,59943,4,1.000000,0.000000
35293,37720281721,1060813,0,0,1600,0,0.000000,16384,1385,60813,4,1.000000,0.000000
35294,37721341210,1059489,0,0,1608,0,0.000000,16384,1463,59489,4,1.000000,0.000000
35295,37722403551,1062341,0,0,1598,0,0.000000,16384,1406,62341,4,1.000000,0.000000
35296,37723466226,1062675,0,0,1564,0,0.000000,16384,1404,62675,4,1.000000,0.000000
35297,37724524966,1058740,0,0,1582,0,0.000000,16384,1407,58740,4,1.000000,0.000000
35298,37725581986,1057020,0,0,1662,0,0.000000,16384,1469,57020,4,1.000000,0.000000
35299,37726641443,1059457,0,0,1808,0,0.000000,16384,1634,59457,4,1.000000,0.000000
35300,37727675980,1034537,0,0,1774,0,0.000000,16384,1577,34537,4,1.000000,0.000000
35301,37728751011,1075031,0,0,1845,0,0.000000,16384,1625,75031,4,1.000000,0.000000
35302,37729808958,1057947,0,0,1812,0,0.000000,16384,1610,57947,4,1.000000,0.000000
35303,37730865218,1056260,0,0,1737,0,0.000000,16384,1577,56260,4,1.000000,0.000000
35304,37731922703,1057485,0,0,1717,0,0.000000,16384,1515,57485,4,1.000000,0.000000
35305,37732981344,1058641,0,0,1819,0,0.000000,16384,1599,58641,4,1.000000,0.000000
35306,37734037924,1056580,0,0,1825,0,0.000000,16384,1643,56580,4,1.000000,0.000000
35307,37735099447,1061523,0,0,1825,0,0.000000,16384,1647,61523,4,1.000000,0.000000
35308,37736161084,1061637,0,0,1831,0,0.000000,16384,1627,61637,4,1.000000,0.000000
35309,37737218052,1056968,0,0,1803,0,0.000000,16384,1583,56968,4,1.000000,0.000000
35310,37738273399,1055347,0,0,1821,0,0.000000,16384,1622,55347,4,1.000000,0.000000
35311,37739343290,1069891,0,0,1844,0,0.000000,16384,1663,69891,4,1.000000,0.000000
35312,37740400718,1057428,0,0,1831,0,0.000000,16384,1350,57428,4,1.000000,0.000000
35313,37741460145,1059427,0,0,1723,0,0.000000,16384,1442,59427,4,1.000000,0.000000
35314,37742518547,1058402,0,0,1675,0,0.000000,16384,1445,58402,4,1.000000,0.000000
35315,37743575047,1056500,0,0,1851,0,0.000000,16384,1359,56500,4,1.000000,0.000000
35316,37744630807,1055760,0,0,1824,0,0.000000,16384,1610,55760,4,1.000000,0.000000
35317,37745674957,1044150,0,0,1686,0,0.000000,16384,1320,44150,4,1.000000,0.000000
35318,37746734360,1059403,0,0,1822,0,0.000000,16384,1506,59403,4,1.000000,0.000000
35319,37747793328,1058968,0,0,1699,0,0.000000,16384,1467,58968,4,1.000000,0.000000
35320,37748851080,1057752,0,0,1853,0,0.000000,16384,1345,57752,4,1.000000,0.000000
35321,37749918256,1067176,0,0,1843,0,0.000000,16384,1636,67176,4,1.000000,0.000000
35322,37750973951,1055695,0,0,1841,0,0.000000,16384,1434,55695,4,1.000000,0.000000
35323,37752032339,1058388,0,0,1679,0,0.000000,16384,1399,58388,4,1.000000,0.000000
35324,37753089971,1057632,0,0,1668,0,0.000000,16384,1451,57632,4,1.000000,0.000000
35325,37754147155,1057184,0,0,1839,0,0.000000,16384,1314,57184,4,1.000000,0.000000
35326,37755204199,1057044,0,0,1816,0,0.000000,16384,1628,57044,4,1.000000,0.000000
35327,37756260673,1056474,0,0,1816,0,0.000000,16384,1425,56474,4,1.000000,0.000000
35328,37757316260,1055587,0,0,1837,0,0.000000,16384,1517,55587,4,1.000000,0.000000
35329,37758372457,1056197,0,0,1825,0,0.000000,16384,1558,56197,4,1.000000,0.000000
35330,37759428564,1056107,0,0,1851,0,0.000000,16384,1381,56107,4,1.000000,0.000000
35331,37760492518,1063954,0,0,1813,0,0.000000,16384,1585,63954,4,1.000000,0.000000
35332,37761549911,1057393,0,0,1797,0,0.000000,16384,1395,57393,4,1.000000,0.000000
35333,37762607004,1057093,0,0,1672,0,0.000000,16384,1400,57093,4,1.000000,0.000000
35334,37763662663,1055659,0,0,1809,0,0.000000,16384,1545,55659,4,1.000000,0.000000
35335,37764674254,1011591,0,0,1651,0,0.000000,16384,1181,11591,4,1.000000,0.000000
35336,37765733229,1058975,0,0,1830,0,0.000000,16384,1639,58975,4,1.000000,0.000000
35337,37766790101,1056872,0,0,1839,0,0.000000,16384,1440,56872,4,1.000000,0.000000
35338,37767848236,1058135,0,0,1742,0,0.000000,16384,1438,58135,4,1.000000,0.000000
35339,37768905787,1057551,0,0,1793,0,0.000000,16384,1547,57551,4,1.000000,0.000000
35340,37769963289,1057502,0,0,1808,0,0.000000,16384,1312,57502,4,1.000000,0.000000
35341,37771044419,1081130,0,0,1713,0,0.000000,16384,1532,81130,4,1.000000,0.000000
35342,37772104993,1060574,0,0,1664,0,0.000000,16384,1319,60574,4,1.000000,0.000000
35343,37773163025,1058032,0,0,1681,0,0.000000,16384,1315,58032,4,1.000000,0.000000
35344,37774225615,1062590,0,0,1666,0,0.000000,16384,1511,62590,4,1.000000,0.000000
35345,37775321542,1095927,0,0,1773,0,0.000000,16384,1290,95927,4,1.000000,0.000000
35346,37776384502,1062960,0,0,1593,0,0.000000,16384,1361,62960,4,1.000000,0.000000
35347,37777445614,1061112,0,0,1667,0,0.000000,16384,1427,61112,4,1.000000,0.000000
35348,37778503585,1057971,0,0,1684,0,0.000000,16384,1232,57971,4,1.000000,0.000000
35349,37779561600,1058015,0,0,1661,0,0.000000,16384,1485,58015,4,1.000000,0.000000
35350,37780652104,1090504,0,0,1870,0,0.000000,16384,1468,90504,4,1.000000,0.000000
35351,37781705788,1053684,0,0,1657,0,0.000000,16384,1341,53684,4,1.000000,0.000000
35352,37782767827,1062039,0,0,1784,0,0.000000,16384,1570,62039,4,1.000000,0.000000
35353,37783831855,1064028,0,0,1822,0,0.000000,16384,1304,64028,4,1.000000,0.000000
35354,37784895508,1063653,0,0,1844,0,0.000000,16384,1646,63653,4,1.000000,0.000000
35355,37785955195,1059687,0,0,1834,0,0.000000,16384,1441,59687,4,1.000000,0.000000
35356,37787012713,1057518,0,0,1814,0,0.000000,16384,1496,57518,4,1.000000,0.000000
35357,37788073337,1060624,0,0,1806,0,0.000000,16384,1548,60624,4,1.000000,0.000000
35358,37789132842,1059505,0,0,1808,0,0.000000,16384,1324,59505,4,1.000000,0.000000
35359,37790189521,1056679,0,0,1824,0,0.000000,16384,1613,56679,4,1.000000,0.000000
35360,37791245905,1056384,0,0,1842,0,0.000000,16384,1433,56384,4,1.000000,0.000000
35361,37792314963,1069058,0,0,1747,0,0.000000,16384,1457,69058,4,1.000000,0.000000
35362,37793373319,1058356,0,0,1830,0,0.000000,16384,1558,58356,4,1.000000,0.000000
35363,37794430114,1056795,0,0,1852,0,0.000000,16384,1398,56795,4,1.000000,0.000000
35364,37795485620,1055506,0,0,1797,0,0.000000,16384,1569,55506,4,1.000000,0.000000
35365,37796541684,1056064,0,0,1842,0,0.000000,16384,1414,56064,4,1.000000,0.000000
35366,37797598308,1056624,0,0,1819,0,0.000000,16384,1525,56624,4,1.000000,0.000000
35367,37798654544,1056236,0,0,1829,0,0.000000,16384,1541,56236,4,1.000000,0.000000
35368,37799707966,1053422,0,0,1931,0,0.000000,16384,1485,53422,4,1.000000,0.000000
35369,37800767955,1059989,0,0,1817,0,0.000000,16384,1628,59989,4,1.000000,0.000000
35370,37801824981,1057026,0,0,1801,0,0.000000,16384,1310,57026,4,1.000000,0.000000
35371,37802892526,1067545,0,0,1802,0,0.000000,16384,1559,67545,4,1.000000,0.000000
35372,37803948724,1056198,0,0,1834,0,0.000000,16384,1496,56198,4,1.000000,0.000000
35373,37805004878,1056154,0,0,1841,0,0.000000,16384,1438,56154,4,1.000000,0.000000
35374,37806060761,1055883,0,0,1825,0,0.000000,16384,1631,55883,4,1.000000,0.000000
35375,37807116873,1056112,0,0,1851,0,0.000000,16384,1332,56112,4,1.000000,0.000000
35376,37808173089,1056216,0,0,1741,0,0.000000,16384,1560,56216,4,1.000000,0.000000
35377,37809231278,1058189,0,0,1618,0,0.000000,16384,1298,58189,4,1.000000,0.000000
35378,37810288101,1056823,0,0,1841,0,0.000000,16384,1430,56823,4,1.000000,0.000000
35379,37811343692,1055591,0,0,1824,0,0.000000,16384,1633,55591,4,1.000000,0.000000
35380,37812401211,1057519,0,0,1778,0,0.000000,16384,1285,57519,4,1.000000,0.000000
35381,37813463862,1062651,0,0,1829,0,0.000000,16384,1608,62651,4,1.000000,0.000000
35382,37814522332,1058470,0,0,1681,0,0.000000,16384,1359,58470,4,1.000000,0.000000
35383,37815579585,1057253,0,0,1796,0,0.000000,16384,1394,57253,4,1.000000,0.000000
35384,37816636356,1056771,0,0,1802,0,0.000000,16384,1615,56771,4,1.000000,0.000000
35385,37817676010,1039654,0,0,1793,0,0.000000,16384,1300,39654,4,1.000000,0.000000
35386,37818733015,1057005,0,0,1809,0,0.000000,16384,1577,57005,4,1.000000,0.000000
35387,37819789251,1056236,0,0,1832,0,0.000000,16384,1483,56236,4,1.000000,0.000000
35388,37820844868,1055617,0,0,1839,0,0.000000,16384,1446,55617,4,1.000000,0.000000
35389,37821901563,1056695,0,0,1805,0,0.000000,16384,1609,56695,4,1.000000,0.000000
35390,37822958346,1056783,0,0,1745,0,0.000000,16384,1255,56783,4,1.000000,0.000000
35391,37824033184,1074838,0,0,1781,0,0.000000,16384,1573,74838,4,1.000000,0.000000
35392,37825089916,1056732,0,0,1834,0,0.000000,16384,1465,56732,4,1.000000,0.000000
35393,37826145915,1055999,0,0,1839,0,0.000000,16384,1461,55999,4,1.000000,0.000000
35394,37827201435,1055520,0,0,1806,0,0.000000,16384,1599,55520,4,1.000000,0.000000
35395,37828257266,1055831,0,0,1849,0,0.000000,16384,1324,55831,4,1.000000,0.000000
35396,37829313236,1055970,0,0,1822,0,0.000000,16384,1631,55970,4,1.000000,0.000000
35397,37830370090,1056854,0,0,1836,0,0.000000,16384,1441,56854,4,1.000000,0.000000
35398,37831433027,1062937,0,0,1708,0,0.000000,16384,1390,62937,4,1.000000,0.000000
35399,37832495893,1062866,0,0,1726,0,0.000000,16384,1518,62866,4,1.000000,0.000000
35400,37833553562,1057669,0,0,1715,0,0.000000,16384,1229,57669,4,1.000000,0.000000
35401,37834622983,1069421,0,0,1679,0,0.000000,16384,1479,69421,4,1.000000,0.000000
35402,37835677823,1054840,0,0,1657,0,0.000000,16384,1362,54840,4,1.000000,0.000000
35403,37836740518,1062695,0,0,1841,0,0.000000,16384,1423,62695,4,1.000000,0.000000
35404,37837799007,1058489,0,0,1801,0,0.000000,16384,1615,58489,4,1.000000,0.000000
35405,37838855772,1056765,0,0,1848,0,0.000000,16384,1345,56765,4,1.000000,0.000000
35406,37839911600,1055828,0,0,1820,0,0.000000,16384,1586,55828,4,1.000000,0.000000
35407,37840967449,1055849,0,0,1834,0,0.000000,16384,1482,55849,4,1.000000,0.000000
35408,37842023604,1056155,0,0,1832,0,0.000000,16384,1442,56155,4,1.000000,0.000000
35409,37843079455,1055851,0,0,1825,0,0.000000,16384,1624,55851,4,1.000000,0.000000
35410,37844135329,1055874,0,0,1853,0,0.000000,16384,1330,55874,4,1.000000,0.000000
35411,37845198321,1062992,0,0,1838,0,0.000000,16384,1641,62992,4,1.000000,0.000000
35412,37846255747,1057426,0,0,1774,0,0.000000,16384,1398,57426,4,1.000000,0.000000
35413,37847313190,1057443,0,0,1731,0,0.000000,16384,1392,57443,4,1.000000,0.000000
35414,37848369418,1056228,0,0,1762,0,0.000000,16384,1558,56228,4,1.000000,0.000000
35415,37849426797,1057379,0,0,1809,0,0.000000,16384,1297,57379,4,1.000000,0.000000
35416,37850483450,1056653,0,0,1817,0,0.000000,16384,1622,56653,4,1.000000,0.000000
35417,37851539664,1056214,0,0,1837,0,0.000000,16384,1448,56214,4,1.000000,0.000000
35418,37852596647,1056983,0,0,1764,0,0.000000,16384,1428,56983,4,1.000000,0.000000
35419,37853654337,1057690,0,0,1742,0,0.000000,16384,1533,57690,4,1.000000,0.000000
35420,37854670690,1016353,0,0,1778,0,0.000000,16384,1272,16353,4,1.000000,0.000000
35421,37855734267,1063577,0,0,1828,0,0.000000,16384,1631,63577,4,1.000000,0.000000
35422,37856790919,1056652,0,0,1838,0,0.000000,16384,1447,56652,4,1.000000,0.000000
35423,37857846866,1055947,0,0,1831,0,0.000000,16384,1497,55947,4,1.000000,0.000000
35424,37858902800,1055934,0,0,1824,0,0.000000,16384,1573,55934,4,1.000000,0.000000
35425,37859958635,1055835,0,0,1851,0,0.000000,16384,1361,55835,4,1.000000,0.000000
35426,37861014940,1056305,0,0,1803,0,0.000000,16384,1592,56305,4,1.000000,0.000000
35427,37862070462,1055522,0,0,1839,0,0.000000,16384,1430,55522,4,1.000000,0.000000
35428,37863125822,1055360,0,0,1834,0,0.000000,16384,1527,55360,4,1.000000,0.000000
35429,37864181878,1056056,0,0,1817,0,0.000000,16384,1540,56056,4,1.000000,0.000000
35430,37865236927,1055049,0,0,1847,0,0.000000,16384,1408,55049,4,1.000000,0.000000
35431,37866305840,1068913,0,0,1820,0,0.000000,16384,1599,68913,4,1.000000,0.000000
35432,37867362956,1057116,0,0,1757,0,0.000000,16384,1324,57116,4,1.000000,0.000000
35433,37868419336,1056380,0,0,1806,0,0.000000,16384,1515,56380,4,1.000000,0.000000
35434,37869475437,1056101,0,0,1812,0,0.000000,16384,1529,56101,4,1.000000,0.000000
35435,37870531812,1056375,0,0,1846,0,0.000000,16384,1416,56375,4,1.000000,0.000000
35436,37871587585,1055773,0,0,1823,0,0.000000,16384,1619,55773,4,1.000000,0.000000
35437,37872646803,1059218,0,0,1669,0,0.000000,16384,1237,59218,4,1.000000,0.000000
35438,37873674429,1027626,0,0,1777,0,0.000000,16384,1493,27626,4,1.000000,0.000000
35439,37874735557,1061128,0,0,1820,0,0.000000,16384,1536,61128,4,1.000000,0.000000
35440,37875792553,1056996,0,0,1834,0,0.000000,16384,1405,56996,4,1.000000,0.000000
35441,37876865602,1073049,0,0,1557,0,0.000000,16384,1362,73049,4,1.000000,0.000000
35442,37877923966,1058364,0,0,1714,0,0.000000,16384,1338,58364,4,1.000000,0.000000
35443,37878980617,1056651,0,0,1838,0,0.000000,16384,1522,56651,4,1.000000,0.000000
35444,37880037833,1057216,0,0,1816,0,0.000000,16384,1548,57216,4,1.000000,0.000000
35445,37881095149,1057316,0,0,1852,0,0.000000,16384,1392,57316,4,1.000000,0.000000
35446,37882151983,1056834,0,0,1814,0,0.000000,16384,1586,56834,4,1.000000,0.000000
35447,37883207833,1055850,0,0,1793,0,0.000000,16384,1381,55850,4,1.000000,0.000000
35448,37884263436,1055603,0,0,1830,0,0.000000,16384,1529,55603,4,1.000000,0.000000
35449,37885323790,1060354,0,0,1814,0,0.000000,16384,1532,60354,4,1.000000,0.000000
35450,37886385459,1061669,0,0,1808,0,0.000000,16384,1384,61669,4,1.000000,0.000000
35451,37887452646,1067187,0,0,1795,0,0.000000,16384,1578,67187,4,1.000000,0.000000
35452,37888509278,1056632,0,0,1820,0,0.000000,16384,1372,56632,4,1.000000,0.000000
35453,37889565530,1056252,0,0,1833,0,0.000000,16384,1539,56252,4,1.000000,0.000000
35454,37890622183,1056653,0,0,1823,0,0.000000,16384,1531,56653,4,1.000000,0.000000
35455,37891675389,1053206,0,0,1832,0,0.000000,16384,1415,53206,4,1.000000,0.000000
35456,37892737098,1061709,0,0,1729,0,0.000000,16384,1544,61709,4,1.000000,0.000000
35457,37893795643,1058545,0,0,1852,0,0.000000,16384,1368,58545,4,1.000000,0.000000
35458,37894852590,1056947,0,0,1834,0,0.000000,16384,1576,56947,4,1.000000,0.000000
35459,37895908925,1056335,0,0,1825,0,0.000000,16384,1497,56335,4,1.000000,0.000000
35460,37896964532,1055607,0,0,1841,0,0.000000,16384,1429,55607,4,1.000000,0.000000
35461,37898030810,1066278,0,0,1832,0,0.000000,16384,1642,66278,4,1.000000,0.000000
35462,37899087079,1056269,0,0,1824,0,0.000000,16384,1314,56269,4,1.000000,0.000000
35463,37900142990,1055911,0,0,1825,0,0.000000,16384,1624,55911,4,1.000000,0.000000
35464,37901199005,1056015,0,0,1837,0,0.000000,16384,1452,56015,4,1.000000,0.000000
35465,37902254919,1055914,0,0,1839,0,0.000000,16384,1487,55914,4,1.000000,0.000000
35466,37903310421,1055502,0,0,1823,0,0.000000,16384,1587,55502,4,1.000000,0.000000
35467,37904366684,1056263,0,0,1844,0,0.000000,16384,1337,56263,4,1.000000,0.000000
35468,37905422600,1055916,0,0,1824,0,0.000000,16384,1623,55916,4,1.000000,0.000000
35469,37906478232,1055632,0,0,1830,0,0.000000,16384,1428,55632,4,1.000000,0.000000
35470,37907534195,1055963,0,0,1838,0,0.000000,16384,1524,55963,4,1.000000,0.000000
35471,37908594251,1060056,0,0,1833,0,0.000000,16384,1554,60056,4,1.000000,0.000000
35472,37909650079,1055828,0,0,1849,0,0.000000,16384,1405,55828,4,1.000000,0.000000
35473,37910670089,1020010,0,0,1757,0,0.000000,16384,1529,20010,4,1.000000,0.000000
35474,37911728820,1058731,0,0,1667,0,0.000000,16384,1291,58731,4,1.000000,0.000000
35475,37912787186,1058366,0,0,1714,0,0.000000,16384,1424,58366,4,1.000000,0.000000
35476,37913844300,1057114,0,0,1817,0,0.000000,16384,1558,57114,4,1.000000,0.000000
35477,37914901105,1056805,0,0,1827,0,0.000000,16384,1344,56805,4,1.000000,0.000000
35478,37915956695,1055590,0,0,1815,0,0.000000,16384,1601,55590,4,1.000000,0.000000
35479,37917012916,1056221,0,0,1791,0,0.000000,16384,1395,56221,4,1.000000,0.000000
35480,37918069592,1056676,0,0,1808,0,0.000000,16384,1503,56676,4,1.000000,0.000000
35481,37919141524,1071932,0,0,1854,0,0.000000,16384,1573,71932,4,1.000000,0.000000
35482,37920197836,1056312,0,0,1850,0,0.000000,16384,1410,56312,4,1.000000,0.000000
35483,37921253724,1055888,0,0,1814,0,0.000000,16384,1586,55888,4,1.000000,0.000000
35484,37922341783,1088059,0,0,1817,0,0.000000,16384,1377,88059,4,1.000000,0.000000
35485,37923407071,1065288,0,0,1557,0,0.000000,16384,1320,65288,4,1.000000,0.000000
35486,37924467873,1060802,0,0,1561,0,0.000000,16384,1364,60802,4,1.000000,0.000000
35487,37925526307,1058434,0,0,1578,0,0.000000,16384,1130,58434,4,1.000000,0.000000
35488,37926585236,1058929,0,0,1650,0,0.000000,16384,1412,58929,4,1.000000,0.000000
35489,37927675808,1090572,0,0,1864,0,0.000000,16384,1558,90572,4,1.000000,0.000000
35490,37928703011,1027203,0,0,1782,0,0.000000,16384,1378,27203,4,1.000000,0.000000
35491,37929776342,1073331,0,0,1839,0,0.000000,16384,1645,73331,4,1.000000,0.000000
35492,37930838922,1062580,0,0,1949,0,0.000000,16384,1414,62580,4,1.000000,0.000000
35493,37931901317,1062395,0,0,1918,0,0.000000,16384,1698,62395,4,1.000000,0.000000
35494,37932963275,1061958,0,0,1764,0,0.000000,16384,1393,61958,4,1.000000,0.000000
35495,37934022143,1058868,0,0,1845,0,0.000000,16384,1496,58868,4,1.000000,0.000000
35496,37935689824,1667681,0,0,2221,0,0.000000,16384,1867,667681,4,1.000000,0.000000
35497,37937821635,2131811,0,0,2868,0,0.000000,16384,2329,1131811,4,1.000000,0.000000
35498,37938898421,1076786,0,0,1423,0,0.000000,16384,1194,76786,4,1.000000,0.000000
35499,37940104697,1206276,0,0,1617,0,0.000000,16384,1180,206276,4,1.000000,0.000000
35500,37941179368,1074671,0,0,1400,0,0.000000,16384,1248,74671,4,1.000000,0.000000
35501,37942320492,1141124,0,0,1497,0,0.000000,16384,1256,141124,4,1.000000,0.000000
35502,37943392594,1072102,0,0,1445,0,0.000000,16384,1034,72102,4,1.000000,0.000000
35503,37944474135,1081541,0,0,1395,0,0.000000,16384,1229,81541,4,1.000000,0.000000
35504,37945549459,1075324,0,0,1388,0,0.000000,16384,1218,75324,4,1.000000,0.000000
35505,37946623628,1074169,0,0,1447,0,0.000000,16384,1033,74169,4,1.000000,0.000000
35506,37947684863,1061235,0,0,1416,0,0.000000,16384,1227,61235,4,1.000000,0.000000
35507,37948753940,1069077,0,0,1408,0,0.000000,16384,1242,69077,4,1.000000,0.000000
35508,37951048999,2295059,0,0,3052,0,0.000000,16384,2402,1295059,4,1.000000,0.000000
35509,37952132772,1083773,0,0,1449,0,0.000000,16384,1275,83773,4,1.000000,0.000000
35510,37953702434,1569662,0,0,2123,0,0.000000,16384,1584,569662,4,1.000000,0.000000
35511,37954808641,1106207,0,0,1452,0,0.000000,16384,1294,106207,4,1.000000,0.000000
35512,37955887393,1078752,0,0,1451,0,0.000000,16384,1174,78752,4,1.000000,0.000000
35513,37956961266,1073873,0,0,1471,0,0.000000,16384,1083,73873,4,1.000000,0.000000
35514,37958029512,1068246,0,0,1424,0,0.000000,16384,1271,68246,4,1.000000,0.000000
35515,37959100645,1071133,0,0,1411,0,0.000000,16384,1180,71133,4,1.000000,0.000000
35516,37960176435,1075790,0,0,1466,0,0.000000,16384,1048,75790,4,1.000000,0.000000
35517,37961247617,1071182,0,0,1446,0,0.000000,16384,1278,71182,4,1.000000,0.000000
35518,37962316070,1068453,0,0,1462,0,0.000000,16384,1258,68453,4,1.000000,0.000000
35519,37963465374,1149304,0,0,1601,0,0.000000,16384,1143,149304,4,1.000000,0.000000
35520,37964534470,1069096,0,0,1449,0,0.000000,16384,1292,69096,4,1.000000,0.000000
35521,37965633711,1099241,0,0,1457,0,0.000000,16384,1244,99241,4,1.000000,0.000000
35522,37966693219,1059508,0,0,1446,0,0.000000,16384,1032,59508,4,1.000000,0.000000
35523,37967760366,1067147,0,0,1470,0,0.000000,16384,1280,67147,4,1.000000,0.000000
35524,37968826246,1065880,0,0,1459,0,0.000000,16384,1273,65880,4,1.000000,0.000000
35525,37969892972,1066726,0,0,1488,0,0.000000,16384,1062,66726,4,1.000000,0.000000
35526,37970961972,1069000,0,0,1444,0,0.000000,16384,1258,69000,4,1.000000,0.000000
35527,37972033497,1071525,0,0,1454,0,0.000000,16384,1272,71525,4,1.000000,0.000000
35528,37973100556,1067059,0,0,1494,0,0.000000,16384,1066,67059,4,1.000000,0.000000
35529,37974168022,1067466,0,0,1473,0,0.000000,16384,1275,67466,4,1.000000,0.000000
35530,37975235555,1067533,0,0,1477,0,0.000000,16384,1293,67533,4,1.000000,0.000000
35531,37976339932,1104377,0,0,1347,0,0.000000,16384,961,104377,4,1.000000,0.000000
35532,37977404567,1064635,0,0,1467,0,0.000000,16384,1254,64635,4,1.000000,0.000000
35533,37978474212,1069645,0,0,1452,0,0.000000,16384,1278,69645,4,1.000000,0.000000
35534,37979541825,1067613,0,0,1496,0,0.000000,16384,1081,67613,4,1.000000,0.000000
35535,37980608652,1066827,0,0,1488,0,0.000000,16384,1269,66827,4,1.000000,0.000000
35536,37981678578,1069926,0,0,1465,0,0.000000,16384,1285,69926,4,1.000000,0.000000
35537,37982747262,1068684,0,0,1483,0,0.000000,16384,1074,68684,4,1.000000,0.000000
35538,37983815178,1067916,0,0,1468,0,0.000000,16384,1240,67916,4,1.000000,0.000000
35539,37984883873,1068695,0,0,1456,0,0.000000,16384,1288,68695,4,1.000000,0.000000
35540,37985949631,1065758,0,0,1499,0,0.000000,16384,1091,65758,4,1.000000,0.000000
35541,37987037779,1088148,0,0,1522,0,0.000000,16384,1280,88148,4,1.000000,0.000000
35542,37988102726,1064947,0,0,1484,0,0.000000,16384,1309,64947,4,1.000000,0.000000
35543,37989167757,1065031,0,0,1493,0,0.000000,16384,1083,65031,4,1.000000,0.000000
35544,37990233612,1065855,0,0,1468,0,0.000000,16384,1235,65855,4,1.000000,0.000000
35545,37991300635,1067023,0,0,1481,0,0.000000,16384,1312,67023,4,1.000000,0.000000
35546,37992365969,1065334,0,0,1508,0,0.000000,16384,1097,65334,4,1.000000,0.000000
35547,37993431382,1065413,0,0,1500,0,0.000000,16384,1262,65413,4,1.000000,0.000000
35548,37994495175,1063793,0,0,1472,0,0.000000,16384,1301,63793,4,1.000000,0.000000
35549,37995561242,1066067,0,0,1501,0,0.000000,16384,1092,66067,4,1.000000,0.000000
35550,37996623903,1062661,0,0,1487,0,0.000000,16384,1249,62661,4,1.000000,0.000000
35551,37997679223,1055320,0,0,1466,0,0.000000,16384,1299,55320,4,1.000000,0.000000
35552,37998742397,1063174,0,0,1508,0,0.000000,16384,1097,63174,4,1.000000,0.000000
35553,37999803305,1060908,0,0,1496,0,0.000000,16384,1256,60908,4,1.000000,0.000000
35554,38000865849,1062544,0,0,1474,0,0.000000,16384,1305,62544,4,1.000000,0.000000
35555,38001929153,1063304,0,0,1501,0,0.000000,16384,1092,63304,4,1.000000,0.000000
35556,38002991579,1062426,0,0,1494,0,0.000000,16384,1254,62426,4,1.000000,0.000000
35557,38004056180,1064601,0,0,1496,0,0.000000,16384,1323,64601,4,1.000000,0.000000
35558,38005119544,1063364,0,0,1513,0,0.000000,16384,1100,63364,4,1.000000,0.000000
35559,38006182917,1063373,0,0,1503,0,0.000000,16384,1271,63373,4,1.000000,0.000000
35560,38007246733,1063816,0,0,1489,0,0.000000,16384,1306,63816,4,1.000000,0.000000
35561,38008332157,1085424,0,0,1544,0,0.000000,16384,1117,85424,4,1.000000,0.000000
35562,38009395189,1063032,0,0,1487,0,0.000000,16384,1268,63032,4,1.000000,0.000000
35563,38010463099,1067910,0,0,1461,0,0.000000,16384,1285,67910,4,1.000000,0.000000
35564,38011531234,1068135,0,0,1503,0,0.000000,16384,1087,68135,4,1.000000,0.000000
35565,38012598134,1066900,0,0,1500,0,0.000000,16384,1277,66900,4,1.000000,0.000000
35566,38013663033,1064899,0,0,1478,0,0.000000,16384,1297,64899,4,1.000000,0.000000
35567,38014729165,1066132,0,0,1503,0,0.000000,16384,1087,66132,4,1.000000,0.000000
35568,38015794773,1065608,0,0,1489,0,0.000000,16384,1268,65608,4,1.000000,0.000000
35569,38016860452,1065679,0,0,1484,0,0.000000,16384,1302,65679,4,1.000000,0.000000
35570,38017957071,1096619,0,0,1546,0,0.000000,16384,1117,96619,4,1.000000,0.000000
35571,38019053662,1096591,0,0,1517,0,0.000000,16384,1294,96591,4,1.000000,0.000000
35572,38020119298,1065636,0,0,1480,0,0.000000,16384,1299,65636,4,1.000000,0.000000
35573,38021183744,1064446,0,0,1520,0,0.000000,16384,1092,64446,4,1.000000,0.000000
35574,38022246359,1062615,0,0,1495,0,0.000000,16384,1281,62615,4,1.000000,0.000000
35575,38023310892,1064533,0,0,1484,0,0.000000,16384,1303,64533,4,1.000000,0.000000
35576,38024376977,1066085,0,0,1505,0,0.000000,16384,1078,66085,4,1.000000,0.000000
35577,38025441993,1065016,0,0,1487,0,0.000000,16384,1276,65016,4,1.000000,0.000000
35578,38026509213,1067220,0,0,1469,0,0.000000,16384,1290,67220,4,1.000000,0.000000
35579,38027575595,1066382,0,0,1507,0,0.000000,16384,1082,66382,4,1.000000,0.000000
35580,38028738668,1163073,0,0,1610,0,0.000000,16384,1373,163073,4,1.000000,0.000000
35581,38029841263,1102595,0,0,1547,0,0.000000,16384,1340,102595,4,1.000000,0.000000
35582,38030904378,1063115,0,0,1528,0,0.000000,16384,1093,63115,4,1.000000,0.000000
35583,38031966293,1061915,0,0,1489,0,0.000000,16384,1294,61915,4,1.000000,0.000000
35584,38033030040,1063747,0,0,1491,0,0.000000,16384,1294,63747,4,1.000000,0.000000
35585,38034093563,1063523,0,0,1512,0,0.000000,16384,1080,63523,4,1.000000,0.000000
35586,38035156360,1062797,0,0,1470,0,0.000000,16384,1281,62797,4,1.000000,0.000000
35587,38036220849,1064489,0,0,1492,0,0.000000,16384,1294,64489,4,1.000000,0.000000
35588,38037282465,1061616,0,0,1510,0,0.000000,16384,1079,61616,4,1.000000,0.000000
35589,38038349314,1066849,0,0,1496,0,0.000000,16384,1298,66849,4,1.000000,0.000000
35590,38039413925,1064611,0,0,1498,0,0.000000,16384,1300,64611,4,1.000000,0.000000
35591,38040500045,1086120,0,0,1525,0,0.000000,16384,1088,86120,4,1.000000,0.000000
35592,38041564479,1064434,0,0,1465,0,0.000000,16384,1282,64434,4,1.000000,0.000000
35593,38042634928,1070449,0,0,1470,0,0.000000,16384,1274,70449,4,1.000000,0.000000
35594,38043678946,1044018,0,0,1489,0,0.000000,16384,1065,44018,4,1.000000,0.000000
35595,38044746268,1067322,0,0,1479,0,0.000000,16384,1286,67322,4,1.000000,0.000000
35596,38045818563,1072295,0,0,1407,0,0.000000,16384,1234,72295,4,1.000000,0.000000
35597,38046889319,1070756,0,0,1503,0,0.000000,16384,1073,70756,4,1.000000,0.000000
35598,38047958144,1068825,0,0,1443,0,0.000000,16384,1253,68825,4,1.000000,0.000000
35599,38049024282,1066138,0,0,1482,0,0.000000,16384,1296,66138,4,1.000000,0.000000
35600,38050088510,1064228,0,0,1521,0,0.000000,16384,1087,64228,4,1.000000,0.000000
35601,38051181564,1093054,0,0,1534,0,0.000000,16384,1323,93054,4,1.000000,0.000000
35602,38052247608,1066044,0,0,1476,0,0.000000,16384,1287,66044,4,1.000000,0.000000
35603,38053314728,1067120,0,0,1491,0,0.000000,16384,1065,67120,4,1.000000,0.000000
35604,38054378912,1064184,0,0,1476,0,0.000000,16384,1279,64184,4,1.000000,0.000000
35605,38055446924,1068012,0,0,1482,0,0.000000,16384,1293,68012,4,1.000000,0.000000
35606,38056511424,1064500,0,0,1529,0,0.000000,16384,1091,64500,4,1.000000,0.000000
35607,38057578356,1066932,0,0,1476,0,0.000000,16384,1281,66932,4,1.000000,0.000000
35608,38058644715,1066359,0,0,1473,0,0.000000,16384,1283,66359,4,1.000000,0.000000
35609,38059680988,1036273,0,0,1450,0,0.000000,16384,1035,36273,4,1.000000,0.000000
35610,38060743942,1062954,0,0,1476,0,0.000000,16384,1274,62954,4,1.000000,0.000000
35611,38061838049,1094107,0,0,1508,0,0.000000,16384,1317,94107,4,1.000000,0.000000
35612,38062905847,1067798,0,0,1497,0,0.000000,16384,1069,67798,4,1.000000,0.000000
35613,38063974493,1068646,0,0,1460,0,0.000000,16384,1262,68646,4,1.000000,0.000000
35614,38065042554,1068061,0,0,1460,0,0.000000,16384,1284,68061,4,1.000000,0.000000
35615,38066111531,1068977,0,0,1495,0,0.000000,16384,1067,68977,4,1.000000,0.000000
35616,38067176869,1065338,0,0,1483,0,0.000000,16384,1275,65338,4,1.000000,0.000000
35617,38068243535,1066666,0,0,1476,0,0.000000,16384,1297,66666,4,1.000000,0.000000
35618,38069311579,1068044,0,0,1505,0,0.000000,16384,1076,68044,4,1.000000,0.000000
35619,38070381989,1070410,0,0,1487,0,0.000000,16384,1278,70410,4,1.000000,0.000000
35620,38071454400,1072411,0,0,1448,0,0.000000,16384,1274,72411,4,1.000000,0.000000
35621,38072553098,1098698,0,0,1504,0,0.000000,16384,1079,98698,4,1.000000,0.000000
35622,38073622556,1069458,0,0,1467,0,0.000000,16384,1259,69458,4,1.000000,0.000000
35623,38074681112,1058556,0,0,1458,0,0.000000,16384,1282,58556,4,1.000000,0.000000
35624,38075747216,1066104,0,0,1496,0,0.000000,16384,1076,66104,4,1.000000,0.000000
35625,38076814702,1067486,0,0,1468,0,0.000000,16384,1256,67486,4,1.000000,0.000000
35626,38077880947,1066245,0,0,1479,0,0.000000,16384,1298,66245,4,1.000000,0.000000
35627,38078945343,1064396,0,0,1507,0,0.000000,16384,1086,64396,4,1.000000,0.000000
35628,38080012090,1066747,0,0,1492,0,0.000000,16384,1274,66747,4,1.000000,0.000000
35629,38081080468,1068378,0,0,1470,0,0.000000,16384,1292,68378,4,1.000000,0.000000
35630,38082167051,1086583,0,0,1512,0,0.000000,16384,1089,86583,4,1.000000,0.000000
35631,38083272806,1105755,0,0,1524,0,0.000000,16384,1300,105755,4,1.000000,0.000000
35632,38084344063,1071257,0,0,1457,0,0.000000,16384,1281,71257,4,1.000000,0.000000
35633,38085413875,1069812,0,0,1492,0,0.000000,16384,1074,69812,4,1.000000,0.000000
35634,38086482054,1068179,0,0,1474,0,0.000000,16384,1260,68179,4,1.000000,0.000000
35635,38087548641,1066587,0,0,1472,0,0.000000,16384,1293,66587,4,1.000000,0.000000
35636,38088619928,1071287,0,0,1481,0,0.000000,16384,1068,71287,4,1.000000,0.000000
35637,38089683424,1063496,0,0,1448,0,0.000000,16384,1233,63496,4,1.000000,0.000000
35638,38090748521,1065097,0,0,1459,0,0.000000,16384,1286,65097,4,1.000000,0.000000
35639,38091813452,1064931,0,0,1487,0,0.000000,16384,1080,64931,4,1.000000,0.000000
35640,38092877313,1063861,0,0,1469,0,0.000000,16384,1231,63861,4,1.000000,0.000000
35641,38094040055,1162742,0,0,1584,0,0.000000,16384,1397,162742,4,1.000000,0.000000
35642,38095106356,1066301,0,0,1469,0,0.000000,16384,1061,66301,4,1.000000,0.000000
35643,38096173937,1067581,0,0,1466,0,0.000000,16384,1243,67581,4,1.000000,0.000000
35644,38097238882,1064945,0,0,1467,0,0.000000,16384,1294,64945,4,1.000000,0.000000
35645,38098303696,1064814,0,0,1502,0,0.000000,16384,1091,64814,4,1.000000,0.000000
35646,38099367453,1063757,0,0,1480,0,0.000000,16384,1245,63757,4,1.000000,0.000000
35647,38100433653,1066200,0,0,1481,0,0.000000,16384,1310,66200,4,1.000000,0.000000
35648,38101497616,1063963,0,0,1501,0,0.000000,16384,1091,63963,4,1.000000,0.000000
35649,38102561467,1063851,0,0,1501,0,0.000000,16384,1265,63851,4,1.000000,0.000000
35650,38103626777,1065310,0,0,1479,0,0.000000,16384,1305,65310,4,1.000000,0.000000
35651,38104676221,1049444,0,0,1482,0,0.000000,16384,1076,49444,4,1.000000,0.000000
35652,38105736585,1060364,0,0,1491,0,0.000000,16384,1253,60364,4,1.000000,0.000000
35653,38106801397,1064812,0,0,1473,0,0.000000,16384,1304,64812,4,1.000000,0.000000
35654,38107863741,1062344,0,0,1492,0,0.000000,16384,1085,62344,4,1.000000,0.000000
35655,38108928662,1064921,0,0,1481,0,0.000000,16384,1239,64921,4,1.000000,0.000000
35656,38109992819,1064157,0,0,1456,0,0.000000,16384,1292,64157,4,1.000000,0.000000
35657,38111057468,1064649,0,0,1486,0,0.000000,16384,1085,64649,4,1.000000,0.000000
35658,38112118772,1061304,0,0,1487,0,0.000000,16384,1229,61304,4,1.000000,0.000000
35659,38113184963,1066191,0,0,1481,0,0.000000,16384,1326,66191,4,1.000000,0.000000
35660,38114250955,1065992,0,0,1481,0,0.000000,16384,1082,65992,4,1.000000,0.000000
35661,38115341632,1090677,0,0,1491,0,0.000000,16384,1227,90677,4,1.000000,0.000000
35662,38116408947,1067315,0,0,1475,0,0.000000,16384,1323,67315,4,1.000000,0.000000
35663,38117475383,1066436,0,0,1489,0,0.000000,16384,1092,66436,4,1.000000,0.000000
35664,38118539065,1063682,0,0,1496,0,0.000000,16384,1227,63682,4,1.000000,0.000000
35665,38119605025,1065960,0,0,1490,0,0.000000,16384,1338,65960,4,1.000000,0.000000
35666,38120674418,1069393,0,0,1510,0,0.000000,16384,1106,69393,4,1.000000,0.000000
35667,38121739290,1064872,0,0,1503,0,0.000000,16384,1241,64872,4,1.000000,0.000000
35668,38122803123,1063833,0,0,1492,0,0.000000,16384,1333,63833,4,1.000000,0.000000
35669,38123868852,1065729,0,0,1509,0,0.000000,16384,1102,65729,4,1.000000,0.000000
35670,38124931874,1063022,0,0,1495,0,0.000000,16384,1243,63022,4,1.000000,0.000000
35671,38126024059,1092185,0,0,1471,0,0.000000,16384,1312,92185,4,1.000000,0.000000
35672,38127093029,1068970,0,0,1468,0,0.000000,16384,1072,68970,4,1.000000,0.000000
35673,38128164586,1071557,0,0,1472,0,0.000000,16384,1209,71557,4,1.000000,0.000000
35674,38129236875,1072289,0,0,1468,0,0.000000,16384,1316,72289,4,1.000000,0.000000
35675,38130309465,1072590,0,0,1487,0,0.000000,16384,1097,72590,4,1.000000,0.000000
35676,38131379567,1070102,0,0,1473,0,0.000000,16384,1197,70102,4,1.000000,0.000000
35677,38132474735,1095168,0,0,1496,0,0.000000,16384,1344,95168,4,1.000000,0.000000
35678,38133549732,1074997,0,0,1489,0,0.000000,16384,1103,74997,4,1.000000,0.000000
35679,38134622073,1072341,0,0,1481,0,0.000000,16384,1201,72341,4,1.000000,0.000000
35680,38135684275,1062202,0,0,1453,0,0.000000,16384,1301,62202,4,1.000000,0.000000
35681,38136795157,1110882,0,0,1541,0,0.000000,16384,1153,110882,4,1.000000,0.000000
35682,38137862631,1067474,0,0,1470,0,0.000000,16384,1192,67474,4,1.000000,0.000000
35683,38138929995,1067364,0,0,1453,0,0.000000,16384,1301,67364,4,1.000000,0.000000
35684,38140001593,1071598,0,0,1488,0,0.000000,16384,1118,71598,4,1.000000,0.000000
35685,38141073738,1072145,0,0,1480,0,0.000000,16384,1184,72145,4,1.000000,0.000000
35686,38142145347,1071609,0,0,1467,0,0.000000,16384,1315,71609,4,1.000000,0.000000
35687,38143218363,1073016,0,0,1486,0,0.000000,16384,1126,73016,4,1.000000,0.000000
35688,38144288078,1069715,0,0,1475,0,0.000000,16384,1169,69715,4,1.000000,0.000000
35689,38145361371,1073293,0,0,1472,0,0.000000,16384,1320,73293,4,1.000000,0.000000
35690,38146435074,1073703,0,0,1491,0,0.000000,16384,1141,73703,4,1.000000,0.000000
35691,38147533295,1098221,0,0,1424,0,0.000000,16384,1128,98221,4,1.000000,0.000000
35692,38148608688,1075393,0,0,1364,0,0.000000,16384,1207,75393,4,1.000000,0.000000
35693,38149700677,1091989,0,0,1495,0,0.000000,16384,1184,91989,4,1.000000,0.000000
35694,38150783898,1083221,0,0,1409,0,0.000000,16384,1099,83221,4,1.000000,0.000000
35695,38153702812,2918914,0,0,3708,0,0.000000,16384,3014,1918914,4,1.000000,0.000000
35696,38154777381,1074569,0,0,1361,0,0.000000,16384,1177,74569,4,1.000000,0.000000
35697,38155851408,1074027,0,0,1392,0,0.000000,16384,1228,74027,4,1.000000,0.000000
35698,38156924766,1073358,0,0,1471,0,0.000000,16384,1073,73358,4,1.000000,0.000000
35699,38157993909,1069143,0,0,1464,0,0.000000,16384,1208,69143,4,1.000000,0.000000
35700,38159060392,1066483,0,0,1453,0,0.000000,16384,1301,66483,4,1.000000,0.000000
35701,38160165699,1105307,0,0,1524,0,0.000000,16384,1122,105307,4,1.000000,0.000000
35702,38161247402,1081703,0,0,1451,0,0.000000,16384,1187,81703,4,1.000000,0.000000
35703,38162286264,1038862,0,0,1392,0,0.000000,16384,1240,38862,4,1.000000,0.000000
35704,38163364635,1078371,0,0,1464,0,0.000000,16384,1105,78371,4,1.000000,0.000000
35705,38164438924,1074289,0,0,1471,0,0.000000,16384,1167,74289,4,1.000000,0.000000
35706,38165510121,1071197,0,0,1469,0,0.000000,16384,1309,71197,4,1.000000,0.000000
35707,38166586914,1076793,0,0,1485,0,0.000000,16384,1145,76793,4,1.000000,0.000000
35708,38167661916,1075002,0,0,1480,0,0.000000,16384,1170,75002,4,1.000000,0.000000
35709,38168738594,1076678,0,0,1457,0,0.000000,16384,1289,76678,4,1.000000,0.000000
35710,38169809657,1071063,0,0,1468,0,0.000000,16384,1146,71063,4,1.000000,0.000000
35711,38170906709,1097052,0,0,1498,0,0.000000,16384,1179,97052,4,1.000000,0.000000
35712,38171974943,1068234,0,0,1443,0,0.000000,16384,1267,68234,4,1.000000,0.000000
35713,38173047156,1072213,0,0,1481,0,0.000000,16384,1171,72213,4,1.000000,0.000000
35714,38174121857,1074701,0,0,1470,0,0.000000,16384,1153,74701,4,1.000000,0.000000
35715,38175199018,1077161,0,0,1459,0,0.000000,16384,1283,77161,4,1.000000,0.000000
35716,38176271255,1072237,0,0,1463,0,0.000000,16384,1162,72237,4,1.000000,0.000000
35717,38177346636,1075381,0,0,1469,0,0.000000,16384,1145,75381,4,1.000000,0.000000
35718,38178420476,1073840,0,0,1452,0,0.000000,16384,1276,73840,4,1.000000,0.000000
35719,38179495949,1075473,0,0,1470,0,0.000000,16384,1175,75473,4,1.000000,0.000000
35720,38180571137,1075188,0,0,1479,0,0.000000,16384,1146,75188,4,1.000000,0.000000
35721,38181673389,1102252,0,0,1484,0,0.000000,16384,1302,102252,4,1.000000,0.000000
35722,38182746658,1073269,0,0,1454,0,0.000000,16384,1167,73269,4,1.000000,0.000000
35723,38183818947,1072289,0,0,1483,0,0.000000,16384,1139,72289,4,1.000000,0.000000
35724,38184890699,1071752,0,0,1428,0,0.000000,16384,1263,71752,4,1.000000,0.000000
35725,38185965454,1074755,0,0,1445,0,0.000000,16384,1168,74755,4,1.000000,0.000000
35726,38187040274,1074820,0,0,1443,0,0.000000,16384,1066,74820,4,1.000000,0.000000
35727,38188116879,1076605,0,0,1446,0,0.000000,16384,1295,76605,4,1.000000,0.000000
35728,38189198673,1081794,0,0,1450,0,0.000000,16384,1198,81794,4,1.000000,0.000000
35729,38190281054,1082381,0,0,1449,0,0.000000,16384,1035,82381,4,1.000000,0.000000
35730,38191358391,1077337,0,0,1402,0,0.000000,16384,1250,77337,4,1.000000,0.000000
35731,38192489068,1130677,0,0,1518,0,0.000000,16384,1295,130677,4,1.000000,0.000000
35732,38193569654,1080586,0,0,1436,0,0.000000,16384,1025,80586,4,1.000000,0.000000
35733,38194649770,1080116,0,0,1430,0,0.000000,16384,1254,80116,4,1.000000,0.000000
35734,38195689793,1040023,0,0,1353,0,0.000000,16384,1194,40023,4,1.000000,0.000000
35735,38196764282,1074489,0,0,1457,0,0.000000,16384,1040,74489,4,1.000000,0.000000
35736,38197833178,1068896,0,0,1442,0,0.000000,16384,1243,68896,4,1.000000,0.000000
35737,38198903625,1070447,0,0,1444,0,0.000000,16384,1271,70447,4,1.000000,0.000000
35738,38199976663,1073038,0,0,1473,0,0.000000,16384,1059,73038,4,1.000000,0.000000
35739,38201051077,1074414,0,0,1448,0,0.000000,16384,1240,74414,4,1.000000,0.000000
35740,38202125289,1074212,0,0,1420,0,0.000000,16384,1250,74212,4,1.000000,0.000000
35741,38203228047,1102758,0,0,1494,0,0.000000,16384,1086,102758,4,1.000000,0.000000
35742,38204298965,1070918,0,0,1429,0,0.000000,16384,1191,70918,4,1.000000,0.000000
35743,38205375001,1076036,0,0,1440,0,0.000000,16384,1288,76036,4,1.000000,0.000000
35744,38206450749,1075748,0,0,1461,0,0.000000,16384,1073,75748,4,1.000000,0.000000
35745,38207528665,1077916,0,0,1453,0,0.000000,16384,1175,77916,4,1.000000,0.000000
35746,38208605044,1076379,0,0,1453,0,0.000000,16384,1301,76379,4,1.000000,0.000000
35747,38209681593,1076549,0,0,1463,0,0.000000,16384,1105,76549,4,1.000000,0.000000
35748,38210752543,1070950,0,0,1453,0,0.000000,16384,1153,70950,4,1.000000,0.000000
35749,38211822693,1070150,0,0,1455,0,0.000000,16384,1295,70150,4,1.000000,0.000000
35750,38212892617,1069924,0,0,1473,0,0.000000,16384,1140,69924,4,1.000000,0.000000
35751,38213986666,1094049,0,0,1490,0,0.000000,16384,1176,94049,4,1.000000,0.000000
35752,38215054466,1067800,0,0,1433,0,0.000000,16384,1262,67800,4,1.000000,0.000000
35753,38216125377,1070911,0,0,1474,0,0.000000,16384,1159,70911,4,1.000000,0.000000
35754,38217197774,1072397,0,0,1456,0,0.000000,16384,1142,72397,4,1.000000,0.000000
35755,38218273084,1075310,0,0,1448,0,0.000000,16384,1274,75310,4,1.000000,0.000000
35756,38219348919,1075835,0,0,1431,0,0.000000,16384,1139,75835,4,1.000000,0.000000
35757,38220424751,1075832,0,0,1475,0,0.000000,16384,1146,75832,4,1.000000,0.000000
35758,38221503223,1078472,0,0,1417,0,0.000000,16384,1249,78472,4,1.000000,0.000000
35759,38222581440,1078217,0,0,1457,0,0.000000,16384,1172,78217,4,1.000000,0.000000
35760,38223653429,1071989,0,0,1444,0,0.000000,16384,1090,71989,4,1.000000,0.000000
35761,38224749811,1096382,0,0,1428,0,0.000000,16384,1275,96382,4,1.000000,0.000000
35762,38225824939,1075128,0,0,1436,0,0.000000,16384,1171,75128,4,1.000000,0.000000
35763,38226894725,1069786,0,0,1481,0,0.000000,16384,1080,69786,4,1.000000,0.000000
35764,38227966363,1071638,0,0,1439,0,0.000000,16384,1288,71638,4,1.000000,0.000000
35765,38229040721,1074358,0,0,1449,0,0.000000,16384,1213,74358,4,1.000000,0.000000
35766,38230112906,1072185,0,0,1457,0,0.000000,16384,1040,72185,4,1.000000,0.000000
35767,38231186142,1073236,0,0,1455,0,0.000000,16384,1290,73236,4,1.000000,0.000000
35768,38232257394,1071252,0,0,1472,0,0.000000,16384,1260,71252,4,1.000000,0.000000
35769,38233331253,1073859,0,0,1486,0,0.000000,16384,1061,73859,4,1.000000,0.000000
35770,38234404112,1072859,0,0,1453,0,0.000000,16384,1272,72859,4,1.000000,0.000000
35771,38235494263,1090151,0,0,1477,0,0.000000,16384,1281,90151,4,1.000000,0.000000
35772,38236577930,1083667,0,0,1373,0,0.000000,16384,981,83667,4,1.000000,0.000000
35773,38237781431,1203501,0,0,1469,0,0.000000,16384,1270,203501,4,1.000000,0.000000
35774,38238869167,1087736,0,0,1442,0,0.000000,16384,1269,87736,4,1.000000,0.000000
35775,38239956442,1087275,0,0,1451,0,0.000000,16384,1035,87275,4,1.000000,0.000000
35776,38241039588,1083146,0,0,1352,0,0.000000,16384,1168,83146,4,1.000000,0.000000
35777,38242124515,1084927,0,0,1367,0,0.000000,16384,1210,84927,4,1.000000,0.000000
35778,38243199469,1074954,0,0,1456,0,0.000000,16384,1065,74954,4,1.000000,0.000000
35779,38244272513,1073044,0,0,1472,0,0.000000,16384,1202,73044,4,1.000000,0.000000
35780,38245339057,1066544,0,0,1581,0,0.000000,16384,1415,66544,4,1.000000,0.000000
35781,38246542189,1203132,0,0,1593,0,0.000000,16384,1161,203132,4,1.000000,0.000000
35782,38247684481,1142292,0,0,1468,0,0.000000,16384,1247,142292,4,1.000000,0.000000
35783,38248768282,1083801,0,0,1368,0,0.000000,16384,1214,83801,4,1.000000,0.000000
35784,38249842336,1074054,0,0,1366,0,0.000000,16384,999,74054,4,1.000000,0.000000
35785,38250923159,1080823,0,0,1391,0,0.000000,16384,1108,80823,4,1.000000,0.000000
35786,38252006439,1083280,0,0,1369,0,0.000000,16384,1209,83280,4,1.000000,0.000000
35787,38253087287,1080848,0,0,1436,0,0.000000,16384,1139,80848,4,1.000000,0.000000
35788,38254164595,1077308,0,0,1394,0,0.000000,16384,1087,77308,4,1.000000,0.000000
35789,38255242703,1078108,0,0,1371,0,0.000000,16384,1213,78108,4,1.000000,0.000000
35790,38256324750,1082047,0,0,1388,0,0.000000,16384,1127,82047,4,1.000000,0.000000
35791,38257444452,1119702,0,0,1449,0,0.000000,16384,1059,119702,4,1.000000,0.000000
35792,38258531108,1086656,0,0,1378,0,0.000000,16384,1226,86656,4,1.000000,0.000000
35793,38259616683,1085575,0,0,1371,0,0.000000,16384,1173,85575,4,1.000000,0.000000
35794,38260695099,1078416,0,0,1373,0,0.000000,16384,981,78416,4,1.000000,0.000000
35795,38261772898,1077799,0,0,1360,0,0.000000,16384,1183,77799,4,1.000000,0.000000
35796,38262847908,1075010,0,0,1358,0,0.000000,16384,1202,75010,4,1.000000,0.000000
35797,38263927710,1079802,0,0,1384,0,0.000000,16384,1003,79802,4,1.000000,0.000000
35798,38265009313,1081603,0,0,1371,0,0.000000,16384,1115,81603,4,1.000000,0.000000
35799,38266094904,1085591,0,0,1356,0,0.000000,16384,1204,85591,4,1.000000,0.000000
35800,38267174846,1079942,0,0,1392,0,0.000000,16384,1084,79942,4,1.000000,0.000000
35801,38268278627,1103781,0,0,1420,0,0.000000,16384,1111,103781,4,1.000000,0.000000
35802,38269361676,1083049,0,0,1375,0,0.000000,16384,1216,83049,4,1.000000,0.000000
35803,38270452706,1091030,0,0,1398,0,0.000000,16384,1123,91030,4,1.000000,0.000000
35804,38271539102,1086396,0,0,1399,0,0.000000,16384,1037,86396,4,1.000000,0.000000
35805,38272626651,1087549,0,0,1370,0,0.000000,16384,1218,87549,4,1.000000,0.000000
35806,38273695402,1068751,0,0,1338,0,0.000000,16384,1138,68751,4,1.000000,0.000000
35807,38274771277,1075875,0,0,1383,0,0.000000,16384,989,75875,4,1.000000,0.000000
35808,38275848618,1077341,0,0,1348,0,0.000000,16384,1175,77341,4,1.000000,0.000000
35809,38276930938,1082320,0,0,1361,0,0.000000,16384,1204,82320,4,1.000000,0.000000
35810,38278009216,1078278,0,0,1376,0,0.000000,16384,998,78278,4,1.000000,0.000000
35811,38279110470,1101254,0,0,1400,0,0.000000,16384,1142,101254,4,1.000000,0.000000
35812,38280193204,1082734,0,0,1341,0,0.000000,16384,1189,82734,4,1.000000,0.000000
35813,38281277516,1084312,0,0,1339,0,0.000000,16384,1043,84312,4,1.000000,0.000000
35814,38282360721,1083205,0,0,1300,0,0.000000,16384,1005,83205,4,1.000000,0.000000
35815,38283443757,1083036,0,0,1346,0,0.000000,16384,1195,83036,4,1.000000,0.000000
35816,38284557923,1114166,0,0,1392,0,0.000000,16384,1143,114166,4,1.000000,0.000000
35817,38285657740,1099817,0,0,1452,0,0.000000,16384,1036,99817,4,1.000000,0.000000
35818,38286739891,1082151,0,0,1529,0,0.000000,16384,1375,82151,4,1.000000,0.000000
35819,38287824718,1084827,0,0,1422,0,0.000000,16384,1193,84827,4,1.000000,0.000000
35820,38288903085,1078367,0,0,1438,0,0.000000,16384,1028,78367,4,1.000000,0.000000
35821,38290013278,1110193,0,0,1771,0,0.000000,16384,1585,110193,4,1.000000,0.000000
35822,38291085747,1072469,0,0,1719,0,0.000000,16384,1367,72469,4,1.000000,0.000000
35823,38292151401,1065654,0,0,1640,0,0.000000,16384,1281,65654,4,1.000000,0.000000
35824,38293217576,1066175,0,0,1626,0,0.000000,16384,1451,66175,4,1.000000,0.000000
35825,38294280985,1063409,0,0,1630,0,0.000000,16384,1224,63409,4,1.000000,0.000000
35826,38295340757,1059772,0,0,1629,0,0.000000,16384,1369,59772,4,1.000000,0.000000
35827,38296439935,1099178,0,0,1781,0,0.000000,16384,1527,99178,4,1.000000,0.000000
35828,38297541690,1101755,0,0,1826,0,0.000000,16384,1338,101755,4,1.000000,0.000000
35829,38298639869,1098179,0,0,1811,0,0.000000,16384,1601,98179,4,1.000000,0.000000
35830,38299722778,1082909,0,0,1771,0,0.000000,16384,1383,82909,4,1.000000,0.000000
35831,38300835363,1112585,0,0,1771,0,0.000000,16384,1469,112585,4,1.000000,0.000000
35832,38301901315,1065952,0,0,1738,0,0.000000,16384,1496,65952,4,1.000000,0.000000
35833,38302970706,1069391,0,0,1768,0,0.000000,16384,1274,69391,4,1.000000,0.000000
35834,38304040307,1069601,0,0,1731,0,0.000000,16384,1554,69601,4,1.000000,0.000000
35835,38305109626,1069319,0,0,1729,0,0.000000,16384,1365,69319,4,1.000000,0.000000
35836,38306175250,1065624,0,0,1637,0,0.000000,16384,1286,65624,4,1.000000,0.000000
35837,38307245617,1070367,0,0,1650,0,0.000000,16384,1496,70367,4,1.000000,0.000000
35838,38308310595,1064978,0,0,1657,0,0.000000,16384,1210,64978,4,1.000000,0.000000
35839,38309409103,1098508,0,0,1782,0,0.000000,16384,1501,98508,4,1.000000,0.000000
35840,38310510710,1101607,0,0,1793,0,0.000000,16384,1513,101607,4,1.000000,0.000000
35841,38311636641,1125931,0,0,1872,0,0.000000,16384,1438,125931,4,1.000000,0.000000
35842,38312707798,1071157,0,0,1776,0,0.000000,16384,1582,71157,4,1.000000,0.000000
35843,38313777455,1069657,0,0,1790,0,0.000000,16384,1323,69657,4,1.000000,0.000000
35844,38314844983,1067528,0,0,1742,0,0.000000,16384,1475,67528,4,1.000000,0.000000
35845,38315914605,1069622,0,0,1753,0,0.000000,16384,1480,69622,4,1.000000,0.000000
35846,38316982988,1068383,0,0,1759,0,0.000000,16384,1348,68383,4,1.000000,0.000000
35847,38318051440,1068452,0,0,1722,0,0.000000,16384,1504,68452,4,1.000000,0.000000
35848,38319119830,1068390,0,0,1698,0,0.000000,16384,1489,68390,4,1.000000,0.000000
35849,38320183980,1064150,0,0,1629,0,0.000000,16384,1487,64150,4,1.000000,0.000000
35850,38321243331,1059351,0,0,1625,0,0.000000,16384,1405,59351,4,1.000000,0.000000
35851,38322334552,1091221,0,0,1662,0,0.000000,16384,1508,91221,4,1.000000,0.000000
35852,38323601481,1266929,0,0,1754,0,0.000000,16384,1568,266929,4,1.000000,0.000000
35853,38324680273,1078792,0,0,1521,0,0.000000,16384,1333,78792,4,1.000000,0.000000
35854,38325749613,1069340,0,0,1447,0,0.000000,16384,1299,69340,4,1.000000,0.000000
35855,38326818275,1068662,0,0,1465,0,0.000000,16384,1312,68662,4,1.000000,0.000000
35856,38327883019,1064744,0,0,1450,0,0.000000,16384,1271,64744,4,1.000000,0.000000
35857,38328954697,1071678,0,0,1455,0,0.000000,16384,1333,71678,4,1.000000,0.000000
35858,38330026841,1072144,0,0,1456,0,0.000000,16384,1259,72144,4,1.000000,0.000000
35859,38331097764,1070923,0,0,1393,0,0.000000,16384,1260,70923,4,1.000000,0.000000
35860,38332171727,1073963,0,0,1440,0,0.000000,16384,1287,73963,4,1.000000,0.000000
35861,38333263555,1091828,0,0,1581,0,0.000000,16384,1402,91828,4,1.000000,0.000000
35862,38334326369,1062814,0,0,1626,0,0.000000,16384,1444,62814,4,1.000000,0.000000
35863,38335389108,1062739,0,0,1628,0,0.000000,16384,1470,62739,4,1.000000,0.000000
35864,38336450900,1061792,0,0,1629,0,0.000000,16384,1417,61792,4,1.000000,0.000000
35865,38337512133,1061233,0,0,1618,0,0.000000,16384,1481,61233,4,1.000000,0.000000
35866,38338575151,1063018,0,0,1592,0,0.000000,16384,1385,63018,4,1.000000,0.000000
35867,38339688806,1113655,0,0,1681,0,0.000000,16384,1515,113655,4,1.000000,0.000000
35868,38340755574,1066768,0,0,1603,0,0.000000,16384,1429,66768,4,1.000000,0.000000
35869,38341824797,1069223,0,0,1759,0,0.000000,16384,1539,69223,4,1.000000,0.000000
35870,38342894068,1069271,0,0,1765,0,0.000000,16384,1601,69271,4,1.000000,0.000000
35871,38344109297,1215229,0,0,1805,0,0.000000,16384,1629,215229,4,1.000000,0.000000
35872,38345174820,1065523,0,0,1631,0,0.000000,16384,1411,65523,4,1.000000,0.000000
35873,38346239452,1064632,0,0,1638,0,0.000000,16384,1487,64632,4,1.000000,0.000000
35874,38347298011,1058559,0,0,1657,0,0.000000,16384,1468,58559,4,1.000000,0.000000
35875,38348357087,1059076,0,0,1664,0,0.000000,16384,1470,59076,4,1.000000,0.000000
35876,38349415898,1058811,0,0,1587,0,0.000000,16384,1445,58811,4,1.000000,0.000000
35877,38350475285,1059387,0,0,1554,0,0.000000,16384,1349,59387,4,1.000000,0.000000
35878,38351532751,1057466,0,0,1766,0,0.000000,16384,1600,57466,4,1.000000,0.000000
35879,38352590498,1057747,0,0,1684,0,0.000000,16384,1495,57747,4,1.000000,0.000000
35880,38353646671,1056173,0,0,1778,0,0.000000,16384,1558,56173,4,1.000000,0.000000
35881,38354814481,1167810,0,0,1965,0,0.000000,16384,1756,167810,4,1.000000,0.000000
35882,38355873314,1058833,0,0,1790,0,0.000000,16384,1619,58833,4,1.000000,0.000000
35883,38356930743,1057429,0,0,1815,0,0.000000,16384,1631,57429,4,1.000000,0.000000
35884,38357986972,1056229,0,0,1822,0,0.000000,16384,1602,56229,4,1.000000,0.000000
35885,38359043066,1056094,0,0,1821,0,0.000000,16384,1602,56094,4,1.000000,0.000000
35886,38360098577,1055511,0,0,1807,0,0.000000,16384,1633,55511,4,1.000000,0.000000
35887,38361154621,1056044,0,0,1813,0,0.000000,16384,1637,56044,4,1.000000,0.000000
35888,38362210941,1056320,0,0,1741,0,0.000000,16384,1526,56320,4,1.000000,0.000000
35889,38363266886,1055945,0,0,1787,0,0.000000,16384,1577,55945,4,1.000000,0.000000
35890,38364322726,1055840,0,0,1807,0,0.000000,16384,1633,55840,4,1.000000,0.000000
35891,38365417366,1094640,0,0,1797,0,0.000000,16384,1617,94640,4,1.000000,0.000000
35892,38366507197,1089831,0,0,1680,0,0.000000,16384,1460,89831,4,1.000000,0.000000
35893,38367600477,1093280,0,0,1820,0,0.000000,16384,1629,93280,4,1.000000,0.000000
35894,38368697502,1097025,0,0,1820,0,0.000000,16384,1642,97025,4,1.000000,0.000000
35895,38369761945,1064443,0,0,1807,0,0.000000,16384,1612,64443,4,1.000000,0.000000
35896,38370826186,1064241,0,0,1806,0,0.000000,16384,1586,64241,4,1.000000,0.000000
35897,38371889733,1063547,0,0,1792,0,0.000000,16384,1595,63547,4,1.000000,0.000000
35898,38372952313,1062580,0,0,1780,0,0.000000,16384,1611,62580,4,1.000000,0.000000
35899,38374015716,1063403,0,0,1779,0,0.000000,16384,1581,63403,4,1.000000,0.000000
35900,38375076705,1060989,0,0,1667,0,0.000000,16384,1457,60989,4,1.000000,0.000000
35901,38376146110,1069405,0,0,1827,0,0.000000,16384,1649,69405,4,1.000000,0.000000
35902,38377202524,1056414,0,0,1782,0,0.000000,16384,1610,56414,4,1.000000,0.000000
35903,38378258730,1056206,0,0,1824,0,0.000000,16384,1602,56206,4,1.000000,0.000000
35904,38379314215,1055485,0,0,1821,0,0.000000,16384,1599,55485,4,1.000000,0.000000
35905,38380401452,1087237,0,0,1936,0,0.000000,16384,1734,87237,4,1.000000,0.000000
35906,38381489243,1087791,0,0,1948,0,0.000000,16384,1746,87791,4,1.000000,0.000000
35907,38382578894,1089651,0,0,1968,0,0.000000,16384,1761,89651,4,1.000000,0.000000
35908,38383670849,1091955,0,0,1978,0,0.000000,16384,1770,91955,4,1.000000,0.000000
35909,38384705236,1034387,0,0,1882,0,0.000000,16384,1688,34387,4,1.000000,0.000000
35910,38385767996,1062760,0,0,1808,0,0.000000,16384,1589,62760,4,1.000000,0.000000
35911,38386845178,1077182,0,0,1592,0,0.000000,16384,1417,77182,4,1.000000,0.000000
35912,38387912693,1067515,0,0,1489,0,0.000000,16384,1328,67515,4,1.000000,0.000000
35913,38388981942,1069249,0,0,1438,0,0.000000,16384,1294,69249,4,1.000000,0.000000
35914,38390056535,1074593,0,0,1452,0,0.000000,16384,1260,74593,4,1.000000,0.000000
35915,38391126001,1069466,0,0,1504,0,0.000000,16384,1387,69466,4,1.000000,0.000000
35916,38392199282,1073281,0,0,1420,0,0.000000,16384,1228,73281,4,1.000000,0.000000
35917,38393701766,1502484,0,0,1980,0,0.000000,16384,1771,502484,4,1.000000,0.000000
35918,38394787367,1085601,0,0,1398,0,0.000000,16384,1244,85601,4,1.000000,0.000000
35919,38395871077,1083710,0,0,1413,0,0.000000,16384,1286,83710,4,1.000000,0.000000
35920,38396954064,1082987,0,0,1429,0,0.000000,16384,1237,82987,4,1.000000,0.000000
35921,38398073254,1119190,0,0,1492,0,0.000000,16384,1359,119190,4,1.000000,0.000000
35922,38399150581,1077327,0,0,1457,0,0.000000,16384,1281,77327,4,1.000000,0.000000
35923,38400230232,1079651,0,0,1437,0,0.000000,16384,1281,79651,4,1.000000,0.000000
35924,38401301674,1071442,0,0,1471,0,0.000000,16384,1326,71442,4,1.000000,0.000000
35925,38402369929,1068255,0,0,1459,0,0.000000,16384,1268,68255,4,1.000000,0.000000
35926,38403436306,1066377,0,0,1457,0,0.000000,16384,1341,66377,4,1.000000,0.000000
35927,38404575649,1139343,0,0,1543,0,0.000000,16384,1333,139343,4,1.000000,0.000000
35928,38405645953,1070304,0,0,1427,0,0.000000,16384,1301,70304,4,1.000000,0.000000
35929,38406686317,1040364,0,0,1405,0,0.000000,16384,1245,40364,4,1.000000,0.000000
35930,38409694961,3008644,0,0,3994,0,0.000000,16384,3570,2008644,4,1.000000,0.000000
35931,38410824874,1129913,0,0,1505,0,0.000000,16384,1309,129913,4,1.000000,0.000000
35932,38411908096,1083222,0,0,1412,0,0.000000,16384,1296,83222,4,1.000000,0.000000
35933,38412985931,1077835,0,0,1444,0,0.000000,16384,1258,77835,4,1.000000,0.000000
35934,38414060842,1074911,0,0,1429,0,0.000000,16384,1283,74911,4,1.000000,0.000000
35935,38415141328,1080486,0,0,1433,0,0.000000,16384,1287,80486,4,1.000000,0.000000
35936,38416221156,1079828,0,0,1189,0,0.000000,16384,1044,79828,4,1.000000,0.000000
35937,38417426248,1205092,0,0,1660,0,0.000000,16384,1499,205092,4,1.000000,0.000000
35938,38418504436,1078188,0,0,1414,0,0.000000,16384,1242,78188,4,1.000000,0.000000
35939,38419726904,1222468,0,0,1567,0,0.000000,16384,1402,222468,4,1.000000,0.000000
35940,38420802922,1076018,0,0,1438,0,0.000000,16384,1283,76018,4,1.000000,0.000000
35941,38421916747,1113825,0,0,1456,0,0.000000,16384,1280,113825,4,1.000000,0.000000
35942,38422995536,1078789,0,0,1451,0,0.000000,16384,1326,78789,4,1.000000,0.000000
35943,38424071985,1076449,0,0,1474,0,0.000000,16384,1273,76449,4,1.000000,0.000000
35944,38425147354,1075369,0,0,1476,0,0.000000,16384,1350,75369,4,1.000000,0.000000
35945,38426222884,1075530,0,0,1458,0,0.000000,16384,1278,75530,4,1.000000,0.000000
35946,38427296047,1073163,0,0,1456,0,0.000000,16384,1304,73163,4,1.000000,0.000000
35947,38428371681,1075634,0,0,1474,0,0.000000,16384,1321,75634,4,1.000000,0.000000
35948,38429446798,1075117,0,0,1500,0,0.000000,16384,1317,75117,4,1.000000,0.000000
35949,38430521143,1074345,0,0,1505,0,0.000000,16384,1368,74345,4,1.000000,0.000000
35950,38431595674,1074531,0,0,1472,0,0.000000,16384,1273,74531,4,1.000000,0.000000
35951,38432686130,1090456,0,0,1459,0,0.000000,16384,1343,90456,4,1.000000,0.000000
35952,38433758731,1072601,0,0,1448,0,0.000000,16384,1261,72601,4,1.000000,0.000000
35953,38434831215,1072484,0,0,1431,0,0.000000,16384,1286,72484,4,1.000000,0.000000
35954,38435904685,1073470,0,0,1438,0,0.000000,16384,1290,73470,4,1.000000,0.000000
35955,38436981524,1076839,0,0,1428,0,0.000000,16384,1240,76839,4,1.000000,0.000000
35956,38438055773,1074249,0,0,1423,0,0.000000,16384,1307,74249,4,1.000000,0.000000
35957,38439130764,1074991,0,0,1433,0,0.000000,16384,1255,74991,4,1.000000,0.000000
35958,38440202399,1071635,0,0,1459,0,0.000000,16384,1305,71635,4,1.000000,0.000000
35959,38441278680,1076281,0,0,1454,0,0.000000,16384,1306,76281,4,1.000000,0.000000
35960,38442353791,1075111,0,0,1452,0,0.000000,16384,1264,75111,4,1.000000,0.000000
35961,38443455161,1101370,0,0,1493,0,0.000000,16384,1373,101370,4,1.000000,0.000000
35962,38444528624,1073463,0,0,1458,0,0.000000,16384,1260,73463,4,1.000000,0.000000
35963,38445713743,1185119,0,0,1600,0,0.000000,16384,1466,185119,4,1.000000,0.000000
35964,38446783266,1069523,0,0,1434,0,0.000000,16384,1242,69523,4,1.000000,0.000000
35965,38447856846,1073580,0,0,1424,0,0.000000,16384,1280,73580,4,1.000000,0.000000
35966,38448930273,1073427,0,0,1438,0,0.000000,16384,1290,73427,4,1.000000,0.000000
35967,38450005389,1075116,0,0,1452,0,0.000000,16384,1268,75116,4,1.000000,0.000000
35968,38451079155,1073766,0,0,1435,0,0.000000,16384,1319,73766,4,1.000000,0.000000
35969,38452153482,1074327,0,0,1437,0,0.000000,16384,1246,74327,4,1.000000,0.000000
35970,38453226117,1072635,0,0,1423,0,0.000000,16384,1280,72635,4,1.000000,0.000000
35971,38454329749,1103632,0,0,1470,0,0.000000,16384,1316,103632,4,1.000000,0.000000
35972,38455407679,1077930,0,0,1456,0,0.000000,16384,1276,77930,4,1.000000,0.000000
35973,38456485529,1077850,0,0,1455,0,0.000000,16384,1334,77850,4,1.000000,0.000000
35974,38457562302,1076773,0,0,1435,0,0.000000,16384,1241,76773,4,1.000000,0.000000
35975,38458638026,1075724,0,0,1459,0,0.000000,16384,1322,75724,4,1.000000,0.000000
35976,38459686892,1048866,0,0,1384,0,0.000000,16384,1233,48866,4,1.000000,0.000000
35977,38460762116,1075224,0,0,1432,0,0.000000,16384,1251,75224,4,1.000000,0.000000
35978,38461837133,1075017,0,0,1453,0,0.000000,16384,1337,75017,4,1.000000,0.000000
35979,38462913813,1076680,0,0,1450,0,0.000000,16384,1255,76680,4,1.000000,0.000000
35980,38463987301,1073488,0,0,1433,0,0.000000,16384,1292,73488,4,1.000000,0.000000
35981,38465107920,1120619,0,0,1511,0,0.000000,16384,1344,120619,4,1.000000,0.000000
35982,38466180375,1072455,0,0,1449,0,0.000000,16384,1284,72455,4,1.000000,0.000000
35983,38467256760,1076385,0,0,1453,0,0.000000,16384,1318,76385,4,1.000000,0.000000
35984,38468331534,1074774,0,0,1463,0,0.000000,16384,1263,74774,4,1.000000,0.000000
35985,38469408411,1076877,0,0,1480,0,0.000000,16384,1362,76877,4,1.000000,0.000000
35986,38470480672,1072261,0,0,1483,0,0.000000,16384,1290,72261,4,1.000000,0.000000
35987,38471555235,1074563,0,0,1418,0,0.000000,16384,1276,74563,4,1.000000,0.000000
35988,38472633727,1078492,0,0,1408,0,0.000000,16384,1266,78492,4,1.000000,0.000000
35989,38473681455,1047728,0,0,1482,0,0.000000,16384,1292,47728,4,1.000000,0.000000
35990,38474750915,1069460,0,0,1476,0,0.000000,16384,1355,69460,4,1.000000,0.000000
35991,38475860631,1109716,0,0,1541,0,0.000000,16384,1325,109716,4,1.000000,0.000000
35992,38476935005,1074374,0,0,1444,0,0.000000,16384,1329,74374,4,1.000000,0.000000
35993,38479688935,2753930,0,0,3725,0,0.000000,16384,3281,1753930,4,1.000000,0.000000
35994,38480776138,1087203,0,0,1433,0,0.000000,16384,1317,87203,4,1.000000,0.000000
35995,38481863319,1087181,0,0,1409,0,0.000000,16384,1231,87181,4,1.000000,0.000000
35996,38482950814,1087495,0,0,1437,0,0.000000,16384,1283,87495,4,1.000000,0.000000
35997,38484029157,1078343,0,0,1441,0,0.000000,16384,1301,78343,4,1.000000,0.000000
35998,38485106029,1076872,0,0,1472,0,0.000000,16384,1276,76872,4,1.000000,0.000000
35999,38486189286,1083257,0,0,1455,0,0.000000,16384,1339,83257,4,1.000000,0.000000
36000,38487272449,1083163,0,0,1436,0,0.000000,16384,1250,83163,4,1.000000,0.000000
36001,38488394905,1122456,0,0,1479,0,0.000000,16384,1328,122456,4,1.000000,0.000000
36002,38489479042,1084137,0,0,1457,0,0.000000,16384,1302,84137,4,1.000000,0.000000
36003,38490561081,1082039,0,0,1482,0,0.000000,16384,1306,82039,4,1.000000,0.000000
36004,38491640568,1079487,0,0,1475,0,0.000000,16384,1340,79487,4,1.000000,0.000000
36005,38492700897,1060329,0,0,1355,0,0.000000,16384,1178,60329,4,1.000000,0.000000
36006,38493776491,1075594,0,0,1422,0,0.000000,16384,1282,75594,4,1.000000,0.000000
36007,38494859944,1083453,0,0,1462,0,0.000000,16384,1306,83453,4,1.000000,0.000000
36008,38495932188,1072244,0,0,1695,0,0.000000,16384,1515,72244,4,1.000000,0.000000
36009,38496995312,1063124,0,0,1827,0,0.000000,16384,1607,63124,4,1.000000,0.000000
36010,38498054372,1059060,0,0,1826,0,0.000000,16384,1623,59060,4,1.000000,0.000000
36011,38499136567,1082195,0,0,1865,0,0.000000,16384,1680,82195,4,1.000000,0.000000
36012,38500192367,1055800,0,0,1822,0,0.000000,16384,1646,55800,4,1.000000,0.000000
36013,38501248567,1056200,0,0,1823,0,0.000000,16384,1599,56200,4,1.000000,0.000000
36014,38502304776,1056209,0,0,1820,0,0.000000,16384,1600,56209,4,1.000000,0.000000
36015,38503392330,1087554,0,0,1945,0,0.000000,16384,1739,87554,4,1.000000,0.000000
36016,38504480576,1088246,0,0,1946,0,0.000000,16384,1744,88246,4,1.000000,0.000000
36017,38505568675,1088099,0,0,1963,0,0.000000,16384,1757,88099,4,1.000000,0.000000
36018,38506628008,1059333,0,0,1775,0,0.000000,16384,1600,59333,4,1.000000,0.000000
36019,38507671140,1043132,0,0,1795,0,0.000000,16384,1576,43132,4,1.000000,0.000000
36020,38508727915,1056775,0,0,1823,0,0.000000,16384,1607,56775,4,1.000000,0.000000
36021,38509837305,1109390,0,0,2001,0,0.000000,16384,1788,109390,4,1.000000,0.000000
36022,38510900304,1062999,0,0,1909,0,0.000000,16384,1714,62999,4,1.000000,0.000000
36023,38511962638,1062334,0,0,1898,0,0.000000,16384,1706,62334,4,1.000000,0.000000
36024,38513024600,1061962,0,0,1902,0,0.000000,16384,1706,61962,4,1.000000,0.000000
36025,38514086977,1062377,0,0,1895,0,0.000000,16384,1670,62377,4,1.000000,0.000000
36026,38515146446,1059469,0,0,1828,0,0.000000,16384,1609,59469,4,1.000000,0.000000
36027,38516203112,1056666,0,0,1824,0,0.000000,16384,1629,56666,4,1.000000,0.000000
36028,38517258999,1055887,0,0,1824,0,0.000000,16384,1646,55887,4,1.000000,0.000000
36029,38518314861,1055862,0,0,1823,0,0.000000,16384,1632,55862,4,1.000000,0.000000
36030,38519410417,1095556,0,0,1953,0,0.000000,16384,1729,95556,4,1.000000,0.000000
36031,38520530509,1120092,0,0,2006,0,0.000000,16384,1782,120092,4,1.000000,0.000000
36032,38521590367,1059858,0,0,1832,0,0.000000,16384,1612,59858,4,1.000000,0.000000
36033,38522647303,1056936,0,0,1826,0,0.000000,16384,1640,56936,4,1.000000,0.000000
36034,38523672667,1025364,0,0,1766,0,0.000000,16384,1600,25364,4,1.000000,0.000000
36035,38524729708,1057041,0,0,1824,0,0.000000,16384,1612,57041,4,1.000000,0.000000
36036,38525789648,1059940,0,0,1827,0,0.000000,16384,1607,59940,4,1.000000,0.000000
36037,38526850624,1060976,0,0,1782,0,0.000000,16384,1595,60976,4,1.000000,0.000000
36038,38527910887,1060263,0,0,1823,0,0.000000,16384,1646,60263,4,1.000000,0.000000
36039,38528967897,1057010,0,0,1810,0,0.000000,16384,1610,57010,4,1.000000,0.000000
36040,38530024722,1056825,0,0,1823,0,0.000000,16384,1603,56825,4,1.000000,0.000000
36041,38531091590,1066868,0,0,1838,0,0.000000,16384,1632,66868,4,1.000000,0.000000
36042,38532149069,1057479,0,0,1756,0,0.000000,16384,1592,57479,4,1.000000,0.000000
36043,38533209243,1060174,0,0,1780,0,0.000000,16384,1585,60174,4,1.000000,0.000000
36044,38534272487,1063244,0,0,1587,0,0.000000,16384,1389,63244,4,1.000000,0.000000
36045,38535333257,1060770,0,0,1672,0,0.000000,16384,1524,60770,4,1.000000,0.000000
36046,38536392234,1058977,0,0,1763,0,0.000000,16384,1552,58977,4,1.000000,0.000000
36047,38537449788,1057554,0,0,1823,0,0.000000,16384,1601,57554,4,1.000000,0.000000
36048,38538506547,1056759,0,0,1825,0,0.000000,16384,1645,56759,4,1.000000,0.000000
36049,38539565183,1058636,0,0,1805,0,0.000000,16384,1631,58636,4,1.000000,0.000000
36050,38540622820,1057637,0,0,1826,0,0.000000,16384,1616,57637,4,1.000000,0.000000
36051,38541675741,1052921,0,0,1810,0,0.000000,16384,1590,52921,4,1.000000,0.000000
36052,38542737128,1061387,0,0,1807,0,0.000000,16384,1616,61387,4,1.000000,0.000000
36053,38543794130,1057002,0,0,1824,0,0.000000,16384,1647,57002,4,1.000000,0.000000
36054,38544850143,1056013,0,0,1824,0,0.000000,16384,1628,56013,4,1.000000,0.000000
36055,38545906341,1056198,0,0,1822,0,0.000000,16384,1602,56198,4,1.000000,0.000000
36056,38546966467,1060126,0,0,1615,0,0.000000,16384,1446,60126,4,1.000000,0.000000
36057,38548025961,1059494,0,0,1680,0,0.000000,16384,1509,59494,4,1.000000,0.000000
36058,38549079150,1053189,0,0,1711,0,0.000000,16384,1491,53189,4,1.000000,0.000000
36059,38550140869,1061719,0,0,1664,0,0.000000,16384,1512,61719,4,1.000000,0.000000
36060,38551198030,1057161,0,0,1659,0,0.000000,16384,1471,57161,4,1.000000,0.000000
36061,38552270276,1072246,0,0,1623,0,0.000000,16384,1401,72246,4,1.000000,0.000000
36062,38553327657,1057381,0,0,1646,0,0.000000,16384,1439,57381,4,1.000000,0.000000
36063,38554336023,1008366,0,0,1589,0,0.000000,16384,1461,8366,4,1.000000,0.000000
36064,38555392498,1056475,0,0,1649,0,0.000000,16384,1429,56475,4,1.000000,0.000000
36065,38556452394,1059896,0,0,1714,0,0.000000,16384,1539,59896,4,1.000000,0.000000
36066,38557541956,1089562,0,0,1962,0,0.000000,16384,1758,89562,4,1.000000,0.000000
36067,38558635807,1093851,0,0,1975,0,0.000000,16384,1767,93851,4,1.000000,0.000000
36068,38559706493,1070686,0,0,1926,0,0.000000,16384,1725,70686,4,1.000000,0.000000
36069,38560769243,1062750,0,0,1866,0,0.000000,16384,1642,62750,4,1.000000,0.000000
36070,38561831722,1062479,0,0,1920,0,0.000000,16384,1700,62479,4,1.000000,0.000000
36071,38562898753,1067031,0,0,1819,0,0.000000,16384,1613,67031,4,1.000000,0.000000
36072,38563959318,1060565,0,0,1905,0,0.000000,16384,1711,60565,4,1.000000,0.000000
36073,38565018350,1059032,0,0,1828,0,0.000000,16384,1650,59032,4,1.000000,0.000000
36074,38566075420,1057070,0,0,1824,0,0.000000,16384,1614,57070,4,1.000000,0.000000
36075,38567134014,1058594,0,0,1771,0,0.000000,16384,1551,58594,4,1.000000,0.000000
36076,38568192425,1058411,0,0,1828,0,0.000000,16384,1641,58411,4,1.000000,0.000000
36077,38569248682,1056257,0,0,1813,0,0.000000,16384,1638,56257,4,1.000000,0.000000
36078,38570304366,1055684,0,0,1823,0,0.000000,16384,1621,55684,4,1.000000,0.000000
36079,38571360501,1056135,0,0,1822,0,0.000000,16384,1601,56135,4,1.000000,0.000000
36080,38572417627,1057126,0,0,1825,0,0.000000,16384,1622,57126,4,1.000000,0.000000
36081,38573495400,1077773,0,0,1858,0,0.000000,16384,1673,77773,4,1.000000,0.000000
36082,38574551780,1056380,0,0,1783,0,0.000000,16384,1607,56380,4,1.000000,0.000000
36083,38575607915,1056135,0,0,1801,0,0.000000,16384,1582,56135,4,1.000000,0.000000
36084,38576664148,1056233,0,0,1815,0,0.000000,16384,1599,56233,4,1.000000,0.000000
36085,38577729292,1065144,0,0,1804,0,0.000000,16384,1630,65144,4,1.000000,0.000000
36086,38578794314,1065022,0,0,1642,0,0.000000,16384,1468,65022,4,1.000000,0.000000
36087,38579857814,1063500,0,0,1660,0,0.000000,16384,1454,63500,4,1.000000,0.000000
36088,38580916779,1058965,0,0,1667,0,0.000000,16384,1521,58965,4,1.000000,0.000000
36089,38581974239,1057460,0,0,1693,0,0.000000,16384,1489,57460,4,1.000000,0.000000
36090,38583030171,1055932,0,0,1803,0,0.000000,16384,1589,55932,4,1.000000,0.000000
36091,38584099707,1069536,0,0,1834,0,0.000000,16384,1654,69536,4,1.000000,0.000000
36092,38585156167,1056460,0,0,1814,0,0.000000,16384,1639,56460,4,1.000000,0.000000
36093,38586211782,1055615,0,0,1820,0,0.000000,16384,1601,55615,4,1.000000,0.000000
36094,38587271622,1059840,0,0,1634,0,0.000000,16384,1443,59840,4,1.000000,0.000000
36095,38588330264,1058642,0,0,1654,0,0.000000,16384,1509,58642,4,1.000000,0.000000
36096,38589386786,1056522,0,0,1658,0,0.000000,16384,1438,56522,4,1.000000,0.000000
36097,38590447839,1061053,0,0,1778,0,0.000000,16384,1593,61053,4,1.000000,0.000000
36098,38591509789,1061950,0,0,1825,0,0.000000,16384,1647,61950,4,1.000000,0.000000
36099,38592568435,1058646,0,0,1827,0,0.000000,16384,1626,58646,4,1.000000,0.000000
36100,38593624725,1056290,0,0,1793,0,0.000000,16384,1573,56290,4,1.000000,0.000000
36101,38594677253,1052528,0,0,1793,0,0.000000,16384,1599,52528,4,1.000000,0.000000
36102,38595733411,1056158,0,0,1822,0,0.000000,16384,1645,56158,4,1.000000,0.000000
36103,38596789762,1056351,0,0,1824,0,0.000000,16384,1631,56351,4,1.000000,0.000000
36104,38597847191,1057429,0,0,1805,0,0.000000,16384,1585,57429,4,1.000000,0.000000
36105,38598905561,1058370,0,0,1807,0,0.000000,16384,1601,58370,4,1.000000,0.000000
36106,38599962069,1056508,0,0,1822,0,0.000000,16384,1645,56508,4,1.000000,0.000000
36107,38601018195,1056126,0,0,1792,0,0.000000,16384,1611,56126,4,1.000000,0.000000
36108,38602073967,1055772,0,0,1820,0,0.000000,16384,1599,55772,4,1.000000,0.000000
36109,38603130089,1056122,0,0,1822,0,0.000000,16384,1605,56122,4,1.000000,0.000000
36110,38604185943,1055854,0,0,1824,0,0.000000,16384,1646,55854,4,1.000000,0.000000
36111,38605248459,1062516,0,0,1835,0,0.000000,16384,1655,62516,4,1.000000,0.000000
36112,38606304288,1055829,0,0,1814,0,0.000000,16384,1601,55829,4,1.000000,0.000000
36113,38607362780,1058492,0,0,1746,0,0.000000,16384,1527,58492,4,1.000000,0.000000
36114,38608419652,1056872,0,0,1798,0,0.000000,16384,1627,56872,4,1.000000,0.000000
36115,38609476171,1056519,0,0,1808,0,0.000000,16384,1633,56519,4,1.000000,0.000000
36116,38610533375,1057204,0,0,1821,0,0.000000,16384,1603,57204,4,1.000000,0.000000
36117,38611589413,1056038,0,0,1819,0,0.000000,16384,1599,56038,4,1.000000,0.000000
36118,38612645751,1056338,0,0,1822,0,0.000000,16384,1636,56338,4,1.000000,0.000000
36119,38613672339,1026588,0,0,1748,0,0.000000,16384,1586,26588,4,1.000000,0.000000
36120,38614728948,1056609,0,0,1808,0,0.000000,16384,1592,56609,4,1.000000,0.000000
36121,38615802033,1073085,0,0,1849,0,0.000000,16384,1629,73085,4,1.000000,0.000000
36122,38616858635,1056602,0,0,1813,0,0.000000,16384,1623,56602,4,1.000000,0.000000
36123,38617920477,1061842,0,0,1787,0,0.000000,16384,1616,61842,4,1.000000,0.000000
36124,38618988076,1067599,0,0,1522,0,0.000000,16384,1323,67599,4,1.000000,0.000000
36125,38620052531,1064455,0,0,1498,0,0.000000,16384,1373,64455,4,1.000000,0.000000
36126,38621111690,1059159,0,0,1551,0,0.000000,16384,1340,59159,4,1.000000,0.000000
36127,38622170772,1059082,0,0,1560,0,0.000000,16384,1431,59082,4,1.000000,0.000000
36128,38623228550,1057778,0,0,1610,0,0.000000,16384,1403,57778,4,1.000000,0.000000
36129,38624286341,1057791,0,0,1603,0,0.000000,16384,1448,57791,4,1.000000,0.000000
36130,38625344492,1058151,0,0,1620,0,0.000000,16384,1437,58151,4,1.000000,0.000000
36131,38626418892,1074400,0,0,1614,0,0.000000,16384,1430,74400,4,1.000000,0.000000
36132,38627478722,1059830,0,0,1522,0,0.000000,16384,1368,59830,4,1.000000,0.000000
36133,38628539531,1060809,0,0,1644,0,0.000000,16384,1447,60809,4,1.000000,0.000000
36134,38629597583,1058052,0,0,1661,0,0.000000,16384,1516,58052,4,1.000000,0.000000
36135,38630655587,1058004,0,0,1658,0,0.000000,16384,1444,58004,4,1.000000,0.000000
36136,38631672355,1016768,0,0,1598,0,0.000000,16384,1441,16768,4,1.000000,0.000000
36137,38632731014,1058659,0,0,1663,0,0.000000,16384,1480,58659,4,1.000000,0.000000
36138,38633818599,1087585,0,0,1705,0,0.000000,16384,1495,87585,4,1.000000,0.000000
36139,38634882986,1064387,0,0,1579,0,0.000000,16384,1452,64387,4,1.000000,0.000000
36140,38635953439,1070453,0,0,1518,0,0.000000,16384,1307,70453,4,1.000000,0.000000
36141,38637042050,1088611,0,0,1573,0,0.000000,16384,1447,88611,4,1.000000,0.000000
36142,38638102305,1060255,0,0,1559,0,0.000000,16384,1341,60255,4,1.000000,0.000000
36143,38639159953,1057648,0,0,1660,0,0.000000,16384,1513,57648,4,1.000000,0.000000
36144,38640216189,1056236,0,0,1643,0,0.000000,16384,1454,56236,4,1.000000,0.000000
36145,38641274522,1058333,0,0,1745,0,0.000000,16384,1538,58333,4,1.000000,0.000000
36146,38642331409,1056887,0,0,1815,0,0.000000,16384,1638,56887,4,1.000000,0.000000
36147,38643387968,1056559,0,0,1800,0,0.000000,16384,1620,56559,4,1.000000,0.000000
36148,38644444606,1056638,0,0,1812,0,0.000000,16384,1592,56638,4,1.000000,0.000000
36149,38645500785,1056179,0,0,1814,0,0.000000,16384,1598,56179,4,1.000000,0.000000
36150,38646556282,1055497,0,0,1822,0,0.000000,16384,1644,55497,4,1.000000,0.000000
36151,38647625263,1068981,0,0,1567,0,0.000000,16384,1397,68981,4,1.000000,0.000000
36152,38648671262,1045999,0,0,1788,0,0.000000,16384,1568,45999,4,1.000000,0.000000
36153,38649727976,1056714,0,0,1817,0,0.000000,16384,1640,56714,4,1.000000,0.000000
36154,38650785173,1057197,0,0,1809,0,0.000000,16384,1635,57197,4,1.000000,0.000000
36155,38651848167,1062994,0,0,1611,0,0.000000,16384,1402,62994,4,1.000000,0.000000
36156,38652910018,1061851,0,0,1588,0,0.000000,16384,1438,61851,4,1.000000,0.000000
36157,38653969483,1059465,0,0,1784,0,0.000000,16384,1593,59465,4,1.000000,0.000000
36158,38655026975,1057492,0,0,1814,0,0.000000,16384,1594,57492,4,1.000000,0.000000
36159,38656085193,1058218,0,0,1764,0,0.000000,16384,1570,58218,4,1.000000,0.000000
36160,38657146863,1061670,0,0,1706,0,0.000000,16384,1553,61670,4,1.000000,0.000000
36161,38658227893,1081030,0,0,1864,0,0.000000,16384,1648,81030,4,1.000000,0.000000
36162,38659283730,1055837,0,0,1822,0,0.000000,16384,1602,55837,4,1.000000,0.000000
36163,38660339584,1055854,0,0,1822,0,0.000000,16384,1624,55854,4,1.000000,0.000000
36164,38661395669,1056085,0,0,1825,0,0.000000,16384,1648,56085,4,1.000000,0.000000
36165,38662452153,1056484,0,0,1808,0,0.000000,16384,1618,56484,4,1.000000,0.000000
36166,38663507837,1055684,0,0,1821,0,0.000000,16384,1602,55684,4,1.000000,0.000000
36167,38664563556,1055719,0,0,1822,0,0.000000,16384,1608,55719,4,1.000000,0.000000
36168,38665619076,1055520,0,0,1813,0,0.000000,16384,1638,55520,4,1.000000,0.000000
36169,38666670939,1051863,0,0,1659,0,0.000000,16384,1483,51863,4,1.000000,0.000000
36170,38667733325,1062386,0,0,1514,0,0.000000,16384,1336,62386,4,1.000000,0.000000
36171,38668829499,1096174,0,0,1625,0,0.000000,16384,1468,96174,4,1.000000,0.000000
36172,38669890147,1060648,0,0,1666,0,0.000000,16384,1446,60648,4,1.000000,0.000000
36173,38670947349,1057202,0,0,1665,0,0.000000,16384,1519,57202,4,1.000000,0.000000
36174,38672003802,1056453,0,0,1690,0,0.000000,16384,1496,56453,4,1.000000,0.000000
36175,38673061647,1057845,0,0,1812,0,0.000000,16384,1592,57845,4,1.000000,0.000000
36176,38674118915,1057268,0,0,1825,0,0.000000,16384,1642,57268,4,1.000000,0.000000
36177,38675174942,1056027,0,0,1785,0,0.000000,16384,1615,56027,4,1.000000,0.000000
36178,38676230749,1055807,0,0,1823,0,0.000000,16384,1611,55807,4,1.000000,0.000000
36179,38677287926,1057177,0,0,1806,0,0.000000,16384,1587,57177,4,1.000000,0.000000
36180,38678343894,1055968,0,0,1822,0,0.000000,16384,1631,55968,4,1.000000,0.000000
36181,38679414378,1070484,0,0,1671,0,0.000000,16384,1522,70484,4,1.000000,0.000000
36182,38680477305,1062927,0,0,1711,0,0.000000,16384,1491,62927,4,1.000000,0.000000
36183,38681534978,1057673,0,0,1787,0,0.000000,16384,1590,57673,4,1.000000,0.000000
36184,38682591850,1056872,0,0,1827,0,0.000000,16384,1649,56872,4,1.000000,0.000000
36185,38683647943,1056093,0,0,1824,0,0.000000,16384,1635,56093,4,1.000000,0.000000
36186,38684670175,1022232,0,0,1761,0,0.000000,16384,1541,22232,4,1.000000,0.000000
36187,38685726216,1056041,0,0,1823,0,0.000000,16384,1618,56041,4,1.000000,0.000000
36188,38686782334,1056118,0,0,1824,0,0.000000,16384,1646,56118,4,1.000000,0.000000
36189,38687840404,1058070,0,0,1630,0,0.000000,16384,1449,58070,4,1.000000,0.000000
36190,38688898508,1058104,0,0,1750,0,0.000000,16384,1536,58104,4,1.000000,0.000000
36191,38689969033,1070525,0,0,1727,0,0.000000,16384,1569,70525,4,1.000000,0.000000
36192,38691025557,1056524,0,0,1822,0,0.000000,16384,1634,56524,4,1.000000,0.000000
36193,38692085720,1060163,0,0,1748,0,0.000000,16384,1528,60163,4,1.000000,0.000000
36194,38693147350,1061630,0,0,1790,0,0.000000,16384,1594,61630,4,1.000000,0.000000
36195,38694204713,1057363,0,0,1824,0,0.000000,16384,1646,57363,4,1.000000,0.000000
36196,38695261122,1056409,0,0,1804,0,0.000000,16384,1614,56409,4,1.000000,0.000000
36197,38696317212,1056090,0,0,1820,0,0.000000,16384,1600,56090,4,1.000000,0.000000
36198,38697373431,1056219,0,0,1814,0,0.000000,16384,1604,56219,4,1.000000,0.000000
36199,38698429534,1056103,0,0,1800,0,0.000000,16384,1628,56103,4,1.000000,0.000000
36200,38699485836,1056302,0,0,1824,0,0.000000,16384,1642,56302,4,1.000000,0.000000
36201,38700550734,1064898,0,0,1835,0,0.000000,16384,1612,64898,4,1.000000,0.000000
36202,38701607038,1056304,0,0,1823,0,0.000000,16384,1602,56304,4,1.000000,0.000000
36203,38702663198,1056160,0,0,1823,0,0.000000,16384,1643,56160,4,1.000000,0.000000
36204,38703670153,1006955,0,0,1736,0,0.000000,16384,1576,6955,4,1.000000,0.000000
36205,38704726715,1056562,0,0,1796,0,0.000000,16384,1576,56562,4,1.000000,0.000000
36206,38705783103,1056388,0,0,1820,0,0.000000,16384,1596,56388,4,1.000000,0.000000
36207,38706839053,1055950,0,0,1825,0,0.000000,16384,1649,55950,4,1.000000,0.000000
36208,38707896669,1057616,0,0,1740,0,0.000000,16384,1576,57616,4,1.000000,0.000000
36209,38708953887,1057218,0,0,1825,0,0.000000,16384,1604,57218,4,1.000000,0.000000
36210,38710009476,1055589,0,0,1822,0,0.000000,16384,1599,55589,4,1.000000,0.000000
36211,38711072780,1063304,0,0,1836,0,0.000000,16384,1655,63304,4,1.000000,0.000000
36212,38712129193,1056413,0,0,1826,0,0.000000,16384,1648,56413,4,1.000000,0.000000
36213,38713185315,1056122,0,0,1813,0,0.000000,16384,1608,56122,4,1.000000,0.000000
36214,38714241015,1055700,0,0,1822,0,0.000000,16384,1602,55700,4,1.000000,0.000000
36215,38715296798,1055783,0,0,1823,0,0.000000,16384,1624,55783,4,1.000000,0.000000
36216,38716352807,1056009,0,0,1823,0,0.000000,16384,1646,56009,4,1.000000,0.000000
36217,38717409049,1056242,0,0,1825,0,0.000000,16384,1637,56242,4,1.000000,0.000000
36218,38718465640,1056591,0,0,1803,0,0.000000,16384,1583,56591,4,1.000000,0.000000
36219,38719521689,1056049,0,0,1822,0,0.000000,16384,1608,56049,4,1.000000,0.000000
36220,38720577836,1056147,0,0,1807,0,0.000000,16384,1632,56147,4,1.000000,0.000000
36221,38721651068,1073232,0,0,1841,0,0.000000,16384,1660,73232,4,1.000000,0.000000
36222,38722670319,1019251,0,0,1753,0,0.000000,16384,1539,19251,4,1.000000,0.000000
36223,38723726163,1055844,0,0,1821,0,0.000000,16384,1601,55844,4,1.000000,0.000000
36224,38724782358,1056195,0,0,1823,0,0.000000,16384,1646,56195,4,1.000000,0.000000
36225,38725838274,1055916,0,0,1822,0,0.000000,16384,1645,55916,4,1.000000,0.000000
36226,38726894815,1056541,0,0,1819,0,0.000000,16384,1605,56541,4,1.000000,0.000000
36227,38727952521,1057706,0,0,1752,0,0.000000,16384,1532,57706,4,1.000000,0.000000
36228,38729010814,1058293,0,0,1814,0,0.000000,16384,1639,58293,4,1.000000,0.000000
36229,38730067430,1056616,0,0,1812,0,0.000000,16384,1637,56616,4,1.000000,0.000000
36230,38731124023,1056593,0,0,1805,0,0.000000,16384,1590,56593,4,1.000000,0.000000
36231,38732189632,1065609,0,0,1835,0,0.000000,16384,1616,65609,4,1.000000,0.000000
36232,38733246671,1057039,0,0,1810,0,0.000000,16384,1622,57039,4,1.000000,0.000000
36233,38734299430,1052759,0,0,1796,0,0.000000,16384,1624,52759,4,1.000000,0.000000
36234,38735363078,1063648,0,0,1577,0,0.000000,16384,1377,63648,4,1.000000,0.000000
36235,38736423813,1060735,0,0,1659,0,0.000000,16384,1492,60735,4,1.000000,0.000000
36236,38737481658,1057845,0,0,1658,0,0.000000,16384,1484,57845,4,1.000000,0.000000
36237,38738540467,1058809,0,0,1576,0,0.000000,16384,1384,58809,4,1.000000,0.000000
36238,38739632435,1091968,0,0,1835,0,0.000000,16384,1655,91968,4,1.000000,0.000000
36239,38740705974,1073539,0,0,1830,0,0.000000,16384,1643,73539,4,1.000000,0.000000
36240,38741768923,1062949,0,0,1699,0,0.000000,16384,1479,62949,4,1.000000,0.000000
36241,38742845286,1076363,0,0,1823,0,0.000000,16384,1628,76363,4,1.000000,0.000000
36242,38743908172,1062886,0,0,1781,0,0.000000,16384,1612,62886,4,1.000000,0.000000
36243,38744968745,1060573,0,0,1654,0,0.000000,16384,1458,60573,4,1.000000,0.000000
36244,38746031516,1062771,0,0,1771,0,0.000000,16384,1563,62771,4,1.000000,0.000000
36245,38747096187,1064671,0,0,1769,0,0.000000,16384,1602,64671,4,1.000000,0.000000
36246,38748158397,1062210,0,0,1596,0,0.000000,16384,1410,62210,4,1.000000,0.000000
36247,38749218774,1060377,0,0,1743,0,0.000000,16384,1541,60377,4,1.000000,0.000000
36248,38750276042,1057268,0,0,1823,0,0.000000,16384,1647,57268,4,1.000000,0.000000
36249,38751332739,1056697,0,0,1825,0,0.000000,16384,1640,56697,4,1.000000,0.000000
36250,38752389684,1056945,0,0,1823,0,0.000000,16384,1603,56945,4,1.000000,0.000000
36251,38753457153,1067469,0,0,1830,0,0.000000,16384,1606,67469,4,1.000000,0.000000
36252,38754512917,1055764,0,0,1824,0,0.000000,16384,1648,55764,4,1.000000,0.000000
36253,38755568867,1055950,0,0,1824,0,0.000000,16384,1646,55950,4,1.000000,0.000000
36254,38756627569,1058702,0,0,1673,0,0.000000,16384,1467,58702,4,1.000000,0.000000
36255,38757673593,1046024,0,0,1755,0,0.000000,16384,1555,46024,4,1.000000,0.000000
36256,38758731190,1057597,0,0,1811,0,0.000000,16384,1637,57597,4,1.000000,0.000000
36257,38759787826,1056636,0,0,1815,0,0.000000,16384,1625,56636,4,1.000000,0.000000
36258,38760843268,1055442,0,0,1793,0,0.000000,16384,1573,55442,4,1.000000,0.000000
36259,38761901470,1058202,0,0,1744,0,0.000000,16384,1552,58202,4,1.000000,0.000000
36260,38762959074,1057604,0,0,1695,0,0.000000,16384,1442,57604,4,1.000000,0.000000
36261,38764023383,1064309,0,0,1828,0,0.000000,16384,1651,64309,4,1.000000,0.000000
36262,38765084515,1061132,0,0,1587,0,0.000000,16384,1424,61132,4,1.000000,0.000000
36263,38766144026,1059511,0,0,1815,0,0.000000,16384,1595,59511,4,1.000000,0.000000
36264,38767199691,1055665,0,0,1813,0,0.000000,16384,1621,55665,4,1.000000,0.000000
36265,38768257387,1057696,0,0,1736,0,0.000000,16384,1576,57696,4,1.000000,0.000000
36266,38769316961,1059574,0,0,1808,0,0.000000,16384,1595,59574,4,1.000000,0.000000
36267,38770375588,1058627,0,0,1819,0,0.000000,16384,1600,58627,4,1.000000,0.000000
36268,38771433970,1058382,0,0,1753,0,0.000000,16384,1577,58382,4,1.000000,0.000000
36269,38772491902,1057932,0,0,1702,0,0.000000,16384,1538,57932,4,1.000000,0.000000
36270,38773547781,1055879,0,0,1789,0,0.000000,16384,1569,55879,4,1.000000,0.000000
36271,38774633807,1086026,0,0,1784,0,0.000000,16384,1581,86026,4,1.000000,0.000000
36272,38775675209,1041402,0,0,1782,0,0.000000,16384,1613,41402,4,1.000000,0.000000
36273,38776733798,1058589,0,0,1820,0,0.000000,16384,1628,58589,4,1.000000,0.000000
36274,38777792102,1058304,0,0,1784,0,0.000000,16384,1564,58304,4,1.000000,0.000000
36275,38778848899,1056797,0,0,1824,0,0.000000,16384,1618,56797,4,1.000000,0.000000
36276,38779905059,1056160,0,0,1783,0,0.000000,16384,1613,56160,4,1.000000,0.000000
36277,38780961218,1056159,0,0,1821,0,0.000000,16384,1633,56159,4,1.000000,0.000000
36278,38782017319,1056101,0,0,1820,0,0.000000,16384,1600,56101,4,1.000000,0.000000
36279,38783063199,1045880,0,0,1783,0,0.000000,16384,1575,45880,4,1.000000,0.000000
36280,38784126797,1063598,0,0,1748,0,0.000000,16384,1586,63598,4,1.000000,0.000000
36281,38785198150,1071353,0,0,1685,0,0.000000,16384,1491,71353,4,1.000000,0.000000
36282,38786270438,1072288,0,0,1526,0,0.000000,16384,1358,72288,4,1.000000,0.000000
36283,38787336008,1065570,0,0,1551,0,0.000000,16384,1383,65570,4,1.000000,0.000000
36284,38788399831,1063823,0,0,1540,0,0.000000,16384,1371,63823,4,1.000000,0.000000
36285,38789460020,1060189,0,0,1632,0,0.000000,16384,1464,60189,4,1.000000,0.000000
36286,38790522861,1062841,0,0,1660,0,0.000000,16384,1450,62841,4,1.000000,0.000000
36287,38791585000,1062139,0,0,1794,0,0.000000,16384,1623,62139,4,1.000000,0.000000
36288,38792641414,1056414,0,0,1812,0,0.000000,16384,1634,56414,4,1.000000,0.000000
36289,38793675466,1034052,0,0,1773,0,0.000000,16384,1553,34052,4,1.000000,0.000000
36290,38794735309,1059843,0,0,1826,0,0.000000,16384,1610,59843,4,1.000000,0.000000
36291,38795815702,1080393,0,0,1842,0,0.000000,16384,1660,80393,4,1.000000,0.000000
36292,38796874227,1058525,0,0,1822,0,0.000000,16384,1644,58525,4,1.000000,0.000000
36293,38797931804,1057577,0,0,1825,0,0.000000,16384,1613,57577,4,1.000000,0.000000
36294,38798987754,1055950,0,0,1820,0,0.000000,16384,1600,55950,4,1.000000,0.000000
36295,38800043767,1056013,0,0,1823,0,0.000000,16384,1631,56013,4,1.000000,0.000000
36296,38801099621,1055854,0,0,1822,0,0.000000,16384,1644,55854,4,1.000000,0.000000
36297,38802165797,1066176,0,0,1579,0,0.000000,16384,1389,66176,4,1.000000,0.000000
36298,38803230134,1064337,0,0,1674,0,0.000000,16384,1495,64337,4,1.000000,0.000000
36299,38804289049,1058915,0,0,1817,0,0.000000,16384,1640,58915,4,1.000000,0.000000
36300,38805345012,1055963,0,0,1823,0,0.000000,16384,1615,55963,4,1.000000,0.000000
36301,38806422886,1077874,0,0,1858,0,0.000000,16384,1637,77874,4,1.000000,0.000000
36302,38807481120,1058234,0,0,1826,0,0.000000,16384,1622,58234,4,1.000000,0.000000
36303,38808542254,1061134,0,0,1710,0,0.000000,16384,1555,61134,4,1.000000,0.000000
36304,38809602295,1060041,0,0,1691,0,0.000000,16384,1491,60041,4,1.000000,0.000000
36305,38810659334,1057039,0,0,1814,0,0.000000,16384,1594,57039,4,1.000000,0.000000
36306,38811674596,1015262,0,0,1751,0,0.000000,16384,1588,15262,4,1.000000,0.000000
36307,38812731970,1057374,0,0,1792,0,0.000000,16384,1611,57374,4,1.000000,0.000000
36308,38813789067,1057097,0,0,1824,0,0.000000,16384,1604,57097,4,1.000000,0.000000
36309,38814845123,1056056,0,0,1823,0,0.000000,16384,1604,56056,4,1.000000,0.000000
36310,38815901070,1055947,0,0,1825,0,0.000000,16384,1647,55947,4,1.000000,0.000000
36311,38816966749,1065679,0,0,1839,0,0.000000,16384,1659,65679,4,1.000000,0.000000
36312,38818024376,1057627,0,0,1810,0,0.000000,16384,1599,57627,4,1.000000,0.000000
36313,38819082118,1057742,0,0,1782,0,0.000000,16384,1562,57742,4,1.000000,0.000000
36314,38820138743,1056625,0,0,1825,0,0.000000,16384,1640,56625,4,1.000000,0.000000
36315,38821194651,1055908,0,0,1822,0,0.000000,16384,1645,55908,4,1.000000,0.000000
36316,38822252194,1057543,0,0,1821,0,0.000000,16384,1618,57543,4,1.000000,0.000000
36317,38823309569,1057375,0,0,1690,0,0.000000,16384,1471,57375,4,1.000000,0.000000
36318,38824366376,1056807,0,0,1782,0,0.000000,16384,1614,56807,4,1.000000,0.000000
36319,38825425888,1059512,0,0,1779,0,0.000000,16384,1607,59512,4,1.000000,0.000000
36320,38826487874,1061986,0,0,1577,0,0.000000,16384,1357,61986,4,1.000000,0.000000
36321,38827574067,1086193,0,0,1593,0,0.000000,16384,1463,86193,4,1.000000,0.000000
36322,38828635480,1061413,0,0,1542,0,0.000000,16384,1336,61413,4,1.000000,0.000000
36323,38829673811,1038331,0,0,1524,0,0.000000,16384,1397,38331,4,1.000000,0.000000
36324,38830730570,1056759,0,0,1653,0,0.000000,16384,1444,56759,4,1.000000,0.000000
36325,38831788083,1057513,0,0,1653,0,0.000000,16384,1481,57513,4,1.000000,0.000000
36326,38832846847,1058764,0,0,1570,0,0.000000,16384,1401,58764,4,1.000000,0.000000
36327,38833906388,1059541,0,0,1651,0,0.000000,16384,1458,59541,4,1.000000,0.000000
36328,38834995438,1089050,0,0,1704,0,0.000000,16384,1550,89050,4,1.000000,0.000000
36329,38836060241,1064803,0,0,1486,0,0.000000,16384,1282,64803,4,1.000000,0.000000
36330,38837121238,1060997,0,0,1560,0,0.000000,16384,1436,60997,4,1.000000,0.000000
36331,38838195923,1074685,0,0,1579,0,0.000000,16384,1363,74685,4,1.000000,0.000000
36332,38839254480,1058557,0,0,1657,0,0.000000,16384,1506,58557,4,1.000000,0.000000
36333,38840312263,1057783,0,0,1660,0,0.000000,16384,1471,57783,4,1.000000,0.000000
36334,38841370147,1057884,0,0,1664,0,0.000000,16384,1468,57884,4,1.000000,0.000000
36335,38842426993,1056846,0,0,1664,0,0.000000,16384,1520,56846,4,1.000000,0.000000
36336,38843483162,1056169,0,0,1682,0,0.000000,16384,1466,56169,4,1.000000,0.000000
36337,38844538917,1055755,0,0,1821,0,0.000000,16384,1617,55755,4,1.000000,0.000000
36338,38845595684,1056767,0,0,1824,0,0.000000,16384,1646,56767,4,1.000000,0.000000
36339,38846651517,1055833,0,0,1822,0,0.000000,16384,1639,55833,4,1.000000,0.000000
36340,38847671293,1019776,0,0,1733,0,0.000000,16384,1514,19776,4,1.000000,0.000000
36341,38848738071,1066778,0,0,1610,0,0.000000,16384,1447,66778,4,1.000000,0.000000
36342,38849801124,1063053,0,0,1672,0,0.000000,16384,1495,63053,4,1.000000,0.000000
36343,38850858004,1056880,0,0,1685,0,0.000000,16384,1472,56880,4,1.000000,0.000000
36344,38851914988,1056984,0,0,1818,0,0.000000,16384,1641,56984,4,1.000000,0.000000
36345,38852973633,1058645,0,0,1774,0,0.000000,16384,1603,58645,4,1.000000,0.000000
36346,38854031585,1057952,0,0,1687,0,0.000000,16384,1468,57952,4,1.000000,0.000000
36347,38855087817,1056232,0,0,1807,0,0.000000,16384,1611,56232,4,1.000000,0.000000
36348,38856144636,1056819,0,0,1746,0,0.000000,16384,1585,56819,4,1.000000,0.000000
36349,38857202329,1057693,0,0,1717,0,0.000000,16384,1514,57693,4,1.000000,0.000000
36350,38858259097,1056768,0,0,1815,0,0.000000,16384,1591,56768,4,1.000000,0.000000
36351,38859324617,1065520,0,0,1826,0,0.000000,16384,1649,65520,4,1.000000,0.000000
36352,38860380915,1056298,0,0,1825,0,0.000000,16384,1647,56298,4,1.000000,0.000000
36353,38861436938,1056023,0,0,1706,0,0.000000,16384,1501,56023,4,1.000000,0.000000
36354,38862494177,1057239,0,0,1780,0,0.000000,16384,1569,57239,4,1.000000,0.000000
36355,38863550625,1056448,0,0,1823,0,0.000000,16384,1645,56448,4,1.000000,0.000000
36356,38864606638,1056013,0,0,1823,0,0.000000,16384,1648,56013,4,1.000000,0.000000
36357,38865662499,1055861,0,0,1820,0,0.000000,16384,1596,55861,4,1.000000,0.000000
36358,38866670638,1008139,0,0,1736,0,0.000000,16384,1527,8139,4,1.000000,0.000000
36359,38867728545,1057907,0,0,1683,0,0.000000,16384,1534,57907,4,1.000000,0.000000
36360,38868786580,1058035,0,0,1620,0,0.000000,16384,1422,58035,4,1.000000,0.000000
36361,38869853829,1067249,0,0,1673,0,0.000000,16384,1493,67249,4,1.000000,0.000000
36362,38870910402,1056573,0,0,1815,0,0.000000,16384,1640,56573,4,1.000000,0.000000
36363,38871966697,1056295,0,0,1810,0,0.000000,16384,1601,56295,4,1.000000,0.000000
36364,38873023638,1056941,0,0,1822,0,0.000000,16384,1602,56941,4,1.000000,0.000000
36365,38874080351,1056713,0,0,1780,0,0.000000,16384,1594,56713,4,1.000000,0.000000
36366,38875138386,1058035,0,0,1740,0,0.000000,16384,1579,58035,4,1.000000,0.000000
36367,38876195391,1057005,0,0,1809,0,0.000000,16384,1592,57005,4,1.000000,0.000000
36368,38877252419,1057028,0,0,1775,0,0.000000,16384,1555,57028,4,1.000000,0.000000
36369,38878309725,1057306,0,0,1823,0,0.000000,16384,1647,57306,4,1.000000,0.000000
36370,38879367129,1057404,0,0,1828,0,0.000000,16384,1650,57404,4,1.000000,0.000000
36371,38880441821,1074692,0,0,1854,0,0.000000,16384,1644,74692,4,1.000000,0.000000
36372,38881497854,1056033,0,0,1824,0,0.000000,16384,1604,56033,4,1.000000,0.000000
36373,38882553798,1055944,0,0,1824,0,0.000000,16384,1620,55944,4,1.000000,0.000000
36374,38883609884,1056086,0,0,1823,0,0.000000,16384,1647,56086,4,1.000000,0.000000
36375,38884668488,1058604,0,0,1826,0,0.000000,16384,1642,58604,4,1.000000,0.000000
36376,38885724656,1056168,0,0,1810,0,0.000000,16384,1590,56168,4,1.000000,0.000000
36377,38886781283,1056627,0,0,1765,0,0.000000,16384,1556,56627,4,1.000000,0.000000
36378,38887837129,1055846,0,0,1781,0,0.000000,16384,1613,55846,4,1.000000,0.000000
36379,38888894774,1057645,0,0,1716,0,0.000000,16384,1529,57645,4,1.000000,0.000000
36380,38889985946,1091172,0,0,1815,0,0.000000,16384,1595,91172,4,1.000000,0.000000
36381,38891067591,1081645,0,0,1514,0,0.000000,16384,1380,81645,4,1.000000,0.000000
36382,38892136497,1068906,0,0,1548,0,0.000000,16384,1346,68906,4,1.000000,0.000000
36383,38893520466,1383969,0,0,1896,0,0.000000,16384,1690,383969,4,1.000000,0.000000
36384,38894595338,1074872,0,0,1490,0,0.000000,16384,1356,74872,4,1.000000,0.000000
36385,38895664277,1068939,0,0,1574,0,0.000000,16384,1376,68939,4,1.000000,0.000000
36386,38896917803,1253526,0,0,1667,0,0.000000,16384,1520,253526,4,1.000000,0.000000
36387,38897986597,1068794,0,0,1464,0,0.000000,16384,1265,68794,4,1.000000,0.000000
36388,38899049385,1062788,0,0,1558,0,0.000000,16384,1430,62788,4,1.000000,0.000000
36389,38900108514,1059129,0,0,1549,0,0.000000,16384,1337,59129,4,1.000000,0.000000
36390,38901164655,1056141,0,0,1665,0,0.000000,16384,1519,56141,4,1.000000,0.000000
36391,38902246792,1082137,0,0,1758,0,0.000000,16384,1556,82137,4,1.000000,0.000000
36392,38903305815,1059023,0,0,1678,0,0.000000,16384,1473,59023,4,1.000000,0.000000
36393,38904363937,1058122,0,0,1763,0,0.000000,16384,1598,58122,4,1.000000,0.000000
36394,38905420937,1057000,0,0,1813,0,0.000000,16384,1623,57000,4,1.000000,0.000000
36395,38906478597,1057660,0,0,1814,0,0.000000,16384,1594,57660,4,1.000000,0.000000
36396,38907534500,1055903,0,0,1812,0,0.000000,16384,1602,55903,4,1.000000,0.000000
36397,38908592939,1058439,0,0,1701,0,0.000000,16384,1548,58439,4,1.000000,0.000000
36398,38909651353,1058414,0,0,1803,0,0.000000,16384,1602,58414,4,1.000000,0.000000
36399,38910671040,1019687,0,0,1753,0,0.000000,16384,1533,19687,4,1.000000,0.000000
36400,38911732040,1061000,0,0,1504,0,0.000000,16384,1381,61000,4,1.000000,0.000000
36401,38912817485,1085445,0,0,1833,0,0.000000,16384,1616,85445,4,1.000000,0.000000
36402,38913875499,1058014,0,0,1611,0,0.000000,16384,1420,58014,4,1.000000,0.000000
36403,38914933241,1057742,0,0,1800,0,0.000000,16384,1627,57742,4,1.000000,0.000000
36404,38915990954,1057713,0,0,1778,0,0.000000,16384,1582,57713,4,1.000000,0.000000
36405,38917048476,1057522,0,0,1670,0,0.000000,16384,1458,57522,4,1.000000,0.000000
36406,38918105424,1056948,0,0,1825,0,0.000000,16384,1647,56948,4,1.000000,0.000000
36407,38919161655,1056231,0,0,1825,0,0.000000,16384,1647,56231,4,1.000000,0.000000
36408,38920217089,1055434,0,0,1821,0,0.000000,16384,1605,55434,4,1.000000,0.000000
36409,38921272863,1055774,0,0,1811,0,0.000000,16384,1591,55774,4,1.000000,0.000000
36410,38922332418,1059555,0,0,1674,0,0.000000,16384,1517,59555,4,1.000000,0.000000
36411,38923404796,1072378,0,0,1705,0,0.000000,16384,1521,72378,4,1.000000,0.000000
36412,38924469772,1064976,0,0,1561,0,0.000000,16384,1372,64976,4,1.000000,0.000000
36413,38925530727,1060955,0,0,1639,0,0.000000,16384,1493,60955,4,1.000000,0.000000
36414,38926588037,1057310,0,0,1661,0,0.000000,16384,1441,57310,4,1.000000,0.000000
36415,38927647738,1059701,0,0,1625,0,0.000000,16384,1474,59701,4,1.000000,0.000000
36416,38928674980,1027242,0,0,1533,0,0.000000,16384,1348,27242,4,1.000000,0.000000
36417,38929737740,1062760,0,0,1809,0,0.000000,16384,1607,62760,4,1.000000,0.000000
36418,38930794510,1056770,0,0,1816,0,0.000000,16384,1640,56770,4,1.000000,0.000000
36419,38931851468,1056958,0,0,1798,0,0.000000,16384,1612,56958,4,1.000000,0.000000
36420,38932908145,1056677,0,0,1672,0,0.000000,16384,1452,56677,4,1.000000,0.000000
36421,38933994431,1086286,0,0,1857,0,0.000000,16384,1665,86286,4,1.000000,0.000000
36422,38935051097,1056666,0,0,1802,0,0.000000,16384,1629,56666,4,1.000000,0.000000
36423,38936140747,1089650,0,0,1843,0,0.000000,16384,1644,89650,4,1.000000,0.000000
36424,38937204482,1063735,0,0,1580,0,0.000000,16384,1375,63735,4,1.000000,0.000000
36425,38938265780,1061298,0,0,1610,0,0.000000,16384,1477,61298,4,1.000000,0.000000
36426,38939324230,1058450,0,0,1601,0,0.000000,16384,1383,58450,4,1.000000,0.000000
36427,38940573258,1249028,0,0,1813,0,0.000000,16384,1628,249028,4,1.000000,0.000000
36428,38941641242,1067984,0,0,1509,0,0.000000,16384,1354,67984,4,1.000000,0.000000
36429,38942679914,1038672,0,0,1440,0,0.000000,16384,1285,38672,4,1.000000,0.000000
36430,38943741157,1061243,0,0,1557,0,0.000000,16384,1380,61243,4,1.000000,0.000000
36431,38944819186,1078029,0,0,1583,0,0.000000,16384,1413,78029,4,1.000000,0.000000
36432,38945876469,1057283,0,0,1555,0,0.000000,16384,1385,57283,4,1.000000,0.000000
36433,38946934955,1058486,0,0,1554,0,0.000000,16384,1383,58486,4,1.000000,0.000000
36434,38947994356,1059401,0,0,1553,0,0.000000,16384,1387,59401,4,1.000000,0.000000
36435,38949055800,1061444,0,0,1527,0,0.000000,16384,1358,61444,4,1.000000,0.000000
36436,38950115209,1059409,0,0,1558,0,0.000000,16384,1392,59409,4,1.000000,0.000000
36437,38951173055,1057846,0,0,1557,0,0.000000,16384,1381,57846,4,1.000000,0.000000
36438,38952231625,1058570,0,0,1564,0,0.000000,16384,1404,58570,4,1.000000,0.000000
36439,38953290811,1059186,0,0,1662,0,0.000000,16384,1458,59186,4,1.000000,0.000000
36440,38954348603,1057792,0,0,1665,0,0.000000,16384,1519,57792,4,1.000000,0.000000
36441,38955418664,1070061,0,0,1674,0,0.000000,16384,1468,70061,4,1.000000,0.000000
36442,38956449026,1030362,0,0,1602,0,0.000000,16384,1433,30362,4,1.000000,0.000000
36443,38957513153,1064127,0,0,1625,0,0.000000,16384,1454,64127,4,1.000000,0.000000
36444,38958576407,1063254,0,0,1669,0,0.000000,16384,1462,63254,4,1.000000,0.000000
36445,38959637899,1061492,0,0,1668,0,0.000000,16384,1522,61492,4,1.000000,0.000000
36446,38960671534,1033635,0,0,1609,0,0.000000,16384,1406,33635,4,1.000000,0.000000
36447,38961728653,1057119,0,0,1662,0,0.000000,16384,1492,57119,4,1.000000,0.000000
36448,38962785108,1056455,0,0,1673,0,0.000000,16384,1503,56455,4,1.000000,0.000000
36449,38963845154,1060046,0,0,1824,0,0.000000,16384,1604,60046,4,1.000000,0.000000
36450,38964907182,1062028,0,0,1896,0,0.000000,16384,1674,62028,4,1.000000,0.000000
36451,38965979859,1072677,0,0,1847,0,0.000000,16384,1666,72677,4,1.000000,0.000000
36452,38967037420,1057561,0,0,1826,0,0.000000,16384,1647,57561,4,1.000000,0.000000
36453,38968093753,1056333,0,0,1821,0,0.000000,16384,1615,56333,4,1.000000,0.000000
36454,38969153813,1060060,0,0,1688,0,0.000000,16384,1474,60060,4,1.000000,0.000000
36455,38970212591,1058778,0,0,1828,0,0.000000,16384,1649,58778,4,1.000000,0.000000
36456,38971268290,1055699,0,0,1822,0,0.000000,16384,1645,55699,4,1.000000,0.000000
36457,38972324277,1055987,0,0,1821,0,0.000000,16384,1606,55987,4,1.000000,0.000000
36458,38973381057,1056780,0,0,1821,0,0.000000,16384,1601,56780,4,1.000000,0.000000
36459,38974437148,1056091,0,0,1821,0,0.000000,16384,1632,56091,4,1.000000,0.000000
36460,38975493059,1055911,0,0,1808,0,0.000000,16384,1633,55911,4,1.000000,0.000000
36461,38976558326,1065267,0,0,1837,0,0.000000,16384,1638,65267,4,1.000000,0.000000
36462,38977615982,1057656,0,0,1756,0,0.000000,16384,1536,57656,4,1.000000,0.000000
36463,38978678032,1062050,0,0,1558,0,0.000000,16384,1415,62050,4,1.000000,0.000000
36464,38979738630,1060598,0,0,1660,0,0.000000,16384,1416,60598,4,1.000000,0.000000
36465,38980795632,1057002,0,0,1824,0,0.000000,16384,1647,57002,4,1.000000,0.000000
36466,38981853108,1057476,0,0,1824,0,0.000000,16384,1602,57476,4,1.000000,0.000000
36467,38982910037,1056929,0,0,1822,0,0.000000,16384,1603,56929,4,1.000000,0.000000
36468,38983965627,1055590,0,0,1822,0,0.000000,16384,1637,55590,4,1.000000,0.000000
36469,38985021574,1055947,0,0,1825,0,0.000000,16384,1647,55947,4,1.000000,0.000000
36470,38986077387,1055813,0,0,1823,0,0.000000,16384,1622,55813,4,1.000000,0.000000
36471,38987155425,1078038,0,0,1799,0,0.000000,16384,1579,78038,4,1.000000,0.000000
36472,38988212001,1056576,0,0,1823,0,0.000000,16384,1623,56576,4,1.000000,0.000000
36473,38989269877,1057876,0,0,1735,0,0.000000,16384,1575,57876,4,1.000000,0.000000
36474,38990325992,1056115,0,0,1811,0,0.000000,16384,1607,56115,4,1.000000,0.000000
36475,38991382059,1056067,0,0,1801,0,0.000000,16384,1580,56067,4,1.000000,0.000000
36476,38992438878,1056819,0,0,1823,0,0.000000,16384,1629,56819,4,1.000000,0.000000
36477,38993495541,1056663,0,0,1810,0,0.000000,16384,1634,56663,4,1.000000,0.000000
36478,38994552374,1056833,0,0,1822,0,0.000000,16384,1629,56833,4,1.000000,0.000000
36479,38995610535,1058161,0,0,1823,0,0.000000,16384,1602,58161,4,1.000000,0.000000
36480,38996671058,1060523,0,0,1801,0,0.000000,16384,1595,60523,4,1.000000,0.000000
36481,38997735708,1064650,0,0,1826,0,0.000000,16384,1648,64650,4,1.000000,0.000000
36482,38998792083,1056375,0,0,1823,0,0.000000,16384,1644,56375,4,1.000000,0.000000
36483,38999847991,1055908,0,0,1824,0,0.000000,16384,1601,55908,4,1.000000,0.000000
36484,39000903844,1055853,0,0,1823,0,0.000000,16384,1602,55853,4,1.000000,0.000000
36485,39001959818,1055974,0,0,1823,0,0.000000,16384,1643,55974,4,1.000000,0.000000
36486,39003015223,1055405,0,0,1825,0,0.000000,16384,1647,55405,4,1.000000,0.000000
36487,39004071796,1056573,0,0,1798,0,0.000000,16384,1592,56573,4,1.000000,0.000000
36488,39005128075,1056279,0,0,1799,0,0.000000,16384,1579,56279,4,1.000000,0.000000
36489,39006184988,1056913,0,0,1815,0,0.000000,16384,1626,56913,4,1.000000,0.000000
36490,39007240802,1055814,0,0,1824,0,0.000000,16384,1647,55814,4,1.000000,0.000000
36491,39008300349,1059547,0,0,1831,0,0.000000,16384,1633,59547,4,1.000000,0.000000
36492,39009358760,1058411,0,0,1725,0,0.000000,16384,1504,58411,4,1.000000,0.000000
36493,39010417160,1058400,0,0,1815,0,0.000000,16384,1628,58400,4,1.000000,0.000000
36494,39011473844,1056684,0,0,1825,0,0.000000,16384,1647,56684,4,1.000000,0.000000
36495,39012530094,1056250,0,0,1821,0,0.000000,16384,1623,56250,4,1.000000,0.000000
36496,39013586725,1056631,0,0,1811,0,0.000000,16384,1591,56631,4,1.000000,0.000000
36497,39014642821,1056096,0,0,1824,0,0.000000,16384,1619,56096,4,1.000000,0.000000
36498,39015670321,1027500,0,0,1769,0,0.000000,16384,1602,27500,4,1.000000,0.000000
36499,39016726300,1055979,0,0,1822,0,0.000000,16384,1630,55979,4,1.000000,0.000000
36500,39017782335,1056035,0,0,1731,0,0.000000,16384,1511,56035,4,1.000000,0.000000
36501,39018868882,1086547,0,0,1825,0,0.000000,16384,1629,86547,4,1.000000,0.000000
36502,39019926146,1057264,0,0,1814,0,0.000000,16384,1639,57264,4,1.000000,0.000000
36503,39020984016,1057870,0,0,1671,0,0.000000,16384,1478,57870,4,1.000000,0.000000
36504,39022039994,1055978,0,0,1695,0,0.000000,16384,1495,55978,4,1.000000,0.000000
36505,39023095921,1055927,0,0,1824,0,0.000000,16384,1647,55927,4,1.000000,0.000000
36506,39024151866,1055945,0,0,1826,0,0.000000,16384,1643,55945,4,1.000000,0.000000
36507,39025207630,1055764,0,0,1822,0,0.000000,16384,1602,55764,4,1.000000,0.000000
36508,39026263345,1055715,0,0,1823,0,0.000000,16384,1599,55715,4,1.000000,0.000000
36509,39027319372,1056027,0,0,1825,0,0.000000,16384,1647,56027,4,1.000000,0.000000
36510,39028397525,1078153,0,0,1793,0,0.000000,16384,1622,78153,4,1.000000,0.000000
36511,39029469130,1071605,0,0,1638,0,0.000000,16384,1427,71605,4,1.000000,0.000000
36512,39030531497,1062367,0,0,1661,0,0.000000,16384,1493,62367,4,1.000000,0.000000
36513,39031591565,1060068,0,0,1661,0,0.000000,16384,1489,60068,4,1.000000,0.000000
36514,39032651163,1059598,0,0,1635,0,0.000000,16384,1429,59598,4,1.000000,0.000000
36515,39033672769,1021606,0,0,1605,0,0.000000,16384,1472,21606,4,1.000000,0.000000
36516,39034729199,1056430,0,0,1659,0,0.000000,16384,1442,56430,4,1.000000,0.000000
36517,39035787221,1058022,0,0,1666,0,0.000000,16384,1498,58022,4,1.000000,0.000000
36518,39036878265,1091044,0,0,1664,0,0.000000,16384,1492,91044,4,1.000000,0.000000
36519,39037944392,1066127,0,0,1539,0,0.000000,16384,1351,66127,4,1.000000,0.000000
36520,39039006956,1062564,0,0,1563,0,0.000000,16384,1414,62564,4,1.000000,0.000000
36521,39040086333,1079377,0,0,1624,0,0.000000,16384,1417,79377,4,1.000000,0.000000
36522,39041147957,1061624,0,0,1602,0,0.000000,16384,1468,61624,4,1.000000,0.000000
36523,39042207158,1059201,0,0,1605,0,0.000000,16384,1390,59201,4,1.000000,0.000000
36524,39043265058,1057900,0,0,1598,0,0.000000,16384,1454,57900,4,1.000000,0.000000
36525,39044322839,1057781,0,0,1630,0,0.000000,16384,1439,57781,4,1.000000,0.000000
36526,39045392312,1069473,0,0,1484,0,0.000000,16384,1333,69473,4,1.000000,0.000000
36527,39046456002,1063690,0,0,1520,0,0.000000,16384,1335,63690,4,1.000000,0.000000
36528,39047513274,1057272,0,0,1776,0,0.000000,16384,1582,57272,4,1.000000,0.000000
36529,39048573849,1060575,0,0,1753,0,0.000000,16384,1590,60575,4,1.000000,0.000000
36530,39049635281,1061432,0,0,1627,0,0.000000,16384,1424,61432,4,1.000000,0.000000
36531,39050673917,1038636,0,0,1606,0,0.000000,16384,1443,38636,4,1.000000,0.000000
36532,39051731874,1057957,0,0,1667,0,0.000000,16384,1490,57957,4,1.000000,0.000000
36533,39052814693,1082819,0,0,1605,0,0.000000,16384,1408,82819,4,1.000000,0.000000
36534,39053875576,1060883,0,0,1568,0,0.000000,16384,1429,60883,4,1.000000,0.000000
36535,39054935054,1059478,0,0,1646,0,0.000000,16384,1426,59478,4,1.000000,0.000000
36536,39055996929,1061875,0,0,1631,0,0.000000,16384,1489,61875,4,1.000000,0.000000
36537,39057057095,1060166,0,0,1661,0,0.000000,16384,1467,60166,4,1.000000,0.000000
36538,39058115375,1058280,0,0,1666,0,0.000000,16384,1476,58280,4,1.000000,0.000000
36539,39059172607,1057232,0,0,1665,0,0.000000,16384,1515,57232,4,1.000000,0.000000
36540,39060228718,1056111,0,0,1660,0,0.000000,16384,1440,56111,4,1.000000,0.000000
36541,39061301749,1073031,0,0,1688,0,0.000000,16384,1523,73031,4,1.000000,0.000000
36542,39062358944,1057195,0,0,1658,0,0.000000,16384,1483,57195,4,1.000000,0.000000
36543,39063416849,1057905,0,0,1658,0,0.000000,16384,1451,57905,4,1.000000,0.000000
36544,39064475169,1058320,0,0,1660,0,0.000000,16384,1515,58320,4,1.000000,0.000000
36545,39065532428,1057259,0,0,1663,0,0.000000,16384,1459,57259,4,1.000000,0.000000
36546,39066588540,1056112,0,0,1663,0,0.000000,16384,1483,56112,4,1.000000,0.000000
36547,39067644537,1055997,0,0,1680,0,0.000000,16384,1520,55997,4,1.000000,0.000000
36548,39068672479,1027942,0,0,1750,0,0.000000,16384,1530,27942,4,1.000000,0.000000
36549,39069731473,1058994,0,0,1739,0,0.000000,16384,1552,58994,4,1.000000,0.000000
36550,39070789215,1057742,0,0,1826,0,0.000000,16384,1649,57742,4,1.000000,0.000000
36551,39071855988,1066773,0,0,1840,0,0.000000,16384,1639,66773,4,1.000000,0.000000
36552,39072911729,1055741,0,0,1801,0,0.000000,16384,1582,55741,4,1.000000,0.000000
36553,39073968021,1056292,0,0,1825,0,0.000000,16384,1620,56292,4,1.000000,0.000000
36554,39075024371,1056350,0,0,1825,0,0.000000,16384,1647,56350,4,1.000000,0.000000
36555,39076080157,1055786,0,0,1823,0,0.000000,16384,1642,55786,4,1.000000,0.000000
36556,39077135703,1055546,0,0,1822,0,0.000000,16384,1602,55546,4,1.000000,0.000000
36557,39078192559,1056856,0,0,1776,0,0.000000,16384,1561,56856,4,1.000000,0.000000
36558,39079248692,1056133,0,0,1823,0,0.000000,16384,1645,56133,4,1.000000,0.000000
36559,39080304556,1055864,0,0,1825,0,0.000000,16384,1647,55864,4,1.000000,0.000000
36560,39081362706,1058150,0,0,1753,0,0.000000,16384,1540,58150,4,1.000000,0.000000
36561,39082431913,1069207,0,0,1583,0,0.000000,16384,1410,69207,4,1.000000,0.000000
36562,39083491596,1059683,0,0,1783,0,0.000000,16384,1615,59683,4,1.000000,0.000000
36563,39084555121,1063525,0,0,1653,0,0.000000,16384,1434,63525,4,1.000000,0.000000
36564,39085616972,1061851,0,0,1783,0,0.000000,16384,1594,61851,4,1.000000,0.000000
36565,39086674919,1057947,0,0,1813,0,0.000000,16384,1638,57947,4,1.000000,0.000000
36566,39087732318,1057399,0,0,1826,0,0.000000,16384,1626,57399,4,1.000000,0.000000
36567,39088789863,1057545,0,0,1711,0,0.000000,16384,1491,57545,4,1.000000,0.000000
36568,39089849387,1059524,0,0,1658,0,0.000000,16384,1507,59524,4,1.000000,0.000000
36569,39090907661,1058274,0,0,1816,0,0.000000,16384,1627,58274,4,1.000000,0.000000
36570,39091963283,1055622,0,0,1820,0,0.000000,16384,1600,55622,4,1.000000,0.000000
36571,39093047726,1084443,0,0,1867,0,0.000000,16384,1643,84443,4,1.000000,0.000000
36572,39094105458,1057732,0,0,1798,0,0.000000,16384,1626,57732,4,1.000000,0.000000
36573,39095163722,1058264,0,0,1700,0,0.000000,16384,1532,58264,4,1.000000,0.000000
36574,39096220273,1056551,0,0,1805,0,0.000000,16384,1585,56551,4,1.000000,0.000000
36575,39097276418,1056145,0,0,1790,0,0.000000,16384,1587,56145,4,1.000000,0.000000
36576,39098331840,1055422,0,0,1820,0,0.000000,16384,1643,55422,4,1.000000,0.000000
36577,39099388172,1056332,0,0,1813,0,0.000000,16384,1629,56332,4,1.000000,0.000000
36578,39100444234,1056062,0,0,1822,0,0.000000,16384,1602,56062,4,1.000000,0.000000
36579,39101500070,1055836,0,0,1822,0,0.000000,16384,1603,55836,4,1.000000,0.000000
36580,39102555789,1055719,0,0,1812,0,0.000000,16384,1636,55719,4,1.000000,0.000000
36581,39103618019,1062230,0,0,1834,0,0.000000,16384,1655,62230,4,1.000000,0.000000
36582,39104670282,1052263,0,0,1811,0,0.000000,16384,1597,52263,4,1.000000,0.000000
36583,39105726117,1055835,0,0,1821,0,0.000000,16384,1601,55835,4,1.000000,0.000000
36584,39106782210,1056093,0,0,1814,0,0.000000,16384,1627,56093,4,1.000000,0.000000
36585,39107838006,1055796,0,0,1804,0,0.000000,16384,1630,55796,4,1.000000,0.000000
36586,39108893631,1055625,0,0,1820,0,0.000000,16384,1616,55625,4,1.000000,0.000000
36587,39109951239,1057608,0,0,1742,0,0.000000,16384,1523,57608,4,1.000000,0.000000
36588,39111007382,1056143,0,0,1825,0,0.000000,16384,1639,56143,4,1.000000,0.000000
36589,39112063432,1056050,0,0,1825,0,0.000000,16384,1646,56050,4,1.000000,0.000000
36590,39113119595,1056163,0,0,1823,0,0.000000,16384,1624,56163,4,1.000000,0.000000
36591,39114182133,1062538,0,0,1833,0,0.000000,16384,1613,62538,4,1.000000,0.000000
36592,39115238336,1056203,0,0,1813,0,0.000000,16384,1607,56203,4,1.000000,0.000000
36593,39116294007,1055671,0,0,1824,0,0.000000,16384,1646,55671,4,1.000000,0.000000
36594,39117349910,1055903,0,0,1820,0,0.000000,16384,1640,55903,4,1.000000,0.000000
36595,39118406110,1056200,0,0,1810,0,0.000000,16384,1590,56200,4,1.000000,0.000000
36596,39119462349,1056239,0,0,1821,0,0.000000,16384,1598,56239,4,1.000000,0.000000
36597,39120519653,1057304,0,0,1706,0,0.000000,16384,1553,57304,4,1.000000,0.000000
36598,39121576057,1056404,0,0,1796,0,0.000000,16384,1608,56404,4,1.000000,0.000000
36599,39122632105,1056048,0,0,1824,0,0.000000,16384,1604,56048,4,1.000000,0.000000
36600,39123670329,1038224,0,0,1776,0,0.000000,16384,1573,38224,4,1.000000,0.000000
36601,39124729913,1059584,0,0,1830,0,0.000000,16384,1651,59584,4,1.000000,0.000000
36602,39125786085,1056172,0,0,1814,0,0.000000,16384,1632,56172,4,1.000000,0.000000
36603,39126841626,1055541,0,0,1820,0,0.000000,16384,1600,55541,4,1.000000,0.000000
36604,39127898207,1056581,0,0,1767,0,0.000000,16384,1557,56581,4,1.000000,0.000000
36605,39128954456,1056249,0,0,1688,0,0.000000,16384,1537,56249,4,1.000000,0.000000
36606,39130011463,1057007,0,0,1746,0,0.000000,16384,1543,57007,4,1.000000,0.000000
36607,39131068535,1057072,0,0,1812,0,0.000000,16384,1592,57072,4,1.000000,0.000000
36608,39132124775,1056240,0,0,1822,0,0.000000,16384,1638,56240,4,1.000000,0.000000
36609,39133182277,1057502,0,0,1824,0,0.000000,16384,1646,57502,4,1.000000,0.000000
36610,39134239258,1056981,0,0,1792,0,0.000000,16384,1590,56981,4,1.000000,0.000000
36611,39135301079,1061821,0,0,1832,0,0.000000,16384,1612,61821,4,1.000000,0.000000
36612,39136356884,1055805,0,0,1811,0,0.000000,16384,1614,55805,4,1.000000,0.000000
36613,39137414175,1057291,0,0,1815,0,0.000000,16384,1639,57291,4,1.000000,0.000000
36614,39138474979,1060804,0,0,1572,0,0.000000,16384,1385,60804,4,1.000000,0.000000
36615,39139534666,1059687,0,0,1782,0,0.000000,16384,1579,59687,4,1.000000,0.000000
36616,39140609699,1075033,0,0,1838,0,0.000000,16384,1658,75033,4,1.000000,0.000000
36617,39141709246,1099547,0,0,1870,0,0.000000,16384,1683,99547,4,1.000000,0.000000
36618,39142772159,1062913,0,0,1799,0,0.000000,16384,1581,62913,4,1.000000,0.000000
36619,39143836880,1064721,0,0,1792,0,0.000000,16384,1572,64721,4,1.000000,0.000000
36620,39144900562,1063682,0,0,1789,0,0.000000,16384,1619,63682,4,1.000000,0.000000
36621,39145984584,1084022,0,0,1807,0,0.000000,16384,1632,84022,4,1.000000,0.000000
36622,39147046193,1061609,0,0,1828,0,0.000000,16384,1608,61609,4,1.000000,0.000000
36623,39148105511,1059318,0,0,1825,0,0.000000,16384,1606,59318,4,1.000000,0.000000
36624,39149161611,1056100,0,0,1802,0,0.000000,16384,1619,56100,4,1.000000,0.000000
36625,39150221285,1059674,0,0,1722,0,0.000000,16384,1565,59674,4,1.000000,0.000000
36626,39151279672,1058387,0,0,1814,0,0.000000,16384,1591,58387,4,1.000000,0.000000
36627,39152336828,1057156,0,0,1822,0,0.000000,16384,1601,57156,4,1.000000,0.000000
36628,39153425076,1088248,0,0,1948,0,0.000000,16384,1743,88248,4,1.000000,0.000000
36629,39154513231,1088155,0,0,1958,0,0.000000,16384,1753,88155,4,1.000000,0.000000
36630,39155604046,1090815,0,0,1895,0,0.000000,16384,1704,90815,4,1.000000,0.000000
36631,39156675321,1071275,0,0,1773,0,0.000000,16384,1586,71275,4,1.000000,0.000000
36632,39157701914,1026593,0,0,1868,0,0.000000,16384,1648,26593,4,1.000000,0.000000
36633,39158764044,1062130,0,0,1916,0,0.000000,16384,1692,62130,4,1.000000,0.000000
36634,39159826358,1062314,0,0,1924,0,0.000000,16384,1714,62314,4,1.000000,0.000000
36635,39160887316,1060958,0,0,1824,0,0.000000,16384,1646,60958,4,1.000000,0.000000
36636,39161948081,1060765,0,0,1910,0,0.000000,16384,1714,60765,4,1.000000,0.000000
36637,39163010440,1062359,0,0,1894,0,0.000000,16384,1690,62359,4,1.000000,0.000000
36638,39164072879,1062439,0,0,1897,0,0.000000,16384,1673,62439,4,1.000000,0.000000
36639,39165135303,1062424,0,0,1881,0,0.000000,16384,1661,62424,4,1.000000,0.000000
36640,39166194386,1059083,0,0,1831,0,0.000000,16384,1634,59083,4,1.000000,0.000000
36641,39167260619,1066233,0,0,1813,0,0.000000,16384,1638,66233,4,1.000000,0.000000
36642,39168346419,1085800,0,0,1939,0,0.000000,16384,1739,85800,4,1.000000,0.000000
36643,39169437301,1090882,0,0,1938,0,0.000000,16384,1722,90882,4,1.000000,0.000000
36644,39170498274,1060973,0,0,1766,0,0.000000,16384,1546,60973,4,1.000000,0.000000
36645,39171556094,1057820,0,0,1815,0,0.000000,16384,1615,57820,4,1.000000,0.000000
36646,39172613133,1057039,0,0,1827,0,0.000000,16384,1649,57039,4,1.000000,0.000000
36647,39173672437,1059304,0,0,1821,0,0.000000,16384,1635,59304,4,1.000000,0.000000
36648,39174729772,1057335,0,0,1817,0,0.000000,16384,1597,57335,4,1.000000,0.000000
36649,39175786438,1056666,0,0,1821,0,0.000000,16384,1603,56666,4,1.000000,0.000000
36650,39176842643,1056205,0,0,1816,0,0.000000,16384,1640,56205,4,1.000000,0.000000
36651,39177908669,1066026,0,0,1826,0,0.000000,16384,1648,66026,4,1.000000,0.000000
36652,39178965509,1056840,0,0,1805,0,0.000000,16384,1589,56840,4,1.000000,0.000000
36653,39180021699,1056190,0,0,1814,0,0.000000,16384,1594,56190,4,1.000000,0.000000
36654,39181077191,1055492,0,0,1823,0,0.000000,16384,1639,55492,4,1.000000,0.000000
36655,39182133544,1056353,0,0,1825,0,0.000000,16384,1647,56353,4,1.000000,0.000000
36656,39183189567,1056023,0,0,1814,0,0.000000,16384,1612,56023,4,1.000000,0.000000
36657,39184245464,1055897,0,0,1812,0,0.000000,16384,1592,55897,4,1.000000,0.000000
36658,39185307412,1061948,0,0,1707,0,0.000000,16384,1530,61948,4,1.000000,0.000000
36659,39186369692,1062280,0,0,1629,0,0.000000,16384,1466,62280,4,1.000000,0.000000
36660,39187427359,1057667,0,0,1775,0,0.000000,16384,1555,57667,4,1.000000,0.000000
36661,39188495467,1068108,0,0,1842,0,0.000000,16384,1644,68108,4,1.000000,0.000000
36662,39189554821,1059354,0,0,1813,0,0.000000,16384,1566,59354,4,1.000000,0.000000
36663,39190617354,1062533,0,0,1773,0,0.000000,16384,1578,62533,4,1.000000,0.000000
36664,39191671745,1054391,0,0,1798,0,0.000000,16384,1625,54391,4,1.000000,0.000000
36665,39192729199,1057454,0,0,1811,0,0.000000,16384,1615,57454,4,1.000000,0.000000
36666,39193785561,1056362,0,0,1659,0,0.000000,16384,1441,56362,4,1.000000,0.000000
36667,39194842160,1056599,0,0,1809,0,0.000000,16384,1636,56599,4,1.000000,0.000000
36668,39195900531,1058371,0,0,1811,0,0.000000,16384,1636,58371,4,1.000000,0.000000
36669,39196957186,1056655,0,0,1779,0,0.000000,16384,1563,56655,4,1.000000,0.000000
36670,39198012955,1055769,0,0,1783,0,0.000000,16384,1567,55769,4,1.000000,0.000000
36671,39199086061,1073106,0,0,1841,0,0.000000,16384,1660,73106,4,1.000000,0.000000
36672,39200143539,1057478,0,0,1812,0,0.000000,16384,1637,57478,4,1.000000,0.000000
36673,39201200984,1057445,0,0,1716,0,0.000000,16384,1505,57445,4,1.000000,0.000000
36674,39202257605,1056621,0,0,1733,0,0.000000,16384,1535,56621,4,1.000000,0.000000
36675,39203313545,1055940,0,0,1814,0,0.000000,16384,1638,55940,4,1.000000,0.000000
36676,39204370169,1056624,0,0,1824,0,0.000000,16384,1635,56624,4,1.000000,0.000000
36677,39205426309,1056140,0,0,1823,0,0.000000,16384,1602,56140,4,1.000000,0.000000
36678,39206481814,1055505,0,0,1822,0,0.000000,16384,1606,55505,4,1.000000,0.000000
36679,39207537883,1056069,0,0,1813,0,0.000000,16384,1638,56069,4,1.000000,0.000000
36680,39208594566,1056683,0,0,1825,0,0.000000,16384,1647,56683,4,1.000000,0.000000
36681,39209655619,1061053,0,0,1821,0,0.000000,16384,1603,61053,4,1.000000,0.000000
36682,39210674653,1019034,0,0,1677,0,0.000000,16384,1476,19034,4,1.000000,0.000000
36683,39211733376,1058723,0,0,1750,0,0.000000,16384,1588,58723,4,1.000000,0.000000
36684,39212790438,1057062,0,0,1817,0,0.000000,16384,1620,57062,4,1.000000,0.000000
36685,39213847422,1056984,0,0,1823,0,0.000000,16384,1603,56984,4,1.000000,0.000000
36686,39214903965,1056543,0,0,1813,0,0.000000,16384,1607,56543,4,1.000000,0.000000
36687,39215960507,1056542,0,0,1812,0,0.000000,16384,1637,56542,4,1.000000,0.000000
36688,39217016225,1055718,0,0,1824,0,0.000000,16384,1640,55718,4,1.000000,0.000000
36689,39218072013,1055788,0,0,1821,0,0.000000,16384,1602,55788,4,1.000000,0.000000
36690,39219127510,1055497,0,0,1812,0,0.000000,16384,1591,55497,4,1.000000,0.000000
36691,39220193160,1065650,0,0,1798,0,0.000000,16384,1626,65650,4,1.000000,0.000000
36692,39221250431,1057271,0,0,1826,0,0.000000,16384,1648,57271,4,1.000000,0.000000
36693,39222306292,1055861,0,0,1822,0,0.000000,16384,1605,55861,4,1.000000,0.000000
36694,39223362177,1055885,0,0,1809,0,0.000000,16384,1589,55885,4,1.000000,0.000000
36695,39224419013,1056836,0,0,1823,0,0.000000,16384,1637,56836,4,1.000000,0.000000
36696,39225475233,1056220,0,0,1823,0,0.000000,16384,1646,56220,4,1.000000,0.000000
36697,39226531103,1055870,0,0,1824,0,0.000000,16384,1623,55870,4,1.000000,0.000000
36698,39227588711,1057608,0,0,1794,0,0.000000,16384,1574,57608,4,1.000000,0.000000
36699,39228646387,1057676,0,0,1807,0,0.000000,16384,1611,57676,4,1.000000,0.000000
36700,39229671632,1025245,0,0,1605,0,0.000000,16384,1461,25245,4,1.000000,0.000000
36701,39230742342,1070710,0,0,1771,0,0.000000,16384,1551,70710,4,1.000000,0.000000
36702,39231798860,1056518,0,0,1824,0,0.000000,16384,1615,56518,4,1.000000,0.000000
36703,39232855640,1056780,0,0,1813,0,0.000000,16384,1638,56780,4,1.000000,0.000000
36704,39233912439,1056799,0,0,1826,0,0.000000,16384,1646,56799,4,1.000000,0.000000
36705,39234968900,1056461,0,0,1813,0,0.000000,16384,1593,56461,4,1.000000,0.000000
36706,39236025087,1056187,0,0,1824,0,0.000000,16384,1600,56187,4,1.000000,0.000000
36707,39237080787,1055700,0,0,1827,0,0.000000,16384,1649,55700,4,1.000000,0.000000
36708,39238168585,1087798,0,0,1847,0,0.000000,16384,1664,87798,4,1.000000,0.000000
36709,39239234252,1065667,0,0,1540,0,0.000000,16384,1341,65667,4,1.000000,0.000000
36710,39240297165,1062913,0,0,1597,0,0.000000,16384,1450,62913,4,1.000000,0.000000
36711,39241375256,1078091,0,0,1687,0,0.000000,16384,1494,78091,4,1.000000,0.000000
36712,39242433471,1058215,0,0,1661,0,0.000000,16384,1464,58215,4,1.000000,0.000000
36713,39243490783,1057312,0,0,1658,0,0.000000,16384,1515,57312,4,1.000000,0.000000
36714,39244590387,1099604,0,0,1818,0,0.000000,16384,1598,99604,4,1.000000,0.000000
36715,39245690051,1099664,0,0,1861,0,0.000000,16384,1641,99664,4,1.000000,0.000000
36716,39246755358,1065307,0,0,1790,0,0.000000,16384,1604,65307,4,1.000000,0.000000
36717,39247817323,1061965,0,0,1727,0,0.000000,16384,1569,61965,4,1.000000,0.000000
36718,39248877767,1060444,0,0,1761,0,0.000000,16384,1545,60444,4,1.000000,0.000000
36719,39249941167,1063400,0,0,1771,0,0.000000,16384,1561,63400,4,1.000000,0.000000
36720,39251000227,1059060,0,0,1687,0,0.000000,16384,1537,59060,4,1.000000,0.000000
36721,39252081302,1081075,0,0,1793,0,0.000000,16384,1589,81075,4,1.000000,0.000000
36722,39253139885,1058583,0,0,1800,0,0.000000,16384,1580,58583,4,1.000000,0.000000
36723,39254196850,1056965,0,0,1822,0,0.000000,16384,1631,56965,4,1.000000,0.000000
36724,39255253779,1056929,0,0,1824,0,0.000000,16384,1646,56929,4,1.000000,0.000000
36725,39256310159,1056380,0,0,1814,0,0.000000,16384,1619,56380,4,1.000000,0.000000
36726,39257368200,1058041,0,0,1760,0,0.000000,16384,1540,58041,4,1.000000,0.000000
36727,39258424973,1056773,0,0,1823,0,0.000000,16384,1627,56773,4,1.000000,0.000000
36728,39259480910,1055937,0,0,1813,0,0.000000,16384,1637,55937,4,1.000000,0.000000
36729,39260537188,1056278,0,0,1780,0,0.000000,16384,1588,56278,4,1.000000,0.000000
36730,39261593343,1056155,0,0,1813,0,0.000000,16384,1593,56155,4,1.000000,0.000000
36731,39262654889,1061546,0,0,1822,0,0.000000,16384,1619,61546,4,1.000000,0.000000
36732,39263670959,1016070,0,0,1734,0,0.000000,16384,1575,16070,4,1.000000,0.000000
36733,39264728503,1057544,0,0,1809,0,0.000000,16384,1607,57544,4,1.000000,0.000000
36734,39265785000,1056497,0,0,1823,0,0.000000,16384,1603,56497,4,1.000000,0.000000
36735,39266841052,1056052,0,0,1813,0,0.000000,16384,1613,56052,4,1.000000,0.000000
36736,39267897056,1056004,0,0,1823,0,0.000000,16384,1646,56004,4,1.000000,0.000000
36737,39268952848,1055792,0,0,1823,0,0.000000,16384,1636,55792,4,1.000000,0.000000
36738,39270011096,1058248,0,0,1763,0,0.000000,16384,1543,58248,4,1.000000,0.000000
36739,39271068622,1057526,0,0,1818,0,0.000000,16384,1613,57526,4,1.000000,0.000000
36740,39272125116,1056494,0,0,1815,0,0.000000,16384,1639,56494,4,1.000000,0.000000
36741,39273188652,1063536,0,0,1835,0,0.000000,16384,1652,63536,4,1.000000,0.000000
36742,39274322665,1134013,0,0,1796,0,0.000000,16384,1576,134013,4,1.000000,0.000000
36743,39275390607,1067942,0,0,1489,0,0.000000,16384,1335,67942,4,1.000000,0.000000
36744,39276456679,1066072,0,0,1473,0,0.000000,16384,1291,66072,4,1.000000,0.000000
36745,39277530280,1073601,0,0,1482,0,0.000000,16384,1355,73601,4,1.000000,0.000000
36746,39278602769,1072489,0,0,1420,0,0.000000,16384,1229,72489,4,1.000000,0.000000
36747,39279791264,1188495,0,0,1595,0,0.000000,16384,1461,188495,4,1.000000,0.000000
36748,39280861375,1070111,0,0,1464,0,0.000000,16384,1267,70111,4,1.000000,0.000000
36749,39281929568,1068193,0,0,1545,0,0.000000,16384,1405,68193,4,1.000000,0.000000
36750,39282995856,1066288,0,0,1445,0,0.000000,16384,1268,66288,4,1.000000,0.000000
36751,39284076615,1080759,0,0,1444,0,0.000000,16384,1290,80759,4,1.000000,0.000000
36752,39285145563,1068948,0,0,1524,0,0.000000,16384,1365,68948,4,1.000000,0.000000
36753,39286208935,1063372,0,0,1665,0,0.000000,16384,1484,63372,4,1.000000,0.000000
36754,39287267028,1058093,0,0,1741,0,0.000000,16384,1521,58093,4,1.000000,0.000000
36755,39288324621,1057593,0,0,1818,0,0.000000,16384,1642,57593,4,1.000000,0.000000
36756,39289381358,1056737,0,0,1640,0,0.000000,16384,1476,56737,4,1.000000,0.000000
36757,39290441146,1059788,0,0,1555,0,0.000000,16384,1361,59788,4,1.000000,0.000000
36758,39291500523,1059377,0,0,1664,0,0.000000,16384,1520,59377,4,1.000000,0.000000
36759,39292557668,1057145,0,0,1790,0,0.000000,16384,1572,57145,4,1.000000,0.000000
36760,39293615443,1057775,0,0,1815,0,0.000000,16384,1591,57775,4,1.000000,0.000000
36761,39294678537,1063094,0,0,1816,0,0.000000,16384,1640,63094,4,1.000000,0.000000
36762,39295735162,1056625,0,0,1794,0,0.000000,16384,1622,56625,4,1.000000,0.000000
36763,39296792923,1057761,0,0,1779,0,0.000000,16384,1564,57761,4,1.000000,0.000000
36764,39297852740,1059817,0,0,1519,0,0.000000,16384,1356,59817,4,1.000000,0.000000
36765,39298913888,1061148,0,0,1813,0,0.000000,16384,1639,61148,4,1.000000,0.000000
36766,39299971442,1057554,0,0,1815,0,0.000000,16384,1590,57554,4,1.000000,0.000000
36767,39301028354,1056912,0,0,1814,0,0.000000,16384,1595,56912,4,1.000000,0.000000
36768,39302085530,1057176,0,0,1813,0,0.000000,16384,1635,57176,4,1.000000,0.000000
36769,39303143796,1058266,0,0,1794,0,0.000000,16384,1623,58266,4,1.000000,0.000000
36770,39304200487,1056691,0,0,1815,0,0.000000,16384,1600,56691,4,1.000000,0.000000
36771,39305281513,1081026,0,0,1845,0,0.000000,16384,1625,81026,4,1.000000,0.000000
36772,39306337716,1056203,0,0,1812,0,0.000000,16384,1620,56203,4,1.000000,0.000000
36773,39307395187,1057471,0,0,1787,0,0.000000,16384,1617,57471,4,1.000000,0.000000
36774,39308450912,1055725,0,0,1812,0,0.000000,16384,1610,55725,4,1.000000,0.000000
36775,39309507531,1056619,0,0,1647,0,0.000000,16384,1438,56619,4,1.000000,0.000000
36776,39310616765,1109234,0,0,1680,0,0.000000,16384,1531,109234,4,1.000000,0.000000
36777,39311677179,1060414,0,0,1544,0,0.000000,16384,1346,60414,4,1.000000,0.000000
36778,39312737330,1060151,0,0,1659,0,0.000000,16384,1497,60151,4,1.000000,0.000000
36779,39313796107,1058777,0,0,1665,0,0.000000,16384,1487,58777,4,1.000000,0.000000
36780,39314856877,1060770,0,0,1795,0,0.000000,16384,1574,60770,4,1.000000,0.000000
36781,39315934858,1077981,0,0,1802,0,0.000000,16384,1617,77981,4,1.000000,0.000000
36782,39316996614,1061756,0,0,1668,0,0.000000,16384,1514,61756,4,1.000000,0.000000
36783,39318054485,1057871,0,0,1662,0,0.000000,16384,1442,57871,4,1.000000,0.000000
36784,39319110924,1056439,0,0,1655,0,0.000000,16384,1500,56439,4,1.000000,0.000000
36785,39320167167,1056243,0,0,1658,0,0.000000,16384,1473,56243,4,1.000000,0.000000
36786,39321222600,1055433,0,0,1542,0,0.000000,16384,1368,55433,4,1.000000,0.000000
36787,39322279141,1056541,0,0,1663,0,0.000000,16384,1500,56541,4,1.000000,0.000000
36788,39323365237,1086096,0,0,1879,0,0.000000,16384,1660,86096,4,1.000000,0.000000
36789,39324455471,1090234,0,0,1894,0,0.000000,16384,1670,90234,4,1.000000,0.000000
36790,39325582833,1127362,0,0,1910,0,0.000000,16384,1702,127362,4,1.000000,0.000000
36791,39326691010,1108177,0,0,2001,0,0.000000,16384,1788,108177,4,1.000000,0.000000
36792,39327735808,1044798,0,0,1874,0,0.000000,16384,1686,44798,4,1.000000,0.000000
36793,39328797375,1061567,0,0,1766,0,0.000000,16384,1587,61567,4,1.000000,0.000000
36794,39329859234,1061859,0,0,1635,0,0.000000,16384,1415,61859,4,1.000000,0.000000
36795,39330921510,1062276,0,0,1553,0,0.000000,16384,1429,62276,4,1.000000,0.000000
36796,39331982374,1060864,0,0,1662,0,0.000000,16384,1449,60864,4,1.000000,0.000000
36797,39333040198,1057824,0,0,1657,0,0.000000,16384,1487,57824,4,1.000000,0.000000
36798,39334096166,1055968,0,0,1720,0,0.000000,16384,1551,55968,4,1.000000,0.000000
36799,39335152989,1056823,0,0,1750,0,0.000000,16384,1530,56823,4,1.000000,0.000000
36800,39336209996,1057007,0,0,1783,0,0.000000,16384,1590,57007,4,1.000000,0.000000
36801,39337277287,1067291,0,0,1840,0,0.000000,16384,1659,67291,4,1.000000,0.000000
36802,39338334683,1057396,0,0,1828,0,0.000000,16384,1637,57396,4,1.000000,0.000000
36803,39339390956,1056273,0,0,1786,0,0.000000,16384,1567,56273,4,1.000000,0.000000
36804,39340485191,1094235,0,0,1647,0,0.000000,16384,1473,94235,4,1.000000,0.000000
36805,39341556524,1071333,0,0,1461,0,0.000000,16384,1299,71333,4,1.000000,0.000000
36806,39342627780,1071256,0,0,1452,0,0.000000,16384,1312,71256,4,1.000000,0.000000
36807,39343786878,1159098,0,0,1575,0,0.000000,16384,1379,159098,4,1.000000,0.000000
36808,39344854411,1067533,0,0,1472,0,0.000000,16384,1339,67533,4,1.000000,0.000000
36809,39345915718,1061307,0,0,1542,0,0.000000,16384,1339,61307,4,1.000000,0.000000
36810,39346974060,1058342,0,0,1594,0,0.000000,16384,1451,58342,4,1.000000,0.000000
36811,39348068982,1094922,0,0,1704,0,0.000000,16384,1507,94922,4,1.000000,0.000000
36812,39349133081,1064099,0,0,1586,0,0.000000,16384,1406,64099,4,1.000000,0.000000
36813,39350193213,1060132,0,0,1735,0,0.000000,16384,1575,60132,4,1.000000,0.000000
36814,39351251881,1058668,0,0,1680,0,0.000000,16384,1464,58668,4,1.000000,0.000000
36815,39352309647,1057766,0,0,1816,0,0.000000,16384,1614,57766,4,1.000000,0.000000
36816,39353365497,1055850,0,0,1825,0,0.000000,16384,1647,55850,4,1.000000,0.000000
36817,39354456159,1090662,0,0,1940,0,0.000000,16384,1739,90662,4,1.000000,0.000000
36818,39355546091,1089932,0,0,1941,0,0.000000,16384,1734,89932,4,1.000000,0.000000
36819,39356637681,1091590,0,0,1977,0,0.000000,16384,1753,91590,4,1.000000,0.000000
36820,39357675074,1037393,0,0,1728,0,0.000000,16384,1508,37393,4,1.000000,0.000000
36821,39358770219,1095145,0,0,1966,0,0.000000,16384,1750,95145,4,1.000000,0.000000
36822,39359832439,1062220,0,0,1921,0,0.000000,16384,1723,62220,4,1.000000,0.000000
36823,39360894718,1062279,0,0,1915,0,0.000000,16384,1720,62279,4,1.000000,0.000000
36824,39361957097,1062379,0,0,1909,0,0.000000,16384,1714,62379,4,1.000000,0.000000
36825,39363016347,1059250,0,0,1828,0,0.000000,16384,1620,59250,4,1.000000,0.000000
36826,39364077065,1060718,0,0,1894,0,0.000000,16384,1674,60718,4,1.000000,0.000000
36827,39365136452,1059387,0,0,1800,0,0.000000,16384,1592,59387,4,1.000000,0.000000
36828,39366192929,1056477,0,0,1816,0,0.000000,16384,1640,56477,4,1.000000,0.000000
36829,39367248805,1055876,0,0,1817,0,0.000000,16384,1637,55876,4,1.000000,0.000000
36830,39368362065,1113260,0,0,1949,0,0.000000,16384,1725,113260,4,1.000000,0.000000
36831,39369462765,1100700,0,0,1902,0,0.000000,16384,1682,100700,4,1.000000,0.000000
36832,39370527569,1064804,0,0,1865,0,0.000000,16384,1641,64804,4,1.000000,0.000000
36833,39371587165,1059596,0,0,1815,0,0.000000,16384,1635,59596,4,1.000000,0.000000
36834,39372675203,1088038,0,0,1971,0,0.000000,16384,1765,88038,4,1.000000,0.000000
36835,39373737667,1062464,0,0,1816,0,0.000000,16384,1638,62464,4,1.000000,0.000000
36836,39374794849,1057182,0,0,1824,0,0.000000,16384,1602,57182,4,1.000000,0.000000
36837,39375851920,1057071,0,0,1805,0,0.000000,16384,1583,57071,4,1.000000,0.000000
36838,39376909303,1057383,0,0,1687,0,0.000000,16384,1538,57383,4,1.000000,0.000000
36839,39377967357,1058054,0,0,1826,0,0.000000,16384,1635,58054,4,1.000000,0.000000
36840,39379023098,1055741,0,0,1700,0,0.000000,16384,1480,55741,4,1.000000,0.000000
36841,39380091317,1068219,0,0,1780,0,0.000000,16384,1597,68219,4,1.000000,0.000000
36842,39381148735,1057418,0,0,1717,0,0.000000,16384,1560,57418,4,1.000000,0.000000
36843,39382205836,1057101,0,0,1801,0,0.000000,16384,1581,57101,4,1.000000,0.000000
36844,39383262145,1056309,0,0,1812,0,0.000000,16384,1591,56309,4,1.000000,0.000000
36845,39384318402,1056257,0,0,1823,0,0.000000,16384,1646,56257,4,1.000000,0.000000
36846,39385374173,1055771,0,0,1824,0,0.000000,16384,1646,55771,4,1.000000,0.000000
36847,39386430212,1056039,0,0,1822,0,0.000000,16384,1610,56039,4,1.000000,0.000000
36848,39387486270,1056058,0,0,1823,0,0.000000,16384,1603,56058,4,1.000000,0.000000
36849,39388542529,1056259,0,0,1802,0,0.000000,16384,1613,56259,4,1.000000,0.000000
36850,39389600282,1057753,0,0,1827,0,0.000000,16384,1649,57753,4,1.000000,0.000000
36851,39390664269,1063987,0,0,1758,0,0.000000,16384,1561,63987,4,1.000000,0.000000
36852,39391724803,1060534,0,0,1803,0,0.000000,16384,1582,60534,4,1.000000,0.000000
36853,39392781413,1056610,0,0,1814,0,0.000000,16384,1625,56610,4,1.000000,0.000000
36854,39393838598,1057185,0,0,1798,0,0.000000,16384,1625,57185,4,1.000000,0.000000
36855,39394895972,1057374,0,0,1786,0,0.000000,16384,1585,57374,4,1.000000,0.000000
36856,39395952915,1056943,0,0,1723,0,0.000000,16384,1503,56943,4,1.000000,0.000000
36857,39397014049,1061134,0,0,1832,0,0.000000,16384,1653,61134,4,1.000000,0.000000
36858,39398074510,1060461,0,0,1789,0,0.000000,16384,1619,60461,4,1.000000,0.000000
36859,39399131353,1056843,0,0,1814,0,0.000000,16384,1598,56843,4,1.000000,0.000000
36860,39400187660,1056307,0,0,1820,0,0.000000,16384,1601,56307,4,1.000000,0.000000
36861,39401268409,1080749,0,0,1860,0,0.000000,16384,1635,80749,4,1.000000,0.000000
36862,39402329930,1061521,0,0,1830,0,0.000000,16384,1610,61521,4,1.000000,0.000000
36863,39403387557,1057627,0,0,1826,0,0.000000,16384,1619,57627,4,1.000000,0.000000
36864,39404443459,1055902,0,0,1825,0,0.000000,16384,1647,55902,4,1.000000,0.000000
36865,39405499595,1056136,0,0,1825,0,0.000000,16384,1645,56136,4,1.000000,0.000000
36866,39406555821,1056226,0,0,1822,0,0.000000,16384,1599,56226,4,1.000000,0.000000
36867,39407611742,1055921,0,0,1800,0,0.000000,16384,1580,55921,4,1.000000,0.000000
36868,39408668970,1057228,0,0,1820,0,0.000000,16384,1645,57228,4,1.000000,0.000000
36869,39409726329,1057359,0,0,1733,0,0.000000,16384,1568,57359,4,1.000000,0.000000
36870,39410788607,1062278,0,0,1758,0,0.000000,16384,1538,62278,4,1.000000,0.000000
36871,39411858523,1069916,0,0,1822,0,0.000000,16384,1612,69916,4,1.000000,0.000000
36872,39412915554,1057031,0,0,1826,0,0.000000,16384,1648,57031,4,1.000000,0.000000
36873,39413971891,1056337,0,0,1825,0,0.000000,16384,1649,56337,4,1.000000,0.000000
36874,39415028354,1056463,0,0,1824,0,0.000000,16384,1600,56463,4,1.000000,0.000000
36875,39416086107,1057753,0,0,1791,0,0.000000,16384,1571,57753,4,1.000000,0.000000
36876,39417146447,1060340,0,0,1819,0,0.000000,16384,1642,60340,4,1.000000,0.000000
36877,39418207095,1060648,0,0,1830,0,0.000000,16384,1652,60648,4,1.000000,0.000000
36878,39419270930,1063835,0,0,1825,0,0.000000,16384,1616,63835,4,1.000000,0.000000
36879,39420329510,1058580,0,0,1686,0,0.000000,16384,1473,58580,4,1.000000,0.000000
36880,39421386830,1057320,0,0,1825,0,0.000000,16384,1647,57320,4,1.000000,0.000000
36881,39422452702,1065872,0,0,1839,0,0.000000,16384,1659,65872,4,1.000000,0.000000
36882,39423509326,1056624,0,0,1747,0,0.000000,16384,1538,56624,4,1.000000,0.000000
36883,39424568459,1059133,0,0,1663,0,0.000000,16384,1471,59133,4,1.000000,0.000000
36884,39425626537,1058078,0,0,1666,0,0.000000,16384,1518,58078,4,1.000000,0.000000
36885,39426670483,1043946,0,0,1785,0,0.000000,16384,1565,43946,4,1.000000,0.000000
36886,39427726865,1056382,0,0,1823,0,0.000000,16384,1604,56382,4,1.000000,0.000000
36887,39428783477,1056612,0,0,1713,0,0.000000,16384,1557,56612,4,1.000000,0.000000
36888,39429839229,1055752,0,0,1824,0,0.000000,16384,1635,55752,4,1.000000,0.000000
36889,39430897916,1058687,0,0,1741,0,0.000000,16384,1521,58687,4,1.000000,0.000000
36890,39431955855,1057939,0,0,1820,0,0.000000,16384,1620,57939,4,1.000000,0.000000
36891,39433019105,1063250,0,0,1780,0,0.000000,16384,1612,63250,4,1.000000,0.000000
36892,39434076096,1056991,0,0,1739,0,0.000000,16384,1543,56991,4,1.000000,0.000000
36893,39435132484,1056388,0,0,1822,0,0.000000,16384,1602,56388,4,1.000000,0.000000
36894,39436187741,1055257,0,0,1817,0,0.000000,16384,1625,55257,4,1.000000,0.000000
36895,39437243585,1055844,0,0,1824,0,0.000000,16384,1646,55844,4,1.000000,0.000000
36896,39438299570,1055985,0,0,1824,0,0.000000,16384,1630,55985,4,1.000000,0.000000
36897,39439355872,1056302,0,0,1823,0,0.000000,16384,1603,56302,4,1.000000,0.000000
36898,39440411721,1055849,0,0,1823,0,0.000000,16384,1611,55849,4,1.000000,0.000000
36899,39441472675,1060954,0,0,1659,0,0.000000,16384,1515,60954,4,1.000000,0.000000
36900,39442533378,1060703,0,0,1624,0,0.000000,16384,1420,60703,4,1.000000,0.000000
36901,39443602315,1068937,0,0,1681,0,0.000000,16384,1505,68937,4,1.000000,0.000000
36902,39444659833,1057518,0,0,1811,0,0.000000,16384,1636,57518,4,1.000000,0.000000
36903,39445672801,1012968,0,0,1743,0,0.000000,16384,1534,12968,4,1.000000,0.000000
36904,39446731425,1058624,0,0,1732,0,0.000000,16384,1526,58624,4,1.000000,0.000000
36905,39447789138,1057713,0,0,1671,0,0.000000,16384,1524,57713,4,1.000000,0.000000
36906,39448845007,1055869,0,0,1788,0,0.000000,16384,1576,55869,4,1.000000,0.000000
36907,39449901398,1056391,0,0,1821,0,0.000000,16384,1602,56391,4,1.000000,0.000000
36908,39450968233,1066835,0,0,1782,0,0.000000,16384,1602,66835,4,1.000000,0.000000
36909,39452030633,1062400,0,0,1644,0,0.000000,16384,1484,62400,4,1.000000,0.000000
36910,39453089177,1058544,0,0,1661,0,0.000000,16384,1441,58544,4,1.000000,0.000000
36911,39454167732,1078555,0,0,1695,0,0.000000,16384,1544,78555,4,1.000000,0.000000
36912,39455224325,1056593,0,0,1663,0,0.000000,16384,1474,56593,4,1.000000,0.000000
36913,39456281401,1057076,0,0,1634,0,0.000000,16384,1445,57076,4,1.000000,0.000000
36914,39457338806,1057405,0,0,1598,0,0.000000,16384,1451,57405,4,1.000000,0.000000
36915,39458398072,1059266,0,0,1643,0,0.000000,16384,1423,59266,4,1.000000,0.000000
36916,39459485231,1087159,0,0,1954,0,0.000000,16384,1750,87159,4,1.000000,0.000000
36917,39460574251,1089020,0,0,1965,0,0.000000,16384,1759,89020,4,1.000000,0.000000
36918,39461662808,1088557,0,0,1974,0,0.000000,16384,1766,88557,4,1.000000,0.000000
36919,39462710216,1047408,0,0,1894,0,0.000000,16384,1703,47408,4,1.000000,0.000000
36920,39463772753,1062537,0,0,1927,0,0.000000,16384,1724,62537,4,1.000000,0.000000
36921,39464842812,1070059,0,0,1906,0,0.000000,16384,1681,70059,4,1.000000,0.000000
36922,39465905131,1062319,0,0,1916,0,0.000000,16384,1697,62319,4,1.000000,0.000000
36923,39466967628,1062497,0,0,1910,0,0.000000,16384,1686,62497,4,1.000000,0.000000
36924,39468026500,1058872,0,0,1829,0,0.000000,16384,1644,58872,4,1.000000,0.000000
36925,39469083145,1056645,0,0,1825,0,0.000000,16384,1648,56645,4,1.000000,0.000000
36926,39470139751,1056606,0,0,1804,0,0.000000,16384,1601,56606,4,1.000000,0.000000
36927,39471202256,1062505,0,0,1744,0,0.000000,16384,1525,62505,4,1.000000,0.000000
36928,39472265411,1063155,0,0,1643,0,0.000000,16384,1494,63155,4,1.000000,0.000000
36929,39473325451,1060040,0,0,1660,0,0.000000,16384,1469,60040,4,1.000000,0.000000
36930,39474382023,1056572,0,0,1664,0,0.000000,16384,1471,56572,4,1.000000,0.000000
36931,39475452108,1070085,0,0,1799,0,0.000000,16384,1627,70085,4,1.000000,0.000000
36932,39476510081,1057973,0,0,1826,0,0.000000,16384,1631,57973,4,1.000000,0.000000
36933,39477567330,1057249,0,0,1825,0,0.000000,16384,1605,57249,4,1.000000,0.000000
36934,39478624624,1057294,0,0,1799,0,0.000000,16384,1592,57294,4,1.000000,0.000000
36935,39479670972,1046348,0,0,1802,0,0.000000,16384,1629,46348,4,1.000000,0.000000
36936,39480727425,1056453,0,0,1799,0,0.000000,16384,1615,56453,4,1.000000,0.000000
36937,39481783630,1056205,0,0,1785,0,0.000000,16384,1565,56205,4,1.000000,0.000000
36938,39482840024,1056394,0,0,1823,0,0.000000,16384,1613,56394,4,1.000000,0.000000
36939,39483897007,1056983,0,0,1824,0,0.000000,16384,1647,56983,4,1.000000,0.000000
36940,39484953360,1056353,0,0,1803,0,0.000000,16384,1626,56353,4,1.000000,0.000000
36941,39486014739,1061379,0,0,1822,0,0.000000,16384,1601,61379,4,1.000000,0.000000
36942,39487070392,1055653,0,0,1821,0,0.000000,16384,1598,55653,4,1.000000,0.000000
36943,39488126176,1055784,0,0,1824,0,0.000000,16384,1646,55784,4,1.000000,0.000000
36944,39489181757,1055581,0,0,1749,0,0.000000,16384,1587,55581,4,1.000000,0.000000
36945,39490243864,1062107,0,0,1695,0,0.000000,16384,1475,62107,4,1.000000,0.000000
36946,39491305817,1061953,0,0,1666,0,0.000000,16384,1494,61953,4,1.000000,0.000000
36947,39492364627,1058810,0,0,1763,0,0.000000,16384,1595,58810,4,1.000000,0.000000
36948,39493420274,1055647,0,0,1821,0,0.000000,16384,1600,55647,4,1.000000,0.000000
36949,39494477863,1057589,0,0,1812,0,0.000000,16384,1589,57589,4,1.000000,0.000000
36950,39495535896,1058033,0,0,1825,0,0.000000,16384,1648,58033,4,1.000000,0.000000
36951,39496609955,1074059,0,0,1786,0,0.000000,16384,1615,74059,4,1.000000,0.000000
36952,39497672257,1062302,0,0,1751,0,0.000000,16384,1539,62302,4,1.000000,0.000000
36953,39498728624,1056367,0,0,1813,0,0.000000,16384,1594,56367,4,1.000000,0.000000
36954,39499784342,1055718,0,0,1822,0,0.000000,16384,1645,55718,4,1.000000,0.000000
36955,39500840399,1056057,0,0,1821,0,0.000000,16384,1644,56057,4,1.000000,0.000000
36956,39501897090,1056691,0,0,1812,0,0.000000,16384,1597,56691,4,1.000000,0.000000
36957,39502953424,1056334,0,0,1823,0,0.000000,16384,1602,56334,4,1.000000,0.000000
36958,39504009042,1055618,0,0,1824,0,0.000000,16384,1635,55618,4,1.000000,0.000000
36959,39505064724,1055682,0,0,1824,0,0.000000,16384,1647,55682,4,1.000000,0.000000
36960,39506120327,1055603,0,0,1814,0,0.000000,16384,1617,55603,4,1.000000,0.000000
36961,39507191301,1070974,0,0,1846,0,0.000000,16384,1626,70974,4,1.000000,0.000000
36962,39508247613,1056312,0,0,1825,0,0.000000,16384,1613,56312,4,1.000000,0.000000
36963,39509303599,1055986,0,0,1825,0,0.000000,16384,1647,55986,4,1.000000,0.000000
36964,39510360200,1056601,0,0,1768,0,0.000000,16384,1593,56601,4,1.000000,0.000000
36965,39511418486,1058286,0,0,1708,0,0.000000,16384,1489,58286,4,1.000000,0.000000
36966,39512475710,1057224,0,0,1663,0,0.000000,16384,1498,57224,4,1.000000,0.000000
36967,39513532019,1056309,0,0,1789,0,0.000000,16384,1614,56309,4,1.000000,0.000000
36968,39514588624,1056605,0,0,1824,0,0.000000,16384,1604,56605,4,1.000000,0.000000
36969,39515645137,1056513,0,0,1809,0,0.000000,16384,1586,56513,4,1.000000,0.000000
36970,39516671543,1026406,0,0,1768,0,0.000000,16384,1603,26406,4,1.000000,0.000000
36971,39517733993,1062450,0,0,1833,0,0.000000,16384,1655,62450,4,1.000000,0.000000
36972,39518789782,1055789,0,0,1820,0,0.000000,16384,1598,55789,4,1.000000,0.000000
36973,39519845640,1055858,0,0,1807,0,0.000000,16384,1587,55858,4,1.000000,0.000000
36974,39520901678,1056038,0,0,1824,0,0.000000,16384,1642,56038,4,1.000000,0.000000
36975,39521957532,1055854,0,0,1822,0,0.000000,16384,1645,55854,4,1.000000,0.000000
36976,39523013214,1055682,0,0,1822,0,0.000000,16384,1617,55682,4,1.000000,0.000000
36977,39524068945,1055731,0,0,1801,0,0.000000,16384,1581,55731,4,1.000000,0.000000
36978,39525124844,1055899,0,0,1776,0,0.000000,16384,1589,55899,4,1.000000,0.000000
36979,39526180543,1055699,0,0,1808,0,0.000000,16384,1634,55699,4,1.000000,0.000000
36980,39527236378,1055835,0,0,1823,0,0.000000,16384,1619,55835,4,1.000000,0.000000
36981,39528248195,1011817,0,0,1744,0,0.000000,16384,1524,11817,4,1.000000,0.000000
36982,39529306121,1057926,0,0,1810,0,0.000000,16384,1626,57926,4,1.000000,0.000000
36983,39530363020,1056899,0,0,1827,0,0.000000,16384,1649,56899,4,1.000000,0.000000
36984,39531424928,1061908,0,0,1728,0,0.000000,16384,1526,61908,4,1.000000,0.000000
36985,39532483362,1058434,0,0,1780,0,0.000000,16384,1561,58434,4,1.000000,0.000000
36986,39533548812,1065450,0,0,1634,0,0.000000,16384,1495,65450,4,1.000000,0.000000
36987,39535288024,1739212,0,0,2329,0,0.000000,16384,2050,739212,4,1.000000,0.000000
36988,39536363521,1075497,0,0,1480,0,0.000000,16384,1334,75497,4,1.000000,0.000000
36989,39537631821,1268300,0,0,1686,0,0.000000,16384,1480,268300,4,1.000000,0.000000
36990,39538690413,1058592,0,0,1427,0,0.000000,16384,1297,58592,4,1.000000,0.000000
36991,39539780970,1090557,0,0,1553,0,0.000000,16384,1368,90557,4,1.000000,0.000000
36992,39540843352,1062382,0,0,1579,0,0.000000,16384,1428,62382,4,1.000000,0.000000
36993,39541943055,1099703,0,0,1685,0,0.000000,16384,1465,99703,4,1.000000,0.000000
36994,39543007932,1064877,0,0,1527,0,0.000000,16384,1409,64877,4,1.000000,0.000000
36995,39544070629,1062697,0,0,1562,0,0.000000,16384,1344,62697,4,1.000000,0.000000
36996,39545127829,1057200,0,0,1559,0,0.000000,16384,1432,57200,4,1.000000,0.000000
36997,39546186101,1058272,0,0,1556,0,0.000000,16384,1347,58272,4,1.000000,0.000000
36998,39547244481,1058380,0,0,1560,0,0.000000,16384,1427,58380,4,1.000000,0.000000
36999,39548302080,1057599,0,0,1535,0,0.000000,16384,1332,57599,4,1.000000,0.000000
37000,39549373970,1071890,0,0,1566,0,0.000000,16384,1429,71890,4,1.000000,0.000000
37001,39550486631,1112661,0,0,1705,0,0.000000,16384,1505,112661,4,1.000000,0.000000
37002,39551550335,1063704,0,0,1601,0,0.000000,16384,1421,63704,4,1.000000,0.000000
37003,39552612198,1061863,0,0,1560,0,0.000000,16384,1401,61863,4,1.000000,0.000000
37004,39553672631,1060433,0,0,1556,0,0.000000,16384,1372,60433,4,1.000000,0.000000
37005,39554731456,1058825,0,0,1558,0,0.000000,16384,1406,58825,4,1.000000,0.000000
37006,39555794273,1062817,0,0,1655,0,0.000000,16384,1446,62817,4,1.000000,0.000000
37007,39556858919,1064646,0,0,1655,0,0.000000,16384,1511,64646,4,1.000000,0.000000
37008,39557921294,1062375,0,0,1643,0,0.000000,16384,1440,62375,4,1.000000,0.000000
37009,39558984918,1063624,0,0,1780,0,0.000000,16384,1579,63624,4,1.000000,0.000000
37010,39560045173,1060255,0,0,1671,0,0.000000,16384,1524,60255,4,1.000000,0.000000
37011,39561127110,1081937,0,0,1693,0,0.000000,16384,1481,81937,4,1.000000,0.000000
37012,39562184442,1057332,0,0,1662,0,0.000000,16384,1484,57332,4,1.000000,0.000000
37013,39563246713,1062271,0,0,1668,0,0.000000,16384,1505,62271,4,1.000000,0.000000
37014,39564303274,1056561,0,0,1809,0,0.000000,16384,1590,56561,4,1.000000,0.000000
37015,39565359670,1056396,0,0,1781,0,0.000000,16384,1579,56396,4,1.000000,0.000000
37016,39566416369,1056699,0,0,1826,0,0.000000,16384,1648,56699,4,1.000000,0.000000
37017,39567472288,1055919,0,0,1824,0,0.000000,16384,1639,55919,4,1.000000,0.000000
37018,39568528296,1056008,0,0,1822,0,0.000000,16384,1603,56008,4,1.000000,0.000000
37019,39569584198,1055902,0,0,1810,0,0.000000,16384,1591,55902,4,1.000000,0.000000
37020,39570639721,1055523,0,0,1823,0,0.000000,16384,1646,55523,4,1.000000,0.000000
37021,39571677197,1037476,0,0,1580,0,0.000000,16384,1412,37476,4,1.000000,0.000000
37022,39572739800,1062603,0,0,1809,0,0.000000,16384,1589,62603,4,1.000000,0.000000
37023,39573796185,1056385,0,0,1822,0,0.000000,16384,1635,56385,4,1.000000,0.000000
37024,39574852901,1056716,0,0,1825,0,0.000000,16384,1648,56716,4,1.000000,0.000000
37025,39575909775,1056874,0,0,1776,0,0.000000,16384,1576,56874,4,1.000000,0.000000
37026,39576965954,1056179,0,0,1656,0,0.000000,16384,1449,56179,4,1.000000,0.000000
37027,39578022301,1056347,0,0,1662,0,0.000000,16384,1518,56347,4,1.000000,0.000000
37028,39579080203,1057902,0,0,1704,0,0.000000,16384,1499,57902,4,1.000000,0.000000
37029,39580137385,1057182,0,0,1738,0,0.000000,16384,1535,57182,4,1.000000,0.000000
37030,39581195680,1058295,0,0,1698,0,0.000000,16384,1546,58295,4,1.000000,0.000000
37031,39582267920,1072240,0,0,1753,0,0.000000,16384,1544,72240,4,1.000000,0.000000
37032,39583330462,1062542,0,0,1691,0,0.000000,16384,1492,62542,4,1.000000,0.000000
37033,39584389079,1058617,0,0,1814,0,0.000000,16384,1638,58617,4,1.000000,0.000000
37034,39585445523,1056444,0,0,1824,0,0.000000,16384,1639,56444,4,1.000000,0.000000
37035,39586503749,1058226,0,0,1825,0,0.000000,16384,1605,58226,4,1.000000,0.000000
37036,39587561829,1058080,0,0,1818,0,0.000000,16384,1597,58080,4,1.000000,0.000000
37037,39588656367,1094538,0,0,1838,0,0.000000,16384,1658,94538,4,1.000000,0.000000
37038,39589704605,1048238,0,0,1784,0,0.000000,16384,1614,48238,4,1.000000,0.000000
37039,39590768892,1064287,0,0,1615,0,0.000000,16384,1401,64287,4,1.000000,0.000000
37040,39591834488,1065596,0,0,1598,0,0.000000,16384,1451,65596,4,1.000000,0.000000
37041,39592912263,1077775,0,0,1605,0,0.000000,16384,1417,77775,4,1.000000,0.000000
37042,39593970693,1058430,0,0,1660,0,0.000000,16384,1476,58430,4,1.000000,0.000000
37043,39595028320,1057627,0,0,1665,0,0.000000,16384,1509,57627,4,1.000000,0.000000
37044,39596089007,1060687,0,0,1757,0,0.000000,16384,1537,60687,4,1.000000,0.000000
37045,39597148994,1059987,0,0,1734,0,0.000000,16384,1547,59987,4,1.000000,0.000000
37046,39598210225,1061231,0,0,1810,0,0.000000,16384,1635,61231,4,1.000000,0.000000
37047,39599271307,1061082,0,0,1815,0,0.000000,16384,1612,61082,4,1.000000,0.000000
37048,39600357525,1086218,0,0,1936,0,0.000000,16384,1717,86218,4,1.000000,0.000000
37049,39601446654,1089129,0,0,1952,0,0.000000,16384,1728,89129,4,1.000000,0.000000
37050,39602536810,1090156,0,0,1940,0,0.000000,16384,1716,90156,4,1.000000,0.000000
37051,39603633441,1096631,0,0,1985,0,0.000000,16384,1772,96631,4,1.000000,0.000000
37052,39604702271,1068830,0,0,1934,0,0.000000,16384,1733,68830,4,1.000000,0.000000
37053,39605764635,1062364,0,0,1918,0,0.000000,16384,1723,62364,4,1.000000,0.000000
37054,39606827391,1062756,0,0,1923,0,0.000000,16384,1725,62756,4,1.000000,0.000000
37055,39607889683,1062292,0,0,1916,0,0.000000,16384,1711,62292,4,1.000000,0.000000
37056,39608951536,1061853,0,0,1907,0,0.000000,16384,1682,61853,4,1.000000,0.000000
37057,39610014861,1063325,0,0,1781,0,0.000000,16384,1562,63325,4,1.000000,0.000000
37058,39611085259,1070398,0,0,1536,0,0.000000,16384,1412,70398,4,1.000000,0.000000
37059,39612183168,1097909,0,0,1514,0,0.000000,16384,1304,97909,4,1.000000,0.000000
37060,39613255417,1072249,0,0,1448,0,0.000000,16384,1247,72249,4,1.000000,0.000000
37061,39614364185,1108768,0,0,1540,0,0.000000,16384,1402,108768,4,1.000000,0.000000
37062,39615433684,1069499,0,0,1529,0,0.000000,16384,1334,69499,4,1.000000,0.000000
37063,39616508027,1074343,0,0,1407,0,0.000000,16384,1266,74343,4,1.000000,0.000000
37064,39617583725,1075698,0,0,1455,0,0.000000,16384,1305,75698,4,1.000000,0.000000
37065,39618655027,1071302,0,0,1480,0,0.000000,16384,1298,71302,4,1.000000,0.000000
37066,39619687356,1032329,0,0,1498,0,0.000000,16384,1365,32329,4,1.000000,0.000000
37067,39620749275,1061919,0,0,1553,0,0.000000,16384,1350,61919,4,1.000000,0.000000
37068,39621808063,1058788,0,0,1558,0,0.000000,16384,1420,58788,4,1.000000,0.000000
37069,39622867502,1059439,0,0,1574,0,0.000000,16384,1376,59439,4,1.000000,0.000000
37070,39623925229,1057727,0,0,1660,0,0.000000,16384,1492,57727,4,1.000000,0.000000
37071,39625005885,1080656,0,0,1692,0,0.000000,16384,1520,80656,4,1.000000,0.000000
37072,39626063069,1057184,0,0,1656,0,0.000000,16384,1438,57184,4,1.000000,0.000000
37073,39627120957,1057888,0,0,1644,0,0.000000,16384,1503,57888,4,1.000000,0.000000
37074,39628177143,1056186,0,0,1634,0,0.000000,16384,1437,56186,4,1.000000,0.000000
37075,39629235867,1058724,0,0,1542,0,0.000000,16384,1385,58724,4,1.000000,0.000000
37076,39630293452,1057585,0,0,1813,0,0.000000,16384,1629,57585,4,1.000000,0.000000
37077,39631356701,1063249,0,0,1618,0,0.000000,16384,1399,63249,4,1.000000,0.000000
37078,39632420238,1063537,0,0,1556,0,0.000000,16384,1429,63537,4,1.000000,0.000000
37079,39633479563,1059325,0,0,1716,0,0.000000,16384,1507,59325,4,1.000000,0.000000
37080,39634535564,1056001,0,0,1813,0,0.000000,16384,1597,56001,4,1.000000,0.000000
37081,39635607557,1071993,0,0,1821,0,0.000000,16384,1644,71993,4,1.000000,0.000000
37082,39636667900,1060343,0,0,1810,0,0.000000,16384,1637,60343,4,1.000000,0.000000
37083,39637727270,1059370,0,0,1626,0,0.000000,16384,1407,59370,4,1.000000,0.000000
37084,39638786135,1058865,0,0,1805,0,0.000000,16384,1617,58865,4,1.000000,0.000000
37085,39639843064,1056929,0,0,1684,0,0.000000,16384,1532,56929,4,1.000000,0.000000
37086,39640899303,1056239,0,0,1583,0,0.000000,16384,1364,56239,4,1.000000,0.000000
37087,39641955924,1056621,0,0,1796,0,0.000000,16384,1623,56621,4,1.000000,0.000000
37088,39643021737,1065813,0,0,1675,0,0.000000,16384,1508,65813,4,1.000000,0.000000
37089,39644084754,1063017,0,0,1749,0,0.000000,16384,1529,63017,4,1.000000,0.000000
37090,39645145504,1060750,0,0,1646,0,0.000000,16384,1487,60750,4,1.000000,0.000000
37091,39646216891,1071387,0,0,1762,0,0.000000,16384,1581,71387,4,1.000000,0.000000
37092,39647272925,1056034,0,0,1812,0,0.000000,16384,1592,56034,4,1.000000,0.000000
37093,39648334560,1061635,0,0,1797,0,0.000000,16384,1591,61635,4,1.000000,0.000000
37094,39649396819,1062259,0,0,1801,0,0.000000,16384,1628,62259,4,1.000000,0.000000
37095,39650454280,1057461,0,0,1814,0,0.000000,16384,1629,57461,4,1.000000,0.000000
37096,39651511896,1057616,0,0,1814,0,0.000000,16384,1594,57616,4,1.000000,0.000000
37097,39652569952,1058056,0,0,1739,0,0.000000,16384,1538,58056,4,1.000000,0.000000
37098,39653626106,1056154,0,0,1814,0,0.000000,16384,1639,56154,4,1.000000,0.000000
37099,39654672127,1046021,0,0,1732,0,0.000000,16384,1544,46021,4,1.000000,0.000000
37100,39655729079,1056952,0,0,1814,0,0.000000,16384,1594,56952,4,1.000000,0.000000
37101,39656795838,1066759,0,0,1838,0,0.000000,16384,1638,66759,4,1.000000,0.000000
37102,39657854669,1058831,0,0,1687,0,0.000000,16384,1536,58831,4,1.000000,0.000000
37103,39658918866,1064197,0,0,1725,0,0.000000,16384,1516,64197,4,1.000000,0.000000
37104,39659989123,1070257,0,0,1476,0,0.000000,16384,1326,70257,4,1.000000,0.000000
37105,39661062310,1073187,0,0,1497,0,0.000000,16384,1311,73187,4,1.000000,0.000000
37106,39662131862,1069552,0,0,1524,0,0.000000,16384,1387,69552,4,1.000000,0.000000
37107,39663193286,1061424,0,0,1519,0,0.000000,16384,1319,61424,4,1.000000,0.000000
37108,39664253340,1060054,0,0,1609,0,0.000000,16384,1464,60054,4,1.000000,0.000000
37109,39665316467,1063127,0,0,1651,0,0.000000,16384,1461,63127,4,1.000000,0.000000
37110,39666376463,1059996,0,0,1660,0,0.000000,16384,1468,59996,4,1.000000,0.000000
37111,39667471067,1094604,0,0,1634,0,0.000000,16384,1486,94604,4,1.000000,0.000000
37112,39668529606,1058539,0,0,1760,0,0.000000,16384,1540,58539,4,1.000000,0.000000
37113,39669581758,1052152,0,0,1787,0,0.000000,16384,1586,52152,4,1.000000,0.000000
37114,39670686135,1104377,0,0,1867,0,0.000000,16384,1682,104377,4,1.000000,0.000000
37115,39671710505,1024370,0,0,1746,0,0.000000,16384,1568,24370,4,1.000000,0.000000
37116,39672772460,1061955,0,0,1630,0,0.000000,16384,1413,61955,4,1.000000,0.000000
37117,39673836671,1064211,0,0,1805,0,0.000000,16384,1632,64211,4,1.000000,0.000000
37118,39674897241,1060570,0,0,1668,0,0.000000,16384,1498,60570,4,1.000000,0.000000
37119,39675954873,1057632,0,0,1662,0,0.000000,16384,1447,57632,4,1.000000,0.000000
37120,39677016457,1061584,0,0,1775,0,0.000000,16384,1607,61584,4,1.000000,0.000000
37121,39678092733,1076276,0,0,1842,0,0.000000,16384,1661,76276,4,1.000000,0.000000
37122,39679152183,1059450,0,0,1716,0,0.000000,16384,1500,59450,4,1.000000,0.000000
37123,39680210912,1058729,0,0,1665,0,0.000000,16384,1485,58729,4,1.000000,0.000000
37124,39681267904,1056992,0,0,1807,0,0.000000,16384,1633,56992,4,1.000000,0.000000
37125,39682328416,1060512,0,0,1819,0,0.000000,16384,1609,60512,4,1.000000,0.000000
37126,39683417746,1089330,0,0,1951,0,0.000000,16384,1731,89330,4,1.000000,0.000000
37127,39684509724,1091978,0,0,1913,0,0.000000,16384,1688,91978,4,1.000000,0.000000
37128,39685598597,1088873,0,0,1967,0,0.000000,16384,1746,88873,4,1.000000,0.000000
37129,39686687888,1089291,0,0,1966,0,0.000000,16384,1761,89291,4,1.000000,0.000000
37130,39687749967,1062079,0,0,1931,0,0.000000,16384,1731,62079,4,1.000000,0.000000
37131,39688820397,1070430,0,0,1937,0,0.000000,16384,1738,70430,4,1.000000,0.000000
37132,39689879912,1059515,0,0,1819,0,0.000000,16384,1633,59515,4,1.000000,0.000000
37133,39690940991,1061079,0,0,1909,0,0.000000,16384,1685,61079,4,1.000000,0.000000
37134,39692031651,1090660,0,0,1852,0,0.000000,16384,1632,90660,4,1.000000,0.000000
37135,39693095240,1063589,0,0,1606,0,0.000000,16384,1454,63589,4,1.000000,0.000000
37136,39694155600,1060360,0,0,1730,0,0.000000,16384,1542,60360,4,1.000000,0.000000
37137,39695213071,1057471,0,0,1806,0,0.000000,16384,1586,57471,4,1.000000,0.000000
37138,39696270218,1057147,0,0,1779,0,0.000000,16384,1592,57147,4,1.000000,0.000000
37139,39697326768,1056550,0,0,1816,0,0.000000,16384,1640,56550,4,1.000000,0.000000
37140,39698387769,1061001,0,0,1673,0,0.000000,16384,1476,61001,4,1.000000,0.000000
37141,39699462797,1075028,0,0,1798,0,0.000000,16384,1582,75028,4,1.000000,0.000000
37142,39700522122,1059325,0,0,1831,0,0.000000,16384,1652,59325,4,1.000000,0.000000
37143,39701610254,1088132,0,0,1968,0,0.000000,16384,1761,88132,4,1.000000,0.000000
37144,39702700341,1090087,0,0,1978,0,0.000000,16384,1769,90087,4,1.000000,0.000000
37145,39703763045,1062704,0,0,1908,0,0.000000,16384,1707,62704,4,1.000000,0.000000
37146,39704824974,1061929,0,0,1923,0,0.000000,16384,1698,61929,4,1.000000,0.000000
37147,39705888578,1063604,0,0,1856,0,0.000000,16384,1637,63604,4,1.000000,0.000000
37148,39706953358,1064780,0,0,1667,0,0.000000,16384,1496,64780,4,1.000000,0.000000
37149,39708014509,1061151,0,0,1779,0,0.000000,16384,1610,61151,4,1.000000,0.000000
37150,39709072173,1057664,0,0,1824,0,0.000000,16384,1601,57664,4,1.000000,0.000000
37151,39710141497,1069324,0,0,1842,0,0.000000,16384,1620,69324,4,1.000000,0.000000
37152,39711197614,1056117,0,0,1813,0,0.000000,16384,1632,56117,4,1.000000,0.000000
37153,39712262516,1064902,0,0,1705,0,0.000000,16384,1547,64902,4,1.000000,0.000000
37154,39713325248,1062732,0,0,1659,0,0.000000,16384,1439,62732,4,1.000000,0.000000
37155,39714383893,1058645,0,0,1665,0,0.000000,16384,1505,58645,4,1.000000,0.000000
37156,39715442500,1058607,0,0,1665,0,0.000000,16384,1485,58607,4,1.000000,0.000000
37157,39716504269,1061769,0,0,1663,0,0.000000,16384,1458,61769,4,1.000000,0.000000
37158,39717597168,1092899,0,0,1851,0,0.000000,16384,1668,92899,4,1.000000,0.000000
37159,39718693160,1095992,0,0,1827,0,0.000000,16384,1649,95992,4,1.000000,0.000000
37160,39719754817,1061657,0,0,1654,0,0.000000,16384,1439,61657,4,1.000000,0.000000
37161,39720838546,1083729,0,0,1825,0,0.000000,16384,1625,83729,4,1.000000,0.000000
37162,39721902234,1063688,0,0,1788,0,0.000000,16384,1618,63688,4,1.000000,0.000000
37163,39722965032,1062798,0,0,1820,0,0.000000,16384,1627,62798,4,1.000000,0.000000
37164,39724023758,1058726,0,0,1826,0,0.000000,16384,1606,58726,4,1.000000,0.000000
37165,39725081479,1057721,0,0,1825,0,0.000000,16384,1611,57721,4,1.000000,0.000000
37166,39726138361,1056882,0,0,1815,0,0.000000,16384,1640,56882,4,1.000000,0.000000
37167,39727194538,1056177,0,0,1824,0,0.000000,16384,1647,56177,4,1.000000,0.000000
37168,39728251337,1056799,0,0,1734,0,0.000000,16384,1515,56799,4,1.000000,0.000000
37169,39729309320,1057983,0,0,1702,0,0.000000,16384,1514,57983,4,1.000000,0.000000
37170,39730365500,1056180,0,0,1763,0,0.000000,16384,1597,56180,4,1.000000,0.000000
37171,39731459302,1093802,0,0,1962,0,0.000000,16384,1753,93802,4,1.000000,0.000000
37172,39732523665,1064363,0,0,1704,0,0.000000,16384,1484,64363,4,1.000000,0.000000
37173,39733584943,1061278,0,0,1668,0,0.000000,16384,1498,61278,4,1.000000,0.000000
37174,39734642620,1057677,0,0,1807,0,0.000000,16384,1634,57677,4,1.000000,0.000000
37175,39735675166,1032546,0,0,1778,0,0.000000,16384,1561,32546,4,1.000000,0.000000
37176,39736731259,1056093,0,0,1813,0,0.000000,16384,1591,56093,4,1.000000,0.000000
37177,39737787711,1056452,0,0,1814,0,0.000000,16384,1639,56452,4,1.000000,0.000000
37178,39738843812,1056101,0,0,1824,0,0.000000,16384,1647,56101,4,1.000000,0.000000
37179,39739899879,1056067,0,0,1811,0,0.000000,16384,1597,56067,4,1.000000,0.000000
37180,39740961624,1061745,0,0,1828,0,0.000000,16384,1608,61745,4,1.000000,0.000000
37181,39742031571,1069947,0,0,1792,0,0.000000,16384,1607,69947,4,1.000000,0.000000
37182,39743088614,1057043,0,0,1824,0,0.000000,16384,1647,57043,4,1.000000,0.000000
37183,39744149456,1060842,0,0,1584,0,0.000000,16384,1386,60842,4,1.000000,0.000000
37184,39745210098,1060642,0,0,1658,0,0.000000,16384,1488,60642,4,1.000000,0.000000
37185,39746268696,1058598,0,0,1660,0,0.000000,16384,1490,58598,4,1.000000,0.000000
37186,39747325949,1057253,0,0,1756,0,0.000000,16384,1536,57253,4,1.000000,0.000000
37187,39748386846,1060897,0,0,1773,0,0.000000,16384,1593,60897,4,1.000000,0.000000
37188,39749445523,1058677,0,0,1763,0,0.000000,16384,1598,58677,4,1.000000,0.000000
37189,39750502949,1057426,0,0,1825,0,0.000000,16384,1606,57426,4,1.000000,0.000000
37190,39751559362,1056413,0,0,1823,0,0.000000,16384,1603,56413,4,1.000000,0.000000
37191,39752628479,1069117,0,0,1751,0,0.000000,16384,1578,69117,4,1.000000,0.000000
37192,39753672474,1043995,0,0,1790,0,0.000000,16384,1621,43995,4,1.000000,0.000000
37193,39754729239,1056765,0,0,1814,0,0.000000,16384,1592,56765,4,1.000000,0.000000
37194,39755785904,1056665,0,0,1823,0,0.000000,16384,1603,56665,4,1.000000,0.000000
37195,39756843415,1057511,0,0,1782,0,0.000000,16384,1607,57511,4,1.000000,0.000000
37196,39757902295,1058880,0,0,1579,0,0.000000,16384,1414,58880,4,1.000000,0.000000
37197,39758959877,1057582,0,0,1824,0,0.000000,16384,1604,57582,4,1.000000,0.000000
37198,39760016405,1056528,0,0,1815,0,0.000000,16384,1624,56528,4,1.000000,0.000000
37199,39761073383,1056978,0,0,1735,0,0.000000,16384,1575,56978,4,1.000000,0.000000
37200,39762131862,1058479,0,0,1736,0,0.000000,16384,1527,58479,4,1.000000,0.000000
37201,39763199971,1068109,0,0,1660,0,0.000000,16384,1471,68109,4,1.000000,0.000000
37202,39764257439,1057468,0,0,1656,0,0.000000,16384,1505,57468,4,1.000000,0.000000
37203,39765324946,1067507,0,0,1694,0,0.000000,16384,1474,67507,4,1.000000,0.000000
37204,39766418893,1093947,0,0,1784,0,0.000000,16384,1596,93947,4,1.000000,0.000000
37205,39767509861,1090968,0,0,1829,0,0.000000,16384,1650,90968,4,1.000000,0.000000
37206,39768600997,1091136,0,0,1849,0,0.000000,16384,1652,91136,4,1.000000,0.000000
37207,39769694262,1093265,0,0,1853,0,0.000000,16384,1633,93265,4,1.000000,0.000000
37208,39770715053,1020791,0,0,1736,0,0.000000,16384,1534,20791,4,1.000000,0.000000
37209,39771776341,1061288,0,0,1752,0,0.000000,16384,1589,61288,4,1.000000,0.000000
37210,39772836010,1059669,0,0,1640,0,0.000000,16384,1445,59669,4,1.000000,0.000000
37211,39773916088,1080078,0,0,1817,0,0.000000,16384,1600,80078,4,1.000000,0.000000
37212,39774972460,1056372,0,0,1811,0,0.000000,16384,1637,56372,4,1.000000,0.000000
37213,39776029024,1056564,0,0,1825,0,0.000000,16384,1647,56564,4,1.000000,0.000000
37214,39777085821,1056797,0,0,1808,0,0.000000,16384,1589,56797,4,1.000000,0.000000
37215,39778142200,1056379,0,0,1821,0,0.000000,16384,1601,56379,4,1.000000,0.000000
37216,39779199942,1057742,0,0,1806,0,0.000000,16384,1626,57742,4,1.000000,0.000000
37217,39780256469,1056527,0,0,1823,0,0.000000,16384,1646,56527,4,1.000000,0.000000
37218,39781311961,1055492,0,0,1822,0,0.000000,16384,1615,55492,4,1.000000,0.000000
37219,39782367674,1055713,0,0,1821,0,0.000000,16384,1601,55713,4,1.000000,0.000000
37220,39783423838,1056164,0,0,1823,0,0.000000,16384,1625,56164,4,1.000000,0.000000
37221,39784486063,1062225,0,0,1811,0,0.000000,16384,1636,62225,4,1.000000,0.000000
37222,39785542076,1056013,0,0,1821,0,0.000000,16384,1630,56013,4,1.000000,0.000000
37223,39786597916,1055840,0,0,1821,0,0.000000,16384,1601,55840,4,1.000000,0.000000
37224,39787653510,1055594,0,0,1821,0,0.000000,16384,1607,55594,4,1.000000,0.000000
37225,39788670275,1016765,0,0,1748,0,0.000000,16384,1586,16765,4,1.000000,0.000000
37226,39789726589,1056314,0,0,1780,0,0.000000,16384,1592,56314,4,1.000000,0.000000
37227,39790782412,1055823,0,0,1822,0,0.000000,16384,1602,55823,4,1.000000,0.000000
37228,39791847414,1065002,0,0,1695,0,0.000000,16384,1511,65002,4,1.000000,0.000000
37229,39792909696,1062282,0,0,1687,0,0.000000,16384,1531,62282,4,1.000000,0.000000
37230,39793966826,1057130,0,0,1824,0,0.000000,16384,1604,57130,4,1.000000,0.000000
37231,39795034844,1068018,0,0,1844,0,0.000000,16384,1620,68018,4,1.000000,0.000000
37232,39796092278,1057434,0,0,1807,0,0.000000,16384,1630,57434,4,1.000000,0.000000
37233,39797150171,1057893,0,0,1750,0,0.000000,16384,1587,57893,4,1.000000,0.000000
37234,39798207319,1057148,0,0,1793,0,0.000000,16384,1573,57148,4,1.000000,0.000000
37235,39799263399,1056080,0,0,1820,0,0.000000,16384,1597,56080,4,1.000000,0.000000
37236,39800319125,1055726,0,0,1811,0,0.000000,16384,1637,55726,4,1.000000,0.000000
37237,39801375140,1056015,0,0,1823,0,0.000000,16384,1645,56015,4,1.000000,0.000000
37238,39802433360,1058220,0,0,1823,0,0.000000,16384,1610,58220,4,1.000000,0.000000
37239,39803490292,1056932,0,0,1823,0,0.000000,16384,1603,56932,4,1.000000,0.000000
37240,39804546193,1055901,0,0,1824,0,0.000000,16384,1632,55901,4,1.000000,0.000000
37241,39805608468,1062275,0,0,1836,0,0.000000,16384,1655,62275,4,1.000000,0.000000
37242,39806664093,1055625,0,0,1822,0,0.000000,16384,1631,55625,4,1.000000,0.000000
37243,39807722600,1058507,0,0,1815,0,0.000000,16384,1595,58507,4,1.000000,0.000000
37244,39808779009,1056409,0,0,1687,0,0.000000,16384,1502,56409,4,1.000000,0.000000
37245,39809835799,1056790,0,0,1649,0,0.000000,16384,1494,56790,4,1.000000,0.000000
37246,39810891823,1056024,0,0,1756,0,0.000000,16384,1536,56024,4,1.000000,0.000000
37247,39811947753,1055930,0,0,1825,0,0.000000,16384,1622,55930,4,1.000000,0.000000
37248,39813005076,1057323,0,0,1714,0,0.000000,16384,1559,57323,4,1.000000,0.000000
37249,39814062719,1057643,0,0,1716,0,0.000000,16384,1514,57643,4,1.000000,0.000000
37250,39815119343,1056624,0,0,1825,0,0.000000,16384,1600,56624,4,1.000000,0.000000
37251,39816182543,1063200,0,0,1793,0,0.000000,16384,1621,63200,4,1.000000,0.000000
37252,39817239342,1056799,0,0,1825,0,0.000000,16384,1647,56799,4,1.000000,0.000000
37253,39818295635,1056293,0,0,1823,0,0.000000,16384,1610,56293,4,1.000000,0.000000
37254,39819351028,1055393,0,0,1809,0,0.000000,16384,1589,55393,4,1.000000,0.000000
37255,39820408481,1057453,0,0,1763,0,0.000000,16384,1585,57453,4,1.000000,0.000000
37256,39821465475,1056994,0,0,1817,0,0.000000,16384,1641,56994,4,1.000000,0.000000
37257,39822522037,1056562,0,0,1767,0,0.000000,16384,1556,56562,4,1.000000,0.000000
37258,39823581154,1059117,0,0,1652,0,0.000000,16384,1459,59117,4,1.000000,0.000000
37259,39824638546,1057392,0,0,1796,0,0.000000,16384,1625,57392,4,1.000000,0.000000
37260,39825672470,1033924,0,0,1745,0,0.000000,16384,1484,33924,4,1.000000,0.000000
37261,39826751870,1079400,0,0,1839,0,0.000000,16384,1658,79400,4,1.000000,0.000000
37262,39827808479,1056609,0,0,1825,0,0.000000,16384,1627,56609,4,1.000000,0.000000
37263,39828867440,1058961,0,0,1686,0,0.000000,16384,1466,58961,4,1.000000,0.000000
37264,39829924561,1057121,0,0,1813,0,0.000000,16384,1634,57121,4,1.000000,0.000000
37265,39830981467,1056906,0,0,1817,0,0.000000,16384,1641,56906,4,1.000000,0.000000
37266,39832037258,1055791,0,0,1809,0,0.000000,16384,1600,55791,4,1.000000,0.000000
37267,39833096794,1059536,0,0,1680,0,0.000000,16384,1472,59536,4,1.000000,0.000000
37268,39834155033,1058239,0,0,1651,0,0.000000,16384,1508,58239,4,1.000000,0.000000
37269,39835211635,1056602,0,0,1661,0,0.000000,16384,1456,56602,4,1.000000,0.000000
37270,39836270589,1058954,0,0,1701,0,0.000000,16384,1514,58954,4,1.000000,0.000000
37271,39837335183,1064594,0,0,1837,0,0.000000,16384,1657,64594,4,1.000000,0.000000
37272,39838391383,1056200,0,0,1763,0,0.000000,16384,1566,56200,4,1.000000,0.000000
37273,39839448544,1057161,0,0,1663,0,0.000000,16384,1455,57161,4,1.000000,0.000000
37274,39840505746,1057202,0,0,1779,0,0.000000,16384,1611,57202,4,1.000000,0.000000
37275,39841561922,1056176,0,0,1826,0,0.000000,16384,1642,56176,4,1.000000,0.000000
37276,39842617942,1056020,0,0,1823,0,0.000000,16384,1602,56020,4,1.000000,0.000000
37277,39843670681,1052739,0,0,1815,0,0.000000,16384,1595,52739,4,1.000000,0.000000
37278,39844729139,1058458,0,0,1649,0,0.000000,16384,1507,58458,4,1.000000,0.000000
37279,39845788360,1059221,0,0,1829,0,0.000000,16384,1628,59221,4,1.000000,0.000000
37280,39846845229,1056869,0,0,1824,0,0.000000,16384,1604,56869,4,1.000000,0.000000
37281,39847910871,1065642,0,0,1827,0,0.000000,16384,1620,65642,4,1.000000,0.000000
37282,39848970018,1059147,0,0,1734,0,0.000000,16384,1574,59147,4,1.000000,0.000000
37283,39850027279,1057261,0,0,1825,0,0.000000,16384,1628,57261,4,1.000000,0.000000
37284,39851082773,1055494,0,0,1822,0,0.000000,16384,1601,55494,4,1.000000,0.000000
37285,39852138601,1055828,0,0,1822,0,0.000000,16384,1614,55828,4,1.000000,0.000000
37286,39853197348,1058747,0,0,1710,0,0.000000,16384,1556,58747,4,1.000000,0.000000
37287,39854255128,1057780,0,0,1739,0,0.000000,16384,1538,57780,4,1.000000,0.000000
37288,39855312220,1057092,0,0,1807,0,0.000000,16384,1587,57092,4,1.000000,0.000000
37289,39856368237,1056017,0,0,1812,0,0.000000,16384,1629,56017,4,1.000000,0.000000
37290,39857425653,1057416,0,0,1747,0,0.000000,16384,1585,57416,4,1.000000,0.000000
37291,39858489712,1064059,0,0,1826,0,0.000000,16384,1607,64059,4,1.000000,0.000000
37292,39859547806,1058094,0,0,1745,0,0.000000,16384,1530,58094,4,1.000000,0.000000
37293,39860604411,1056605,0,0,1825,0,0.000000,16384,1647,56605,4,1.000000,0.000000
37294,39861662429,1058018,0,0,1824,0,0.000000,16384,1647,58018,4,1.000000,0.000000
37295,39862670968,1008539,0,0,1735,0,0.000000,16384,1525,8539,4,1.000000,0.000000
37296,39863727232,1056264,0,0,1797,0,0.000000,16384,1581,56264,4,1.000000,0.000000
37297,39864784696,1057464,0,0,1807,0,0.000000,16384,1633,57464,4,1.000000,0.000000
37298,39865841992,1057296,0,0,1682,0,0.000000,16384,1508,57296,4,1.000000,0.000000
37299,39866898961,1056969,0,0,1822,0,0.000000,16384,1602,56969,4,1.000000,0.000000
37300,39867955696,1056735,0,0,1824,0,0.000000,16384,1621,56735,4,1.000000,0.000000
37301,39869017542,1061846,0,0,1832,0,0.000000,16384,1652,61846,4,1.000000,0.000000
37302,39870074513,1056971,0,0,1815,0,0.000000,16384,1634,56971,4,1.000000,0.000000
37303,39871130892,1056379,0,0,1821,0,0.000000,16384,1601,56379,4,1.000000,0.000000
37304,39872186991,1056099,0,0,1743,0,0.000000,16384,1537,56099,4,1.000000,0.000000
37305,39873244766,1057775,0,0,1684,0,0.000000,16384,1534,57775,4,1.000000,0.000000
37306,39874302074,1057308,0,0,1727,0,0.000000,16384,1522,57308,4,1.000000,0.000000
37307,39875359966,1057892,0,0,1754,0,0.000000,16384,1543,57892,4,1.000000,0.000000
37308,39876416247,1056281,0,0,1775,0,0.000000,16384,1608,56281,4,1.000000,0.000000
37309,39877472310,1056063,0,0,1827,0,0.000000,16384,1641,56063,4,1.000000,0.000000
37310,39878529035,1056725,0,0,1825,0,0.000000,16384,1606,56725,4,1.000000,0.000000
37311,39879602378,1073343,0,0,1831,0,0.000000,16384,1607,73343,4,1.000000,0.000000
37312,39880659854,1057476,0,0,1817,0,0.000000,16384,1641,57476,4,1.000000,0.000000
37313,39881673144,1013290,0,0,1746,0,0.000000,16384,1582,13290,4,1.000000,0.000000
37314,39882728961,1055817,0,0,1822,0,0.000000,16384,1600,55817,4,1.000000,0.000000
37315,39883784945,1055984,0,0,1821,0,0.000000,16384,1599,55984,4,1.000000,0.000000
37316,39884841405,1056460,0,0,1804,0,0.000000,16384,1629,56460,4,1.000000,0.000000
37317,39885897267,1055862,0,0,1823,0,0.000000,16384,1645,55862,4,1.000000,0.000000
37318,39886952977,1055710,0,0,1822,0,0.000000,16384,1611,55710,4,1.000000,0.000000
37319,39888009652,1056675,0,0,1822,0,0.000000,16384,1602,56675,4,1.000000,0.000000
37320,39889065823,1056171,0,0,1825,0,0.000000,16384,1630,56171,4,1.000000,0.000000
37321,39890126155,1060332,0,0,1821,0,0.000000,16384,1644,60332,4,1.000000,0.000000
37322,39891182319,1056164,0,0,1825,0,0.000000,16384,1633,56164,4,1.000000,0.000000
37323,39892240096,1057777,0,0,1641,0,0.000000,16384,1421,57777,4,1.000000,0.000000
37324,39893299726,1059630,0,0,1621,0,0.000000,16384,1484,59630,4,1.000000,0.000000
37325,39894357794,1058068,0,0,1806,0,0.000000,16384,1603,58068,4,1.000000,0.000000
37326,39895413767,1055973,0,0,1813,0,0.000000,16384,1593,55973,4,1.000000,0.000000
37327,39896470651,1056884,0,0,1799,0,0.000000,16384,1606,56884,4,1.000000,0.000000
37328,39897528390,1057739,0,0,1826,0,0.000000,16384,1648,57739,4,1.000000,0.000000
37329,39898589898,1061508,0,0,1807,0,0.000000,16384,1614,61508,4,1.000000,0.000000
37330,39899650700,1060802,0,0,1829,0,0.000000,16384,1609,60802,4,1.000000,0.000000
37331,39900671134,1020434,0,0,1755,0,0.000000,16384,1558,20434,4,1.000000,0.000000
37332,39901728402,1057268,0,0,1820,0,0.000000,16384,1643,57268,4,1.000000,0.000000
37333,39902785249,1056847,0,0,1826,0,0.000000,16384,1636,56847,4,1.000000,0.000000
37334,39903841612,1056363,0,0,1824,0,0.000000,16384,1604,56363,4,1.000000,0.000000
37335,39904897577,1055965,0,0,1823,0,0.000000,16384,1607,55965,4,1.000000,0.000000
37336,39905953404,1055827,0,0,1825,0,0.000000,16384,1647,55827,4,1.000000,0.000000
37337,39907009383,1055979,0,0,1825,0,0.000000,16384,1647,55979,4,1.000000,0.000000
37338,39908064788,1055405,0,0,1821,0,0.000000,16384,1605,55405,4,1.000000,0.000000
37339,39909120701,1055913,0,0,1824,0,0.000000,16384,1604,55913,4,1.000000,0.000000
37340,39910176628,1055927,0,0,1825,0,0.000000,16384,1634,55927,4,1.000000,0.000000
37341,39911237123,1060495,0,0,1831,0,0.000000,16384,1653,60495,4,1.000000,0.000000
37342,39912293167,1056044,0,0,1826,0,0.000000,16384,1631,56044,4,1.000000,0.000000
37343,39913351493,1058326,0,0,1731,0,0.000000,16384,1510,58326,4,1.000000,0.000000
37344,39914409001,1057508,0,0,1783,0,0.000000,16384,1599,57508,4,1.000000,0.000000
37345,39915465531,1056530,0,0,1808,0,0.000000,16384,1634,56530,4,1.000000,0.000000
37346,39916522380,1056849,0,0,1824,0,0.000000,16384,1618,56849,4,1.000000,0.000000
37347,39917579067,1056687,0,0,1806,0,0.000000,16384,1587,56687,4,1.000000,0.000000
37348,39918635693,1056626,0,0,1810,0,0.000000,16384,1615,56626,4,1.000000,0.000000
37349,39919670565,1034872,0,0,1784,0,0.000000,16384,1614,34872,4,1.000000,0.000000
37350,39920726177,1055612,0,0,1821,0,0.000000,16384,1622,55612,4,1.000000,0.000000
37351,39921788429,1062252,0,0,1831,0,0.000000,16384,1611,62252,4,1.000000,0.000000
37352,39922844579,1056150,0,0,1823,0,0.000000,16384,1614,56150,4,1.000000,0.000000
37353,39923905350,1060771,0,0,1794,0,0.000000,16384,1624,60771,4,1.000000,0.000000
37354,39924967066,1061716,0,0,1642,0,0.000000,16384,1457,61716,4,1.000000,0.000000
37355,39926026062,1058996,0,0,1806,0,0.000000,16384,1586,58996,4,1.000000,0.000000
37356,39927083348,1057286,0,0,1813,0,0.000000,16384,1633,57286,4,1.000000,0.000000
37357,39928140741,1057393,0,0,1815,0,0.000000,16384,1640,57393,4,1.000000,0.000000
37358,39929199300,1058559,0,0,1788,0,0.000000,16384,1579,58559,4,1.000000,0.000000
37359,39930256695,1057395,0,0,1822,0,0.000000,16384,1602,57395,4,1.000000,0.000000
37360,39931312777,1056082,0,0,1822,0,0.000000,16384,1632,56082,4,1.000000,0.000000
37361,39932386197,1073420,0,0,1852,0,0.000000,16384,1669,73420,4,1.000000,0.000000
37362,39933444107,1057910,0,0,1735,0,0.000000,16384,1544,57910,4,1.000000,0.000000
37363,39934501398,1057291,0,0,1812,0,0.000000,16384,1592,57291,4,1.000000,0.000000
37364,39935558130,1056732,0,0,1817,0,0.000000,16384,1623,56732,4,1.000000,0.000000
37365,39936615268,1057138,0,0,1767,0,0.000000,16384,1601,57138,4,1.000000,0.000000
37366,39937673819,1058551,0,0,1824,0,0.000000,16384,1620,58551,4,1.000000,0.000000
37367,39938730083,1056264,0,0,1823,0,0.000000,16384,1603,56264,4,1.000000,0.000000
37368,39939788330,1058247,0,0,1826,0,0.000000,16384,1623,58247,4,1.000000,0.000000
37369,39940845896,1057566,0,0,1813,0,0.000000,16384,1638,57566,4,1.000000,0.000000
37370,39941902475,1056579,0,0,1816,0,0.000000,16384,1630,56579,4,1.000000,0.000000
37371,39942965605,1063130,0,0,1834,0,0.000000,16384,1614,63130,4,1.000000,0.000000
37372,39944022125,1056520,0,0,1810,0,0.000000,16384,1592,56520,4,1.000000,0.000000
37373,39945083411,1061286,0,0,1641,0,0.000000,16384,1499,61286,4,1.000000,0.000000
37374,39946141478,1058067,0,0,1786,0,0.000000,16384,1582,58067,4,1.000000,0.000000
37375,39947198983,1057505,0,0,1745,0,0.000000,16384,1525,57505,4,1.000000,0.000000
37376,39948256852,1057869,0,0,1744,0,0.000000,16384,1582,57869,4,1.000000,0.000000
37377,39949315124,1058272,0,0,1790,0,0.000000,16384,1612,58272,4,1.000000,0.000000
37378,39950372377,1057253,0,0,1824,0,0.000000,16384,1604,57253,4,1.000000,0.000000
37379,39951428968,1056591,0,0,1808,0,0.000000,16384,1589,56591,4,1.000000,0.000000
37380,39952484780,1055812,0,0,1823,0,0.000000,16384,1646,55812,4,1.000000,0.000000
37381,39953551602,1066822,0,0,1755,0,0.000000,16384,1587,66822,4,1.000000,0.000000
37382,39954610120,1058518,0,0,1823,0,0.000000,16384,1603,58518,4,1.000000,0.000000
37383,39955669348,1059228,0,0,1825,0,0.000000,16384,1601,59228,4,1.000000,0.000000
37384,39956726895,1057547,0,0,1808,0,0.000000,16384,1633,57547,4,1.000000,0.000000
37385,39957786743,1059848,0,0,1653,0,0.000000,16384,1488,59848,4,1.000000,0.000000
37386,39958845461,1058718,0,0,1799,0,0.000000,16384,1579,58718,4,1.000000,0.000000
37387,39959902074,1056613,0,0,1773,0,0.000000,16384,1581,56613,4,1.000000,0.000000
37388,39960958198,1056124,0,0,1824,0,0.000000,16384,1647,56124,4,1.000000,0.000000
37389,39962014376,1056178,0,0,1823,0,0.000000,16384,1628,56178,4,1.000000,0.000000
37390,39963070872,1056496,0,0,1790,0,0.000000,16384,1570,56496,4,1.000000,0.000000
37391,39964136538,1065666,0,0,1797,0,0.000000,16384,1598,65666,4,1.000000,0.000000
37392,39965192290,1055752,0,0,1826,0,0.000000,16384,1647,55752,4,1.000000,0.000000
37393,39966249685,1057395,0,0,1821,0,0.000000,16384,1634,57395,4,1.000000,0.000000
37394,39967306586,1056901,0,0,1822,0,0.000000,16384,1603,56901,4,1.000000,0.000000
37395,39968363051,1056465,0,0,1812,0,0.000000,16384,1596,56465,4,1.000000,0.000000
37396,39969419038,1055987,0,0,1824,0,0.000000,16384,1646,55987,4,1.000000,0.000000
37397,39970476069,1057031,0,0,1826,0,0.000000,16384,1648,57031,4,1.000000,0.000000
37398,39971532034,1055965,0,0,1822,0,0.000000,16384,1605,55965,4,1.000000,0.000000
37399,39972587966,1055932,0,0,1811,0,0.000000,16384,1592,55932,4,1.000000,0.000000
37400,39973645658,1057692,0,0,1682,0,0.000000,16384,1522,57692,4,1.000000,0.000000
37401,39974670887,1025229,0,0,1765,0,0.000000,16384,1585,25229,4,1.000000,0.000000
37402,39975727324,1056437,0,0,1824,0,0.000000,16384,1604,56437,4,1.000000,0.000000
37403,39976783510,1056186,0,0,1824,0,0.000000,16384,1610,56186,4,1.000000,0.000000
37404,39977839140,1055630,0,0,1823,0,0.000000,16384,1646,55630,4,1.000000,0.000000
37405,39978895408,1056268,0,0,1826,0,0.000000,16384,1647,56268,4,1.000000,0.000000
37406,39979953912,1058504,0,0,1794,0,0.000000,16384,1576,58504,4,1.000000,0.000000
37407,39981010573,1056661,0,0,1823,0,0.000000,16384,1603,56661,4,1.000000,0.000000
37408,39982066401,1055828,0,0,1824,0,0.000000,16384,1643,55828,4,1.000000,0.000000
37409,39983122317,1055916,0,0,1825,0,0.000000,16384,1647,55916,4,1.000000,0.000000
37410,39984177693,1055376,0,0,1823,0,0.000000,16384,1618,55376,4,1.000000,0.000000
37411,39985248841,1071148,0,0,1846,0,0.000000,16384,1626,71148,4,1.000000,0.000000
37412,39986305282,1056441,0,0,1801,0,0.000000,16384,1600,56441,4,1.000000,0.000000
37413,39987361387,1056105,0,0,1825,0,0.000000,16384,1647,56105,4,1.000000,0.000000
37414,39988417204,1055817,0,0,1816,0,0.000000,16384,1631,55817,4,1.000000,0.000000
37415,39989472940,1055736,0,0,1823,0,0.000000,16384,1603,55736,4,1.000000,0.000000
37416,39990528588,1055648,0,0,1810,0,0.000000,16384,1593,55648,4,1.000000,0.000000
37417,39991585463,1056875,0,0,1825,0,0.000000,16384,1648,56875,4,1.000000,0.000000
37418,39992641660,1056197,0,0,1825,0,0.000000,16384,1647,56197,4,1.000000,0.000000
37419,39993674600,1032940,0,0,1719,0,0.000000,16384,1507,32940,4,1.000000,0.000000
37420,39994731664,1057064,0,0,1823,0,0.000000,16384,1607,57064,4,1.000000,0.000000
37421,39995794273,1062609,0,0,1816,0,0.000000,16384,1640,62609,4,1.000000,0.000000
37422,39996851647,1057374,0,0,1769,0,0.000000,16384,1597,57374,4,1.000000,0.000000
37423,39997908366,1056719,0,0,1823,0,0.000000,16384,1603,56719,4,1.000000,0.000000
37424,39998964918,1056552,0,0,1782,0,0.000000,16384,1567,56552,4,1.000000,0.000000
37425,40000020617,1055699,0,0,1822,0,0.000000,16384,1645,55699,4,1.000000,0.000000
37426,40001076319,1055702,0,0,1822,0,0.000000,16384,1645,55702,4,1.000000,0.000000
37427,40002132147,1055828,0,0,1819,0,0.000000,16384,1600,55828,4,1.000000,0.000000
37428,40003187803,1055656,0,0,1822,0,0.000000,16384,1602,55656,4,1.000000,0.000000
37429,40004243557,1055754,0,0,1813,0,0.000000,16384,1629,55754,4,1.000000,0.000000
37430,40005301336,1057779,0,0,1821,0,0.000000,16384,1644,57779,4,1.000000,0.000000
37431,40006362931,1061595,0,0,1830,0,0.000000,16384,1626,61595,4,1.000000,0.000000
37432,40007418947,1056016,0,0,1822,0,0.000000,16384,1603,56016,4,1.000000,0.000000
37433,40008474899,1055952,0,0,1825,0,0.000000,16384,1620,55952,4,1.000000,0.000000
37434,40009530279,1055380,0,0,1822,0,0.000000,16384,1646,55380,4,1.000000,0.000000
37435,40010598565,1068286,0,0,1583,0,0.000000,16384,1403,68286,4,1.000000,0.000000
37436,40011678634,1080069,0,0,1554,0,0.000000,16384,1387,80069,4,1.000000,0.000000
37437,40012749594,1070960,0,0,1462,0,0.000000,16384,1294,70960,4,1.000000,0.000000
37438,40013818592,1068998,0,0,1432,0,0.000000,16384,1302,68998,4,1.000000,0.000000
37439,40014883531,1064939,0,0,1541,0,0.000000,16384,1335,64939,4,1.000000,0.000000
37440,40015950291,1066760,0,0,1471,0,0.000000,16384,1355,66760,4,1.000000,0.000000
37441,40017047433,1097142,0,0,1509,0,0.000000,16384,1301,97142,4,1.000000,0.000000
37442,40018114306,1066873,0,0,1477,0,0.000000,16384,1349,66873,4,1.000000,0.000000
37443,40019205475,1091169,0,0,1597,0,0.000000,16384,1391,91169,4,1.000000,0.000000
37444,40020264296,1058821,0,0,1559,0,0.000000,16384,1429,58821,4,1.000000,0.000000
37445,40021323528,1059232,0,0,1611,0,0.000000,16384,1391,59232,4,1.000000,0.000000
37446,40022380363,1056835,0,0,1758,0,0.000000,16384,1591,56835,4,1.000000,0.000000
37447,40023436532,1056169,0,0,1815,0,0.000000,16384,1640,56169,4,1.000000,0.000000
37448,40024492640,1056108,0,0,1812,0,0.000000,16384,1590,56108,4,1.000000,0.000000
37449,40025549315,1056675,0,0,1816,0,0.000000,16384,1595,56675,4,1.000000,0.000000
37450,40026605475,1056160,0,0,1816,0,0.000000,16384,1637,56160,4,1.000000,0.000000
37451,40027678740,1073265,0,0,1838,0,0.000000,16384,1657,73265,4,1.000000,0.000000
37452,40028735888,1057148,0,0,1803,0,0.000000,16384,1600,57148,4,1.000000,0.000000
37453,40029793798,1057910,0,0,1522,0,0.000000,16384,1341,57910,4,1.000000,0.000000
37454,40030859709,1065911,0,0,1703,0,0.000000,16384,1548,65911,4,1.000000,0.000000
37455,40031922509,1062800,0,0,1689,0,0.000000,16384,1469,62800,4,1.000000,0.000000
37456,40032980766,1058257,0,0,1812,0,0.000000,16384,1615,58257,4,1.000000,0.000000
37457,40034040534,1059768,0,0,1732,0,0.000000,16384,1572,59768,4,1.000000,0.000000
37458,40035098204,1057670,0,0,1720,0,0.000000,16384,1260,57670,4,1.000000,0.000000
37459,40036155220,1057016,0,0,1828,0,0.000000,16384,1300,57016,4,1.000000,0.000000
37460,40037211811,1056591,0,0,1838,0,0.000000,16384,1308,56591,4,1.000000,0.000000
37461,40038292974,1081163,0,0,1879,0,0.000000,16384,1336,81163,4,1.000000,0.000000
37462,40039351398,1058424,0,0,1780,0,0.000000,16384,1266,58424,4,1.000000,0.000000
37463,40040408056,1056658,0,0,1796,0,0.000000,16384,1277,56658,4,1.000000,0.000000
37464,40041464509,1056453,0,0,1642,0,0.000000,16384,1168,56453,4,1.000000,0.000000
37465,40042521114,1056605,0,0,1841,0,0.000000,16384,1309,56605,4,1.000000,0.000000
37466,40043577214,1056100,0,0,1820,0,0.000000,16384,1473,56100,4,1.000000,0.000000
37467,40044648205,1070991,0,0,1722,0,0.000000,16384,1510,70991,4,1.000000,0.000000
37468,40045699069,1050864,0,0,1368,0,0.000000,16384,1243,50864,4,1.000000,0.000000
37469,40046769422,1070353,0,0,1519,0,0.000000,16384,1308,70353,4,1.000000,0.000000
37470,40047829969,1060547,0,0,1561,0,0.000000,16384,1437,60547,4,1.000000,0.000000
37471,40048916002,1086033,0,0,1610,0,0.000000,16384,1398,86033,4,1.000000,0.000000
37472,40049975006,1059004,0,0,1663,0,0.000000,16384,1500,59004,4,1.000000,0.000000
37473,40051033217,1058211,0,0,1658,0,0.000000,16384,1481,58211,4,1.000000,0.000000
37474,40052091284,1058067,0,0,1666,0,0.000000,16384,1460,58067,4,1.000000,0.000000
37475,40053148424,1057140,0,0,1640,0,0.000000,16384,1499,57140,4,1.000000,0.000000
37476,40054205934,1057510,0,0,1624,0,0.000000,16384,1414,57510,4,1.000000,0.000000
37477,40055263962,1058028,0,0,1663,0,0.000000,16384,1497,58028,4,1.000000,0.000000
37478,40056321367,1057405,0,0,1663,0,0.000000,16384,1490,57405,4,1.000000,0.000000
37479,40057383581,1062214,0,0,1734,0,0.000000,16384,1514,62214,4,1.000000,0.000000
37480,40058446085,1062504,0,0,1668,0,0.000000,16384,1516,62504,4,1.000000,0.000000
37481,40059516736,1070651,0,0,1788,0,0.000000,16384,1600,70651,4,1.000000,0.000000
37482,40060573542,1056806,0,0,1805,0,0.000000,16384,1585,56806,4,1.000000,0.000000
37483,40061630656,1057114,0,0,1775,0,0.000000,16384,1577,57114,4,1.000000,0.000000
37484,40062671313,1040657,0,0,1782,0,0.000000,16384,1613,40657,4,1.000000,0.000000
37485,40063727605,1056292,0,0,1748,0,0.000000,16384,1550,56292,4,1.000000,0.000000
37486,40064783879,1056274,0,0,1823,0,0.000000,16384,1604,56274,4,1.000000,0.000000
37487,40065839802,1055923,0,0,1821,0,0.000000,16384,1627,55923,4,1.000000,0.000000
37488,40066895935,1056133,0,0,1789,0,0.000000,16384,1619,56133,4,1.000000,0.000000
37489,40067951605,1055670,0,0,1772,0,0.000000,16384,1572,55670,4,1.000000,0.000000
37490,40069007847,1056242,0,0,1821,0,0.000000,16384,1601,56242,4,1.000000,0.000000
37491,40070069615,1061768,0,0,1798,0,0.000000,16384,1608,61768,4,1.000000,0.000000
37492,40071125456,1055841,0,0,1821,0,0.000000,16384,1644,55841,4,1.000000,0.000000
37493,40072181369,1055913,0,0,1821,0,0.000000,16384,1624,55913,4,1.000000,0.000000
37494,40073240796,1059427,0,0,1825,0,0.000000,16384,1605,59427,4,1.000000,0.000000
37495,40074302761,1061965,0,0,1752,0,0.000000,16384,1557,61965,4,1.000000,0.000000
37496,40075361430,1058669,0,0,1814,0,0.000000,16384,1638,58669,4,1.000000,0.000000
37497,40076418185,1056755,0,0,1824,0,0.000000,16384,1630,56755,4,1.000000,0.000000
37498,40077478320,1060135,0,0,1762,0,0.000000,16384,1543,60135,4,1.000000,0.000000
37499,40078536329,1058009,0,0,1791,0,0.000000,16384,1596,58009,4,1.000000,0.000000
37500,40079592117,1055788,0,0,1702,0,0.000000,16384,1549,55788,4,1.000000,0.000000
37501,40080657602,1065485,0,0,1836,0,0.000000,16384,1620,65485,4,1.000000,0.000000
37502,40081671312,1013710,0,0,1745,0,0.000000,16384,1525,13710,4,1.000000,0.000000
37503,40082733006,1061694,0,0,1606,0,0.000000,16384,1473,61694,4,1.000000,0.000000
37504,40083792745,1059739,0,0,1827,0,0.000000,16384,1620,59739,4,1.000000,0.000000
37505,40084849386,1056641,0,0,1822,0,0.000000,16384,1602,56641,4,1.000000,0.000000
37506,40085905838,1056452,0,0,1820,0,0.000000,16384,1622,56452,4,1.000000,0.000000
37507,40086963840,1058002,0,0,1824,0,0.000000,16384,1646,58002,4,1.000000,0.000000
37508,40088021228,1057388,0,0,1817,0,0.000000,16384,1629,57388,4,1.000000,0.000000
37509,40089076872,1055644,0,0,1821,0,0.000000,16384,1601,55644,4,1.000000,0.000000
37510,40090136273,1059401,0,0,1732,0,0.000000,16384,1534,59401,4,1.000000,0.000000
37511,40091231405,1095132,0,0,1666,0,0.000000,16384,1520,95132,4,1.000000,0.000000
37512,40092288839,1057434,0,0,1730,0,0.000000,16384,1514,57434,4,1.000000,0.000000
37513,40093345789,1056950,0,0,1822,0,0.000000,16384,1608,56950,4,1.000000,0.000000
37514,40094404745,1058956,0,0,1717,0,0.000000,16384,1560,58956,4,1.000000,0.000000
37515,40095462463,1057718,0,0,1777,0,0.000000,16384,1584,57718,4,1.000000,0.000000
37516,40096522262,1059799,0,0,1791,0,0.000000,16384,1570,59799,4,1.000000,0.000000
37517,40097579936,1057674,0,0,1820,0,0.000000,16384,1626,57674,4,1.000000,0.000000
37518,40098635652,1055716,0,0,1823,0,0.000000,16384,1645,55716,4,1.000000,0.000000
37519,40099671244,1035592,0,0,1747,0,0.000000,16384,1556,35592,4,1.000000,0.000000
37520,40100727611,1056367,0,0,1822,0,0.000000,16384,1602,56367,4,1.000000,0.000000
37521,40101795233,1067622,0,0,1839,0,0.000000,16384,1637,67622,4,1.000000,0.000000
37522,40102851334,1056101,0,0,1824,0,0.000000,16384,1646,56101,4,1.000000,0.000000
37523,40103907161,1055827,0,0,1824,0,0.000000,16384,1640,55827,4,1.000000,0.000000
37524,40104962861,1055700,0,0,1821,0,0.000000,16384,1601,55700,4,1.000000,0.000000
37525,40106018678,1055817,0,0,1822,0,0.000000,16384,1600,55817,4,1.000000,0.000000
37526,40107074660,1055982,0,0,1813,0,0.000000,16384,1638,55982,4,1.000000,0.000000
37527,40108130391,1055731,0,0,1823,0,0.000000,16384,1646,55731,4,1.000000,0.000000
37528,40109186041,1055650,0,0,1804,0,0.000000,16384,1589,55650,4,1.000000,0.000000
37529,40110241749,1055708,0,0,1821,0,0.000000,16384,1602,55708,4,1.000000,0.000000
37530,40111297248,1055499,0,0,1823,0,0.000000,16384,1635,55499,4,1.000000,0.000000
37531,40112356983,1059735,0,0,1831,0,0.000000,16384,1652,59735,4,1.000000,0.000000
37532,40113413299,1056316,0,0,1810,0,0.000000,16384,1613,56316,4,1.000000,0.000000
37533,40114473204,1059905,0,0,1722,0,0.000000,16384,1502,59905,4,1.000000,0.000000
37534,40115531563,1058359,0,0,1788,0,0.000000,16384,1609,58359,4,1.000000,0.000000
37535,40116588433,1056870,0,0,1735,0,0.000000,16384,1574,56870,4,1.000000,0.000000
37536,40117644230,1055797,0,0,1820,0,0.000000,16384,1597,55797,4,1.000000,0.000000
37537,40118671567,1027337,0,0,1768,0,0.000000,16384,1556,27337,4,1.000000,0.000000
37538,40119728069,1056502,0,0,1824,0,0.000000,16384,1646,56502,4,1.000000,0.000000
37539,40120785214,1057145,0,0,1824,0,0.000000,16384,1646,57145,4,1.000000,0.000000
37540,40121842565,1057351,0,0,1765,0,0.000000,16384,1552,57351,4,1.000000,0.000000
37541,40122908244,1065679,0,0,1828,0,0.000000,16384,1604,65679,4,1.000000,0.000000
37542,40123963979,1055735,0,0,1824,0,0.000000,16384,1646,55735,4,1.000000,0.000000
37543,40125019848,1055869,0,0,1823,0,0.000000,16384,1646,55869,4,1.000000,0.000000
37544,40126075930,1056082,0,0,1824,0,0.000000,16384,1614,56082,4,1.000000,0.000000
37545,40127131862,1055932,0,0,1821,0,0.000000,16384,1602,55932,4,1.000000,0.000000
37546,40128187278,1055416,0,0,1823,0,0.000000,16384,1626,55416,4,1.000000,0.000000
37547,40129244330,1057052,0,0,1824,0,0.000000,16384,1646,57052,4,1.000000,0.000000
37548,40130301035,1056705,0,0,1794,0,0.000000,16384,1605,56705,4,1.000000,0.000000
37549,40131357635,1056600,0,0,1821,0,0.000000,16384,1601,56600,4,1.000000,0.000000
37550,40132413968,1056333,0,0,1822,0,0.000000,16384,1612,56333,4,1.000000,0.000000
37551,40133473761,1059793,0,0,1813,0,0.000000,16384,1638,59793,4,1.000000,0.000000
37552,40134534059,1060298,0,0,1726,0,0.000000,16384,1547,60298,4,1.000000,0.000000
37553,40135593279,1059220,0,0,1657,0,0.000000,16384,1439,59220,4,1.000000,0.000000
37554,40136649510,1056231,0,0,1662,0,0.000000,16384,1518,56231,4,1.000000,0.000000
37555,40137671496,1021986,0,0,1602,0,0.000000,16384,1408,21986,4,1.000000,0.000000
37556,40138728378,1056882,0,0,1818,0,0.000000,16384,1608,56882,4,1.000000,0.000000
37557,40139784841,1056463,0,0,1825,0,0.000000,16384,1648,56463,4,1.000000,0.000000
37558,40140840946,1056105,0,0,1823,0,0.000000,16384,1646,56105,4,1.000000,0.000000
37559,40141897062,1056116,0,0,1820,0,0.000000,16384,1596,56116,4,1.000000,0.000000
37560,40142952642,1055580,0,0,1820,0,0.000000,16384,1600,55580,4,1.000000,0.000000
37561,40144025301,1072659,0,0,1850,0,0.000000,16384,1663,72659,4,1.000000,0.000000
37562,40145082433,1057132,0,0,1803,0,0.000000,16384,1630,57132,4,1.000000,0.000000
37563,40146143955,1061522,0,0,1710,0,0.000000,16384,1508,61522,4,1.000000,0.000000
37564,40147207895,1063940,0,0,1575,0,0.000000,16384,1401,63940,4,1.000000,0.000000
37565,40148267355,1059460,0,0,1623,0,0.000000,16384,1459,59460,4,1.000000,0.000000
37566,40149323860,1056505,0,0,1705,0,0.000000,16384,1485,56505,4,1.000000,0.000000
37567,40150380583,1056723,0,0,1823,0,0.000000,16384,1644,56723,4,1.000000,0.000000
37568,40151438421,1057838,0,0,1825,0,0.000000,16384,1648,57838,4,1.000000,0.000000
37569,40152496223,1057802,0,0,1823,0,0.000000,16384,1615,57802,4,1.000000,0.000000
37570,40153551899,1055676,0,0,1819,0,0.000000,16384,1599,55676,4,1.000000,0.000000
37571,40154621073,1069174,0,0,1765,0,0.000000,16384,1579,69174,4,1.000000,0.000000
37572,40155670586,1049513,0,0,1808,0,0.000000,16384,1634,49513,4,1.000000,0.000000
37573,40156728088,1057502,0,0,1824,0,0.000000,16384,1620,57502,4,1.000000,0.000000
37574,40157785337,1057249,0,0,1825,0,0.000000,16384,1605,57249,4,1.000000,0.000000
37575,40158843357,1058020,0,0,1774,0,0.000000,16384,1581,58020,4,1.000000,0.000000
37576,40159901205,1057848,0,0,1828,0,0.000000,16384,1650,57848,4,1.000000,0.000000
37577,40160956926,1055721,0,0,1799,0,0.000000,16384,1606,55721,4,1.000000,0.000000
37578,40162013356,1056430,0,0,1798,0,0.000000,16384,1577,56430,4,1.000000,0.000000
37579,40163069792,1056436,0,0,1821,0,0.000000,16384,1619,56436,4,1.000000,0.000000
37580,40164126234,1056442,0,0,1807,0,0.000000,16384,1633,56442,4,1.000000,0.000000
37581,40165191781,1065547,0,0,1837,0,0.000000,16384,1650,65547,4,1.000000,0.000000
37582,40166255303,1063522,0,0,1829,0,0.000000,16384,1609,63522,4,1.000000,0.000000
37583,40167317712,1062409,0,0,1670,0,0.000000,16384,1477,62409,4,1.000000,0.000000
37584,40168376542,1058830,0,0,1664,0,0.000000,16384,1517,58830,4,1.000000,0.000000
37585,40169434201,1057659,0,0,1660,0,0.000000,16384,1440,57659,4,1.000000,0.000000
37586,40170492160,1057959,0,0,1665,0,0.000000,16384,1502,57959,4,1.000000,0.000000
37587,40171580439,1088279,0,0,1841,0,0.000000,16384,1662,88279,4,1.000000,0.000000
37588,40172674233,1093794,0,0,1859,0,0.000000,16384,1637,93794,4,1.000000,0.000000
37589,40173701846,1027613,0,0,1863,0,0.000000,16384,1643,27613,4,1.000000,0.000000
37590,40174763210,1061364,0,0,1763,0,0.000000,16384,1574,61364,4,1.000000,0.000000
37591,40175837199,1073989,0,0,1939,0,0.000000,16384,1739,73989,4,1.000000,0.000000
37592,40176897350,1060151,0,0,1830,0,0.000000,16384,1653,60151,4,1.000000,0.000000
37593,40177955539,1058189,0,0,1824,0,0.000000,16384,1602,58189,4,1.000000,0.000000
37594,40179012315,1056776,0,0,1825,0,0.000000,16384,1605,56776,4,1.000000,0.000000
37595,40180070622,1058307,0,0,1812,0,0.000000,16384,1628,58307,4,1.000000,0.000000
37596,40181126861,1056239,0,0,1813,0,0.000000,16384,1638,56239,4,1.000000,0.000000
37597,40182182764,1055903,0,0,1785,0,0.000000,16384,1580,55903,4,1.000000,0.000000
37598,40183239010,1056246,0,0,1821,0,0.000000,16384,1601,56246,4,1.000000,0.000000
37599,40184294913,1055903,0,0,1822,0,0.000000,16384,1629,55903,4,1.000000,0.000000
37600,40185380392,1085479,0,0,1941,0,0.000000,16384,1740,85479,4,1.000000,0.000000
37601,40186474813,1094421,0,0,1952,0,0.000000,16384,1749,94421,4,1.000000,0.000000
37602,40187572380,1097567,0,0,1946,0,0.000000,16384,1744,97567,4,1.000000,0.000000
37603,40188662013,1089633,0,0,1976,0,0.000000,16384,1762,89633,4,1.000000,0.000000
37604,40189710767,1048754,0,0,1897,0,0.000000,16384,1674,48754,4,1.000000,0.000000
37605,40190803806,1093039,0,0,1955,0,0.000000,16384,1735,93039,4,1.000000,0.000000
37606,40191868586,1064780,0,0,1651,0,0.000000,16384,1468,64780,4,1.000000,0.000000
37607,40192932511,1063925,0,0,1903,0,0.000000,16384,1709,63925,4,1.000000,0.000000
37608,40193995122,1062611,0,0,1856,0,0.000000,16384,1669,62611,4,1.000000,0.000000
37609,40195056918,1061796,0,0,1667,0,0.000000,16384,1447,61796,4,1.000000,0.000000
37610,40196115623,1058705,0,0,1760,0,0.000000,16384,1579,58705,4,1.000000,0.000000
37611,40197196126,1080503,0,0,1770,0,0.000000,16384,1603,80503,4,1.000000,0.000000
37612,40198253657,1057531,0,0,1784,0,0.000000,16384,1568,57531,4,1.000000,0.000000
37613,40199315212,1061555,0,0,1826,0,0.000000,16384,1606,61555,4,1.000000,0.000000
37614,40200375631,1060419,0,0,1826,0,0.000000,16384,1642,60419,4,1.000000,0.000000
37615,40201433978,1058347,0,0,1827,0,0.000000,16384,1649,58347,4,1.000000,0.000000
37616,40202491527,1057549,0,0,1810,0,0.000000,16384,1608,57549,4,1.000000,0.000000
37617,40203548383,1056856,0,0,1821,0,0.000000,16384,1601,56856,4,1.000000,0.000000
37618,40204605177,1056794,0,0,1824,0,0.000000,16384,1623,56794,4,1.000000,0.000000
37619,40205661507,1056330,0,0,1823,0,0.000000,16384,1645,56330,4,1.000000,0.000000
37620,40206670292,1008785,0,0,1736,0,0.000000,16384,1551,8785,4,1.000000,0.000000
37621,40207735219,1064927,0,0,1835,0,0.000000,16384,1615,64927,4,1.000000,0.000000
37622,40208791613,1056394,0,0,1822,0,0.000000,16384,1617,56394,4,1.000000,0.000000
37623,40209847613,1056000,0,0,1823,0,0.000000,16384,1646,56000,4,1.000000,0.000000
37624,40210904730,1057117,0,0,1814,0,0.000000,16384,1632,57117,4,1.000000,0.000000
37625,40211961294,1056564,0,0,1813,0,0.000000,16384,1593,56564,4,1.000000,0.000000
37626,40213018187,1056893,0,0,1823,0,0.000000,16384,1603,56893,4,1.000000,0.000000
37627,40214079012,1060825,0,0,1833,0,0.000000,16384,1653,60825,4,1.000000,0.000000
37628,40215141111,1062099,0,0,1738,0,0.000000,16384,1574,62099,4,1.000000,0.000000
37629,40216200135,1059024,0,0,1825,0,0.000000,16384,1605,59024,4,1.000000,0.000000
37630,40217257072,1056937,0,0,1822,0,0.000000,16384,1598,56937,4,1.000000,0.000000
37631,40218322367,1065295,0,0,1838,0,0.000000,16384,1657,65295,4,1.000000,0.000000
37632,40219378806,1056439,0,0,1825,0,0.000000,16384,1647,56439,4,1.000000,0.000000
37633,40220437899,1059093,0,0,1735,0,0.000000,16384,1530,59093,4,1.000000,0.000000
37634,40221495831,1057932,0,0,1823,0,0.000000,16384,1602,57932,4,1.000000,0.000000
37635,40222552314,1056483,0,0,1825,0,0.000000,16384,1643,56483,4,1.000000,0.000000
37636,40223608360,1056046,0,0,1824,0,0.000000,16384,1646,56046,4,1.000000,0.000000
37637,40224664500,1056140,0,0,1823,0,0.000000,16384,1620,56140,4,1.000000,0.000000
37638,40225725560,1061060,0,0,1813,0,0.000000,16384,1593,61060,4,1.000000,0.000000
37639,40226782328,1056768,0,0,1824,0,0.000000,16384,1623,56768,4,1.000000,0.000000
37640,40227838408,1056080,0,0,1825,0,0.000000,16384,1647,56080,4,1.000000,0.000000
37641,40228901066,1062658,0,0,1834,0,0.000000,16384,1649,62658,4,1.000000,0.000000
37642,40229958454,1057388,0,0,1791,0,0.000000,16384,1571,57388,4,1.000000,0.000000
37643,40231015552,1057098,0,0,1824,0,0.000000,16384,1608,57098,4,1.000000,0.000000
37644,40232071271,1055719,0,0,1823,0,0.000000,16384,1645,55719,4,1.000000,0.000000
37645,40233127239,1055968,0,0,1813,0,0.000000,16384,1638,55968,4,1.000000,0.000000
37646,40234183326,1056087,0,0,1798,0,0.000000,16384,1579,56087,4,1.000000,0.000000
37647,40235241677,1058351,0,0,1735,0,0.000000,16384,1528,58351,4,1.000000,0.000000
37648,40236299137,1057460,0,0,1723,0,0.000000,16384,1566,57460,4,1.000000,0.000000
37649,40237355239,1056102,0,0,1809,0,0.000000,16384,1612,56102,4,1.000000,0.000000
37650,40238411740,1056501,0,0,1820,0,0.000000,16384,1601,56501,4,1.000000,0.000000
37651,40239485334,1073594,0,0,1845,0,0.000000,16384,1634,73594,4,1.000000,0.000000
37652,40240542838,1057504,0,0,1815,0,0.000000,16384,1639,57504,4,1.000000,0.000000
37653,40241599004,1056166,0,0,1814,0,0.000000,16384,1637,56166,4,1.000000,0.000000
37654,40242655043,1056039,0,0,1822,0,0.000000,16384,1600,56039,4,1.000000,0.000000
37655,40243670552,1015509,0,0,1750,0,0.000000,16384,1540,15509,4,1.000000,0.000000
37656,40244726117,1055565,0,0,1824,0,0.000000,16384,1645,55565,4,1.000000,0.000000
37657,40245783044,1056927,0,0,1717,0,0.000000,16384,1544,56927,4,1.000000,0.000000
37658,40246844095,1061051,0,0,1729,0,0.000000,16384,1509,61051,4,1.000000,0.000000
37659,40247906967,1062872,0,0,1564,0,0.000000,16384,1424,62872,4,1.000000,0.000000
37660,40248967792,1060825,0,0,1646,0,0.000000,16384,1450,60825,4,1.000000,0.000000
37661,40250039404,1071612,0,0,1830,0,0.000000,16384,1612,71612,4,1.000000,0.000000
37662,40251099906,1060502,0,0,1831,0,0.000000,16384,1652,60502,4,1.000000,0.000000
37663,40252158855,1058949,0,0,1819,0,0.000000,16384,1544,58949,4,1.000000,0.000000
37664,40253216311,1057456,0,0,1826,0,0.000000,16384,1645,57456,4,1.000000,0.000000
37665,40254273104,1056793,0,0,1825,0,0.000000,16384,1647,56793,4,1.000000,0.000000
37666,40255331505,1058401,0,0,1752,0,0.000000,16384,1547,58401,4,1.000000,0.000000
37667,40256388418,1056913,0,0,1812,0,0.000000,16384,1592,56913,4,1.000000,0.000000
37668,40257443618,1055200,0,0,1811,0,0.000000,16384,1628,55200,4,1.000000,0.000000
37669,40258895652,1452034,0,0,2106,0,0.000000,16384,1873,452034,4,1.000000,0.000000
37670,40259975647,1079995,0,0,1591,0,0.000000,16384,1443,79995,4,1.000000,0.000000
37671,40261075545,1099898,0,0,1476,0,0.000000,16384,1291,99898,4,1.000000,0.000000
37672,40262148729,1073184,0,0,1466,0,0.000000,16384,1315,73184,4,1.000000,0.000000
37673,40263213506,1064777,0,0,1542,0,0.000000,16384,1372,64777,4,1.000000,0.000000
37674,40264281675,1068169,0,0,1425,0,0.000000,16384,1263,68169,4,1.000000,0.000000
37675,40265354680,1073005,0,0,1471,0,0.000000,16384,1335,73005,4,1.000000,0.000000
37676,40266417726,1063046,0,0,1628,0,0.000000,16384,1428,63046,4,1.000000,0.000000
37677,40267476438,1058712,0,0,1663,0,0.000000,16384,1486,58712,4,1.000000,0.000000
37678,40268535090,1058652,0,0,1642,0,0.000000,16384,1479,58652,4,1.000000,0.000000
37679,40269592735,1057645,0,0,1663,0,0.000000,16384,1445,57645,4,1.000000,0.000000
37680,40270649534,1056799,0,0,1583,0,0.000000,16384,1454,56799,4,1.000000,0.000000
37681,40271739862,1090328,0,0,1543,0,0.000000,16384,1334,90328,4,1.000000,0.000000
37682,40272802663,1062801,0,0,1667,0,0.000000,16384,1515,62801,4,1.000000,0.000000
37683,40273860529,1057866,0,0,1678,0,0.000000,16384,1490,57866,4,1.000000,0.000000
37684,40275020216,1159687,0,0,1885,0,0.000000,16384,1665,159687,4,1.000000,0.000000
37685,40276086331,1066115,0,0,1524,0,0.000000,16384,1382,66115,4,1.000000,0.000000
37686,40277153523,1067192,0,0,1470,0,0.000000,16384,1276,67192,4,1.000000,0.000000
37687,40278218672,1065149,0,0,1516,0,0.000000,16384,1394,65149,4,1.000000,0.000000
37688,40279282000,1063328,0,0,1559,0,0.000000,16384,1345,63328,4,1.000000,0.000000
37689,40280340804,1058804,0,0,1551,0,0.000000,16384,1424,58804,4,1.000000,0.000000
37690,40281399502,1058698,0,0,1555,0,0.000000,16384,1346,58698,4,1.000000,0.000000
37691,40282483290,1083788,0,0,1404,0,0.000000,16384,1288,83788,4,1.000000,0.000000
37692,40283541814,1058524,0,0,1550,0,0.000000,16384,1347,58524,4,1.000000,0.000000
37693,40284606185,1064371,0,0,1516,0,0.000000,16384,1383,64371,4,1.000000,0.000000
37694,40285671479,1065294,0,0,1557,0,0.000000,16384,1356,65294,4,1.000000,0.000000
37695,40286731117,1059638,0,0,1558,0,0.000000,16384,1423,59638,4,1.000000,0.000000
37696,40287791538,1060421,0,0,1552,0,0.000000,16384,1346,60421,4,1.000000,0.000000
37697,40288851663,1060125,0,0,1556,0,0.000000,16384,1426,60125,4,1.000000,0.000000
37698,40289908524,1056861,0,0,1547,0,0.000000,16384,1338,56861,4,1.000000,0.000000
37699,40290966637,1058113,0,0,1557,0,0.000000,16384,1429,58113,4,1.000000,0.000000
37700,40292026525,1059888,0,0,1534,0,0.000000,16384,1324,59888,4,1.000000,0.000000
37701,40293110852,1084327,0,0,1633,0,0.000000,16384,1494,84327,4,1.000000,0.000000
37702,40294168773,1057921,0,0,1660,0,0.000000,16384,1454,57921,4,1.000000,0.000000
37703,40295255125,1086352,0,0,1637,0,0.000000,16384,1464,86352,4,1.000000,0.000000
37704,40296316637,1061512,0,0,1622,0,0.000000,16384,1455,61512,4,1.000000,0.000000
37705,40297380228,1063591,0,0,1586,0,0.000000,16384,1392,63591,4,1.000000,0.000000
37706,40298443532,1063304,0,0,1632,0,0.000000,16384,1489,63304,4,1.000000,0.000000
37707,40299503758,1060226,0,0,1603,0,0.000000,16384,1384,60226,4,1.000000,0.000000
37708,40300563070,1059312,0,0,1665,0,0.000000,16384,1515,59312,4,1.000000,0.000000
37709,40301621148,1058078,0,0,1661,0,0.000000,16384,1471,58078,4,1.000000,0.000000
37710,40302671316,1050168,0,0,1576,0,0.000000,16384,1400,50168,4,1.000000,0.000000
37711,40303742141,1070825,0,0,1666,0,0.000000,16384,1506,70825,4,1.000000,0.000000
37712,40304801119,1058978,0,0,1659,0,0.000000,16384,1439,58978,4,1.000000,0.000000
37713,40305858434,1057315,0,0,1685,0,0.000000,16384,1531,57315,4,1.000000,0.000000
37714,40306914577,1056143,0,0,1824,0,0.000000,16384,1637,56143,4,1.000000,0.000000
37715,40307970717,1056140,0,0,1822,0,0.000000,16384,1603,56140,4,1.000000,0.000000
37716,40309026224,1055507,0,0,1822,0,0.000000,16384,1602,55507,4,1.000000,0.000000
37717,40310081890,1055666,0,0,1823,0,0.000000,16384,1645,55666,4,1.000000,0.000000
37718,40311137980,1056090,0,0,1823,0,0.000000,16384,1646,56090,4,1.000000,0.000000
37719,40312193668,1055688,0,0,1770,0,0.000000,16384,1557,55688,4,1.000000,0.000000
37720,40313249164,1055496,0,0,1820,0,0.000000,16384,1600,55496,4,1.000000,0.000000
37721,40314311293,1062129,0,0,1821,0,0.000000,16384,1640,62129,4,1.000000,0.000000
37722,40315369507,1058214,0,0,1660,0,0.000000,16384,1501,58214,4,1.000000,0.000000
37723,40316427397,1057890,0,0,1821,0,0.000000,16384,1601,57890,4,1.000000,0.000000
37724,40317485279,1057882,0,0,1821,0,0.000000,16384,1608,57882,4,1.000000,0.000000
37725,40318542669,1057390,0,0,1823,0,0.000000,16384,1645,57390,4,1.000000,0.000000
37726,40319599634,1056965,0,0,1813,0,0.000000,16384,1640,56965,4,1.000000,0.000000
37727,40320655999,1056365,0,0,1812,0,0.000000,16384,1588,56365,4,1.000000,0.000000
37728,40321670253,1014254,0,0,1745,0,0.000000,16384,1536,14254,4,1.000000,0.000000
37729,40322727511,1057258,0,0,1800,0,0.000000,16384,1628,57258,4,1.000000,0.000000
37730,40323783820,1056309,0,0,1814,0,0.000000,16384,1635,56309,4,1.000000,0.000000
37731,40324848519,1064699,0,0,1836,0,0.000000,16384,1612,64699,4,1.000000,0.000000
37732,40325905045,1056526,0,0,1767,0,0.000000,16384,1554,56526,4,1.000000,0.000000
37733,40326961260,1056215,0,0,1812,0,0.000000,16384,1637,56215,4,1.000000,0.000000
37734,40328016851,1055591,0,0,1823,0,0.000000,16384,1646,55591,4,1.000000,0.000000
37735,40329073648,1056797,0,0,1807,0,0.000000,16384,1588,56797,4,1.000000,0.000000
37736,40330090740,1017092,0,0,1706,0,0.000000,16384,1502,17092,4,1.000000,0.000000
37737,40331147849,1057109,0,0,1821,0,0.000000,16384,1645,57109,4,1.000000,0.000000
37738,40332203909,1056060,0,0,1823,0,0.000000,16384,1643,56060,4,1.000000,0.000000
37739,40333259723,1055814,0,0,1819,0,0.000000,16384,1599,55814,4,1.000000,0.000000
37740,40334316186,1056463,0,0,1775,0,0.000000,16384,1559,56463,4,1.000000,0.000000
37741,40335380201,1064015,0,0,1729,0,0.000000,16384,1570,64015,4,1.000000,0.000000
37742,40336438563,1058362,0,0,1824,0,0.000000,16384,1635,58362,4,1.000000,0.000000
37743,40337494599,1056036,0,0,1820,0,0.000000,16384,1600,56036,4,1.000000,0.000000
37744,40338550946,1056347,0,0,1812,0,0.000000,16384,1599,56347,4,1.000000,0.000000
37745,40339606947,1056001,0,0,1822,0,0.000000,16384,1644,56001,4,1.000000,0.000000
37746,40340663883,1056936,0,0,1810,0,0.000000,16384,1637,56936,4,1.000000,0.000000
37747,40341724893,1061010,0,0,1795,0,0.000000,16384,1575,61010,4,1.000000,0.000000
37748,40342783591,1058698,0,0,1819,0,0.000000,16384,1595,58698,4,1.000000,0.000000
37749,40343840132,1056541,0,0,1824,0,0.000000,16384,1647,56541,4,1.000000,0.000000
37750,40344896003,1055871,0,0,1822,0,0.000000,16384,1644,55871,4,1.000000,0.000000
37751,40345971282,1075279,0,0,1752,0,0.000000,16384,1542,75279,4,1.000000,0.000000
37752,40347029229,1057947,0,0,1765,0,0.000000,16384,1553,57947,4,1.000000,0.000000
37753,40348089723,1060494,0,0,1543,0,0.000000,16384,1420,60494,4,1.000000,0.000000
37754,40349150050,1060327,0,0,1658,0,0.000000,16384,1437,60327,4,1.000000,0.000000
37755,40350191307,1041257,0,0,1623,0,0.000000,16384,1470,41257,4,1.000000,0.000000
37756,40351254091,1062784,0,0,1667,0,0.000000,16384,1481,62784,4,1.000000,0.000000
37757,40352312627,1058536,0,0,1664,0,0.000000,16384,1465,58536,4,1.000000,0.000000
37758,40353369681,1057054,0,0,1593,0,0.000000,16384,1456,57054,4,1.000000,0.000000
37759,40354457397,1087716,0,0,1780,0,0.000000,16384,1560,87716,4,1.000000,0.000000
37760,40355521570,1064173,0,0,1636,0,0.000000,16384,1459,64173,4,1.000000,0.000000
37761,40356595187,1073617,0,0,1686,0,0.000000,16384,1523,73617,4,1.000000,0.000000
37762,40357653965,1058778,0,0,1664,0,0.000000,16384,1444,58778,4,1.000000,0.000000
37763,40358672395,1018430,0,0,1592,0,0.000000,16384,1455,18430,4,1.000000,0.000000
37764,40359731680,1059285,0,0,1765,0,0.000000,16384,1562,59285,4,1.000000,0.000000
37765,40360791211,1059531,0,0,1816,0,0.000000,16384,1596,59531,4,1.000000,0.000000
37766,40361852041,1060830,0,0,1818,0,0.000000,16384,1629,60830,4,1.000000,0.000000
37767,40362915142,1063101,0,0,1798,0,0.000000,16384,1626,63101,4,1.000000,0.000000
37768,40363972839,1057697,0,0,1806,0,0.000000,16384,1603,57697,4,1.000000,0.000000
37769,40365029292,1056453,0,0,1822,0,0.000000,16384,1602,56453,4,1.000000,0.000000
37770,40366085134,1055842,0,0,1811,0,0.000000,16384,1614,55842,4,1.000000,0.000000
37771,40367150136,1065002,0,0,1837,0,0.000000,16384,1657,65002,4,1.000000,0.000000
37772,40368208941,1058805,0,0,1824,0,0.000000,16384,1637,58805,4,1.000000,0.000000
37773,40369265555,1056614,0,0,1791,0,0.000000,16384,1571,56614,4,1.000000,0.000000
37774,40370323010,1057455,0,0,1822,0,0.000000,16384,1609,57455,4,1.000000,0.000000
37775,40371379631,1056621,0,0,1823,0,0.000000,16384,1646,56621,4,1.000000,0.000000
37776,40372435123,1055492,0,0,1820,0,0.000000,16384,1643,55492,4,1.000000,0.000000
37777,40373490967,1055844,0,0,1821,0,0.000000,16384,1600,55844,4,1.000000,0.000000
37778,40374547153,1056186,0,0,1810,0,0.000000,16384,1590,56186,4,1.000000,0.000000
37779,40375608095,1060942,0,0,1727,0,0.000000,16384,1564,60942,4,1.000000,0.000000
37780,40376669894,1061799,0,0,1735,0,0.000000,16384,1558,61799,4,1.000000,0.000000
37781,40377746134,1076240,0,0,1644,0,0.000000,16384,1426,76240,4,1.000000,0.000000
37782,40378804723,1058589,0,0,1666,0,0.000000,16384,1520,58589,4,1.000000,0.000000
37783,40379862885,1058162,0,0,1671,0,0.000000,16384,1478,58162,4,1.000000,0.000000
37784,40380920460,1057575,0,0,1823,0,0.000000,16384,1600,57575,4,1.000000,0.000000
37785,40381977639,1057179,0,0,1789,0,0.000000,16384,1616,57179,4,1.000000,0.000000
37786,40383034669,1057030,0,0,1823,0,0.000000,16384,1646,57030,4,1.000000,0.000000
37787,40384090671,1056002,0,0,1821,0,0.000000,16384,1607,56002,4,1.000000,0.000000
37788,40385150582,1059911,0,0,1824,0,0.000000,16384,1603,59911,4,1.000000,0.000000
37789,40386211269,1060687,0,0,1829,0,0.000000,16384,1638,60687,4,1.000000,0.000000
37790,40387268186,1056917,0,0,1820,0,0.000000,16384,1643,56917,4,1.000000,0.000000
37791,40388334476,1066290,0,0,1804,0,0.000000,16384,1609,66290,4,1.000000,0.000000
37792,40389390453,1055977,0,0,1819,0,0.000000,16384,1599,55977,4,1.000000,0.000000
37793,40390447165,1056712,0,0,1706,0,0.000000,16384,1522,56712,4,1.000000,0.000000
37794,40391503102,1055937,0,0,1811,0,0.000000,16384,1637,55937,4,1.000000,0.000000
37795,40392558958,1055856,0,0,1823,0,0.000000,16384,1617,55856,4,1.000000,0.000000
37796,40393614820,1055862,0,0,1821,0,0.000000,16384,1601,55862,4,1.000000,0.000000
37797,40394670601,1055781,0,0,1820,0,0.000000,16384,1621,55781,4,1.000000,0.000000
37798,40395730389,1059788,0,0,1717,0,0.000000,16384,1560,59788,4,1.000000,0.000000
37799,40396788957,1058568,0,0,1674,0,0.000000,16384,1470,58568,4,1.000000,0.000000
37800,40397844648,1055691,0,0,1809,0,0.000000,16384,1598,55691,4,1.000000,0.000000
37801,40398921833,1077185,0,0,1857,0,0.000000,16384,1673,77185,4,1.000000,0.000000
37802,40399983123,1061290,0,0,1826,0,0.000000,16384,1648,61290,4,1.000000,0.000000
37803,40401045625,1062502,0,0,1832,0,0.000000,16384,1617,62502,4,1.000000,0.000000
37804,40402107097,1061472,0,0,1831,0,0.000000,16384,1610,61472,4,1.000000,0.000000
37805,40403163953,1056856,0,0,1825,0,0.000000,16384,1631,56856,4,1.000000,0.000000
37806,40404219746,1055793,0,0,1812,0,0.000000,16384,1637,55793,4,1.000000,0.000000
37807,40405275590,1055844,0,0,1823,0,0.000000,16384,1629,55844,4,1.000000,0.000000
37808,40406333295,1057705,0,0,1816,0,0.000000,16384,1596,57705,4,1.000000,0.000000
37809,40407389375,1056080,0,0,1822,0,0.000000,16384,1612,56080,4,1.000000,0.000000
37810,40408445697,1056322,0,0,1803,0,0.000000,16384,1630,56322,4,1.000000,0.000000
37811,40409510168,1064471,0,0,1837,0,0.000000,16384,1655,64471,4,1.000000,0.000000
37812,40410566185,1056017,0,0,1821,0,0.000000,16384,1598,56017,4,1.000000,0.000000
37813,40411626085,1059900,0,0,1827,0,0.000000,16384,1607,59900,4,1.000000,0.000000
37814,40412672700,1046615,0,0,1803,0,0.000000,16384,1625,46615,4,1.000000,0.000000
37815,40413729835,1057135,0,0,1823,0,0.000000,16384,1646,57135,4,1.000000,0.000000
37816,40414785980,1056145,0,0,1822,0,0.000000,16384,1613,56145,4,1.000000,0.000000
37817,40415844881,1058901,0,0,1713,0,0.000000,16384,1495,58901,4,1.000000,0.000000
37818,40416903880,1058999,0,0,1791,0,0.000000,16384,1621,58999,4,1.000000,0.000000
37819,40417960759,1056879,0,0,1825,0,0.000000,16384,1647,56879,4,1.000000,0.000000
37820,40419017319,1056560,0,0,1822,0,0.000000,16384,1604,56560,4,1.000000,0.000000
37821,40420083779,1066460,0,0,1772,0,0.000000,16384,1552,66460,4,1.000000,0.000000
37822,40421141867,1058088,0,0,1664,0,0.000000,16384,1518,58088,4,1.000000,0.000000
37823,40422198200,1056333,0,0,1822,0,0.000000,16384,1628,56333,4,1.000000,0.000000
37824,40423253996,1055796,0,0,1821,0,0.000000,16384,1601,55796,4,1.000000,0.000000
37825,40424311443,1057447,0,0,1825,0,0.000000,16384,1614,57447,4,1.000000,0.000000
37826,40425367695,1056252,0,0,1812,0,0.000000,16384,1636,56252,4,1.000000,0.000000
37827,40426423762,1056067,0,0,1823,0,0.000000,16384,1646,56067,4,1.000000,0.000000
37828,40427479494,1055732,0,0,1824,0,0.000000,16384,1600,55732,4,1.000000,0.000000
37829,40428535209,1055715,0,0,1824,0,0.000000,16384,1604,55715,4,1.000000,0.000000
37830,40429590807,1055598,0,0,1811,0,0.000000,16384,1631,55598,4,1.000000,0.000000
37831,40430653403,1062596,0,0,1817,0,0.000000,16384,1640,62596,4,1.000000,0.000000
37832,40431670936,1017533,0,0,1750,0,0.000000,16384,1543,17533,4,1.000000,0.000000
37833,40432727252,1056316,0,0,1823,0,0.000000,16384,1603,56316,4,1.000000,0.000000
37834,40433784160,1056908,0,0,1822,0,0.000000,16384,1639,56908,4,1.000000,0.000000
37835,40434840765,1056605,0,0,1805,0,0.000000,16384,1630,56605,4,1.000000,0.000000
37836,40435897197,1056432,0,0,1752,0,0.000000,16384,1546,56432,4,1.000000,0.000000
37837,40436954548,1057351,0,0,1781,0,0.000000,16384,1561,57351,4,1.000000,0.000000
37838,40438011538,1056990,0,0,1655,0,0.000000,16384,1513,56990,4,1.000000,0.000000
37839,40439068391,1056853,0,0,1757,0,0.000000,16384,1559,56853,4,1.000000,0.000000
37840,40440126208,1057817,0,0,1825,0,0.000000,16384,1605,57817,4,1.000000,0.000000
37841,40441189559,1063351,0,0,1820,0,0.000000,16384,1625,63351,4,1.000000,0.000000
37842,40442245258,1055699,0,0,1821,0,0.000000,16384,1644,55699,4,1.000000,0.000000
37843,40443301623,1056365,0,0,1824,0,0.000000,16384,1632,56365,4,1.000000,0.000000
37844,40444361625,1060002,0,0,1801,0,0.000000,16384,1581,60002,4,1.000000,0.000000
37845,40445426377,1064752,0,0,1718,0,0.000000,16384,1529,64752,4,1.000000,0.000000
37846,40446487096,1060719,0,0,1811,0,0.000000,16384,1637,60719,4,1.000000,0.000000
37847,40447546324,1059228,0,0,1769,0,0.000000,16384,1568,59228,4,1.000000,0.000000
37848,40448607699,1061375,0,0,1537,0,0.000000,16384,1357,61375,4,1.000000,0.000000
37849,40449676411,1068712,0,0,1657,0,0.000000,16384,1500,68712,4,1.000000,0.000000
37850,40450741129,1064718,0,0,1671,0,0.000000,16384,1452,64718,4,1.000000,0.000000
37851,40451823506,1082377,0,0,1865,0,0.000000,16384,1670,82377,4,1.000000,0.000000
37852,40452881654,1058148,0,0,1815,0,0.000000,16384,1640,58148,4,1.000000,0.000000
37853,40453938230,1056576,0,0,1823,0,0.000000,16384,1629,56576,4,1.000000,0.000000
37854,40454994153,1055923,0,0,1820,0,0.000000,16384,1600,55923,4,1.000000,0.000000
37855,40456051548,1057395,0,0,1743,0,0.000000,16384,1547,57395,4,1.000000,0.000000
37856,40457109100,1057552,0,0,1814,0,0.000000,16384,1638,57552,4,1.000000,0.000000
37857,40458201531,1092431,0,0,1788,0,0.000000,16384,1596,92431,4,1.000000,0.000000
37858,40459267354,1065823,0,0,1533,0,0.000000,16384,1343,65823,4,1.000000,0.000000
37859,40460329364,1062010,0,0,1554,0,0.000000,16384,1408,62010,4,1.000000,0.000000
37860,40461387129,1057765,0,0,1555,0,0.000000,16384,1360,57765,4,1.000000,0.000000
37861,40462491419,1104290,0,0,1813,0,0.000000,16384,1637,104290,4,1.000000,0.000000
37862,40463585223,1093804,0,0,1850,0,0.000000,16384,1661,93804,4,1.000000,0.000000
37863,40464680700,1095477,0,0,1862,0,0.000000,16384,1638,95477,4,1.000000,0.000000
37864,40465705650,1024950,0,0,1746,0,0.000000,16384,1536,24950,4,1.000000,0.000000
37865,40466769263,1063613,0,0,1814,0,0.000000,16384,1583,63613,4,1.000000,0.000000
37866,40467833032,1063769,0,0,1802,0,0.000000,16384,1584,63769,4,1.000000,0.000000
37867,40468895898,1062866,0,0,1896,0,0.000000,16384,1704,62866,4,1.000000,0.000000
37868,40469958523,1062625,0,0,1910,0,0.000000,16384,1716,62625,4,1.000000,0.000000
37869,40471017673,1059150,0,0,1815,0,0.000000,16384,1631,59150,4,1.000000,0.000000
37870,40472074588,1056915,0,0,1823,0,0.000000,16384,1603,56915,4,1.000000,0.000000
37871,40473140248,1065660,0,0,1826,0,0.000000,16384,1604,65660,4,1.000000,0.000000
37872,40474196784,1056536,0,0,1822,0,0.000000,16384,1646,56536,4,1.000000,0.000000
37873,40475252790,1056006,0,0,1822,0,0.000000,16384,1644,56006,4,1.000000,0.000000
37874,40476313507,1060717,0,0,1617,0,0.000000,16384,1409,60717,4,1.000000,0.000000
37875,40477372276,1058769,0,0,1724,0,0.000000,16384,1545,58769,4,1.000000,0.000000
37876,40478458961,1086685,0,0,1941,0,0.000000,16384,1739,86685,4,1.000000,0.000000
37877,40479547194,1088233,0,0,1960,0,0.000000,16384,1756,88233,4,1.000000,0.000000
37878,40480607791,1060597,0,0,1811,0,0.000000,16384,1608,60597,4,1.000000,0.000000
37879,40481696353,1088562,0,0,1964,0,0.000000,16384,1740,88562,4,1.000000,0.000000
37880,40482758909,1062556,0,0,1928,0,0.000000,16384,1707,62556,4,1.000000,0.000000
37881,40483830581,1071672,0,0,1934,0,0.000000,16384,1711,71672,4,1.000000,0.000000
37882,40484889994,1059413,0,0,1828,0,0.000000,16384,1649,59413,4,1.000000,0.000000
37883,40485948360,1058366,0,0,1811,0,0.000000,16384,1636,58366,4,1.000000,0.000000
37884,40487005227,1056867,0,0,1825,0,0.000000,16384,1615,56867,4,1.000000,0.000000
37885,40488061622,1056395,0,0,1821,0,0.000000,16384,1601,56395,4,1.000000,0.000000
37886,40489117845,1056223,0,0,1773,0,0.000000,16384,1587,56223,4,1.000000,0.000000
37887,40490173692,1055847,0,0,1743,0,0.000000,16384,1581,55847,4,1.000000,0.000000
37888,40491229544,1055852,0,0,1745,0,0.000000,16384,1533,55852,4,1.000000,0.000000
37889,40492285462,1055918,0,0,1822,0,0.000000,16384,1601,55918,4,1.000000,0.000000
37890,40493342517,1057055,0,0,1825,0,0.000000,16384,1648,57055,4,1.000000,0.000000
37891,40494407272,1064755,0,0,1658,0,0.000000,16384,1492,64755,4,1.000000,0.000000
37892,40495464308,1057036,0,0,1820,0,0.000000,16384,1599,57036,4,1.000000,0.000000
37893,40496524118,1059810,0,0,1666,0,0.000000,16384,1492,59810,4,1.000000,0.000000
37894,40497582844,1058726,0,0,1663,0,0.000000,16384,1498,58726,4,1.000000,0.000000
37895,40498641075,1058231,0,0,1658,0,0.000000,16384,1438,58231,4,1.000000,0.000000
37896,40499670488,1029413,0,0,1738,0,0.000000,16384,1579,29413,4,1.000000,0.000000
37897,40500727050,1056562,0,0,1823,0,0.000000,16384,1642,56562,4,1.000000,0.000000
37898,40501784021,1056971,0,0,1810,0,0.000000,16384,1590,56971,4,1.000000,0.000000
37899,40502839947,1055926,0,0,1821,0,0.000000,16384,1599,55926,4,1.000000,0.000000
37900,40503895707,1055760,0,0,1822,0,0.000000,16384,1645,55760,4,1.000000,0.000000
37901,40504969504,1073797,0,0,1840,0,0.000000,16384,1660,73797,4,1.000000,0.000000
37902,40506058794,1089290,0,0,1872,0,0.000000,16384,1663,89290,4,1.000000,0.000000
37903,40507122280,1063486,0,0,1751,0,0.000000,16384,1531,63486,4,1.000000,0.000000
37904,40508145030,1022750,0,0,1563,0,0.000000,16384,1422,22750,4,1.000000,0.000000
37905,40509202504,1057474,0,0,1774,0,0.000000,16384,1575,57474,4,1.000000,0.000000
37906,40510258446,1055942,0,0,1807,0,0.000000,16384,1587,55942,4,1.000000,0.000000
37907,40511314343,1055897,0,0,1822,0,0.000000,16384,1629,55897,4,1.000000,0.000000
37908,40512371351,1057008,0,0,1795,0,0.000000,16384,1623,57008,4,1.000000,0.000000
37909,40513428483,1057132,0,0,1814,0,0.000000,16384,1615,57132,4,1.000000,0.000000
37910,40514484472,1055989,0,0,1817,0,0.000000,16384,1597,55989,4,1.000000,0.000000
37911,40515545817,1061345,0,0,1830,0,0.000000,16384,1625,61345,4,1.000000,0.000000
37912,40516604429,1058612,0,0,1751,0,0.000000,16384,1588,58612,4,1.000000,0.000000
37913,40517663221,1058792,0,0,1826,0,0.000000,16384,1630,58792,4,1.000000,0.000000
37914,40518670399,1007178,0,0,1733,0,0.000000,16384,1513,7178,4,1.000000,0.000000
37915,40519727013,1056614,0,0,1823,0,0.000000,16384,1630,56614,4,1.000000,0.000000
37916,40520784034,1057021,0,0,1808,0,0.000000,16384,1634,57021,4,1.000000,0.000000
37917,40521840861,1056827,0,0,1821,0,0.000000,16384,1624,56827,4,1.000000,0.000000
37918,40522896662,1055801,0,0,1822,0,0.000000,16384,1602,55801,4,1.000000,0.000000
37919,40523952667,1056005,0,0,1824,0,0.000000,16384,1616,56005,4,1.000000,0.000000
37920,40525009606,1056939,0,0,1820,0,0.000000,16384,1643,56939,4,1.000000,0.000000
37921,40526073806,1064200,0,0,1835,0,0.000000,16384,1656,64200,4,1.000000,0.000000
37922,40527130199,1056393,0,0,1822,0,0.000000,16384,1598,56393,4,1.000000,0.000000
37923,40528185992,1055793,0,0,1819,0,0.000000,16384,1599,55793,4,1.000000,0.000000
37924,40529242067,1056075,0,0,1726,0,0.000000,16384,1564,56075,4,1.000000,0.000000
37925,40530299294,1057227,0,0,1754,0,0.000000,16384,1576,57227,4,1.000000,0.000000
37926,40531355605,1056311,0,0,1820,0,0.000000,16384,1600,56311,4,1.000000,0.000000
37927,40532411670,1056065,0,0,1821,0,0.000000,16384,1608,56065,4,1.000000,0.000000
37928,40533467612,1055942,0,0,1823,0,0.000000,16384,1644,55942,4,1.000000,0.000000
37929,40534523273,1055661,0,0,1807,0,0.000000,16384,1635,55661,4,1.000000,0.000000
37930,40535578877,1055604,0,0,1820,0,0.000000,16384,1596,55604,4,1.000000,0.000000
37931,40536643363,1064486,0,0,1693,0,0.000000,16384,1494,64486,4,1.000000,0.000000
37932,40537671216,1027853,0,0,1607,0,0.000000,16384,1470,27853,4,1.000000,0.000000
37933,40538729372,1058156,0,0,1662,0,0.000000,16384,1442,58156,4,1.000000,0.000000
37934,40539786705,1057333,0,0,1806,0,0.000000,16384,1616,57333,4,1.000000,0.000000
37935,40540843152,1056447,0,0,1808,0,0.000000,16384,1634,56447,4,1.000000,0.000000
37936,40541899977,1056825,0,0,1824,0,0.000000,16384,1624,56825,4,1.000000,0.000000
37937,40542957010,1057033,0,0,1814,0,0.000000,16384,1594,57033,4,1.000000,0.000000
37938,40544012635,1055625,0,0,1822,0,0.000000,16384,1618,55625,4,1.000000,0.000000
37939,40545068114,1055479,0,0,1823,0,0.000000,16384,1645,55479,4,1.000000,0.000000
37940,40546124379,1056265,0,0,1803,0,0.000000,16384,1621,56265,4,1.000000,0.000000
37941,40547187165,1062786,0,0,1832,0,0.000000,16384,1612,62786,4,1.000000,0.000000
37942,40548243523,1056358,0,0,1823,0,0.000000,16384,1600,56358,4,1.000000,0.000000
37943,40549305798,1062275,0,0,1549,0,0.000000,16384,1429,62275,4,1.000000,0.000000
37944,40550366415,1060617,0,0,1621,0,0.000000,16384,1404,60617,4,1.000000,0.000000
37945,40551425719,1059304,0,0,1663,0,0.000000,16384,1503,59304,4,1.000000,0.000000
37946,40552483285,1057566,0,0,1784,0,0.000000,16384,1604,57566,4,1.000000,0.000000
37947,40553540863,1057578,0,0,1788,0,0.000000,16384,1568,57578,4,1.000000,0.000000
37948,40554598457,1057594,0,0,1816,0,0.000000,16384,1607,57594,4,1.000000,0.000000
37949,40555654357,1055900,0,0,1823,0,0.000000,16384,1645,55900,4,1.000000,0.000000
37950,40556673430,1019073,0,0,1606,0,0.000000,16384,1429,19073,4,1.000000,0.000000
37951,40557752549,1079119,0,0,1840,0,0.000000,16384,1620,79119,4,1.000000,0.000000
37952,40558813117,1060568,0,0,1753,0,0.000000,16384,1578,60568,4,1.000000,0.000000
37953,40559874449,1061332,0,0,1736,0,0.000000,16384,1570,61332,4,1.000000,0.000000
37954,40560932466,1058017,0,0,1825,0,0.000000,16384,1606,58017,4,1.000000,0.000000
37955,40561989977,1057511,0,0,1808,0,0.000000,16384,1587,57511,4,1.000000,0.000000
37956,40563045739,1055762,0,0,1821,0,0.000000,16384,1644,55762,4,1.000000,0.000000
37957,40564103658,1057919,0,0,1808,0,0.000000,16384,1634,57919,4,1.000000,0.000000
37958,40565160352,1056694,0,0,1810,0,0.000000,16384,1594,56694,4,1.000000,0.000000
37959,40566216185,1055833,0,0,1810,0,0.000000,16384,1590,55833,4,1.000000,0.000000
37960,40567272023,1055838,0,0,1813,0,0.000000,16384,1631,55838,4,1.000000,0.000000
37961,40568337906,1065883,0,0,1822,0,0.000000,16384,1644,65883,4,1.000000,0.000000
37962,40569394451,1056545,0,0,1822,0,0.000000,16384,1618,56545,4,1.000000,0.000000
37963,40570450609,1056158,0,0,1808,0,0.000000,16384,1588,56158,4,1.000000,0.000000
37964,40571506745,1056136,0,0,1822,0,0.000000,16384,1624,56136,4,1.000000,0.000000
37965,40572562554,1055809,0,0,1822,0,0.000000,16384,1645,55809,4,1.000000,0.000000
37966,40573618425,1055871,0,0,1811,0,0.000000,16384,1622,55871,4,1.000000,0.000000
37967,40574670524,1052099,0,0,1798,0,0.000000,16384,1578,52099,4,1.000000,0.000000
37968,40575726255,1055731,0,0,1820,0,0.000000,16384,1611,55731,4,1.000000,0.000000
37969,40576784172,1057917,0,0,1734,0,0.000000,16384,1574,57917,4,1.000000,0.000000
37970,40577842392,1058220,0,0,1822,0,0.000000,16384,1627,58220,4,1.000000,0.000000
37971,40578905274,1062882,0,0,1831,0,0.000000,16384,1611,62882,4,1.000000,0.000000
37972,40579962089,1056815,0,0,1824,0,0.000000,16384,1612,56815,4,1.000000,0.000000
37973,40581019637,1057548,0,0,1796,0,0.000000,16384,1624,57548,4,1.000000,0.000000
37974,40582076533,1056896,0,0,1812,0,0.000000,16384,1632,56896,4,1.000000,0.000000
37975,40583132228,1055695,0,0,1780,0,0.000000,16384,1560,55695,4,1.000000,0.000000
37976,40584188620,1056392,0,0,1822,0,0.000000,16384,1607,56392,4,1.000000,0.000000
37977,40585246252,1057632,0,0,1824,0,0.000000,16384,1647,57632,4,1.000000,0.000000
37978,40586302547,1056295,0,0,1823,0,0.000000,16384,1645,56295,4,1.000000,0.000000
37979,40587359775,1057228,0,0,1822,0,0.000000,16384,1604,57228,4,1.000000,0.000000
37980,40588415407,1055632,0,0,1820,0,0.000000,16384,1600,55632,4,1.000000,0.000000
37981,40589476409,1061002,0,0,1820,0,0.000000,16384,1634,61002,4,1.000000,0.000000
37982,40590534760,1058351,0,0,1658,0,0.000000,16384,1504,58351,4,1.000000,0.000000
37983,40591591580,1056820,0,0,1774,0,0.000000,16384,1554,56820,4,1.000000,0.000000
37984,40592647254,1055674,0,0,1822,0,0.000000,16384,1613,55674,4,1.000000,0.000000
37985,40593670485,1023231,0,0,1764,0,0.000000,16384,1598,23231,4,1.000000,0.000000
37986,40594726240,1055755,0,0,1824,0,0.000000,16384,1635,55755,4,1.000000,0.000000
37987,40595782231,1055991,0,0,1822,0,0.000000,16384,1602,55991,4,1.000000,0.000000
37988,40596841913,1059682,0,0,1675,0,0.000000,16384,1488,59682,4,1.000000,0.000000
37989,40597899826,1057913,0,0,1693,0,0.000000,16384,1539,57913,4,1.000000,0.000000
37990,40598958232,1058406,0,0,1802,0,0.000000,16384,1583,58406,4,1.000000,0.000000
37991,40600022180,1063948,0,0,1796,0,0.000000,16384,1579,63948,4,1.000000,0.000000
37992,40601078084,1055904,0,0,1813,0,0.000000,16384,1638,55904,4,1.000000,0.000000
37993,40602134868,1056784,0,0,1823,0,0.000000,16384,1645,56784,4,1.000000,0.000000
37994,40603191793,1056925,0,0,1824,0,0.000000,16384,1606,56925,4,1.000000,0.000000
37995,40604248360,1056567,0,0,1716,0,0.000000,16384,1507,56567,4,1.000000,0.000000
37996,40605304280,1055920,0,0,1811,0,0.000000,16384,1636,55920,4,1.000000,0.000000
37997,40606361676,1057396,0,0,1817,0,0.000000,16384,1640,57396,4,1.000000,0.000000
37998,40607417488,1055812,0,0,1820,0,0.000000,16384,1597,55812,4,1.000000,0.000000
37999,40608473906,1056418,0,0,1821,0,0.000000,16384,1601,56418,4,1.000000,0.000000
38000,40609530731,1056825,0,0,1800,0,0.000000,16384,1624,56825,4,1.000000,0.000000
38001,40610600403,1069672,0,0,1842,0,0.000000,16384,1660,69672,4,1.000000,0.000000
38002,40611657238,1056835,0,0,1799,0,0.000000,16384,1593,56835,4,1.000000,0.000000
38003,40612671148,1013910,0,0,1591,0,0.000000,16384,1400,13910,4,1.000000,0.000000
38004,40613727710,1056562,0,0,1789,0,0.000000,16384,1619,56562,4,1.000000,0.000000
38005,40614783923,1056213,0,0,1819,0,0.000000,16384,1620,56213,4,1.000000,0.000000
38006,40615841249,1057326,0,0,1736,0,0.000000,16384,1516,57326,4,1.000000,0.000000
38007,40616901178,1059929,0,0,1619,0,0.000000,16384,1471,59929,4,1.000000,0.000000
38008,40617960971,1059793,0,0,1662,0,0.000000,16384,1470,59793,4,1.000000,0.000000
38009,40619028658,1067687,0,0,1513,0,0.000000,16384,1351,67687,4,1.000000,0.000000
38010,40620095733,1067075,0,0,1472,0,0.000000,16384,1302,67075,4,1.000000,0.000000
38011,40621183852,1088119,0,0,1476,0,0.000000,16384,1337,88119,4,1.000000,0.000000
38012,40622252618,1068766,0,0,1484,0,0.000000,16384,1287,68766,4,1.000000,0.000000
38013,40623519372,1266754,0,0,1684,0,0.000000,16384,1528,266754,4,1.000000,0.000000
38014,40624594658,1075286,0,0,1471,0,0.000000,16384,1291,75286,4,1.000000,0.000000
38015,40625660321,1065663,0,0,1544,0,0.000000,16384,1402,65663,4,1.000000,0.000000
38016,40626682404,1022083,0,0,1352,0,0.000000,16384,1175,22083,4,1.000000,0.000000
38017,40627755261,1072857,0,0,1448,0,0.000000,16384,1315,72857,4,1.000000,0.000000
38018,40628831345,1076084,0,0,1553,0,0.000000,16384,1367,76084,4,1.000000,0.000000
38019,40629893942,1062597,0,0,1559,0,0.000000,16384,1409,62597,4,1.000000,0.000000
38020,40630961761,1067819,0,0,1460,0,0.000000,16384,1287,67819,4,1.000000,0.000000
38021,40632050235,1088474,0,0,1586,0,0.000000,16384,1423,88474,4,1.000000,0.000000
38022,40633109302,1059067,0,0,1555,0,0.000000,16384,1370,59067,4,1.000000,0.000000
38023,40634167880,1058578,0,0,1554,0,0.000000,16384,1403,58578,4,1.000000,0.000000
38024,40635226423,1058543,0,0,1554,0,0.000000,16384,1364,58543,4,1.000000,0.000000
38025,40636284046,1057623,0,0,1557,0,0.000000,16384,1411,57623,4,1.000000,0.000000
38026,40637345274,1061228,0,0,1531,0,0.000000,16384,1341,61228,4,1.000000,0.000000
38027,40638404796,1059522,0,0,1558,0,0.000000,16384,1412,59522,4,1.000000,0.000000
38028,40639462681,1057885,0,0,1555,0,0.000000,16384,1359,57885,4,1.000000,0.000000
38029,40640519909,1057228,0,0,1641,0,0.000000,16384,1501,57228,4,1.000000,0.000000
38030,40641579151,1059242,0,0,1654,0,0.000000,16384,1433,59242,4,1.000000,0.000000
38031,40642651357,1072206,0,0,1487,0,0.000000,16384,1359,72206,4,1.000000,0.000000
38032,40643698653,1047296,0,0,1621,0,0.000000,16384,1414,47296,4,1.000000,0.000000
38033,40644758778,1060125,0,0,1574,0,0.000000,16384,1422,60125,4,1.000000,0.000000
38034,40645816102,1057324,0,0,1781,0,0.000000,16384,1593,57324,4,1.000000,0.000000
38035,40646873472,1057370,0,0,1805,0,0.000000,16384,1585,57370,4,1.000000,0.000000
38036,40647930650,1057178,0,0,1806,0,0.000000,16384,1605,57178,4,1.000000,0.000000
38037,40648988324,1057674,0,0,1770,0,0.000000,16384,1603,57674,4,1.000000,0.000000
38038,40650050848,1062524,0,0,1522,0,0.000000,16384,1330,62524,4,1.000000,0.000000
38039,40651110745,1059897,0,0,1661,0,0.000000,16384,1497,59897,4,1.000000,0.000000
38040,40652167090,1056345,0,0,1658,0,0.000000,16384,1482,56345,4,1.000000,0.000000
38041,40653241874,1074784,0,0,1761,0,0.000000,16384,1541,74784,4,1.000000,0.000000
38042,40654298978,1057104,0,0,1816,0,0.000000,16384,1633,57104,4,1.000000,0.000000
38043,40655356816,1057838,0,0,1597,0,0.000000,16384,1440,57838,4,1.000000,0.000000
38044,40656413161,1056345,0,0,1819,0,0.000000,16384,1599,56345,4,1.000000,0.000000
38045,40657473608,1060447,0,0,1695,0,0.000000,16384,1518,60447,4,1.000000,0.000000
38046,40658532050,1058442,0,0,1788,0,0.000000,16384,1618,58442,4,1.000000,0.000000
38047,40659614209,1082159,0,0,1842,0,0.000000,16384,1624,82159,4,1.000000,0.000000
38048,40660679633,1065424,0,0,1644,0,0.000000,16384,1445,65424,4,1.000000,0.000000
38049,40661704094,1024461,0,0,1747,0,0.000000,16384,1585,24461,4,1.000000,0.000000
38050,40662769523,1065429,0,0,1807,0,0.000000,16384,1608,65429,4,1.000000,0.000000
38051,40663861939,1092416,0,0,1822,0,0.000000,16384,1603,92416,4,1.000000,0.000000
38052,40664924917,1062978,0,0,1767,0,0.000000,16384,1573,62978,4,1.000000,0.000000
38053,40665988610,1063693,0,0,1781,0,0.000000,16384,1613,63693,4,1.000000,0.000000
38054,40667048479,1059869,0,0,1666,0,0.000000,16384,1467,59869,4,1.000000,0.000000
38055,40668102722,1054243,0,0,1651,0,0.000000,16384,1467,54243,4,1.000000,0.000000
38056,40669164537,1061815,0,0,1737,0,0.000000,16384,1577,61815,4,1.000000,0.000000
38057,40670221928,1057391,0,0,1740,0,0.000000,16384,1525,57391,4,1.000000,0.000000
38058,40671278609,1056681,0,0,1803,0,0.000000,16384,1590,56681,4,1.000000,0.000000
38059,40672334614,1056005,0,0,1822,0,0.000000,16384,1645,56005,4,1.000000,0.000000
38060,40673427267,1092653,0,0,1945,0,0.000000,16384,1742,92653,4,1.000000,0.000000
38061,40674525222,1097955,0,0,1923,0,0.000000,16384,1728,97955,4,1.000000,0.000000
38062,40675584563,1059341,0,0,1828,0,0.000000,16384,1604,59341,4,1.000000,0.000000
38063,40676641310,1056747,0,0,1824,0,0.000000,16384,1603,56747,4,1.000000,0.000000
38064,40677679317,1038007,0,0,1718,0,0.000000,16384,1556,38007,4,1.000000,0.000000
38065,40678739245,1059928,0,0,1825,0,0.000000,16384,1545,59928,4,1.000000,0.000000
38066,40679800409,1061164,0,0,1924,0,0.000000,16384,1727,61164,4,1.000000,0.000000
38067,40680860812,1060403,0,0,1727,0,0.000000,16384,1569,60403,4,1.000000,0.000000
38068,40681922882,1062070,0,0,1805,0,0.000000,16384,1590,62070,4,1.000000,0.000000
38069,40682984616,1061734,0,0,1829,0,0.000000,16384,1609,61734,4,1.000000,0.000000
38070,40684041128,1056512,0,0,1822,0,0.000000,16384,1633,56512,4,1.000000,0.000000
38071,40685106531,1065403,0,0,1837,0,0.000000,16384,1657,65403,4,1.000000,0.000000
38072,40686162929,1056398,0,0,1822,0,0.000000,16384,1628,56398,4,1.000000,0.000000
38073,40687219257,1056328,0,0,1820,0,0.000000,16384,1600,56328,4,1.000000,0.000000
38074,40688275085,1055828,0,0,1820,0,0.000000,16384,1610,55828,4,1.000000,0.000000
38075,40689331224,1056139,0,0,1823,0,0.000000,16384,1645,56139,4,1.000000,0.000000
38076,40690388119,1056895,0,0,1823,0,0.000000,16384,1647,56895,4,1.000000,0.000000
38077,40691445861,1057742,0,0,1822,0,0.000000,16384,1598,57742,4,1.000000,0.000000
38078,40692502827,1056966,0,0,1808,0,0.000000,16384,1588,56966,4,1.000000,0.000000
38079,40693559013,1056186,0,0,1824,0,0.000000,16384,1644,56186,4,1.000000,0.000000
38080,40694614912,1055899,0,0,1805,0,0.000000,16384,1631,55899,4,1.000000,0.000000
38081,40695670991,1056079,0,0,1818,0,0.000000,16384,1608,56079,4,1.000000,0.000000
38082,40696727772,1056781,0,0,1815,0,0.000000,16384,1595,56781,4,1.000000,0.000000
38083,40697788636,1060864,0,0,1749,0,0.000000,16384,1571,60864,4,1.000000,0.000000
38084,40698851339,1062703,0,0,1834,0,0.000000,16384,1654,62703,4,1.000000,0.000000
38085,40699908779,1057440,0,0,1827,0,0.000000,16384,1620,57440,4,1.000000,0.000000
38086,40700966340,1057561,0,0,1796,0,0.000000,16384,1577,57561,4,1.000000,0.000000
38087,40702022918,1056578,0,0,1823,0,0.000000,16384,1628,56578,4,1.000000,0.000000
38088,40703078778,1055860,0,0,1823,0,0.000000,16384,1646,55860,4,1.000000,0.000000
38089,40704134682,1055904,0,0,1823,0,0.000000,16384,1631,55904,4,1.000000,0.000000
38090,40705190825,1056143,0,0,1823,0,0.000000,16384,1603,56143,4,1.000000,0.000000
38091,40706256878,1066053,0,0,1835,0,0.000000,16384,1619,66053,4,1.000000,0.000000
38092,40707314475,1057597,0,0,1805,0,0.000000,16384,1631,57597,4,1.000000,0.000000
38093,40708370800,1056325,0,0,1823,0,0.000000,16384,1646,56325,4,1.000000,0.000000
38094,40709426666,1055866,0,0,1805,0,0.000000,16384,1584,55866,4,1.000000,0.000000
38095,40710482774,1056108,0,0,1823,0,0.000000,16384,1603,56108,4,1.000000,0.000000
38096,40711539459,1056685,0,0,1825,0,0.000000,16384,1643,56685,4,1.000000,0.000000
38097,40712595438,1055979,0,0,1826,0,0.000000,16384,1648,55979,4,1.000000,0.000000
38098,40713651421,1055983,0,0,1824,0,0.000000,16384,1620,55983,4,1.000000,0.000000
38099,40714670905,1019484,0,0,1756,0,0.000000,16384,1536,19484,4,1.000000,0.000000
38100,40715726553,1055648,0,0,1825,0,0.000000,16384,1636,55648,4,1.000000,0.000000
38101,40716797737,1071184,0,0,1847,0,0.000000,16384,1665,71184,4,1.000000,0.000000
38102,40717856932,1059195,0,0,1735,0,0.000000,16384,1542,59195,4,1.000000,0.000000
38103,40718916137,1059205,0,0,1752,0,0.000000,16384,1532,59205,4,1.000000,0.000000
38104,40719974395,1058258,0,0,1661,0,0.000000,16384,1512,58258,4,1.000000,0.000000
38105,40721033947,1059552,0,0,1680,0,0.000000,16384,1489,59552,4,1.000000,0.000000
38106,40722091393,1057446,0,0,1822,0,0.000000,16384,1602,57446,4,1.000000,0.000000
38107,40723148210,1056817,0,0,1824,0,0.000000,16384,1638,56817,4,1.000000,0.000000
38108,40724205449,1057239,0,0,1805,0,0.000000,16384,1631,57239,4,1.000000,0.000000
38109,40725262440,1056991,0,0,1822,0,0.000000,16384,1617,56991,4,1.000000,0.000000
38110,40726319556,1057116,0,0,1821,0,0.000000,16384,1602,57116,4,1.000000,0.000000
38111,40727386414,1066858,0,0,1842,0,0.000000,16384,1637,66858,4,1.000000,0.000000
38112,40728442290,1055876,0,0,1825,0,0.000000,16384,1647,55876,4,1.000000,0.000000
38113,40729503090,1060800,0,0,1830,0,0.000000,16384,1649,60800,4,1.000000,0.000000
38114,40730563388,1060298,0,0,1745,0,0.000000,16384,1525,60298,4,1.000000,0.000000
38115,40731620435,1057047,0,0,1821,0,0.000000,16384,1611,57047,4,1.000000,0.000000
38116,40732670785,1050350,0,0,1790,0,0.000000,16384,1619,50350,4,1.000000,0.000000
38117,40733726710,1055925,0,0,1823,0,0.000000,16384,1640,55925,4,1.000000,0.000000
38118,40734782673,1055963,0,0,1807,0,0.000000,16384,1587,55963,4,1.000000,0.000000
38119,40735838919,1056246,0,0,1823,0,0.000000,16384,1603,56246,4,1.000000,0.000000
38120,40736895166,1056247,0,0,1824,0,0.000000,16384,1647,56247,4,1.000000,0.000000
38121,40737960843,1065677,0,0,1763,0,0.000000,16384,1596,65677,4,1.000000,0.000000
38122,40739018486,1057643,0,0,1823,0,0.000000,16384,1601,57643,4,1.000000,0.000000
38123,40740074558,1056072,0,0,1820,0,0.000000,16384,1598,56072,4,1.000000,0.000000
38124,40741126916,1052358,0,0,1812,0,0.000000,16384,1634,52358,4,1.000000,0.000000
38125,40742189146,1062230,0,0,1652,0,0.000000,16384,1489,62230,4,1.000000,0.000000
38126,40743248340,1059194,0,0,1661,0,0.000000,16384,1442,59194,4,1.000000,0.000000
38127,40744305263,1056923,0,0,1662,0,0.000000,16384,1518,56923,4,1.000000,0.000000
38128,40745393032,1087769,0,0,1810,0,0.000000,16384,1614,87769,4,1.000000,0.000000
38129,40746459161,1066129,0,0,1572,0,0.000000,16384,1372,66129,4,1.000000,0.000000
38130,40747519957,1060796,0,0,1665,0,0.000000,16384,1518,60796,4,1.000000,0.000000
38131,40748594220,1074263,0,0,1593,0,0.000000,16384,1384,74263,4,1.000000,0.000000
38132,40749653284,1059064,0,0,1597,0,0.000000,16384,1450,59064,4,1.000000,0.000000
38133,40750685902,1032618,0,0,1400,0,0.000000,16384,1213,32618,4,1.000000,0.000000
38134,40751752710,1066808,0,0,1484,0,0.000000,16384,1366,66808,4,1.000000,0.000000
38135,40752832575,1079865,0,0,1488,0,0.000000,16384,1293,79865,4,1.000000,0.000000
38136,40753895913,1063338,0,0,1453,0,0.000000,16384,1312,63338,4,1.000000,0.000000
38137,40754956164,1060251,0,0,1768,0,0.000000,16384,1548,60251,4,1.000000,0.000000
38138,40756014044,1057880,0,0,1814,0,0.000000,16384,1636,57880,4,1.000000,0.000000
38139,40757072330,1058286,0,0,1800,0,0.000000,16384,1627,58286,4,1.000000,0.000000
38140,40758132553,1060223,0,0,1634,0,0.000000,16384,1424,60223,4,1.000000,0.000000
38141,40759216094,1083541,0,0,1762,0,0.000000,16384,1574,83541,4,1.000000,0.000000
38142,40760273427,1057333,0,0,1760,0,0.000000,16384,1595,57333,4,1.000000,0.000000
38143,40761330924,1057497,0,0,1823,0,0.000000,16384,1613,57497,4,1.000000,0.000000
38144,40762388583,1057659,0,0,1775,0,0.000000,16384,1555,57659,4,1.000000,0.000000
38145,40763446066,1057483,0,0,1824,0,0.000000,16384,1638,57483,4,1.000000,0.000000
38146,40764503599,1057533,0,0,1810,0,0.000000,16384,1635,57533,4,1.000000,0.000000
38147,40765563447,1059848,0,0,1715,0,0.000000,16384,1512,59848,4,1.000000,0.000000
38148,40766620965,1057518,0,0,1822,0,0.000000,16384,1602,57518,4,1.000000,0.000000
38149,40767671089,1050124,0,0,1808,0,0.000000,16384,1630,50124,4,1.000000,0.000000
38150,40768728089,1057000,0,0,1808,0,0.000000,16384,1633,57000,4,1.000000,0.000000
38151,40769810979,1082890,0,0,1865,0,0.000000,16384,1654,82890,4,1.000000,0.000000
38152,40770868413,1057434,0,0,1809,0,0.000000,16384,1589,57434,4,1.000000,0.000000
38153,40771925910,1057497,0,0,1733,0,0.000000,16384,1551,57497,4,1.000000,0.000000
38154,40772981636,1055726,0,0,1823,0,0.000000,16384,1646,55726,4,1.000000,0.000000
38155,40774039026,1057390,0,0,1761,0,0.000000,16384,1556,57390,4,1.000000,0.000000
38156,40775101093,1062067,0,0,1763,0,0.000000,16384,1543,62067,4,1.000000,0.000000
38157,40776163283,1062190,0,0,1834,0,0.000000,16384,1655,62190,4,1.000000,0.000000
38158,40777219435,1056152,0,0,1802,0,0.000000,16384,1629,56152,4,1.000000,0.000000
38159,40778282669,1063234,0,0,1636,0,0.000000,16384,1428,63234,4,1.000000,0.000000
38160,40779340770,1058101,0,0,1666,0,0.000000,16384,1493,58101,4,1.000000,0.000000
38161,40780413731,1072961,0,0,1686,0,0.000000,16384,1519,72961,4,1.000000,0.000000
38162,40781473288,1059557,0,0,1651,0,0.000000,16384,1431,59557,4,1.000000,0.000000
38163,40782531225,1057937,0,0,1667,0,0.000000,16384,1522,57937,4,1.000000,0.000000
38164,40783588950,1057725,0,0,1664,0,0.000000,16384,1473,57725,4,1.000000,0.000000
38165,40784646367,1057417,0,0,1662,0,0.000000,16384,1469,57417,4,1.000000,0.000000
38166,40785674275,1027908,0,0,1598,0,0.000000,16384,1451,27908,4,1.000000,0.000000
38167,40786702680,1028405,0,0,1764,0,0.000000,16384,1544,28405,4,1.000000,0.000000
38168,40787765928,1063248,0,0,1925,0,0.000000,16384,1701,63248,4,1.000000,0.000000
38169,40788828286,1062358,0,0,1921,0,0.000000,16384,1726,62358,4,1.000000,0.000000
38170,40789890851,1062565,0,0,1918,0,0.000000,16384,1721,62565,4,1.000000,0.000000
38171,40790960733,1069882,0,0,1922,0,0.000000,16384,1724,69882,4,1.000000,0.000000
38172,40792022704,1061971,0,0,1895,0,0.000000,16384,1697,61971,4,1.000000,0.000000
38173,40793084934,1062230,0,0,1894,0,0.000000,16384,1670,62230,4,1.000000,0.000000
38174,40794143871,1058937,0,0,1782,0,0.000000,16384,1562,58937,4,1.000000,0.000000
38175,40795200785,1056914,0,0,1824,0,0.000000,16384,1643,56914,4,1.000000,0.000000
38176,40796256881,1056096,0,0,1824,0,0.000000,16384,1647,56096,4,1.000000,0.000000
38177,40797314750,1057869,0,0,1741,0,0.000000,16384,1535,57869,4,1.000000,0.000000
38178,40798372818,1058068,0,0,1680,0,0.000000,16384,1482,58068,4,1.000000,0.000000
38179,40799430138,1057320,0,0,1826,0,0.000000,16384,1648,57320,4,1.000000,0.000000
38180,40800486719,1056581,0,0,1816,0,0.000000,16384,1632,56581,4,1.000000,0.000000
38181,40801559354,1072635,0,0,1839,0,0.000000,16384,1619,72635,4,1.000000,0.000000
38182,40802620437,1061083,0,0,1827,0,0.000000,16384,1603,61083,4,1.000000,0.000000
38183,40803671635,1051198,0,0,1810,0,0.000000,16384,1635,51198,4,1.000000,0.000000
38184,40804731533,1059898,0,0,1777,0,0.000000,16384,1610,59898,4,1.000000,0.000000
38185,40805794355,1062822,0,0,1743,0,0.000000,16384,1524,62822,4,1.000000,0.000000
38186,40806854865,1060510,0,0,1829,0,0.000000,16384,1613,60510,4,1.000000,0.000000
38187,40807912526,1057661,0,0,1826,0,0.000000,16384,1648,57661,4,1.000000,0.000000
38188,40808970772,1058246,0,0,1664,0,0.000000,16384,1495,58246,4,1.000000,0.000000
38189,40810027706,1056934,0,0,1696,0,0.000000,16384,1476,56934,4,1.000000,0.000000
38190,40811084109,1056403,0,0,1758,0,0.000000,16384,1592,56403,4,1.000000,0.000000
38191,40812155077,1070968,0,0,1842,0,0.000000,16384,1660,70968,4,1.000000,0.000000
38192,40813211824,1056747,0,0,1813,0,0.000000,16384,1597,56747,4,1.000000,0.000000
38193,40814268339,1056515,0,0,1823,0,0.000000,16384,1603,56515,4,1.000000,0.000000
38194,40815324532,1056193,0,0,1824,0,0.000000,16384,1636,56193,4,1.000000,0.000000
38195,40816380627,1056095,0,0,1824,0,0.000000,16384,1647,56095,4,1.000000,0.000000
38196,40817437403,1056776,0,0,1701,0,0.000000,16384,1502,56776,4,1.000000,0.000000
38197,40818497149,1059746,0,0,1625,0,0.000000,16384,1439,59746,4,1.000000,0.000000
38198,40819556069,1058920,0,0,1795,0,0.000000,16384,1624,58920,4,1.000000,0.000000
38199,40820614006,1057937,0,0,1701,0,0.000000,16384,1502,57937,4,1.000000,0.000000
38200,40821671687,1057681,0,0,1811,0,0.000000,16384,1586,57681,4,1.000000,0.000000
38201,40822754536,1082849,0,0,1749,0,0.000000,16384,1588,82849,4,1.000000,0.000000
38202,40823811423,1056887,0,0,1613,0,0.000000,16384,1435,56887,4,1.000000,0.000000
38203,40824872383,1060960,0,0,1655,0,0.000000,16384,1460,60960,4,1.000000,0.000000
38204,40825917511,1045128,0,0,1640,0,0.000000,16384,1499,45128,4,1.000000,0.000000
38205,40826982838,1065327,0,0,1653,0,0.000000,16384,1433,65327,4,1.000000,0.000000
38206,40828043978,1061140,0,0,1632,0,0.000000,16384,1477,61140,4,1.000000,0.000000
38207,40829102017,1058039,0,0,1628,0,0.000000,16384,1443,58039,4,1.000000,0.000000
38208,40830160008,1057991,0,0,1665,0,0.000000,16384,1472,57991,4,1.000000,0.000000
38209,40831217614,1057606,0,0,1654,0,0.000000,16384,1511,57606,4,1.000000,0.000000
38210,40832274611,1056997,0,0,1661,0,0.000000,16384,1441,56997,4,1.000000,0.000000
38211,40833374220,1099609,0,0,1799,0,0.000000,16384,1607,99609,4,1.000000,0.000000
38212,40834471800,1097580,0,0,1763,0,0.000000,16384,1597,97580,4,1.000000,0.000000
38213,40835566532,1094732,0,0,1930,0,0.000000,16384,1724,94732,4,1.000000,0.000000
38214,40836654955,1088423,0,0,1972,0,0.000000,16384,1748,88423,4,1.000000,0.000000
38215,40837678608,1023653,0,0,1737,0,0.000000,16384,1517,23653,4,1.000000,0.000000
38216,40838743103,1064495,0,0,1745,0,0.000000,16384,1574,64495,4,1.000000,0.000000
38217,40839803205,1060102,0,0,1827,0,0.000000,16384,1649,60102,4,1.000000,0.000000
38218,40840860920,1057715,0,0,1822,0,0.000000,16384,1607,57715,4,1.000000,0.000000
38219,40841917875,1056955,0,0,1808,0,0.000000,16384,1588,56955,4,1.000000,0.000000
38220,40842974101,1056226,0,0,1821,0,0.000000,16384,1634,56226,4,1.000000,0.000000
38221,40844040725,1066624,0,0,1825,0,0.000000,16384,1647,66624,4,1.000000,0.000000
38222,40845097055,1056330,0,0,1820,0,0.000000,16384,1621,56330,4,1.000000,0.000000
38223,40846155315,1058260,0,0,1815,0,0.000000,16384,1595,58260,4,1.000000,0.000000
38224,40847211579,1056264,0,0,1818,0,0.000000,16384,1614,56264,4,1.000000,0.000000
38225,40848267466,1055887,0,0,1818,0,0.000000,16384,1642,55887,4,1.000000,0.000000
38226,40849324295,1056829,0,0,1817,0,0.000000,16384,1633,56829,4,1.000000,0.000000
38227,40850380990,1056695,0,0,1796,0,0.000000,16384,1576,56695,4,1.000000,0.000000
38228,40851443887,1062897,0,0,1820,0,0.000000,16384,1605,62897,4,1.000000,0.000000
38229,40852504678,1060791,0,0,1829,0,0.000000,16384,1651,60791,4,1.000000,0.000000
38230,40853565914,1061236,0,0,1707,0,0.000000,16384,1536,61236,4,1.000000,0.000000
38231,40854639523,1073609,0,0,1615,0,0.000000,16384,1402,73609,4,1.000000,0.000000
38232,40855670215,1030692,0,0,1762,0,0.000000,16384,1597,30692,4,1.000000,0.000000
38233,40856727631,1057416,0,0,1826,0,0.000000,16384,1644,57416,4,1.000000,0.000000
38234,40857819634,1092003,0,0,1811,0,0.000000,16384,1591,92003,4,1.000000,0.000000
38235,40858882373,1062739,0,0,1659,0,0.000000,16384,1470,62739,4,1.000000,0.000000
38236,40859958104,1075731,0,0,1782,0,0.000000,16384,1612,75731,4,1.000000,0.000000
38237,40861018480,1060376,0,0,1613,0,0.000000,16384,1412,60376,4,1.000000,0.000000
38238,40862075546,1057066,0,0,1651,0,0.000000,16384,1480,57066,4,1.000000,0.000000
38239,40863132634,1057088,0,0,1722,0,0.000000,16384,1553,57088,4,1.000000,0.000000
38240,40864189919,1057285,0,0,1743,0,0.000000,16384,1523,57285,4,1.000000,0.000000
38241,40865258064,1068145,0,0,1759,0,0.000000,16384,1572,68145,4,1.000000,0.000000
38242,40866314506,1056442,0,0,1823,0,0.000000,16384,1645,56442,4,1.000000,0.000000
38243,40867370892,1056386,0,0,1822,0,0.000000,16384,1623,56386,4,1.000000,0.000000
38244,40868449488,1078596,0,0,1852,0,0.000000,16384,1632,78596,4,1.000000,0.000000
38245,40869513887,1064399,0,0,1672,0,0.000000,16384,1490,64399,4,1.000000,0.000000
38246,40870608020,1094133,0,0,1855,0,0.000000,16384,1671,94133,4,1.000000,0.000000
38247,40871671528,1063508,0,0,1671,0,0.000000,16384,1477,63508,4,1.000000,0.000000
38248,40872702673,1031145,0,0,1757,0,0.000000,16384,1546,31145,4,1.000000,0.000000
38249,40873766768,1064095,0,0,1813,0,0.000000,16384,1637,64095,4,1.000000,0.000000
38250,40874831340,1064572,0,0,1631,0,0.000000,16384,1454,64572,4,1.000000,0.000000
38251,40875916918,1085578,0,0,1685,0,0.000000,16384,1481,85578,4,1.000000,0.000000
38252,40876976621,1059703,0,0,1667,0,0.000000,16384,1520,59703,4,1.000000,0.000000
38253,40878037664,1061043,0,0,1619,0,0.000000,16384,1414,61043,4,1.000000,0.000000
38254,40879101973,1064309,0,0,1759,0,0.000000,16384,1569,64309,4,1.000000,0.000000
38255,40880163530,1061557,0,0,1663,0,0.000000,16384,1513,61557,4,1.000000,0.000000
38256,40881223152,1059622,0,0,1657,0,0.000000,16384,1437,59622,4,1.000000,0.000000
38257,40882281678,1058526,0,0,1666,0,0.000000,16384,1507,58526,4,1.000000,0.000000
38258,40883339154,1057476,0,0,1656,0,0.000000,16384,1475,57476,4,1.000000,0.000000
38259,40884395942,1056788,0,0,1646,0,0.000000,16384,1448,56788,4,1.000000,0.000000
38260,40885452858,1056916,0,0,1664,0,0.000000,16384,1518,56916,4,1.000000,0.000000
38261,40886529442,1076584,0,0,1671,0,0.000000,16384,1459,76584,4,1.000000,0.000000
38262,40887589636,1060194,0,0,1542,0,0.000000,16384,1392,60194,4,1.000000,0.000000
38263,40888649581,1059945,0,0,1764,0,0.000000,16384,1573,59945,4,1.000000,0.000000
38264,40889673163,1023582,0,0,1744,0,0.000000,16384,1509,23582,4,1.000000,0.000000
38265,40890731219,1058056,0,0,1806,0,0.000000,16384,1597,58056,4,1.000000,0.000000
38266,40891792940,1061721,0,0,1719,0,0.000000,16384,1504,61721,4,1.000000,0.000000
38267,40892854739,1061799,0,0,1833,0,0.000000,16384,1653,61799,4,1.000000,0.000000
38268,40893911421,1056682,0,0,1822,0,0.000000,16384,1645,56682,4,1.000000,0.000000
38269,40894969725,1058304,0,0,1819,0,0.000000,16384,1607,58304,4,1.000000,0.000000
38270,40896026274,1056549,0,0,1810,0,0.000000,16384,1590,56549,4,1.000000,0.000000
38271,40897094003,1067729,0,0,1832,0,0.000000,16384,1640,67729,4,1.000000,0.000000
38272,40898164968,1070965,0,0,1779,0,0.000000,16384,1610,70965,4,1.000000,0.000000
38273,40899226261,1061293,0,0,1665,0,0.000000,16384,1466,61293,4,1.000000,0.000000
38274,40900283500,1057239,0,0,1661,0,0.000000,16384,1476,57239,4,1.000000,0.000000
38275,40901341045,1057545,0,0,1657,0,0.000000,16384,1502,57545,4,1.000000,0.000000
38276,40902435091,1094046,0,0,1803,0,0.000000,16384,1583,94046,4,1.000000,0.000000
38277,40903532327,1097236,0,0,1847,0,0.000000,16384,1628,97236,4,1.000000,0.000000
38278,40904622129,1089802,0,0,1850,0,0.000000,16384,1668,89802,4,1.000000,0.000000
38279,40905678441,1056312,0,0,1666,0,0.000000,16384,1503,56312,4,1.000000,0.000000
38280,40906702354,1023913,0,0,1754,0,0.000000,16384,1534,23913,4,1.000000,0.000000
38281,40907776490,1074136,0,0,1827,0,0.000000,16384,1627,74136,4,1.000000,0.000000
38282,40908840332,1063842,0,0,1804,0,0.000000,16384,1632,63842,4,1.000000,0.000000
38283,40909903944,1063612,0,0,1794,0,0.000000,16384,1601,63612,4,1.000000,0.000000
38284,40910966584,1062640,0,0,1894,0,0.000000,16384,1675,62640,4,1.000000,0.000000
38285,40912028781,1062197,0,0,1898,0,0.000000,16384,1674,62197,4,1.000000,0.000000
38286,40913090632,1061851,0,0,1893,0,0.000000,16384,1688,61851,4,1.000000,0.000000
38287,40914149587,1058955,0,0,1827,0,0.000000,16384,1649,58955,4,1.000000,0.000000
38288,40915206753,1057166,0,0,1806,0,0.000000,16384,1625,57166,4,1.000000,0.000000
38289,40916264664,1057911,0,0,1819,0,0.000000,16384,1599,57911,4,1.000000,0.000000
38290,40917352133,1087469,0,0,1939,0,0.000000,16384,1715,87469,4,1.000000,0.000000
38291,40918420803,1068670,0,0,1737,0,0.000000,16384,1557,68670,4,1.000000,0.000000
38292,40919479012,1058209,0,0,1825,0,0.000000,16384,1647,58209,4,1.000000,0.000000
38293,40920565021,1086009,0,0,1958,0,0.000000,16384,1752,86009,4,1.000000,0.000000
38294,40921653107,1088086,0,0,1971,0,0.000000,16384,1747,88086,4,1.000000,0.000000
38295,40922705049,1051942,0,0,1910,0,0.000000,16384,1686,51942,4,1.000000,0.000000
38296,40923767856,1062807,0,0,1903,0,0.000000,16384,1683,62807,4,1.000000,0.000000
38297,40924860717,1092861,0,0,1931,0,0.000000,16384,1712,92861,4,1.000000,0.000000
38298,40925928940,1068223,0,0,1615,0,0.000000,16384,1480,68223,4,1.000000,0.000000
38299,40926990201,1061261,0,0,1668,0,0.000000,16384,1461,61261,4,1.000000,0.000000
38300,40928049145,1058944,0,0,1652,0,0.000000,16384,1476,58944,4,1.000000,0.000000
38301,40929128288,1079143,0,0,1759,0,0.000000,16384,1595,79143,4,1.000000,0.000000
38302,40930186064,1057776,0,0,1799,0,0.000000,16384,1580,57776,4,1.000000,0.000000
38303,40931245770,1059706,0,0,1804,0,0.000000,16384,1582,59706,4,1.000000,0.000000
38304,40932307135,1061365,0,0,1627,0,0.000000,16384,1489,61365,4,1.000000,0.000000
38305,40933367235,1060100,0,0,1659,0,0.000000,16384,1459,60100,4,1.000000,0.000000
38306,40934425755,1058520,0,0,1663,0,0.000000,16384,1480,58520,4,1.000000,0.000000
38307,40935483029,1057274,0,0,1781,0,0.000000,16384,1612,57274,4,1.000000,0.000000
38308,40936541484,1058455,0,0,1817,0,0.000000,16384,1605,58455,4,1.000000,0.000000
38309,40937598090,1056606,0,0,1812,0,0.000000,16384,1592,56606,4,1.000000,0.000000
38310,40938657254,1059164,0,0,1650,0,0.000000,16384,1494,59164,4,1.000000,0.000000
38311,40939730003,1072749,0,0,1839,0,0.000000,16384,1654,72749,4,1.000000,0.000000
38312,40940786833,1056830,0,0,1823,0,0.000000,16384,1604,56830,4,1.000000,0.000000
38313,40941843596,1056763,0,0,1752,0,0.000000,16384,1541,56763,4,1.000000,0.000000
38314,40942901074,1057478,0,0,1816,0,0.000000,16384,1640,57478,4,1.000000,0.000000
38315,40943957660,1056586,0,0,1816,0,0.000000,16384,1639,56586,4,1.000000,0.000000
38316,40945013143,1055483,0,0,1819,0,0.000000,16384,1597,55483,4,1.000000,0.000000
38317,40946077219,1064076,0,0,1734,0,0.000000,16384,1527,64076,4,1.000000,0.000000
38318,40947146525,1069306,0,0,1478,0,0.000000,16384,1347,69306,4,1.000000,0.000000
38319,40948217895,1071370,0,0,1483,0,0.000000,16384,1303,71370,4,1.000000,0.000000
38320,40949360321,1142426,0,0,1530,0,0.000000,16384,1374,142426,4,1.000000,0.000000
38321,40950460974,1100653,0,0,1472,0,0.000000,16384,1308,100653,4,1.000000,0.000000
38322,40951529286,1068312,0,0,1523,0,0.000000,16384,1354,68312,4,1.000000,0.000000
38323,40952600553,1071267,0,0,1436,0,0.000000,16384,1294,71267,4,1.000000,0.000000
38324,40953676699,1076146,0,0,1449,0,0.000000,16384,1256,76146,4,1.000000,0.000000
38325,40954743495,1066796,0,0,1500,0,0.000000,16384,1384,66796,4,1.000000,0.000000
38326,40955808703,1065208,0,0,1489,0,0.000000,16384,1285,65208,4,1.000000,0.000000
38327,40956871684,1062981,0,0,1565,0,0.000000,16384,1433,62981,4,1.000000,0.000000
38328,40957930361,1058677,0,0,1552,0,0.000000,16384,1341,58677,4,1.000000,0.000000
38329,40958991896,1061535,0,0,1536,0,0.000000,16384,1411,61535,4,1.000000,0.000000
38330,40960050758,1058862,0,0,1585,0,0.000000,16384,1365,58862,4,1.000000,0.000000
38331,40961135055,1084297,0,0,1676,0,0.000000,16384,1530,84297,4,1.000000,0.000000
38332,40962194276,1059221,0,0,1528,0,0.000000,16384,1338,59221,4,1.000000,0.000000
38333,40963252827,1058551,0,0,1530,0,0.000000,16384,1389,58551,4,1.000000,0.000000
38334,40964312266,1059439,0,0,1572,0,0.000000,16384,1377,59439,4,1.000000,0.000000
38335,40965372047,1059781,0,0,1657,0,0.000000,16384,1487,59781,4,1.000000,0.000000
38336,40966432450,1060403,0,0,1585,0,0.000000,16384,1415,60403,4,1.000000,0.000000
38337,40967492295,1059845,0,0,1558,0,0.000000,16384,1380,59845,4,1.000000,0.000000
38338,40968551824,1059529,0,0,1645,0,0.000000,16384,1487,59529,4,1.000000,0.000000
38339,40969609740,1057916,0,0,1643,0,0.000000,16384,1423,57916,4,1.000000,0.000000
38340,40970669309,1059569,0,0,1800,0,0.000000,16384,1629,59569,4,1.000000,0.000000
38341,40971744022,1074713,0,0,1836,0,0.000000,16384,1656,74713,4,1.000000,0.000000
38342,40972800608,1056586,0,0,1814,0,0.000000,16384,1601,56586,4,1.000000,0.000000
38343,40973856659,1056051,0,0,1813,0,0.000000,16384,1593,56051,4,1.000000,0.000000
38344,40974912786,1056127,0,0,1781,0,0.000000,16384,1599,56127,4,1.000000,0.000000
38345,40975968994,1056208,0,0,1812,0,0.000000,16384,1638,56208,4,1.000000,0.000000
38346,40977024660,1055666,0,0,1813,0,0.000000,16384,1605,55666,4,1.000000,0.000000
38347,40978082644,1057984,0,0,1681,0,0.000000,16384,1471,57984,4,1.000000,0.000000
38348,40979143310,1060666,0,0,1596,0,0.000000,16384,1464,60666,4,1.000000,0.000000
38349,40980202937,1059627,0,0,1737,0,0.000000,16384,1523,59627,4,1.000000,0.000000
38350,40981262265,1059328,0,0,1812,0,0.000000,16384,1596,59328,4,1.000000,0.000000
38351,40982340824,1078559,0,0,1843,0,0.000000,16384,1663,78559,4,1.000000,0.000000
38352,40983396925,1056101,0,0,1810,0,0.000000,16384,1635,56101,4,1.000000,0.000000
38353,40984453502,1056577,0,0,1811,0,0.000000,16384,1594,56577,4,1.000000,0.000000
38354,40985510538,1057036,0,0,1822,0,0.000000,16384,1602,57036,4,1.000000,0.000000
38355,40986566527,1055989,0,0,1822,0,0.000000,16384,1636,55989,4,1.000000,0.000000
38356,40987622602,1056075,0,0,1822,0,0.000000,16384,1645,56075,4,1.000000,0.000000
38357,40988672604,1050002,0,0,1801,0,0.000000,16384,1600,50002,4,1.000000,0.000000
38358,40989729111,1056507,0,0,1782,0,0.000000,16384,1561,56507,4,1.000000,0.000000
38359,40990787188,1058077,0,0,1805,0,0.000000,16384,1617,58077,4,1.000000,0.000000
38360,40991844543,1057355,0,0,1700,0,0.000000,16384,1549,57355,4,1.000000,0.000000
38361,40992907104,1062561,0,0,1828,0,0.000000,16384,1603,62561,4,1.000000,0.000000
38362,40993963955,1056851,0,0,1822,0,0.000000,16384,1603,56851,4,1.000000,0.000000
38363,40995020629,1056674,0,0,1822,0,0.000000,16384,1638,56674,4,1.000000,0.000000
38364,40996076803,1056174,0,0,1824,0,0.000000,16384,1646,56174,4,1.000000,0.000000
38365,40997132982,1056179,0,0,1809,0,0.000000,16384,1606,56179,4,1.000000,0.000000
38366,40998188994,1056012,0,0,1820,0,0.000000,16384,1601,56012,4,1.000000,0.000000
38367,40999249593,1060599,0,0,1632,0,0.000000,16384,1470,60599,4,1.000000,0.000000
38368,41000309074,1059481,0,0,1653,0,0.000000,16384,1475,59481,4,1.000000,0.000000
38369,41001366527,1057453,0,0,1662,0,0.000000,16384,1458,57453,4,1.000000,0.000000
38370,41002422633,1056106,0,0,1663,0,0.000000,16384,1517,56106,4,1.000000,0.000000
38371,41003489594,1066961,0,0,1794,0,0.000000,16384,1584,66961,4,1.000000,0.000000
38372,41004546546,1056952,0,0,1815,0,0.000000,16384,1594,56952,4,1.000000,0.000000
38373,41005623066,1076520,0,0,1850,0,0.000000,16384,1658,76520,4,1.000000,0.000000
38374,41006709925,1086859,0,0,1849,0,0.000000,16384,1666,86859,4,1.000000,0.000000
38375,41007773494,1063569,0,0,1802,0,0.000000,16384,1614,63569,4,1.000000,0.000000
38376,41008836533,1063039,0,0,1803,0,0.000000,16384,1582,63039,4,1.000000,0.000000
38377,41009900014,1063481,0,0,1791,0,0.000000,16384,1589,63481,4,1.000000,0.000000
38378,41010963824,1063810,0,0,1786,0,0.000000,16384,1616,63810,4,1.000000,0.000000
38379,41012023928,1060104,0,0,1666,0,0.000000,16384,1475,60104,4,1.000000,0.000000
38380,41013081208,1057280,0,0,1662,0,0.000000,16384,1468,57280,4,1.000000,0.000000
38381,41014147858,1066650,0,0,1678,0,0.000000,16384,1530,66650,4,1.000000,0.000000
38382,41015203982,1056124,0,0,1731,0,0.000000,16384,1517,56124,4,1.000000,0.000000
38383,41016260170,1056188,0,0,1821,0,0.000000,16384,1605,56188,4,1.000000,0.000000
38384,41017320792,1060622,0,0,1815,0,0.000000,16384,1638,60622,4,1.000000,0.000000
38385,41018419703,1098911,0,0,1957,0,0.000000,16384,1754,98911,4,1.000000,0.000000
38386,41019503067,1083364,0,0,1777,0,0.000000,16384,1585,83364,4,1.000000,0.000000
38387,41020564678,1061611,0,0,1683,0,0.000000,16384,1463,61611,4,1.000000,0.000000
38388,41021623347,1058669,0,0,1663,0,0.000000,16384,1518,58669,4,1.000000,0.000000
38389,41022671849,1048502,0,0,1766,0,0.000000,16384,1571,48502,4,1.000000,0.000000
38390,41023730819,1058970,0,0,1663,0,0.000000,16384,1453,58970,4,1.000000,0.000000
38391,41024810683,1079864,0,0,1763,0,0.000000,16384,1598,79864,4,1.000000,0.000000
38392,41025867655,1056972,0,0,1823,0,0.000000,16384,1638,56972,4,1.000000,0.000000
38393,41026923789,1056134,0,0,1822,0,0.000000,16384,1602,56134,4,1.000000,0.000000
38394,41027979460,1055671,0,0,1821,0,0.000000,16384,1600,55671,4,1.000000,0.000000
38395,41029035345,1055885,0,0,1823,0,0.000000,16384,1646,55885,4,1.000000,0.000000
38396,41030091586,1056241,0,0,1811,0,0.000000,16384,1636,56241,4,1.000000,0.000000
38397,41031148562,1056976,0,0,1807,0,0.000000,16384,1592,56976,4,1.000000,0.000000
38398,41032206310,1057748,0,0,1793,0,0.000000,16384,1573,57748,4,1.000000,0.000000
38399,41033262913,1056603,0,0,1766,0,0.000000,16384,1596,56603,4,1.000000,0.000000
38400,41034357981,1095068,0,0,1565,0,0.000000,16384,1395,95068,4,1.000000,0.000000
38401,41035437758,1079777,0,0,1643,0,0.000000,16384,1452,79777,4,1.000000,0.000000
38402,41036497495,1059737,0,0,1643,0,0.000000,16384,1497,59737,4,1.000000,0.000000
38403,41037556051,1058556,0,0,1658,0,0.000000,16384,1439,58556,4,1.000000,0.000000
38404,41038652592,1096541,0,0,1698,0,0.000000,16384,1532,96541,4,1.000000,0.000000
38405,41039714050,1061458,0,0,1781,0,0.000000,16384,1606,61458,4,1.000000,0.000000
38406,41040778224,1064174,0,0,1799,0,0.000000,16384,1580,64174,4,1.000000,0.000000
38407,41041842382,1064158,0,0,1578,0,0.000000,16384,1408,64158,4,1.000000,0.000000
38408,41042907233,1064851,0,0,1789,0,0.000000,16384,1619,64851,4,1.000000,0.000000
38409,41043971730,1064497,0,0,1778,0,0.000000,16384,1558,64497,4,1.000000,0.000000
38410,41045038748,1067018,0,0,1535,0,0.000000,16384,1373,67018,4,1.000000,0.000000
38411,41046122672,1083924,0,0,1536,0,0.000000,16384,1362,83924,4,1.000000,0.000000
38412,41047180811,1058139,0,0,1812,0,0.000000,16384,1597,58139,4,1.000000,0.000000
38413,41048238682,1057871,0,0,1814,0,0.000000,16384,1638,57871,4,1.000000,0.000000
38414,41049296241,1057559,0,0,1815,0,0.000000,16384,1641,57559,4,1.000000,0.000000
38415,41050353893,1057652,0,0,1803,0,0.000000,16384,1581,57652,4,1.000000,0.000000
38416,41051411177,1057284,0,0,1824,0,0.000000,16384,1603,57284,4,1.000000,0.000000
38417,41052467163,1055986,0,0,1807,0,0.000000,16384,1630,55986,4,1.000000,0.000000
38418,41053524296,1057133,0,0,1795,0,0.000000,16384,1623,57133,4,1.000000,0.000000
38419,41054582707,1058411,0,0,1816,0,0.000000,16384,1601,58411,4,1.000000,0.000000
38420,41055643724,1061017,0,0,1604,0,0.000000,16384,1415,61017,4,1.000000,0.000000
38421,41056673457,1029733,0,0,1613,0,0.000000,16384,1466,29733,4,1.000000,0.000000
38422,41057735623,1062166,0,0,1667,0,0.000000,16384,1447,62166,4,1.000000,0.000000
38423,41058800230,1064607,0,0,1635,0,0.000000,16384,1488,64607,4,1.000000,0.000000
38424,41059859768,1059538,0,0,1645,0,0.000000,16384,1456,59538,4,1.000000,0.000000
38425,41060916877,1057109,0,0,1686,0,0.000000,16384,1489,57109,4,1.000000,0.000000
38426,41061975718,1058841,0,0,1781,0,0.000000,16384,1611,58841,4,1.000000,0.000000
38427,41063033433,1057715,0,0,1821,0,0.000000,16384,1624,57715,4,1.000000,0.000000
38428,41064090720,1057287,0,0,1815,0,0.000000,16384,1595,57287,4,1.000000,0.000000
38429,41065146887,1056167,0,0,1813,0,0.000000,16384,1609,56167,4,1.000000,0.000000
38430,41066202549,1055662,0,0,1814,0,0.000000,16384,1639,55662,4,1.000000,0.000000
38431,41067269912,1067363,0,0,1841,0,0.000000,16384,1656,67363,4,1.000000,0.000000
38432,41068325998,1056086,0,0,1817,0,0.000000,16384,1597,56086,4,1.000000,0.000000
38433,41069383273,1057275,0,0,1823,0,0.000000,16384,1599,57275,4,1.000000,0.000000
38434,41070439812,1056539,0,0,1809,0,0.000000,16384,1635,56539,4,1.000000,0.000000
38435,41071497595,1057783,0,0,1820,0,0.000000,16384,1643,57783,4,1.000000,0.000000
38436,41072554003,1056408,0,0,1811,0,0.000000,16384,1598,56408,4,1.000000,0.000000
38437,41073610537,1056534,0,0,1813,0,0.000000,16384,1593,56534,4,1.000000,0.000000
38438,41074668529,1057992,0,0,1824,0,0.000000,16384,1635,57992,4,1.000000,0.000000
38439,41075725176,1056647,0,0,1817,0,0.000000,16384,1641,56647,4,1.000000,0.000000
38440,41076781485,1056309,0,0,1821,0,0.000000,16384,1622,56309,4,1.000000,0.000000
38441,41077856657,1075172,0,0,1854,0,0.000000,16384,1634,75172,4,1.000000,0.000000
38442,41078915320,1058663,0,0,1756,0,0.000000,16384,1557,58663,4,1.000000,0.000000
38443,41079973364,1058044,0,0,1793,0,0.000000,16384,1622,58044,4,1.000000,0.000000
38444,41081030842,1057478,0,0,1780,0,0.000000,16384,1586,57478,4,1.000000,0.000000
38445,41082087831,1056989,0,0,1811,0,0.000000,16384,1591,56989,4,1.000000,0.000000
38446,41083144781,1056950,0,0,1784,0,0.000000,16384,1591,56950,4,1.000000,0.000000
38447,41084202510,1057729,0,0,1818,0,0.000000,16384,1641,57729,4,1.000000,0.000000
38448,41085270064,1067554,0,0,1800,0,0.000000,16384,1606,67554,4,1.000000,0.000000
38449,41086327891,1057827,0,0,1746,0,0.000000,16384,1526,57827,4,1.000000,0.000000
38450,41087384514,1056623,0,0,1824,0,0.000000,16384,1632,56623,4,1.000000,0.000000
38451,41088450021,1065507,0,0,1829,0,0.000000,16384,1650,65507,4,1.000000,0.000000
38452,41089507336,1057315,0,0,1814,0,0.000000,16384,1621,57315,4,1.000000,0.000000
38453,41090563209,1055873,0,0,1822,0,0.000000,16384,1602,55873,4,1.000000,0.000000
38454,41091618741,1055532,0,0,1821,0,0.000000,16384,1611,55532,4,1.000000,0.000000
38455,41092670505,1051764,0,0,1801,0,0.000000,16384,1628,51764,4,1.000000,0.000000
38456,41093726513,1056008,0,0,1823,0,0.000000,16384,1642,56008,4,1.000000,0.000000
38457,41094783610,1057097,0,0,1793,0,0.000000,16384,1573,57097,4,1.000000,0.000000
38458,41095840464,1056854,0,0,1811,0,0.000000,16384,1595,56854,4,1.000000,0.000000
38459,41096897002,1056538,0,0,1762,0,0.000000,16384,1597,56538,4,1.000000,0.000000
38460,41097953213,1056211,0,0,1783,0,0.000000,16384,1600,56211,4,1.000000,0.000000
38461,41099020100,1066887,0,0,1637,0,0.000000,16384,1417,66887,4,1.000000,0.000000
38462,41100083909,1063809,0,0,1683,0,0.000000,16384,1532,63809,4,1.000000,0.000000
38463,41101140990,1057081,0,0,1824,0,0.000000,16384,1635,57081,4,1.000000,0.000000
38464,41102197995,1057005,0,0,1821,0,0.000000,16384,1557,57005,4,1.000000,0.000000
38465,41103254457,1056462,0,0,1798,0,0.000000,16384,1617,56462,4,1.000000,0.000000
38466,41104310051,1055594,0,0,1817,0,0.000000,16384,1597,55594,4,1.000000,0.000000
38467,41105365891,1055840,0,0,1820,0,0.000000,16384,1602,55840,4,1.000000,0.000000
38468,41106421901,1056010,0,0,1822,0,0.000000,16384,1645,56010,4,1.000000,0.000000
38469,41107478250,1056349,0,0,1702,0,0.000000,16384,1533,56349,4,1.000000,0.000000
38470,41108534169,1055919,0,0,1785,0,0.000000,16384,1565,55919,4,1.000000,0.000000
38471,41109598376,1064207,0,0,1816,0,0.000000,16384,1612,64207,4,1.000000,0.000000
38472,41110654170,1055794,0,0,1825,0,0.000000,16384,1648,55794,4,1.000000,0.000000
38473,41111673154,1018984,0,0,1756,0,0.000000,16384,1573,18984,4,1.000000,0.000000
38474,41112729356,1056202,0,0,1823,0,0.000000,16384,1603,56202,4,1.000000,0.000000
38475,41113785150,1055794,0,0,1823,0,0.000000,16384,1612,55794,4,1.000000,0.000000
38476,41114841032,1055882,0,0,1825,0,0.000000,16384,1648,55882,4,1.000000,0.000000
38477,41115896932,1055900,0,0,1814,0,0.000000,16384,1638,55900,4,1.000000,0.000000
38478,41116952478,1055546,0,0,1821,0,0.000000,16384,1597,55546,4,1.000000,0.000000
38479,41118009168,1056690,0,0,1816,0,0.000000,16384,1596,56690,4,1.000000,0.000000
38480,41119083639,1074471,0,0,1787,0,0.000000,16384,1615,74471,4,1.000000,0.000000
38481,41120148396,1064757,0,0,1815,0,0.000000,16384,1639,64757,4,1.000000,0.000000
38482,41121204849,1056453,0,0,1825,0,0.000000,16384,1608,56453,4,1.000000,0.000000
38483,41122261854,1057005,0,0,1767,0,0.000000,16384,1548,57005,4,1.000000,0.000000
38484,41123318153,1056299,0,0,1765,0,0.000000,16384,1598,56299,4,1.000000,0.000000
38485,41124374685,1056532,0,0,1823,0,0.000000,16384,1645,56532,4,1.000000,0.000000
38486,41125435969,1061284,0,0,1713,0,0.000000,16384,1498,61284,4,1.000000,0.000000
38487,41126496273,1060304,0,0,1827,0,0.000000,16384,1615,60304,4,1.000000,0.000000
38488,41127553884,1057611,0,0,1825,0,0.000000,16384,1647,57611,4,1.000000,0.000000
38489,41128610576,1056692,0,0,1824,0,0.000000,16384,1648,56692,4,1.000000,0.000000
38490,41129668443,1057867,0,0,1822,0,0.000000,16384,1600,57867,4,1.000000,0.000000
38491,41130745997,1077554,0,0,1841,0,0.000000,16384,1621,77554,4,1.000000,0.000000
38492,41131804059,1058062,0,0,1798,0,0.000000,16384,1615,58062,4,1.000000,0.000000
38493,41132860660,1056601,0,0,1823,0,0.000000,16384,1645,56601,4,1.000000,0.000000
38494,41133916698,1056038,0,0,1823,0,0.000000,16384,1619,56038,4,1.000000,0.000000
38495,41135005323,1088625,0,0,1870,0,0.000000,16384,1650,88625,4,1.000000,0.000000
38496,41136066091,1060768,0,0,1662,0,0.000000,16384,1483,60768,4,1.000000,0.000000
38497,41137124939,1058848,0,0,1666,0,0.000000,16384,1506,58848,4,1.000000,0.000000
38498,41138182007,1057068,0,0,1658,0,0.000000,16384,1438,57068,4,1.000000,0.000000
38499,41139241954,1059947,0,0,1629,0,0.000000,16384,1487,59947,4,1.000000,0.000000
38500,41140301156,1059202,0,0,1665,0,0.000000,16384,1470,59202,4,1.000000,0.000000
38501,41141372049,1070893,0,0,1585,0,0.000000,16384,1410,70893,4,1.000000,0.000000
38502,41142429347,1057298,0,0,1630,0,0.000000,16384,1466,57298,4,1.000000,0.000000
38503,41143517574,1088227,0,0,1834,0,0.000000,16384,1613,88227,4,1.000000,0.000000
38504,41144610308,1092734,0,0,1854,0,0.000000,16384,1644,92734,4,1.000000,0.000000
38505,41145704465,1094157,0,0,1867,0,0.000000,16384,1680,94157,4,1.000000,0.000000
38506,41146768137,1063672,0,0,1805,0,0.000000,16384,1632,63672,4,1.000000,0.000000
38507,41147830678,1062541,0,0,1921,0,0.000000,16384,1704,62541,4,1.000000,0.000000
38508,41148891282,1060604,0,0,1888,0,0.000000,16384,1667,60604,4,1.000000,0.000000
38509,41149950299,1059017,0,0,1893,0,0.000000,16384,1670,59017,4,1.000000,0.000000
38510,41151013437,1063138,0,0,1886,0,0.000000,16384,1684,63138,4,1.000000,0.000000
38511,41152085074,1071637,0,0,1900,0,0.000000,16384,1707,71637,4,1.000000,0.000000
38512,41153144569,1059495,0,0,1783,0,0.000000,16384,1614,59495,4,1.000000,0.000000
38513,41154201753,1057184,0,0,1812,0,0.000000,16384,1590,57184,4,1.000000,0.000000
38514,41155257364,1055611,0,0,1820,0,0.000000,16384,1598,55611,4,1.000000,0.000000
38515,41156320152,1062788,0,0,1610,0,0.000000,16384,1474,62788,4,1.000000,0.000000
38516,41157380649,1060497,0,0,1751,0,0.000000,16384,1547,60497,4,1.000000,0.000000
38517,41158469368,1088719,0,0,1945,0,0.000000,16384,1725,88719,4,1.000000,0.000000
38518,41159532773,1063405,0,0,1734,0,0.000000,16384,1540,63405,4,1.000000,0.000000
38519,41160593366,1060593,0,0,1799,0,0.000000,16384,1626,60593,4,1.000000,0.000000
38520,41161653525,1060159,0,0,1792,0,0.000000,16384,1595,60159,4,1.000000,0.000000
38521,41162736891,1083366,0,0,1584,0,0.000000,16384,1387,83366,4,1.000000,0.000000
38522,41163795695,1058804,0,0,1819,0,0.000000,16384,1642,58804,4,1.000000,0.000000
38523,41164853185,1057490,0,0,1806,0,0.000000,16384,1620,57490,4,1.000000,0.000000
38524,41165909986,1056801,0,0,1787,0,0.000000,16384,1566,56801,4,1.000000,0.000000
38525,41166966733,1056747,0,0,1753,0,0.000000,16384,1559,56747,4,1.000000,0.000000
38526,41168022258,1055525,0,0,1812,0,0.000000,16384,1637,55525,4,1.000000,0.000000
38527,41169078214,1055956,0,0,1821,0,0.000000,16384,1627,55956,4,1.000000,0.000000
38528,41170134270,1056056,0,0,1811,0,0.000000,16384,1591,56056,4,1.000000,0.000000
38529,41171191564,1057294,0,0,1809,0,0.000000,16384,1603,57294,4,1.000000,0.000000
38530,41172247524,1055960,0,0,1811,0,0.000000,16384,1636,55960,4,1.000000,0.000000
38531,41173308750,1061226,0,0,1830,0,0.000000,16384,1646,61226,4,1.000000,0.000000
38532,41174365403,1056653,0,0,1821,0,0.000000,16384,1602,56653,4,1.000000,0.000000
38533,41175421655,1056252,0,0,1805,0,0.000000,16384,1584,56252,4,1.000000,0.000000
38534,41176477644,1055989,0,0,1813,0,0.000000,16384,1638,55989,4,1.000000,0.000000
38535,41177533401,1055757,0,0,1823,0,0.000000,16384,1645,55757,4,1.000000,0.000000
38536,41178589271,1055870,0,0,1810,0,0.000000,16384,1596,55870,4,1.000000,0.000000
38537,41179649562,1060291,0,0,1720,0,0.000000,16384,1509,60291,4,1.000000,0.000000
38538,41180674723,1025161,0,0,1756,0,0.000000,16384,1592,25161,4,1.000000,0.000000
38539,41181732011,1057288,0,0,1749,0,0.000000,16384,1564,57288,4,1.000000,0.000000
38540,41182788598,1056587,0,0,1822,0,0.000000,16384,1602,56587,4,1.000000,0.000000
38541,41183863939,1075341,0,0,1843,0,0.000000,16384,1634,75341,4,1.000000,0.000000
38542,41184921592,1057653,0,0,1826,0,0.000000,16384,1648,57653,4,1.000000,0.000000
38543,41185978604,1057012,0,0,1808,0,0.000000,16384,1631,57012,4,1.000000,0.000000
38544,41187035114,1056510,0,0,1658,0,0.000000,16384,1438,56510,4,1.000000,0.000000
38545,41188092500,1057386,0,0,1553,0,0.000000,16384,1414,57386,4,1.000000,0.000000
38546,41189149299,1056799,0,0,1661,0,0.000000,16384,1464,56799,4,1.000000,0.000000
38547,41190206282,1056983,0,0,1663,0,0.000000,16384,1476,56983,4,1.000000,0.000000
38548,41191262250,1055968,0,0,1751,0,0.000000,16384,1588,55968,4,1.000000,0.000000
38549,41192318528,1056278,0,0,1814,0,0.000000,16384,1599,56278,4,1.000000,0.000000
38550,41193375140,1056612,0,0,1823,0,0.000000,16384,1604,56612,4,1.000000,0.000000
38551,41194436392,1061252,0,0,1821,0,0.000000,16384,1631,61252,4,1.000000,0.000000
38552,41195492675,1056283,0,0,1824,0,0.000000,16384,1647,56283,4,1.000000,0.000000
38553,41196548584,1055909,0,0,1822,0,0.000000,16384,1625,55909,4,1.000000,0.000000
38554,41197606048,1057464,0,0,1719,0,0.000000,16384,1499,57464,4,1.000000,0.000000
38555,41198662648,1056600,0,0,1821,0,0.000000,16384,1633,56600,4,1.000000,0.000000
38556,41199672016,1009368,0,0,1642,0,0.000000,16384,1489,9368,4,1.000000,0.000000
38557,41200730114,1058098,0,0,1654,0,0.000000,16384,1435,58098,4,1.000000,0.000000
38558,41201787680,1057566,0,0,1645,0,0.000000,16384,1497,57566,4,1.000000,0.000000
38559,41202845309,1057629,0,0,1663,0,0.000000,16384,1471,57629,4,1.000000,0.000000
38560,41203902511,1057202,0,0,1686,0,0.000000,16384,1489,57202,4,1.000000,0.000000
38561,41204965826,1063315,0,0,1834,0,0.000000,16384,1654,63315,4,1.000000,0.000000
38562,41206021713,1055887,0,0,1823,0,0.000000,16384,1640,55887,4,1.000000,0.000000
38563,41207077500,1055787,0,0,1823,0,0.000000,16384,1602,55787,4,1.000000,0.000000
38564,41208133639,1056139,0,0,1813,0,0.000000,16384,1592,56139,4,1.000000,0.000000
38565,41209189714,1056075,0,0,1745,0,0.000000,16384,1585,56075,4,1.000000,0.000000
38566,41210245653,1055939,0,0,1764,0,0.000000,16384,1582,55939,4,1.000000,0.000000
38567,41211301393,1055740,0,0,1810,0,0.000000,16384,1590,55740,4,1.000000,0.000000
38568,41212357064,1055671,0,0,1822,0,0.000000,16384,1613,55671,4,1.000000,0.000000
38569,41213413116,1056052,0,0,1825,0,0.000000,16384,1646,56052,4,1.000000,0.000000
38570,41214469804,1056688,0,0,1808,0,0.000000,16384,1632,56688,4,1.000000,0.000000
38571,41215528880,1059076,0,0,1826,0,0.000000,16384,1604,59076,4,1.000000,0.000000
38572,41216584997,1056117,0,0,1812,0,0.000000,16384,1590,56117,4,1.000000,0.000000
38573,41217641077,1056080,0,0,1824,0,0.000000,16384,1646,56080,4,1.000000,0.000000
38574,41218670773,1029696,0,0,1623,0,0.000000,16384,1461,29696,4,1.000000,0.000000
38575,41219728609,1057836,0,0,1732,0,0.000000,16384,1512,57836,4,1.000000,0.000000
38576,41220843128,1114519,0,0,1882,0,0.000000,16384,1684,114519,4,1.000000,0.000000
38577,41221907976,1064848,0,0,1784,0,0.000000,16384,1615,64848,4,1.000000,0.000000
38578,41222972381,1064405,0,0,1783,0,0.000000,16384,1586,64405,4,1.000000,0.000000
38579,41224035880,1063499,0,0,1771,0,0.000000,16384,1551,63499,4,1.000000,0.000000
38580,41225099995,1064115,0,0,1758,0,0.000000,16384,1581,64115,4,1.000000,0.000000
38581,41226174473,1074478,0,0,1564,0,0.000000,16384,1401,74478,4,1.000000,0.000000
38582,41227234132,1059659,0,0,1645,0,0.000000,16384,1447,59659,4,1.000000,0.000000
38583,41228292096,1057964,0,0,1666,0,0.000000,16384,1520,57964,4,1.000000,0.000000
38584,41229380791,1088695,0,0,1813,0,0.000000,16384,1596,88695,4,1.000000,0.000000
38585,41230469314,1088523,0,0,1854,0,0.000000,16384,1635,88523,4,1.000000,0.000000
38586,41231530379,1061065,0,0,1864,0,0.000000,16384,1661,61065,4,1.000000,0.000000
38587,41232618295,1087916,0,0,1965,0,0.000000,16384,1760,87916,4,1.000000,0.000000
38588,41233705863,1087568,0,0,1972,0,0.000000,16384,1764,87568,4,1.000000,0.000000
38589,41234765500,1059637,0,0,1827,0,0.000000,16384,1649,59637,4,1.000000,0.000000
38590,41235826850,1061350,0,0,1921,0,0.000000,16384,1703,61350,4,1.000000,0.000000
38591,41236906153,1079303,0,0,1942,0,0.000000,16384,1718,79303,4,1.000000,0.000000
38592,41237968040,1061887,0,0,1906,0,0.000000,16384,1686,61887,4,1.000000,0.000000
38593,41239027240,1059200,0,0,1829,0,0.000000,16384,1627,59200,4,1.000000,0.000000
38594,41240087698,1060458,0,0,1783,0,0.000000,16384,1613,60458,4,1.000000,0.000000
38595,41241147769,1060071,0,0,1831,0,0.000000,16384,1639,60071,4,1.000000,0.000000
38596,41242205035,1057266,0,0,1813,0,0.000000,16384,1593,57266,4,1.000000,0.000000
38597,41243261745,1056710,0,0,1815,0,0.000000,16384,1604,56710,4,1.000000,0.000000
38598,41244317682,1055937,0,0,1777,0,0.000000,16384,1608,55937,4,1.000000,0.000000
38599,41245405554,1087872,0,0,1945,0,0.000000,16384,1744,87872,4,1.000000,0.000000
38600,41246465366,1059812,0,0,1824,0,0.000000,16384,1617,59812,4,1.000000,0.000000
38601,41247531636,1066270,0,0,1837,0,0.000000,16384,1617,66270,4,1.000000,0.000000
38602,41248590498,1058862,0,0,1776,0,0.000000,16384,1583,58862,4,1.000000,0.000000
38603,41249648611,1058113,0,0,1824,0,0.000000,16384,1647,58113,4,1.000000,0.000000
38604,41250670616,1022005,0,0,1740,0,0.000000,16384,1546,22005,4,1.000000,0.000000
38605,41251726939,1056323,0,0,1824,0,0.000000,16384,1604,56323,4,1.000000,0.000000
38606,41252784034,1057095,0,0,1775,0,0.000000,16384,1589,57095,4,1.000000,0.000000
38607,41253840945,1056911,0,0,1768,0,0.000000,16384,1601,56911,4,1.000000,0.000000
38608,41254897734,1056789,0,0,1823,0,0.000000,16384,1611,56789,4,1.000000,0.000000
38609,41255953816,1056082,0,0,1819,0,0.000000,16384,1600,56082,4,1.000000,0.000000
38610,41257014889,1061073,0,0,1600,0,0.000000,16384,1451,61073,4,1.000000,0.000000
38611,41258086558,1071669,0,0,1741,0,0.000000,16384,1550,71669,4,1.000000,0.000000
38612,41259144070,1057512,0,0,1751,0,0.000000,16384,1531,57512,4,1.000000,0.000000
38613,41260207251,1063181,0,0,1626,0,0.000000,16384,1481,63181,4,1.000000,0.000000
38614,41261271150,1063899,0,0,1658,0,0.000000,16384,1467,63899,4,1.000000,0.000000
38615,41262330302,1059152,0,0,1657,0,0.000000,16384,1466,59152,4,1.000000,0.000000
38616,41263386327,1056025,0,0,1767,0,0.000000,16384,1601,56025,4,1.000000,0.000000
38617,41264442963,1056636,0,0,1824,0,0.000000,16384,1617,56636,4,1.000000,0.000000
38618,41265503712,1060749,0,0,1817,0,0.000000,16384,1597,60749,4,1.000000,0.000000
38619,41266565490,1061778,0,0,1808,0,0.000000,16384,1613,61778,4,1.000000,0.000000
38620,41267622308,1056818,0,0,1816,0,0.000000,16384,1640,56818,4,1.000000,0.000000
38621,41268671027,1048719,0,0,1805,0,0.000000,16384,1612,48719,4,1.000000,0.000000
38622,41269727272,1056245,0,0,1804,0,0.000000,16384,1584,56245,4,1.000000,0.000000
38623,41270785089,1057817,0,0,1717,0,0.000000,16384,1533,57817,4,1.000000,0.000000
38624,41271841816,1056727,0,0,1824,0,0.000000,16384,1646,56727,4,1.000000,0.000000
38625,41272898057,1056241,0,0,1812,0,0.000000,16384,1610,56241,4,1.000000,0.000000
38626,41273954088,1056031,0,0,1821,0,0.000000,16384,1601,56031,4,1.000000,0.000000
38627,41275010073,1055985,0,0,1822,0,0.000000,16384,1621,55985,4,1.000000,0.000000
38628,41276069287,1059214,0,0,1821,0,0.000000,16384,1644,59214,4,1.000000,0.000000
38629,41277130058,1060771,0,0,1821,0,0.000000,16384,1634,60771,4,1.000000,0.000000
38630,41278186798,1056740,0,0,1822,0,0.000000,16384,1603,56740,4,1.000000,0.000000
38631,41279253358,1066560,0,0,1788,0,0.000000,16384,1576,66560,4,1.000000,0.000000
38632,41280313078,1059720,0,0,1676,0,0.000000,16384,1528,59720,4,1.000000,0.000000
38633,41281371755,1058677,0,0,1670,0,0.000000,16384,1469,58677,4,1.000000,0.000000
38634,41282427687,1055932,0,0,1811,0,0.000000,16384,1597,55932,4,1.000000,0.000000
38635,41283484533,1056846,0,0,1762,0,0.000000,16384,1597,56846,4,1.000000,0.000000
38636,41284545092,1060559,0,0,1830,0,0.000000,16384,1646,60559,4,1.000000,0.000000
38637,41285606144,1061052,0,0,1822,0,0.000000,16384,1602,61052,4,1.000000,0.000000
38638,41286662989,1056845,0,0,1821,0,0.000000,16384,1597,56845,4,1.000000,0.000000
38639,41287670757,1007768,0,0,1737,0,0.000000,16384,1577,7768,4,1.000000,0.000000
38640,41288728989,1058232,0,0,1774,0,0.000000,16384,1593,58232,4,1.000000,0.000000
38641,41289810750,1081761,0,0,1862,0,0.000000,16384,1643,81761,4,1.000000,0.000000
38642,41290867464,1056714,0,0,1820,0,0.000000,16384,1596,56714,4,1.000000,0.000000
38643,41291924895,1057431,0,0,1800,0,0.000000,16384,1629,57431,4,1.000000,0.000000
38644,41292982243,1057348,0,0,1808,0,0.000000,16384,1633,57348,4,1.000000,0.000000
38645,41294038540,1056297,0,0,1824,0,0.000000,16384,1606,56297,4,1.000000,0.000000
38646,41295094463,1055923,0,0,1822,0,0.000000,16384,1602,55923,4,1.000000,0.000000
38647,41296150923,1056460,0,0,1824,0,0.000000,16384,1636,56460,4,1.000000,0.000000
38648,41297206931,1056008,0,0,1790,0,0.000000,16384,1620,56008,4,1.000000,0.000000
38649,41298265456,1058525,0,0,1795,0,0.000000,16384,1588,58525,4,1.000000,0.000000
38650,41299323232,1057776,0,0,1662,0,0.000000,16384,1458,57776,4,1.000000,0.000000
38651,41300389854,1066622,0,0,1654,0,0.000000,16384,1510,66622,4,1.000000,0.000000
38652,41301446918,1057064,0,0,1821,0,0.000000,16384,1610,57064,4,1.000000,0.000000
38653,41302504408,1057490,0,0,1820,0,0.000000,16384,1600,57490,4,1.000000,0.000000
38654,41303562381,1057973,0,0,1784,0,0.000000,16384,1598,57973,4,1.000000,0.000000
38655,41304619339,1056958,0,0,1822,0,0.000000,16384,1645,56958,4,1.000000,0.000000
38656,41305671436,1052097,0,0,1789,0,0.000000,16384,1588,52097,4,1.000000,0.000000
38657,41306728780,1057344,0,0,1825,0,0.000000,16384,1605,57344,4,1.000000,0.000000
38658,41307784699,1055919,0,0,1812,0,0.000000,16384,1616,55919,4,1.000000,0.000000
38659,41308841013,1056314,0,0,1821,0,0.000000,16384,1644,56314,4,1.000000,0.000000
38660,41309896991,1055978,0,0,1823,0,0.000000,16384,1632,55978,4,1.000000,0.000000
38661,41310960986,1063995,0,0,1832,0,0.000000,16384,1565,63995,4,1.000000,0.000000
38662,41312018324,1057338,0,0,1826,0,0.000000,16384,1645,57338,4,1.000000,0.000000
38663,41313074518,1056194,0,0,1823,0,0.000000,16384,1602,56194,4,1.000000,0.000000
38664,41314130062,1055544,0,0,1821,0,0.000000,16384,1598,55544,4,1.000000,0.000000
38665,41315186099,1056037,0,0,1826,0,0.000000,16384,1647,56037,4,1.000000,0.000000
38666,41316242048,1055949,0,0,1823,0,0.000000,16384,1645,55949,4,1.000000,0.000000
38667,41317297891,1055843,0,0,1822,0,0.000000,16384,1615,55843,4,1.000000,0.000000
38668,41318353990,1056099,0,0,1793,0,0.000000,16384,1573,56099,4,1.000000,0.000000
38669,41319410349,1056359,0,0,1824,0,0.000000,16384,1632,56359,4,1.000000,0.000000
38670,41320466916,1056567,0,0,1743,0,0.000000,16384,1581,56567,4,1.000000,0.000000
38671,41321528746,1061830,0,0,1830,0,0.000000,16384,1620,61830,4,1.000000,0.000000
38672,41322586417,1057671,0,0,1823,0,0.000000,16384,1603,57671,4,1.000000,0.000000
38673,41323643612,1057195,0,0,1825,0,0.000000,16384,1627,57195,4,1.000000,0.000000
38674,41324671268,1027656,0,0,1770,0,0.000000,16384,1604,27656,4,1.000000,0.000000
38675,41325727428,1056160,0,0,1823,0,0.000000,16384,1623,56160,4,1.000000,0.000000
38676,41326785113,1057685,0,0,1790,0,0.000000,16384,1570,57685,4,1.000000,0.000000
38677,41327841888,1056775,0,0,1825,0,0.000000,16384,1625,56775,4,1.000000,0.000000
38678,41328898828,1056940,0,0,1808,0,0.000000,16384,1634,56940,4,1.000000,0.000000
38679,41329955282,1056454,0,0,1824,0,0.000000,16384,1634,56454,4,1.000000,0.000000
38680,41331011806,1056524,0,0,1704,0,0.000000,16384,1484,56524,4,1.000000,0.000000
38681,41332076695,1064889,0,0,1741,0,0.000000,16384,1564,64889,4,1.000000,0.000000
38682,41333133749,1057054,0,0,1825,0,0.000000,16384,1648,57054,4,1.000000,0.000000
38683,41334193635,1059886,0,0,1800,0,0.000000,16384,1590,59886,4,1.000000,0.000000
38684,41335252144,1058509,0,0,1796,0,0.000000,16384,1576,58509,4,1.000000,0.000000
38685,41336309165,1057021,0,0,1824,0,0.000000,16384,1638,57021,4,1.000000,0.000000
38686,41337365916,1056751,0,0,1824,0,0.000000,16384,1647,56751,4,1.000000,0.000000
38687,41338422332,1056416,0,0,1823,0,0.000000,16384,1622,56416,4,1.000000,0.000000
38688,41339479379,1057047,0,0,1700,0,0.000000,16384,1479,57047,4,1.000000,0.000000
38689,41340537837,1058458,0,0,1619,0,0.000000,16384,1480,58458,4,1.000000,0.000000
38690,41341595195,1057358,0,0,1733,0,0.000000,16384,1533,57358,4,1.000000,0.000000
38691,41342670557,1075362,0,0,1788,0,0.000000,16384,1568,75362,4,1.000000,0.000000
38692,41343727817,1057260,0,0,1817,0,0.000000,16384,1638,57260,4,1.000000,0.000000
38693,41344784562,1056745,0,0,1804,0,0.000000,16384,1630,56745,4,1.000000,0.000000
38694,41345841042,1056480,0,0,1822,0,0.000000,16384,1611,56480,4,1.000000,0.000000
38695,41346899211,1058169,0,0,1799,0,0.000000,16384,1579,58169,4,1.000000,0.000000
38696,41347956836,1057625,0,0,1816,0,0.000000,16384,1628,57625,4,1.000000,0.000000
38697,41349012773,1055937,0,0,1813,0,0.000000,16384,1637,55937,4,1.000000,0.000000
38698,41350068623,1055850,0,0,1823,0,0.000000,16384,1623,55850,4,1.000000,0.000000
38699,41351124753,1056130,0,0,1791,0,0.000000,16384,1571,56130,4,1.000000,0.000000
38700,41352180831,1056078,0,0,1826,0,0.000000,16384,1626,56078,4,1.000000,0.000000
38701,41353244637,1063806,0,0,1828,0,0.000000,16384,1650,63806,4,1.000000,0.000000
38702,41354305699,1061062,0,0,1732,0,0.000000,16384,1546,61062,4,1.000000,0.000000
38703,41355366477,1060778,0,0,1819,0,0.000000,16384,1599,60778,4,1.000000,0.000000
38704,41356440401,1073924,0,0,1814,0,0.000000,16384,1614,73924,4,1.000000,0.000000
38705,41357506083,1065682,0,0,1576,0,0.000000,16384,1436,65682,4,1.000000,0.000000
38706,41358569848,1063765,0,0,1654,0,0.000000,16384,1433,63765,4,1.000000,0.000000
38707,41359627529,1057681,0,0,1661,0,0.000000,16384,1513,57681,4,1.000000,0.000000
38708,41360674019,1046490,0,0,1606,0,0.000000,16384,1419,46490,4,1.000000,0.000000
38709,41361736697,1062678,0,0,1620,0,0.000000,16384,1442,62678,4,1.000000,0.000000
38710,41362795510,1058813,0,0,1810,0,0.000000,16384,1635,58813,4,1.000000,0.000000
38711,41363866928,1071418,0,0,1704,0,0.000000,16384,1497,71418,4,1.000000,0.000000
38712,41364922969,1056041,0,0,1813,0,0.000000,16384,1597,56041,4,1.000000,0.000000
38713,41365979242,1056273,0,0,1815,0,0.000000,16384,1640,56273,4,1.000000,0.000000
38714,41367036158,1056916,0,0,1824,0,0.000000,16384,1646,56916,4,1.000000,0.000000
38715,41368092061,1055903,0,0,1822,0,0.000000,16384,1603,55903,4,1.000000,0.000000
38716,41369147779,1055718,0,0,1821,0,0.000000,16384,1601,55718,4,1.000000,0.000000
38717,41370207920,1060141,0,0,1802,0,0.000000,16384,1620,60141,4,1.000000,0.000000
38718,41371267555,1059635,0,0,1812,0,0.000000,16384,1636,59635,4,1.000000,0.000000
38719,41372324903,1057348,0,0,1754,0,0.000000,16384,1548,57348,4,1.000000,0.000000
38720,41373381139,1056236,0,0,1821,0,0.000000,16384,1601,56236,4,1.000000,0.000000
38721,41374446370,1065231,0,0,1840,0,0.000000,16384,1652,65231,4,1.000000,0.000000
38722,41375503138,1056768,0,0,1828,0,0.000000,16384,1650,56768,4,1.000000,0.000000
38723,41376559288,1056150,0,0,1823,0,0.000000,16384,1625,56150,4,1.000000,0.000000
38724,41377614910,1055622,0,0,1820,0,0.000000,16384,1600,55622,4,1.000000,0.000000
38725,41378670587,1055677,0,0,1804,0,0.000000,16384,1600,55677,4,1.000000,0.000000
38726,41379728085,1057498,0,0,1810,0,0.000000,16384,1636,57498,4,1.000000,0.000000
38727,41380787286,1059201,0,0,1605,0,0.000000,16384,1423,59201,4,1.000000,0.000000
38728,41381846267,1058981,0,0,1680,0,0.000000,16384,1485,58981,4,1.000000,0.000000
38729,41382903475,1057208,0,0,1803,0,0.000000,16384,1630,57208,4,1.000000,0.000000
38730,41383959073,1055598,0,0,1823,0,0.000000,16384,1626,55598,4,1.000000,0.000000
38731,41385005685,1046612,0,0,1797,0,0.000000,16384,1578,46612,4,1.000000,0.000000
38732,41386069991,1064306,0,0,1768,0,0.000000,16384,1574,64306,4,1.000000,0.000000
38733,41387133644,1063653,0,0,1759,0,0.000000,16384,1595,63653,4,1.000000,0.000000
38734,41388193889,1060245,0,0,1660,0,0.000000,16384,1458,60245,4,1.000000,0.000000
38735,41389251067,1057178,0,0,1660,0,0.000000,16384,1479,57178,4,1.000000,0.000000
38736,41390307513,1056446,0,0,1661,0,0.000000,16384,1502,56446,4,1.000000,0.000000
38737,41391395660,1088147,0,0,1811,0,0.000000,16384,1591,88147,4,1.000000,0.000000
38738,41392486078,1090418,0,0,1819,0,0.000000,16384,1607,90418,4,1.000000,0.000000
38739,41393576994,1090916,0,0,1846,0,0.000000,16384,1664,90916,4,1.000000,0.000000
38740,41394673846,1096852,0,0,1867,0,0.000000,16384,1680,96852,4,1.000000,0.000000
38741,41395759184,1085338,0,0,1801,0,0.000000,16384,1594,85338,4,1.000000,0.000000
38742,41396820045,1060861,0,0,1918,0,0.000000,16384,1698,60861,4,1.000000,0.000000
38743,41397882670,1062625,0,0,1891,0,0.000000,16384,1666,62625,4,1.000000,0.000000
38744,41398945070,1062400,0,0,1911,0,0.000000,16384,1715,62400,4,1.000000,0.000000
38745,41400007356,1062286,0,0,1907,0,0.000000,16384,1713,62286,4,1.000000,0.000000
38746,41401070728,1063372,0,0,1747,0,0.000000,16384,1574,63372,4,1.000000,0.000000
38747,41402130983,1060255,0,0,1827,0,0.000000,16384,1607,60255,4,1.000000,0.000000
38748,41403187069,1056086,0,0,1807,0,0.000000,16384,1592,56086,4,1.000000,0.000000
38749,41404247159,1060090,0,0,1822,0,0.000000,16384,1645,60090,4,1.000000,0.000000
38750,41405309007,1061848,0,0,1753,0,0.000000,16384,1581,61848,4,1.000000,0.000000
38751,41406378702,1069695,0,0,1833,0,0.000000,16384,1612,69695,4,1.000000,0.000000
38752,41407435271,1056569,0,0,1821,0,0.000000,16384,1599,56569,4,1.000000,0.000000
38753,41408491271,1056000,0,0,1823,0,0.000000,16384,1647,56000,4,1.000000,0.000000
38754,41409549114,1057843,0,0,1822,0,0.000000,16384,1645,57843,4,1.000000,0.000000
38755,41410606572,1057458,0,0,1827,0,0.000000,16384,1615,57458,4,1.000000,0.000000
38756,41411662914,1056342,0,0,1813,0,0.000000,16384,1593,56342,4,1.000000,0.000000
38757,41412673623,1010709,0,0,1742,0,0.000000,16384,1565,10709,4,1.000000,0.000000
38758,41413762011,1088388,0,0,1818,0,0.000000,16384,1642,88388,4,1.000000,0.000000
38759,41414825358,1063347,0,0,1818,0,0.000000,16384,1607,63347,4,1.000000,0.000000
38760,41415887387,1062029,0,0,1913,0,0.000000,16384,1693,62029,4,1.000000,0.000000
38761,41416957701,1070314,0,0,1918,0,0.000000,16384,1694,70314,4,1.000000,0.000000
38762,41418017675,1059974,0,0,1829,0,0.000000,16384,1643,59974,4,1.000000,0.000000
38763,41419074335,1056660,0,0,1823,0,0.000000,16384,1646,56660,4,1.000000,0.000000
38764,41420132570,1058235,0,0,1732,0,0.000000,16384,1531,58235,4,1.000000,0.000000
38765,41421191441,1058871,0,0,1680,0,0.000000,16384,1479,58871,4,1.000000,0.000000
38766,41422250813,1059372,0,0,1707,0,0.000000,16384,1553,59372,4,1.000000,0.000000
38767,41423308791,1057978,0,0,1661,0,0.000000,16384,1460,57978,4,1.000000,0.000000
38768,41424365312,1056521,0,0,1763,0,0.000000,16384,1560,56521,4,1.000000,0.000000
38769,41425422241,1056929,0,0,1824,0,0.000000,16384,1647,56929,4,1.000000,0.000000
38770,41426479855,1057614,0,0,1814,0,0.000000,16384,1630,57614,4,1.000000,0.000000
38771,41427545755,1065900,0,0,1836,0,0.000000,16384,1616,65900,4,1.000000,0.000000
38772,41428602700,1056945,0,0,1794,0,0.000000,16384,1577,56945,4,1.000000,0.000000
38773,41429659075,1056375,0,0,1823,0,0.000000,16384,1645,56375,4,1.000000,0.000000
38774,41430672091,1013016,0,0,1732,0,0.000000,16384,1563,13016,4,1.000000,0.000000
38775,41431730658,1058567,0,0,1679,0,0.000000,16384,1459,58567,4,1.000000,0.000000
38776,41432788120,1057462,0,0,1823,0,0.000000,16384,1634,57462,4,1.000000,0.000000
38777,41433844426,1056306,0,0,1824,0,0.000000,16384,1646,56306,4,1.000000,0.000000
38778,41434900136,1055710,0,0,1802,0,0.000000,16384,1605,55710,4,1.000000,0.000000
38779,41435957316,1057180,0,0,1784,0,0.000000,16384,1564,57180,4,1.000000,0.000000
38780,41437013800,1056484,0,0,1824,0,0.000000,16384,1627,56484,4,1.000000,0.000000
38781,41438074926,1061126,0,0,1818,0,0.000000,16384,1642,61126,4,1.000000,0.000000
38782,41439131157,1056231,0,0,1824,0,0.000000,16384,1633,56231,4,1.000000,0.000000
38783,41440187803,1056646,0,0,1822,0,0.000000,16384,1602,56646,4,1.000000,0.000000
38784,41441246073,1058270,0,0,1719,0,0.000000,16384,1525,58270,4,1.000000,0.000000
38785,41442689933,1443860,0,0,2195,0,0.000000,16384,1941,443860,4,1.000000,0.000000
38786,41443763877,1073944,0,0,1479,0,0.000000,16384,1363,73944,4,1.000000,0.000000
38787,41444835325,1071448,0,0,1441,0,0.000000,16384,1256,71448,4,1.000000,0.000000
38788,41445908400,1073075,0,0,1462,0,0.000000,16384,1311,73075,4,1.000000,0.000000
38789,41446975935,1067535,0,0,1507,0,0.000000,16384,1345,67535,4,1.000000,0.000000
38790,41448156563,1180628,0,0,1615,0,0.000000,16384,1441,180628,4,1.000000,0.000000
38791,41449255807,1099244,0,0,1486,0,0.000000,16384,1319,99244,4,1.000000,0.000000
38792,41450326704,1070897,0,0,1440,0,0.000000,16384,1275,70897,4,1.000000,0.000000
38793,41451392847,1066143,0,0,1552,0,0.000000,16384,1401,66143,4,1.000000,0.000000
38794,41452453006,1060159,0,0,1556,0,0.000000,16384,1371,60159,4,1.000000,0.000000
38795,41453512813,1059807,0,0,1550,0,0.000000,16384,1394,59807,4,1.000000,0.000000
38796,41454570479,1057666,0,0,1553,0,0.000000,16384,1373,57666,4,1.000000,0.000000
38797,41455629884,1059405,0,0,1410,0,0.000000,16384,1278,59405,4,1.000000,0.000000
38798,41456678802,1048918,0,0,1529,0,0.000000,16384,1325,48918,4,1.000000,0.000000
38799,41457741995,1063193,0,0,1496,0,0.000000,16384,1377,63193,4,1.000000,0.000000
38800,41458805731,1063736,0,0,1545,0,0.000000,16384,1328,63736,4,1.000000,0.000000
38801,41459888374,1082643,0,0,1589,0,0.000000,16384,1459,82643,4,1.000000,0.000000
38802,41460989769,1101395,0,0,1583,0,0.000000,16384,1377,101395,4,1.000000,0.000000
38803,41462053685,1063916,0,0,1553,0,0.000000,16384,1413,63916,4,1.000000,0.000000
38804,41463112328,1058643,0,0,1554,0,0.000000,16384,1358,58643,4,1.000000,0.000000
38805,41464170228,1057900,0,0,1554,0,0.000000,16384,1409,57900,4,1.000000,0.000000
38806,41465228667,1058439,0,0,1555,0,0.000000,16384,1364,58439,4,1.000000,0.000000
38807,41466286519,1057852,0,0,1555,0,0.000000,16384,1405,57852,4,1.000000,0.000000
38808,41467343209,1056690,0,0,1554,0,0.000000,16384,1368,56690,4,1.000000,0.000000
38809,41468400835,1057626,0,0,1556,0,0.000000,16384,1401,57626,4,1.000000,0.000000
38810,41469458171,1057336,0,0,1556,0,0.000000,16384,1375,57336,4,1.000000,0.000000
38811,41470519873,1061702,0,0,1558,0,0.000000,16384,1397,61702,4,1.000000,0.000000
38812,41471583785,1063912,0,0,1632,0,0.000000,16384,1453,63912,4,1.000000,0.000000
38813,41472646247,1062462,0,0,1661,0,0.000000,16384,1461,62462,4,1.000000,0.000000
38814,41473672066,1025819,0,0,1606,0,0.000000,16384,1470,25819,4,1.000000,0.000000
38815,41474729556,1057490,0,0,1555,0,0.000000,16384,1340,57490,4,1.000000,0.000000
38816,41475791277,1061721,0,0,1807,0,0.000000,16384,1633,61721,4,1.000000,0.000000
38817,41476855490,1064213,0,0,1801,0,0.000000,16384,1630,64213,4,1.000000,0.000000
38818,41477919122,1063632,0,0,1788,0,0.000000,16384,1568,63632,4,1.000000,0.000000
38819,41478981923,1062801,0,0,1805,0,0.000000,16384,1585,62801,4,1.000000,0.000000
38820,41480040776,1058853,0,0,1826,0,0.000000,16384,1648,58853,4,1.000000,0.000000
38821,41481110935,1070159,0,0,1757,0,0.000000,16384,1591,70159,4,1.000000,0.000000
38822,41482170934,1059999,0,0,1794,0,0.000000,16384,1574,59999,4,1.000000,0.000000
38823,41483228467,1057533,0,0,1814,0,0.000000,16384,1595,57533,4,1.000000,0.000000
38824,41484285678,1057211,0,0,1812,0,0.000000,16384,1637,57211,4,1.000000,0.000000
38825,41485342032,1056354,0,0,1825,0,0.000000,16384,1647,56354,4,1.000000,0.000000
38826,41486398802,1056770,0,0,1825,0,0.000000,16384,1609,56770,4,1.000000,0.000000
38827,41487455825,1057023,0,0,1801,0,0.000000,16384,1581,57023,4,1.000000,0.000000
38828,41488512108,1056283,0,0,1806,0,0.000000,16384,1624,56283,4,1.000000,0.000000
38829,41489567854,1055746,0,0,1820,0,0.000000,16384,1643,55746,4,1.000000,0.000000
38830,41490623474,1055620,0,0,1820,0,0.000000,16384,1615,55620,4,1.000000,0.000000
38831,41491671471,1047997,0,0,1802,0,0.000000,16384,1582,47997,4,1.000000,0.000000
38832,41492727462,1055991,0,0,1812,0,0.000000,16384,1618,55991,4,1.000000,0.000000
38833,41493783418,1055956,0,0,1822,0,0.000000,16384,1645,55956,4,1.000000,0.000000
38834,41494839964,1056546,0,0,1806,0,0.000000,16384,1613,56546,4,1.000000,0.000000
38835,41495898799,1058835,0,0,1820,0,0.000000,16384,1600,58835,4,1.000000,0.000000
38836,41496959822,1061023,0,0,1830,0,0.000000,16384,1620,61023,4,1.000000,0.000000
38837,41498018722,1058900,0,0,1797,0,0.000000,16384,1625,58900,4,1.000000,0.000000
38838,41499084699,1065977,0,0,1669,0,0.000000,16384,1487,65977,4,1.000000,0.000000
38839,41500143859,1059160,0,0,1717,0,0.000000,16384,1502,59160,4,1.000000,0.000000
38840,41501203747,1059888,0,0,1701,0,0.000000,16384,1548,59888,4,1.000000,0.000000
38841,41502285118,1081371,0,0,1701,0,0.000000,16384,1508,81371,4,1.000000,0.000000
38842,41503342435,1057317,0,0,1803,0,0.000000,16384,1584,57317,4,1.000000,0.000000
38843,41504402870,1060435,0,0,1816,0,0.000000,16384,1632,60435,4,1.000000,0.000000
38844,41505463724,1060854,0,0,1824,0,0.000000,16384,1646,60854,4,1.000000,0.000000
38845,41506520859,1057135,0,0,1822,0,0.000000,16384,1620,57135,4,1.000000,0.000000
38846,41507578016,1057157,0,0,1812,0,0.000000,16384,1592,57157,4,1.000000,0.000000
38847,41508634306,1056290,0,0,1823,0,0.000000,16384,1622,56290,4,1.000000,0.000000
38848,41509670568,1036262,0,0,1785,0,0.000000,16384,1616,36262,4,1.000000,0.000000
38849,41510726753,1056185,0,0,1812,0,0.000000,16384,1618,56185,4,1.000000,0.000000
38850,41511782491,1055738,0,0,1821,0,0.000000,16384,1600,55738,4,1.000000,0.000000
38851,41512846688,1064197,0,0,1814,0,0.000000,16384,1607,64197,4,1.000000,0.000000
38852,41513902959,1056271,0,0,1824,0,0.000000,16384,1647,56271,4,1.000000,0.000000
38853,41514958762,1055803,0,0,1814,0,0.000000,16384,1634,55803,4,1.000000,0.000000
38854,41516014734,1055972,0,0,1821,0,0.000000,16384,1602,55972,4,1.000000,0.000000
38855,41517070598,1055864,0,0,1822,0,0.000000,16384,1598,55864,4,1.000000,0.000000
38856,41518126164,1055566,0,0,1813,0,0.000000,16384,1637,55566,4,1.000000,0.000000
38857,41519181893,1055729,0,0,1823,0,0.000000,16384,1645,55729,4,1.000000,0.000000
38858,41520237957,1056064,0,0,1823,0,0.000000,16384,1613,56064,4,1.000000,0.000000
38859,41521296512,1058555,0,0,1695,0,0.000000,16384,1483,58555,4,1.000000,0.000000
38860,41522353904,1057392,0,0,1745,0,0.000000,16384,1583,57392,4,1.000000,0.000000
38861,41523416654,1062750,0,0,1822,0,0.000000,16384,1545,62750,4,1.000000,0.000000
38862,41524472851,1056197,0,0,1822,0,0.000000,16384,1645,56197,4,1.000000,0.000000
38863,41525529158,1056307,0,0,1815,0,0.000000,16384,1637,56307,4,1.000000,0.000000
38864,41526586106,1056948,0,0,1799,0,0.000000,16384,1580,56948,4,1.000000,0.000000
38865,41527642282,1056176,0,0,1821,0,0.000000,16384,1597,56176,4,1.000000,0.000000
38866,41528670585,1028303,0,0,1771,0,0.000000,16384,1606,28303,4,1.000000,0.000000
38867,41529727147,1056562,0,0,1815,0,0.000000,16384,1640,56562,4,1.000000,0.000000
38868,41530786931,1059784,0,0,1590,0,0.000000,16384,1370,59784,4,1.000000,0.000000
38869,41531848818,1061887,0,0,1795,0,0.000000,16384,1618,61887,4,1.000000,0.000000
38870,41532906580,1057762,0,0,1826,0,0.000000,16384,1648,57762,4,1.000000,0.000000
38871,41533972124,1065544,0,0,1792,0,0.000000,16384,1583,65544,4,1.000000,0.000000
38872,41535030438,1058314,0,0,1751,0,0.000000,16384,1531,58314,4,1.000000,0.000000
38873,41536087680,1057242,0,0,1824,0,0.000000,16384,1648,57242,4,1.000000,0.000000
38874,41537143172,1055492,0,0,1822,0,0.000000,16384,1644,55492,4,1.000000,0.000000
38875,41538199038,1055866,0,0,1823,0,0.000000,16384,1613,55866,4,1.000000,0.000000
38876,41539254900,1055862,0,0,1784,0,0.000000,16384,1564,55862,4,1.000000,0.000000
38877,41540311284,1056384,0,0,1821,0,0.000000,16384,1634,56384,4,1.000000,0.000000
38878,41541369680,1058396,0,0,1761,0,0.000000,16384,1596,58396,4,1.000000,0.000000
38879,41542426998,1057318,0,0,1720,0,0.000000,16384,1512,57318,4,1.000000,0.000000
38880,41543482804,1055806,0,0,1823,0,0.000000,16384,1603,55806,4,1.000000,0.000000
38881,41544545442,1062638,0,0,1833,0,0.000000,16384,1654,62638,4,1.000000,0.000000
38882,41545605430,1059988,0,0,1826,0,0.000000,16384,1648,59988,4,1.000000,0.000000
38883,41546656112,1050682,0,0,1794,0,0.000000,16384,1583,50682,4,1.000000,0.000000
38884,41547671442,1015330,0,0,1714,0,0.000000,16384,1504,15330,4,1.000000,0.000000
38885,41548729510,1058068,0,0,1803,0,0.000000,16384,1629,58068,4,1.000000,0.000000
38886,41549786697,1057187,0,0,1799,0,0.000000,16384,1623,57187,4,1.000000,0.000000
38887,41550843258,1056561,0,0,1812,0,0.000000,16384,1592,56561,4,1.000000,0.000000
38888,41551900648,1057390,0,0,1789,0,0.000000,16384,1573,57390,4,1.000000,0.000000
38889,41552957145,1056497,0,0,1809,0,0.000000,16384,1635,56497,4,1.000000,0.000000
38890,41554017634,1060489,0,0,1814,0,0.000000,16384,1640,60489,4,1.000000,0.000000
38891,41555097261,1079627,0,0,1837,0,0.000000,16384,1613,79627,4,1.000000,0.000000
38892,41556154036,1056775,0,0,1823,0,0.000000,16384,1603,56775,4,1.000000,0.000000
38893,41557210284,1056248,0,0,1823,0,0.000000,16384,1637,56248,4,1.000000,0.000000
38894,41558272074,1061790,0,0,1714,0,0.000000,16384,1560,61790,4,1.000000,0.000000
38895,41559334914,1062840,0,0,1603,0,0.000000,16384,1383,62840,4,1.000000,0.000000
38896,41560396490,1061576,0,0,1593,0,0.000000,16384,1453,61576,4,1.000000,0.000000
38897,41561458151,1061661,0,0,1534,0,0.000000,16384,1338,61661,4,1.000000,0.000000
38898,41562517179,1059028,0,0,1557,0,0.000000,16384,1415,59028,4,1.000000,0.000000
38899,41563575102,1057923,0,0,1643,0,0.000000,16384,1449,57923,4,1.000000,0.000000
38900,41564633340,1058238,0,0,1647,0,0.000000,16384,1464,58238,4,1.000000,0.000000
38901,41565672414,1039074,0,0,1625,0,0.000000,16384,1468,39074,4,1.000000,0.000000
38902,41566730901,1058487,0,0,1664,0,0.000000,16384,1444,58487,4,1.000000,0.000000
38903,41567787561,1056660,0,0,1665,0,0.000000,16384,1518,56660,4,1.000000,0.000000
38904,41568844386,1056825,0,0,1662,0,0.000000,16384,1471,56825,4,1.000000,0.000000
38905,41569901451,1057065,0,0,1667,0,0.000000,16384,1474,57065,4,1.000000,0.000000
38906,41570958127,1056676,0,0,1807,0,0.000000,16384,1633,56676,4,1.000000,0.000000
38907,41572014343,1056216,0,0,1816,0,0.000000,16384,1621,56216,4,1.000000,0.000000
38908,41573070196,1055853,0,0,1820,0,0.000000,16384,1600,55853,4,1.000000,0.000000
38909,41574126024,1055828,0,0,1821,0,0.000000,16384,1613,55828,4,1.000000,0.000000
38910,41575181691,1055667,0,0,1812,0,0.000000,16384,1636,55667,4,1.000000,0.000000
38911,41576241702,1060011,0,0,1830,0,0.000000,16384,1650,60011,4,1.000000,0.000000
38912,41577297990,1056288,0,0,1823,0,0.000000,16384,1601,56288,4,1.000000,0.000000
38913,41578354917,1056927,0,0,1634,0,0.000000,16384,1447,56927,4,1.000000,0.000000
38914,41579412959,1058042,0,0,1770,0,0.000000,16384,1603,58042,4,1.000000,0.000000
38915,41580469604,1056645,0,0,1823,0,0.000000,16384,1615,56645,4,1.000000,0.000000
38916,41581528025,1058421,0,0,1725,0,0.000000,16384,1505,58421,4,1.000000,0.000000
38917,41582587586,1059561,0,0,1656,0,0.000000,16384,1511,59561,4,1.000000,0.000000
38918,41583650323,1062737,0,0,1600,0,0.000000,16384,1409,62737,4,1.000000,0.000000
38919,41584673973,1023650,0,0,1578,0,0.000000,16384,1415,23650,4,1.000000,0.000000
38920,41585732855,1058882,0,0,1822,0,0.000000,16384,1645,58882,4,1.000000,0.000000
38921,41586802269,1069414,0,0,1830,0,0.000000,16384,1606,69414,4,1.000000,0.000000
38922,41587858230,1055961,0,0,1820,0,0.000000,16384,1599,55961,4,1.000000,0.000000
38923,41588916500,1058270,0,0,1772,0,0.000000,16384,1600,58270,4,1.000000,0.000000
38924,41589973163,1056663,0,0,1825,0,0.000000,16384,1647,56663,4,1.000000,0.000000
38925,41591029820,1056657,0,0,1791,0,0.000000,16384,1578,56657,4,1.000000,0.000000
38926,41592086183,1056363,0,0,1761,0,0.000000,16384,1544,56363,4,1.000000,0.000000
38927,41593142365,1056182,0,0,1771,0,0.000000,16384,1605,56182,4,1.000000,0.000000
38928,41594199364,1056999,0,0,1786,0,0.000000,16384,1609,56999,4,1.000000,0.000000
38929,41595255950,1056586,0,0,1813,0,0.000000,16384,1593,56586,4,1.000000,0.000000
38930,41596317376,1061426,0,0,1824,0,0.000000,16384,1604,61426,4,1.000000,0.000000
38931,41597386523,1069147,0,0,1842,0,0.000000,16384,1661,69147,4,1.000000,0.000000
38932,41598443802,1057279,0,0,1825,0,0.000000,16384,1647,57279,4,1.000000,0.000000
38933,41599500192,1056390,0,0,1761,0,0.000000,16384,1552,56390,4,1.000000,0.000000
38934,41600555970,1055778,0,0,1819,0,0.000000,16384,1599,55778,4,1.000000,0.000000
38935,41601614758,1058788,0,0,1658,0,0.000000,16384,1507,58788,4,1.000000,0.000000
38936,41602675544,1060786,0,0,1808,0,0.000000,16384,1618,60786,4,1.000000,0.000000
38937,41603776379,1100835,0,0,1851,0,0.000000,16384,1632,100835,4,1.000000,0.000000
38938,41604841885,1065506,0,0,1789,0,0.000000,16384,1577,65506,4,1.000000,0.000000
38939,41605905855,1063970,0,0,1793,0,0.000000,16384,1621,63970,4,1.000000,0.000000
38940,41606968776,1062921,0,0,1782,0,0.000000,16384,1602,62921,4,1.000000,0.000000
38941,41608054724,1085948,0,0,1801,0,0.000000,16384,1581,85948,4,1.000000,0.000000
38942,41609118588,1063864,0,0,1760,0,0.000000,16384,1560,63864,4,1.000000,0.000000
38943,41610178592,1060004,0,0,1668,0,0.000000,16384,1521,60004,4,1.000000,0.000000
38944,41611235957,1057365,0,0,1662,0,0.000000,16384,1449,57365,4,1.000000,0.000000
38945,41612292857,1056900,0,0,1663,0,0.000000,16384,1492,56900,4,1.000000,0.000000
38946,41613379780,1086923,0,0,1927,0,0.000000,16384,1729,86923,4,1.000000,0.000000
38947,41614475376,1095596,0,0,1966,0,0.000000,16384,1760,95596,4,1.000000,0.000000
38948,41615566714,1091338,0,0,1969,0,0.000000,16384,1756,91338,4,1.000000,0.000000
38949,41616656714,1090000,0,0,1974,0,0.000000,16384,1750,90000,4,1.000000,0.000000
38950,41617701685,1044971,0,0,1884,0,0.000000,16384,1664,44971,4,1.000000,0.000000
38951,41618768843,1067158,0,0,1705,0,0.000000,16384,1511,67158,4,1.000000,0.000000
38952,41619831561,1062718,0,0,1920,0,0.000000,16384,1723,62718,4,1.000000,0.000000
38953,41620897600,1066039,0,0,1514,0,0.000000,16384,1345,66039,4,1.000000,0.000000
38954,41621967261,1069661,0,0,1452,0,0.000000,16384,1309,69661,4,1.000000,0.000000
38955,41623032862,1065601,0,0,1549,0,0.000000,16384,1355,65601,4,1.000000,0.000000
38956,41624093936,1061074,0,0,1560,0,0.000000,16384,1413,61074,4,1.000000,0.000000
38957,41625152532,1058596,0,0,1558,0,0.000000,16384,1370,58596,4,1.000000,0.000000
38958,41626209061,1056529,0,0,1607,0,0.000000,16384,1442,56529,4,1.000000,0.000000
38959,41627266367,1057306,0,0,1656,0,0.000000,16384,1481,57306,4,1.000000,0.000000
38960,41628323911,1057544,0,0,1644,0,0.000000,16384,1440,57544,4,1.000000,0.000000
38961,41629399332,1075421,0,0,1685,0,0.000000,16384,1535,75421,4,1.000000,0.000000
38962,41630458025,1058693,0,0,1581,0,0.000000,16384,1379,58693,4,1.000000,0.000000
38963,41631515269,1057244,0,0,1657,0,0.000000,16384,1493,57244,4,1.000000,0.000000
38964,41632572760,1057491,0,0,1784,0,0.000000,16384,1608,57491,4,1.000000,0.000000
38965,41633629343,1056583,0,0,1823,0,0.000000,16384,1603,56583,4,1.000000,0.000000
38966,41634670952,1041609,0,0,1780,0,0.000000,16384,1566,41609,4,1.000000,0.000000
38967,41635726935,1055983,0,0,1822,0,0.000000,16384,1645,55983,4,1.000000,0.000000
38968,41636782510,1055575,0,0,1824,0,0.000000,16384,1646,55575,4,1.000000,0.000000
38969,41637838392,1055882,0,0,1822,0,0.000000,16384,1603,55882,4,1.000000,0.000000
38970,41638893973,1055581,0,0,1821,0,0.000000,16384,1601,55581,4,1.000000,0.000000
38971,41639955884,1061911,0,0,1833,0,0.000000,16384,1645,61911,4,1.000000,0.000000
38972,41641011862,1055978,0,0,1824,0,0.000000,16384,1647,55978,4,1.000000,0.000000
38973,41642070755,1058893,0,0,1674,0,0.000000,16384,1479,58893,4,1.000000,0.000000
38974,41643129773,1059018,0,0,1661,0,0.000000,16384,1469,59018,4,1.000000,0.000000
38975,41644186408,1056635,0,0,1662,0,0.000000,16384,1514,56635,4,1.000000,0.000000
38976,41645242508,1056100,0,0,1659,0,0.000000,16384,1439,56100,4,1.000000,0.000000
38977,41646302745,1060237,0,0,1709,0,0.000000,16384,1539,60237,4,1.000000,0.000000
38978,41647366566,1063821,0,0,1720,0,0.000000,16384,1550,63821,4,1.000000,0.000000
38979,41648425967,1059401,0,0,1662,0,0.000000,16384,1442,59401,4,1.000000,0.000000
38980,41649486376,1060409,0,0,1689,0,0.000000,16384,1532,60409,4,1.000000,0.000000
38981,41650553130,1066754,0,0,1803,0,0.000000,16384,1620,66754,4,1.000000,0.000000
38982,41651608976,1055846,0,0,1813,0,0.000000,16384,1593,55846,4,1.000000,0.000000
38983,41652665390,1056414,0,0,1800,0,0.000000,16384,1589,56414,4,1.000000,0.000000
38984,41653727759,1062369,0,0,1804,0,0.000000,16384,1630,62369,4,1.000000,0.000000
38985,41654784511,1056752,0,0,1782,0,0.000000,16384,1603,56752,4,1.000000,0.000000
38986,41655841210,1056699,0,0,1794,0,0.000000,16384,1574,56699,4,1.000000,0.000000
38987,41656897538,1056328,0,0,1771,0,0.000000,16384,1569,56328,4,1.000000,0.000000
38988,41657953598,1056060,0,0,1821,0,0.000000,16384,1644,56060,4,1.000000,0.000000
38989,41659051964,1098366,0,0,1780,0,0.000000,16384,1595,98366,4,1.000000,0.000000
38990,41660114057,1062093,0,0,1642,0,0.000000,16384,1422,62093,4,1.000000,0.000000
38991,41661195375,1081318,0,0,1780,0,0.000000,16384,1613,81318,4,1.000000,0.000000
38992,41662255944,1060569,0,0,1666,0,0.000000,16384,1493,60569,4,1.000000,0.000000
38993,41663314610,1058666,0,0,1813,0,0.000000,16384,1593,58666,4,1.000000,0.000000
38994,41664370741,1056131,0,0,1810,0,0.000000,16384,1613,56131,4,1.000000,0.000000
38995,41665429304,1058563,0,0,1689,0,0.000000,16384,1538,58563,4,1.000000,0.000000
38996,41666486957,1057653,0,0,1780,0,0.000000,16384,1564,57653,4,1.000000,0.000000
38997,41667543844,1056887,0,0,1823,0,0.000000,16384,1603,56887,4,1.000000,0.000000
38998,41668599956,1056112,0,0,1816,0,0.000000,16384,1636,56112,4,1.000000,0.000000
38999,41669656552,1056596,0,0,1670,0,0.000000,16384,1510,56596,4,1.000000,0.000000
39000,41670670543,1013991,0,0,1677,0,0.000000,16384,1457,13991,4,1.000000,0.000000
39001,41671740988,1070445,0,0,1780,0,0.000000,16384,1603,70445,4,1.000000,0.000000
39002,41672797524,1056536,0,0,1824,0,0.000000,16384,1646,56536,4,1.000000,0.000000
39003,41673853695,1056171,0,0,1821,0,0.000000,16384,1612,56171,4,1.000000,0.000000
39004,41674909661,1055966,0,0,1820,0,0.000000,16384,1600,55966,4,1.000000,0.000000
39005,41675965657,1055996,0,0,1813,0,0.000000,16384,1620,55996,4,1.000000,0.000000
39006,41677021152,1055495,0,0,1824,0,0.000000,16384,1646,55495,4,1.000000,0.000000
39007,41678077045,1055893,0,0,1823,0,0.000000,16384,1630,55893,4,1.000000,0.000000
39008,41679133193,1056148,0,0,1795,0,0.000000,16384,1575,56148,4,1.000000,0.000000
39009,41680189010,1055817,0,0,1822,0,0.000000,16384,1615,55817,4,1.000000,0.000000
39010,41681244670,1055660,0,0,1823,0,0.000000,16384,1646,55660,4,1.000000,0.000000
39011,41682305995,1061325,0,0,1647,0,0.000000,16384,1467,61325,4,1.000000,0.000000
39012,41683362927,1056932,0,0,1818,0,0.000000,16384,1598,56932,4,1.000000,0.000000
39013,41684419380,1056453,0,0,1813,0,0.000000,16384,1624,56453,4,1.000000,0.000000
39014,41685475809,1056429,0,0,1822,0,0.000000,16384,1646,56429,4,1.000000,0.000000
39015,41686532422,1056613,0,0,1821,0,0.000000,16384,1622,56613,4,1.000000,0.000000
39016,41687589277,1056855,0,0,1811,0,0.000000,16384,1591,56855,4,1.000000,0.000000
39017,41688645603,1056326,0,0,1782,0,0.000000,16384,1586,56326,4,1.000000,0.000000
39018,41689670004,1024401,0,0,1755,0,0.000000,16384,1590,24401,4,1.000000,0.000000
39019,41690726021,1056017,0,0,1823,0,0.000000,16384,1620,56017,4,1.000000,0.000000
39020,41691782777,1056756,0,0,1806,0,0.000000,16384,1586,56756,4,1.000000,0.000000
39021,41692848007,1065230,0,0,1686,0,0.000000,16384,1515,65230,4,1.000000,0.000000
39022,41693904706,1056699,0,0,1575,0,0.000000,16384,1406,56699,4,1.000000,0.000000
39023,41694961199,1056493,0,0,1684,0,0.000000,16384,1482,56493,4,1.000000,0.000000
39024,41696016943,1055744,0,0,1798,0,0.000000,16384,1626,55744,4,1.000000,0.000000
39025,41697073266,1056323,0,0,1759,0,0.000000,16384,1573,56323,4,1.000000,0.000000
39026,41698131843,1058577,0,0,1718,0,0.000000,16384,1498,58577,4,1.000000,0.000000
39027,41699191736,1059893,0,0,1796,0,0.000000,16384,1615,59893,4,1.000000,0.000000
39028,41700249139,1057403,0,0,1728,0,0.000000,16384,1569,57403,4,1.000000,0.000000
39029,41701305310,1056171,0,0,1803,0,0.000000,16384,1583,56171,4,1.000000,0.000000
39030,41702363138,1057828,0,0,1740,0,0.000000,16384,1533,57828,4,1.000000,0.000000
39031,41703428580,1065442,0,0,1818,0,0.000000,16384,1642,65442,4,1.000000,0.000000
39032,41704486779,1058199,0,0,1768,0,0.000000,16384,1587,58199,4,1.000000,0.000000
39033,41705543191,1056412,0,0,1812,0,0.000000,16384,1592,56412,4,1.000000,0.000000
39034,41706599977,1056786,0,0,1824,0,0.000000,16384,1612,56786,4,1.000000,0.000000
39035,41707656627,1056650,0,0,1799,0,0.000000,16384,1626,56650,4,1.000000,0.000000
39036,41708669999,1013372,0,0,1744,0,0.000000,16384,1565,13372,4,1.000000,0.000000
39037,41709726793,1056794,0,0,1823,0,0.000000,16384,1603,56794,4,1.000000,0.000000
39038,41710783091,1056298,0,0,1824,0,0.000000,16384,1613,56298,4,1.000000,0.000000
39039,41711839085,1055994,0,0,1825,0,0.000000,16384,1647,55994,4,1.000000,0.000000
39040,41712894926,1055841,0,0,1825,0,0.000000,16384,1649,55841,4,1.000000,0.000000
39041,41713966787,1071861,0,0,1768,0,0.000000,16384,1549,71861,4,1.000000,0.000000
39042,41715089815,1123028,0,0,1554,0,0.000000,16384,1388,123028,4,1.000000,0.000000
39043,41716158107,1068292,0,0,1478,0,0.000000,16384,1307,68292,4,1.000000,0.000000
39044,41717229466,1071359,0,0,1467,0,0.000000,16384,1330,71359,4,1.000000,0.000000
39045,41718297968,1068502,0,0,1464,0,0.000000,16384,1266,68502,4,1.000000,0.000000
39046,41719424584,1126616,0,0,1522,0,0.000000,16384,1404,126616,4,1.000000,0.000000
39047,41720500138,1075554,0,0,1416,0,0.000000,16384,1226,75554,4,1.000000,0.000000
39048,41721565060,1064922,0,0,1479,0,0.000000,16384,1335,64922,4,1.000000,0.000000
39049,41722637424,1072364,0,0,1438,0,0.000000,16384,1279,72364,4,1.000000,0.000000
39050,41723694647,1057223,0,0,1340,0,0.000000,16384,1167,57223,4,1.000000,0.000000
39051,41724795279,1100632,0,0,1508,0,0.000000,16384,1392,100632,4,1.000000,0.000000
39052,41725863375,1068096,0,0,1553,0,0.000000,16384,1335,68096,4,1.000000,0.000000
39053,41726925474,1062099,0,0,1562,0,0.000000,16384,1438,62099,4,1.000000,0.000000
39054,41727982713,1057239,0,0,1552,0,0.000000,16384,1338,57239,4,1.000000,0.000000
39055,41729047330,1064617,0,0,1498,0,0.000000,16384,1382,64617,4,1.000000,0.000000
39056,41730109636,1062306,0,0,1555,0,0.000000,16384,1338,62306,4,1.000000,0.000000
39057,41731168373,1058737,0,0,1603,0,0.000000,16384,1469,58737,4,1.000000,0.000000
39058,41732228596,1060223,0,0,1657,0,0.000000,16384,1452,60223,4,1.000000,0.000000
39059,41733287016,1058420,0,0,1662,0,0.000000,16384,1485,58420,4,1.000000,0.000000
39060,41734343545,1056529,0,0,1588,0,0.000000,16384,1425,56529,4,1.000000,0.000000
39061,41735420386,1076841,0,0,1652,0,0.000000,16384,1448,76841,4,1.000000,0.000000
39062,41736478871,1058485,0,0,1493,0,0.000000,16384,1361,58485,4,1.000000,0.000000
39063,41737540637,1061766,0,0,1576,0,0.000000,16384,1355,61766,4,1.000000,0.000000
39064,41738601256,1060619,0,0,1593,0,0.000000,16384,1382,60619,4,1.000000,0.000000
39065,41739664834,1063578,0,0,1572,0,0.000000,16384,1446,63578,4,1.000000,0.000000
39066,41740736213,1071379,0,0,1438,0,0.000000,16384,1243,71379,4,1.000000,0.000000
39067,41741803126,1066913,0,0,1551,0,0.000000,16384,1411,66913,4,1.000000,0.000000
39068,41742865978,1062852,0,0,1557,0,0.000000,16384,1356,62852,4,1.000000,0.000000
39069,41743925732,1059754,0,0,1562,0,0.000000,16384,1427,59754,4,1.000000,0.000000
39070,41744984420,1058688,0,0,1555,0,0.000000,16384,1347,58688,4,1.000000,0.000000
39071,41746072580,1088160,0,0,1598,0,0.000000,16384,1466,88160,4,1.000000,0.000000
39072,41747129554,1056974,0,0,1541,0,0.000000,16384,1325,56974,4,1.000000,0.000000
39073,41748186824,1057270,0,0,1555,0,0.000000,16384,1433,57270,4,1.000000,0.000000
39074,41749246736,1059912,0,0,1624,0,0.000000,16384,1409,59912,4,1.000000,0.000000
39075,41750305943,1059207,0,0,1656,0,0.000000,16384,1495,59207,4,1.000000,0.000000
39076,41751365784,1059841,0,0,1739,0,0.000000,16384,1561,59841,4,1.000000,0.000000
39077,41752423785,1058001,0,0,1822,0,0.000000,16384,1602,58001,4,1.000000,0.000000
39078,41753481360,1057575,0,0,1806,0,0.000000,16384,1599,57575,4,1.000000,0.000000
39079,41754540217,1058857,0,0,1655,0,0.000000,16384,1511,58857,4,1.000000,0.000000
39080,41755600997,1060780,0,0,1588,0,0.000000,16384,1379,60780,4,1.000000,0.000000
39081,41756679799,1078802,0,0,1450,0,0.000000,16384,1334,78802,4,1.000000,0.000000
39082,41757747948,1068149,0,0,1794,0,0.000000,16384,1574,68149,4,1.000000,0.000000
39083,41758807652,1059704,0,0,1796,0,0.000000,16384,1577,59704,4,1.000000,0.000000
39084,41759872166,1064514,0,0,1596,0,0.000000,16384,1464,64514,4,1.000000,0.000000
39085,41760936048,1063882,0,0,1551,0,0.000000,16384,1341,63882,4,1.000000,0.000000
39086,41762000639,1064591,0,0,1549,0,0.000000,16384,1420,64591,4,1.000000,0.000000
39087,41763064433,1063794,0,0,1542,0,0.000000,16384,1336,63794,4,1.000000,0.000000
39088,41764124787,1060354,0,0,1561,0,0.000000,16384,1427,60354,4,1.000000,0.000000
39089,41765183296,1058509,0,0,1547,0,0.000000,16384,1345,58509,4,1.000000,0.000000
39090,41766241768,1058472,0,0,1536,0,0.000000,16384,1402,58472,4,1.000000,0.000000
39091,41767339837,1098069,0,0,1611,0,0.000000,16384,1408,98069,4,1.000000,0.000000
39092,41768398513,1058676,0,0,1558,0,0.000000,16384,1408,58676,4,1.000000,0.000000
39093,41769456045,1057532,0,0,1552,0,0.000000,16384,1367,57532,4,1.000000,0.000000
39094,41770514556,1058511,0,0,1553,0,0.000000,16384,1398,58511,4,1.000000,0.000000
39095,41771575261,1060705,0,0,1545,0,0.000000,16384,1364,60705,4,1.000000,0.000000
39096,41772635086,1059825,0,0,1557,0,0.000000,16384,1399,59825,4,1.000000,0.000000
39097,41773677604,1042518,0,0,1522,0,0.000000,16384,1344,42518,4,1.000000,0.000000
39098,41774739651,1062047,0,0,1609,0,0.000000,16384,1441,62047,4,1.000000,0.000000
39099,41775801887,1062236,0,0,1824,0,0.000000,16384,1647,62236,4,1.000000,0.000000
39100,41776860092,1058205,0,0,1827,0,0.000000,16384,1608,58205,4,1.000000,0.000000
39101,41777929601,1069509,0,0,1844,0,0.000000,16384,1624,69509,4,1.000000,0.000000
39102,41778985484,1055883,0,0,1826,0,0.000000,16384,1633,55883,4,1.000000,0.000000
39103,41780041705,1056221,0,0,1826,0,0.000000,16384,1648,56221,4,1.000000,0.000000
39104,41781097855,1056150,0,0,1812,0,0.000000,16384,1619,56150,4,1.000000,0.000000
39105,41782208097,1110242,0,0,1820,0,0.000000,16384,1600,110242,4,1.000000,0.000000
39106,41783270833,1062736,0,0,1664,0,0.000000,16384,1486,62736,4,1.000000,0.000000
39107,41784328879,1058046,0,0,1662,0,0.000000,16384,1500,58046,4,1.000000,0.000000
39108,41785386145,1057266,0,0,1651,0,0.000000,16384,1431,57266,4,1.000000,0.000000
39109,41786443301,1057156,0,0,1650,0,0.000000,16384,1507,57156,4,1.000000,0.000000
39110,41787531641,1088340,0,0,1836,0,0.000000,16384,1638,88340,4,1.000000,0.000000
39111,41788633807,1102166,0,0,1866,0,0.000000,16384,1646,102166,4,1.000000,0.000000
39112,41789708705,1074898,0,0,1835,0,0.000000,16384,1612,74898,4,1.000000,0.000000
39113,41790772340,1063635,0,0,1815,0,0.000000,16384,1641,63635,4,1.000000,0.000000
39114,41791835264,1062924,0,0,1805,0,0.000000,16384,1631,62924,4,1.000000,0.000000
39115,41792899135,1063871,0,0,1787,0,0.000000,16384,1571,63871,4,1.000000,0.000000
39116,41793961976,1062841,0,0,1857,0,0.000000,16384,1637,62841,4,1.000000,0.000000
39117,41795021082,1059106,0,0,1830,0,0.000000,16384,1640,59106,4,1.000000,0.000000
39118,41796077694,1056612,0,0,1826,0,0.000000,16384,1648,56612,4,1.000000,0.000000
39119,41797133837,1056143,0,0,1825,0,0.000000,16384,1629,56143,4,1.000000,0.000000
39120,41798189244,1055407,0,0,1821,0,0.000000,16384,1601,55407,4,1.000000,0.000000
39121,41799252570,1063326,0,0,1789,0,0.000000,16384,1585,63326,4,1.000000,0.000000
39122,41800308988,1056418,0,0,1820,0,0.000000,16384,1644,56418,4,1.000000,0.000000
39123,41801394508,1085520,0,0,1897,0,0.000000,16384,1705,85520,4,1.000000,0.000000
39124,41802458907,1064399,0,0,1616,0,0.000000,16384,1404,64399,4,1.000000,0.000000
39125,41803522987,1064080,0,0,1544,0,0.000000,16384,1404,64080,4,1.000000,0.000000
39126,41804616733,1093746,0,0,1830,0,0.000000,16384,1630,93746,4,1.000000,0.000000
39127,41805706874,1090141,0,0,1856,0,0.000000,16384,1636,90141,4,1.000000,0.000000
39128,41806772199,1065325,0,0,1813,0,0.000000,16384,1602,65325,4,1.000000,0.000000
39129,41807836010,1063811,0,0,1854,0,0.000000,16384,1670,63811,4,1.000000,0.000000
39130,41808896900,1060890,0,0,1796,0,0.000000,16384,1625,60890,4,1.000000,0.000000
39131,41809977415,1080515,0,0,1840,0,0.000000,16384,1618,80515,4,1.000000,0.000000
39132,41811034145,1056730,0,0,1821,0,0.000000,16384,1601,56730,4,1.000000,0.000000
39133,41812090544,1056399,0,0,1801,0,0.000000,16384,1617,56399,4,1.000000,0.000000
39134,41813146979,1056435,0,0,1823,0,0.000000,16384,1646,56435,4,1.000000,0.000000
39135,41814203264,1056285,0,0,1821,0,0.000000,16384,1618,56285,4,1.000000,0.000000
39136,41815259462,1056198,0,0,1819,0,0.000000,16384,1598,56198,4,1.000000,0.000000
39137,41816315412,1055950,0,0,1821,0,0.000000,16384,1621,55950,4,1.000000,0.000000
39138,41817371227,1055815,0,0,1820,0,0.000000,16384,1643,55815,4,1.000000,0.000000
39139,41818427048,1055821,0,0,1822,0,0.000000,16384,1636,55821,4,1.000000,0.000000
39140,41819483676,1056628,0,0,1821,0,0.000000,16384,1601,56628,4,1.000000,0.000000
39141,41820544725,1061049,0,0,1814,0,0.000000,16384,1597,61049,4,1.000000,0.000000
39142,41821600553,1055828,0,0,1821,0,0.000000,16384,1644,55828,4,1.000000,0.000000
39143,41822663029,1062476,0,0,1667,0,0.000000,16384,1497,62476,4,1.000000,0.000000
39144,41823731281,1068252,0,0,1660,0,0.000000,16384,1445,68252,4,1.000000,0.000000
39145,41824790133,1058852,0,0,1651,0,0.000000,16384,1508,58852,4,1.000000,0.000000
39146,41825847784,1057651,0,0,1658,0,0.000000,16384,1460,57651,4,1.000000,0.000000
39147,41826907021,1059237,0,0,1729,0,0.000000,16384,1531,59237,4,1.000000,0.000000
39148,41827965195,1058174,0,0,1828,0,0.000000,16384,1649,58174,4,1.000000,0.000000
39149,41829022772,1057577,0,0,1809,0,0.000000,16384,1622,57577,4,1.000000,0.000000
39150,41830079108,1056336,0,0,1822,0,0.000000,16384,1602,56336,4,1.000000,0.000000
39151,41831145420,1066312,0,0,1813,0,0.000000,16384,1599,66312,4,1.000000,0.000000
39152,41832203599,1058179,0,0,1799,0,0.000000,16384,1627,58179,4,1.000000,0.000000
39153,41833260622,1057023,0,0,1823,0,0.000000,16384,1645,57023,4,1.000000,0.000000
39154,41834316728,1056106,0,0,1819,0,0.000000,16384,1595,56106,4,1.000000,0.000000
39155,41835372868,1056140,0,0,1805,0,0.000000,16384,1585,56140,4,1.000000,0.000000
39156,41836429232,1056364,0,0,1823,0,0.000000,16384,1646,56364,4,1.000000,0.000000
39157,41837485252,1056020,0,0,1822,0,0.000000,16384,1645,56020,4,1.000000,0.000000
39158,41838541485,1056233,0,0,1800,0,0.000000,16384,1590,56233,4,1.000000,0.000000
39159,41839597569,1056084,0,0,1810,0,0.000000,16384,1590,56084,4,1.000000,0.000000
39160,41840653425,1055856,0,0,1823,0,0.000000,16384,1634,55856,4,1.000000,0.000000
39161,41841670807,1017382,0,0,1753,0,0.000000,16384,1590,17382,4,1.000000,0.000000
39162,41842728110,1057303,0,0,1724,0,0.000000,16384,1515,57303,4,1.000000,0.000000
39163,41843785902,1057792,0,0,1824,0,0.000000,16384,1603,57792,4,1.000000,0.000000
39164,41844842383,1056481,0,0,1824,0,0.000000,16384,1647,56481,4,1.000000,0.000000
39165,41845898201,1055818,0,0,1821,0,0.000000,16384,1644,55818,4,1.000000,0.000000
39166,41846954809,1056608,0,0,1813,0,0.000000,16384,1601,56608,4,1.000000,0.000000
39167,41848011371,1056562,0,0,1798,0,0.000000,16384,1578,56562,4,1.000000,0.000000
39168,41849066883,1055512,0,0,1819,0,0.000000,16384,1633,55512,4,1.000000,0.000000
39169,41850122683,1055800,0,0,1821,0,0.000000,16384,1644,55800,4,1.000000,0.000000
39170,41851178604,1055921,0,0,1800,0,0.000000,16384,1599,55921,4,1.000000,0.000000
39171,41852241842,1063238,0,0,1831,0,0.000000,16384,1611,63238,4,1.000000,0.000000
39172,41853297822,1055980,0,0,1822,0,0.000000,16384,1621,55980,4,1.000000,0.000000
39173,41854354430,1056608,0,0,1797,0,0.000000,16384,1625,56608,4,1.000000,0.000000
39174,41855410799,1056369,0,0,1809,0,0.000000,16384,1618,56369,4,1.000000,0.000000
39175,41856467309,1056510,0,0,1714,0,0.000000,16384,1494,56510,4,1.000000,0.000000
39176,41857524698,1057389,0,0,1663,0,0.000000,16384,1504,57389,4,1.000000,0.000000
39177,41858582165,1057467,0,0,1786,0,0.000000,16384,1605,57467,4,1.000000,0.000000
39178,41859638713,1056548,0,0,1802,0,0.000000,16384,1582,56548,4,1.000000,0.000000
39179,41860677121,1038408,0,0,1552,0,0.000000,16384,1393,38408,4,1.000000,0.000000
39180,41861736759,1059638,0,0,1816,0,0.000000,16384,1635,59638,4,1.000000,0.000000
39181,41862817329,1080570,0,0,1613,0,0.000000,16384,1393,80570,4,1.000000,0.000000
39182,41863877101,1059772,0,0,1669,0,0.000000,16384,1519,59772,4,1.000000,0.000000
39183,41864934669,1057568,0,0,1691,0,0.000000,16384,1501,57568,4,1.000000,0.000000
39184,41865991616,1056947,0,0,1823,0,0.000000,16384,1603,56947,4,1.000000,0.000000
39185,41867048261,1056645,0,0,1823,0,0.000000,16384,1633,56645,4,1.000000,0.000000
39186,41868104011,1055750,0,0,1825,0,0.000000,16384,1648,55750,4,1.000000,0.000000
39187,41869159773,1055762,0,0,1823,0,0.000000,16384,1626,55762,4,1.000000,0.000000
39188,41870215731,1055958,0,0,1804,0,0.000000,16384,1584,55958,4,1.000000,0.000000
39189,41871272423,1056692,0,0,1722,0,0.000000,16384,1537,56692,4,1.000000,0.000000
39190,41872328272,1055849,0,0,1755,0,0.000000,16384,1591,55849,4,1.000000,0.000000
39191,41873393722,1065450,0,0,1820,0,0.000000,16384,1605,65450,4,1.000000,0.000000
39192,41874482354,1088632,0,0,1839,0,0.000000,16384,1619,88632,4,1.000000,0.000000
39193,41875573958,1091604,0,0,1843,0,0.000000,16384,1646,91604,4,1.000000,0.000000
39194,41876664571,1090613,0,0,1857,0,0.000000,16384,1672,90613,4,1.000000,0.000000
39195,41877717331,1052760,0,0,1715,0,0.000000,16384,1533,52760,4,1.000000,0.000000
39196,41878781776,1064445,0,0,1800,0,0.000000,16384,1580,64445,4,1.000000,0.000000
39197,41879845401,1063625,0,0,1801,0,0.000000,16384,1608,63625,4,1.000000,0.000000
39198,41880908277,1062876,0,0,1793,0,0.000000,16384,1622,62876,4,1.000000,0.000000
39199,41881971592,1063315,0,0,1785,0,0.000000,16384,1585,63315,4,1.000000,0.000000
39200,41883034206,1062614,0,0,1730,0,0.000000,16384,1510,62614,4,1.000000,0.000000
39201,41884104846,1070640,0,0,1813,0,0.000000,16384,1635,70640,4,1.000000,0.000000
39202,41885162492,1057646,0,0,1817,0,0.000000,16384,1641,57646,4,1.000000,0.000000
39203,41886218860,1056368,0,0,1812,0,0.000000,16384,1602,56368,4,1.000000,0.000000
39204,41887274449,1055589,0,0,1812,0,0.000000,16384,1591,55589,4,1.000000,0.000000
39205,41888330555,1056106,0,0,1824,0,0.000000,16384,1633,56106,4,1.000000,0.000000
39206,41889388850,1058295,0,0,1828,0,0.000000,16384,1650,58295,4,1.000000,0.000000
39207,41890475542,1086692,0,0,1937,0,0.000000,16384,1737,86692,4,1.000000,0.000000
39208,41891539092,1063550,0,0,1825,0,0.000000,16384,1606,63550,4,1.000000,0.000000
39209,41892629031,1089939,0,0,1970,0,0.000000,16384,1751,89939,4,1.000000,0.000000
39210,41893710950,1081919,0,0,1950,0,0.000000,16384,1726,81919,4,1.000000,0.000000
39211,41894782875,1071925,0,0,1924,0,0.000000,16384,1707,71925,4,1.000000,0.000000
39212,41895845569,1062694,0,0,1921,0,0.000000,16384,1724,62694,4,1.000000,0.000000
39213,41896907792,1062223,0,0,1915,0,0.000000,16384,1719,62223,4,1.000000,0.000000
39214,41898032774,1124982,0,0,1881,0,0.000000,16384,1692,124982,4,1.000000,0.000000
39215,41899097312,1064538,0,0,1762,0,0.000000,16384,1551,64538,4,1.000000,0.000000
39216,41900157426,1060114,0,0,1657,0,0.000000,16384,1465,60114,4,1.000000,0.000000
39217,41901215515,1058089,0,0,1654,0,0.000000,16384,1508,58089,4,1.000000,0.000000
39218,41902273590,1058075,0,0,1657,0,0.000000,16384,1437,58075,4,1.000000,0.000000
39219,41903333299,1059709,0,0,1736,0,0.000000,16384,1561,59709,4,1.000000,0.000000
39220,41904396085,1062786,0,0,1793,0,0.000000,16384,1622,62786,4,1.000000,0.000000
39221,41905465710,1069625,0,0,1841,0,0.000000,16384,1623,69625,4,1.000000,0.000000
39222,41906554123,1088413,0,0,1952,0,0.000000,16384,1731,88413,4,1.000000,0.000000
39223,41907643300,1089177,0,0,1972,0,0.000000,16384,1749,89177,4,1.000000,0.000000
39224,41908701153,1057853,0,0,1918,0,0.000000,16384,1698,57853,4,1.000000,0.000000
39225,41909763467,1062314,0,0,1929,0,0.000000,16384,1730,62314,4,1.000000,0.000000
39226,41910825818,1062351,0,0,1914,0,0.000000,16384,1719,62351,4,1.000000,0.000000
39227,41911888414,1062596,0,0,1904,0,0.000000,16384,1710,62596,4,1.000000,0.000000
39228,41912950320,1061906,0,0,1910,0,0.000000,16384,1706,61906,4,1.000000,0.000000
39229,41914009541,1059221,0,0,1817,0,0.000000,16384,1597,59221,4,1.000000,0.000000
39230,41915066299,1056758,0,0,1813,0,0.000000,16384,1597,56758,4,1.000000,0.000000
39231,41916141774,1075475,0,0,1769,0,0.000000,16384,1603,75475,4,1.000000,0.000000
39232,41917203586,1061812,0,0,1812,0,0.000000,16384,1630,61812,4,1.000000,0.000000
39233,41918265252,1061666,0,0,1741,0,0.000000,16384,1521,61666,4,1.000000,0.000000
39234,41919322095,1056843,0,0,1742,0,0.000000,16384,1552,56843,4,1.000000,0.000000
39235,41920380954,1058859,0,0,1764,0,0.000000,16384,1599,58859,4,1.000000,0.000000
39236,41921438625,1057671,0,0,1824,0,0.000000,16384,1615,57671,4,1.000000,0.000000
39237,41922494990,1056365,0,0,1810,0,0.000000,16384,1590,56365,4,1.000000,0.000000
39238,41923553690,1058700,0,0,1743,0,0.000000,16384,1565,58700,4,1.000000,0.000000
39239,41924611343,1057653,0,0,1812,0,0.000000,16384,1637,57653,4,1.000000,0.000000
39240,41925671089,1059746,0,0,1824,0,0.000000,16384,1613,59746,4,1.000000,0.000000
39241,41926743007,1071918,0,0,1613,0,0.000000,16384,1417,71918,4,1.000000,0.000000
39242,41927803562,1060555,0,0,1676,0,0.000000,16384,1528,60555,4,1.000000,0.000000
39243,41928860911,1057349,0,0,1780,0,0.000000,16384,1564,57349,4,1.000000,0.000000
39244,41929918735,1057824,0,0,1788,0,0.000000,16384,1570,57824,4,1.000000,0.000000
39245,41930975834,1057099,0,0,1692,0,0.000000,16384,1542,57099,4,1.000000,0.000000
39246,41932036227,1060393,0,0,1827,0,0.000000,16384,1635,60393,4,1.000000,0.000000
39247,41933096752,1060525,0,0,1809,0,0.000000,16384,1589,60525,4,1.000000,0.000000
39248,41934154084,1057332,0,0,1823,0,0.000000,16384,1611,57332,4,1.000000,0.000000
39249,41935210433,1056349,0,0,1808,0,0.000000,16384,1634,56349,4,1.000000,0.000000
39250,41936266557,1056124,0,0,1811,0,0.000000,16384,1633,56124,4,1.000000,0.000000
39251,41937331569,1065012,0,0,1834,0,0.000000,16384,1610,65012,4,1.000000,0.000000
39252,41938387840,1056271,0,0,1811,0,0.000000,16384,1591,56271,4,1.000000,0.000000
39253,41939443657,1055817,0,0,1823,0,0.000000,16384,1644,55817,4,1.000000,0.000000
39254,41940499515,1055858,0,0,1821,0,0.000000,16384,1644,55858,4,1.000000,0.000000
39255,41941555102,1055587,0,0,1823,0,0.000000,16384,1615,55587,4,1.000000,0.000000
39256,41942610928,1055826,0,0,1795,0,0.000000,16384,1575,55826,4,1.000000,0.000000
39257,41943671287,1060359,0,0,1728,0,0.000000,16384,1555,60359,4,1.000000,0.000000
39258,41944729282,1057995,0,0,1818,0,0.000000,16384,1642,57995,4,1.000000,0.000000
39259,41945785588,1056306,0,0,1814,0,0.000000,16384,1599,56306,4,1.000000,0.000000
39260,41946842744,1057156,0,0,1799,0,0.000000,16384,1578,57156,4,1.000000,0.000000
39261,41947908184,1065440,0,0,1748,0,0.000000,16384,1579,65440,4,1.000000,0.000000
39262,41948965412,1057228,0,0,1820,0,0.000000,16384,1545,57228,4,1.000000,0.000000
39263,41950021432,1056020,0,0,1801,0,0.000000,16384,1627,56020,4,1.000000,0.000000
39264,41951076893,1055461,0,0,1818,0,0.000000,16384,1641,55461,4,1.000000,0.000000
39265,41952133322,1056429,0,0,1805,0,0.000000,16384,1591,56429,4,1.000000,0.000000
39266,41953190610,1057288,0,0,1807,0,0.000000,16384,1588,57288,4,1.000000,0.000000
39267,41954246675,1056065,0,0,1772,0,0.000000,16384,1597,56065,4,1.000000,0.000000
39268,41955302543,1055868,0,0,1779,0,0.000000,16384,1612,55868,4,1.000000,0.000000
39269,41956361653,1059110,0,0,1699,0,0.000000,16384,1481,59110,4,1.000000,0.000000
39270,41957419701,1058048,0,0,1818,0,0.000000,16384,1612,58048,4,1.000000,0.000000
39271,41958483300,1063599,0,0,1832,0,0.000000,16384,1653,63599,4,1.000000,0.000000
39272,41959540250,1056950,0,0,1792,0,0.000000,16384,1613,56950,4,1.000000,0.000000
39273,41960596968,1056718,0,0,1810,0,0.000000,16384,1590,56718,4,1.000000,0.000000
39274,41961659970,1063002,0,0,1552,0,0.000000,16384,1388,63002,4,1.000000,0.000000
39275,41962674977,1015007,0,0,1537,0,0.000000,16384,1365,15007,4,1.000000,0.000000
39276,41963734377,1059400,0,0,1559,0,0.000000,16384,1392,59400,4,1.000000,0.000000
39277,41964793299,1058922,0,0,1655,0,0.000000,16384,1482,58922,4,1.000000,0.000000
39278,41965851843,1058544,0,0,1621,0,0.000000,16384,1420,58544,4,1.000000,0.000000
39279,41966909996,1058153,0,0,1659,0,0.000000,16384,1514,58153,4,1.000000,0.000000
39280,41967967828,1057832,0,0,1636,0,0.000000,16384,1426,57832,4,1.000000,0.000000
39281,41969047427,1079599,0,0,1692,0,0.000000,16384,1517,79599,4,1.000000,0.000000
39282,41970137114,1089687,0,0,1661,0,0.000000,16384,1496,89687,4,1.000000,0.000000
39283,41971363906,1226792,0,0,1737,0,0.000000,16384,1517,226792,4,1.000000,0.000000
39284,41972456462,1092556,0,0,1476,0,0.000000,16384,1355,92556,4,1.000000,0.000000
39285,41973529232,1072770,0,0,1452,0,0.000000,16384,1255,72770,4,1.000000,0.000000
39286,41974598211,1068979,0,0,1513,0,0.000000,16384,1379,68979,4,1.000000,0.000000
39287,41975674656,1076445,0,0,1571,0,0.000000,16384,1369,76445,4,1.000000,0.000000
39288,41976744194,1069538,0,0,1425,0,0.000000,16384,1291,69538,4,1.000000,0.000000
39289,41977814413,1070219,0,0,1427,0,0.000000,16384,1271,70219,4,1.000000,0.000000
39290,41978879243,1064830,0,0,1560,0,0.000000,16384,1384,64830,4,1.000000,0.000000
39291,41979963265,1084022,0,0,1618,0,0.000000,16384,1440,84022,4,1.000000,0.000000
39292,41981024270,1061005,0,0,1657,0,0.000000,16384,1495,61005,4,1.000000,0.000000
39293,41982083455,1059185,0,0,1622,0,0.000000,16384,1409,59185,4,1.000000,0.000000
39294,41983147854,1064399,0,0,1615,0,0.000000,16384,1479,64399,4,1.000000,0.000000
39295,41984211076,1063222,0,0,1557,0,0.000000,16384,1350,63222,4,1.000000,0.000000
39296,41985270081,1059005,0,0,1560,0,0.000000,16384,1424,59005,4,1.000000,0.000000
39297,41986328681,1058600,0,0,1557,0,0.000000,16384,1357,58600,4,1.000000,0.000000
39298,41987418061,1089380,0,0,1675,0,0.000000,16384,1510,89380,4,1.000000,0.000000
39299,41988516141,1098080,0,0,1799,0,0.000000,16384,1624,98080,4,1.000000,0.000000
39300,41989607315,1091174,0,0,1681,0,0.000000,16384,1461,91174,4,1.000000,0.000000
39301,41990682949,1075634,0,0,1735,0,0.000000,16384,1555,75634,4,1.000000,0.000000
39302,41991751220,1068271,0,0,1663,0,0.000000,16384,1503,68271,4,1.000000,0.000000
39303,41992810370,1059150,0,0,1800,0,0.000000,16384,1580,59150,4,1.000000,0.000000
39304,41993868172,1057802,0,0,1688,0,0.000000,16384,1505,57802,4,1.000000,0.000000
39305,41994926702,1058530,0,0,1812,0,0.000000,16384,1637,58530,4,1.000000,0.000000
39306,41995983345,1056643,0,0,1814,0,0.000000,16384,1608,56643,4,1.000000,0.000000
39307,41997039303,1055958,0,0,1813,0,0.000000,16384,1593,55958,4,1.000000,0.000000
39308,41998100716,1061413,0,0,1761,0,0.000000,16384,1578,61413,4,1.000000,0.000000
39309,41999162593,1061877,0,0,1712,0,0.000000,16384,1555,61877,4,1.000000,0.000000
39310,42000219950,1057357,0,0,1826,0,0.000000,16384,1602,57357,4,1.000000,0.000000
39311,42001289584,1069634,0,0,1637,0,0.000000,16384,1451,69634,4,1.000000,0.000000
39312,42002347242,1057658,0,0,1821,0,0.000000,16384,1644,57658,4,1.000000,0.000000
39313,42003408177,1060935,0,0,1735,0,0.000000,16384,1538,60935,4,1.000000,0.000000
39314,42004469971,1061794,0,0,1644,0,0.000000,16384,1445,61794,4,1.000000,0.000000
39315,42005529414,1059443,0,0,1658,0,0.000000,16384,1514,59443,4,1.000000,0.000000
39316,42006587170,1057756,0,0,1796,0,0.000000,16384,1579,57756,4,1.000000,0.000000
39317,42007645792,1058622,0,0,1818,0,0.000000,16384,1598,58622,4,1.000000,0.000000
39318,42008670670,1024878,0,0,1753,0,0.000000,16384,1585,24878,4,1.000000,0.000000
39319,42009727043,1056373,0,0,1824,0,0.000000,16384,1646,56373,4,1.000000,0.000000
39320,42010783415,1056372,0,0,1805,0,0.000000,16384,1587,56372,4,1.000000,0.000000
39321,42011850307,1066892,0,0,1838,0,0.000000,16384,1618,66892,4,1.000000,0.000000
39322,42012908933,1058626,0,0,1755,0,0.000000,16384,1582,58626,4,1.000000,0.000000
39323,42013966362,1057429,0,0,1665,0,0.000000,16384,1497,57429,4,1.000000,0.000000
39324,42015022306,1055944,0,0,1808,0,0.000000,16384,1589,55944,4,1.000000,0.000000
39325,42016078258,1055952,0,0,1822,0,0.000000,16384,1618,55952,4,1.000000,0.000000
39326,42017134195,1055937,0,0,1824,0,0.000000,16384,1645,55937,4,1.000000,0.000000
39327,42018189961,1055766,0,0,1823,0,0.000000,16384,1642,55766,4,1.000000,0.000000
39328,42019245612,1055651,0,0,1818,0,0.000000,16384,1598,55651,4,1.000000,0.000000
39329,42020323264,1077652,0,0,1841,0,0.000000,16384,1616,77652,4,1.000000,0.000000
39330,42021379466,1056202,0,0,1823,0,0.000000,16384,1644,56202,4,1.000000,0.000000
39331,42022452723,1073257,0,0,1851,0,0.000000,16384,1668,73257,4,1.000000,0.000000
39332,42023513927,1061204,0,0,1619,0,0.000000,16384,1422,61204,4,1.000000,0.000000
39333,42024575277,1061350,0,0,1667,0,0.000000,16384,1488,61350,4,1.000000,0.000000
39334,42025632920,1057643,0,0,1805,0,0.000000,16384,1631,57643,4,1.000000,0.000000
39335,42026671117,1038197,0,0,1786,0,0.000000,16384,1575,38197,4,1.000000,0.000000
39336,42027726779,1055662,0,0,1821,0,0.000000,16384,1601,55662,4,1.000000,0.000000
39337,42028783608,1056829,0,0,1825,0,0.000000,16384,1638,56829,4,1.000000,0.000000
39338,42029839652,1056044,0,0,1823,0,0.000000,16384,1645,56044,4,1.000000,0.000000
39339,42030896529,1056877,0,0,1822,0,0.000000,16384,1623,56877,4,1.000000,0.000000
39340,42031952935,1056406,0,0,1820,0,0.000000,16384,1600,56406,4,1.000000,0.000000
39341,42033019299,1066364,0,0,1805,0,0.000000,16384,1603,66364,4,1.000000,0.000000
39342,42034075683,1056384,0,0,1825,0,0.000000,16384,1647,56384,4,1.000000,0.000000
39343,42035132823,1057140,0,0,1823,0,0.000000,16384,1639,57140,4,1.000000,0.000000
39344,42036189169,1056346,0,0,1823,0,0.000000,16384,1603,56346,4,1.000000,0.000000
39345,42037244919,1055750,0,0,1822,0,0.000000,16384,1600,55750,4,1.000000,0.000000
39346,42038300544,1055625,0,0,1819,0,0.000000,16384,1643,55625,4,1.000000,0.000000
39347,42039358290,1057746,0,0,1824,0,0.000000,16384,1646,57746,4,1.000000,0.000000
39348,42040414435,1056145,0,0,1821,0,0.000000,16384,1609,56145,4,1.000000,0.000000
39349,42041470924,1056489,0,0,1781,0,0.000000,16384,1561,56489,4,1.000000,0.000000
39350,42042527458,1056534,0,0,1658,0,0.000000,16384,1506,56534,4,1.000000,0.000000
39351,42043592173,1064715,0,0,1731,0,0.000000,16384,1543,64715,4,1.000000,0.000000
39352,42044680163,1087990,0,0,1787,0,0.000000,16384,1567,87990,4,1.000000,0.000000
39353,42045747985,1067822,0,0,1427,0,0.000000,16384,1311,67822,4,1.000000,0.000000
39354,42046810525,1062540,0,0,1545,0,0.000000,16384,1333,62540,4,1.000000,0.000000
39355,42047869606,1059081,0,0,1738,0,0.000000,16384,1577,59081,4,1.000000,0.000000
39356,42048926999,1057393,0,0,1825,0,0.000000,16384,1638,57393,4,1.000000,0.000000
39357,42049984977,1057978,0,0,1825,0,0.000000,16384,1605,57978,4,1.000000,0.000000
39358,42051042171,1057194,0,0,1824,0,0.000000,16384,1605,57194,4,1.000000,0.000000
39359,42052098265,1056094,0,0,1824,0,0.000000,16384,1646,56094,4,1.000000,0.000000
39360,42053153621,1055356,0,0,1805,0,0.000000,16384,1631,55356,4,1.000000,0.000000
39361,42054229149,1075528,0,0,1723,0,0.000000,16384,1510,75528,4,1.000000,0.000000
39362,42055285633,1056484,0,0,1789,0,0.000000,16384,1581,56484,4,1.000000,0.000000
39363,42056342349,1056716,0,0,1824,0,0.000000,16384,1646,56716,4,1.000000,0.000000
39364,42057398592,1056243,0,0,1825,0,0.000000,16384,1647,56243,4,1.000000,0.000000
39365,42058455613,1057021,0,0,1823,0,0.000000,16384,1599,57021,4,1.000000,0.000000
39366,42059511425,1055812,0,0,1794,0,0.000000,16384,1574,55812,4,1.000000,0.000000
39367,42060567388,1055963,0,0,1822,0,0.000000,16384,1646,55963,4,1.000000,0.000000
39368,42061627824,1060436,0,0,1775,0,0.000000,16384,1609,60436,4,1.000000,0.000000
39369,42062678990,1051166,0,0,1568,0,0.000000,16384,1350,51166,4,1.000000,0.000000
39370,42063739672,1060682,0,0,1632,0,0.000000,16384,1489,60682,4,1.000000,0.000000
39371,42064810987,1071315,0,0,1848,0,0.000000,16384,1651,71315,4,1.000000,0.000000
39372,42065902479,1091492,0,0,1835,0,0.000000,16384,1614,91492,4,1.000000,0.000000
39373,42066968189,1065710,0,0,1600,0,0.000000,16384,1430,65710,4,1.000000,0.000000
39374,42068032376,1064187,0,0,1677,0,0.000000,16384,1508,64187,4,1.000000,0.000000
39375,42069091147,1058771,0,0,1665,0,0.000000,16384,1445,58771,4,1.000000,0.000000
39376,42070149156,1058009,0,0,1658,0,0.000000,16384,1515,58009,4,1.000000,0.000000
39377,42071206718,1057562,0,0,1663,0,0.000000,16384,1470,57562,4,1.000000,0.000000
39378,42072265081,1058363,0,0,1657,0,0.000000,16384,1467,58363,4,1.000000,0.000000
39379,42073326691,1061610,0,0,1670,0,0.000000,16384,1520,61610,4,1.000000,0.000000
39380,42074387796,1061105,0,0,1663,0,0.000000,16384,1443,61105,4,1.000000,0.000000
39381,42075501541,1113745,0,0,1866,0,0.000000,16384,1663,113745,4,1.000000,0.000000
39382,42076592895,1091354,0,0,1866,0,0.000000,16384,1681,91354,4,1.000000,0.000000
39383,42077682342,1089447,0,0,1975,0,0.000000,16384,1767,89447,4,1.000000,0.000000
39384,42078703201,1020859,0,0,1848,0,0.000000,16384,1656,20859,4,1.000000,0.000000
39385,42079765571,1062370,0,0,1928,0,0.000000,16384,1704,62370,4,1.000000,0.000000
39386,42080827887,1062316,0,0,1921,0,0.000000,16384,1701,62316,4,1.000000,0.000000
39387,42081890059,1062172,0,0,1915,0,0.000000,16384,1691,62172,4,1.000000,0.000000
39388,42082950965,1060906,0,0,1870,0,0.000000,16384,1676,60906,4,1.000000,0.000000
39389,42084012284,1061319,0,0,1698,0,0.000000,16384,1546,61319,4,1.000000,0.000000
39390,42085072028,1059744,0,0,1821,0,0.000000,16384,1603,59744,4,1.000000,0.000000
39391,42086141197,1069169,0,0,1832,0,0.000000,16384,1611,69169,4,1.000000,0.000000
39392,42087202420,1061223,0,0,1809,0,0.000000,16384,1623,61223,4,1.000000,0.000000
39393,42088266065,1063645,0,0,1665,0,0.000000,16384,1511,63645,4,1.000000,0.000000
39394,42089324755,1058690,0,0,1662,0,0.000000,16384,1443,58690,4,1.000000,0.000000
39395,42090381460,1056705,0,0,1663,0,0.000000,16384,1506,56705,4,1.000000,0.000000
39396,42091437532,1056072,0,0,1659,0,0.000000,16384,1476,56072,4,1.000000,0.000000
39397,42092495013,1057481,0,0,1662,0,0.000000,16384,1462,57481,4,1.000000,0.000000
39398,42093551302,1056289,0,0,1726,0,0.000000,16384,1568,56289,4,1.000000,0.000000
39399,42094636669,1085367,0,0,1966,0,0.000000,16384,1760,85367,4,1.000000,0.000000
39400,42095702366,1065697,0,0,1936,0,0.000000,16384,1716,65697,4,1.000000,0.000000
39401,42096772175,1069809,0,0,1802,0,0.000000,16384,1582,69809,4,1.000000,0.000000
39402,42097834315,1062140,0,0,1895,0,0.000000,16384,1676,62140,4,1.000000,0.000000
39403,42098894054,1059739,0,0,1830,0,0.000000,16384,1651,59739,4,1.000000,0.000000
39404,42099951491,1057437,0,0,1827,0,0.000000,16384,1649,57437,4,1.000000,0.000000
39405,42101011864,1060373,0,0,1901,0,0.000000,16384,1689,60373,4,1.000000,0.000000
39406,42102074160,1062296,0,0,1895,0,0.000000,16384,1675,62296,4,1.000000,0.000000
39407,42103134417,1060257,0,0,1823,0,0.000000,16384,1599,60257,4,1.000000,0.000000
39408,42104194739,1060322,0,0,1738,0,0.000000,16384,1578,60322,4,1.000000,0.000000
39409,42105253210,1058471,0,0,1791,0,0.000000,16384,1611,58471,4,1.000000,0.000000
39410,42106310231,1057021,0,0,1775,0,0.000000,16384,1555,57021,4,1.000000,0.000000
39411,42107407276,1097045,0,0,1957,0,0.000000,16384,1733,97045,4,1.000000,0.000000
39412,42108496622,1089346,0,0,1959,0,0.000000,16384,1742,89346,4,1.000000,0.000000
39413,42109594619,1097997,0,0,1984,0,0.000000,16384,1774,97997,4,1.000000,0.000000
39414,42110686837,1092218,0,0,1971,0,0.000000,16384,1764,92218,4,1.000000,0.000000
39415,42111702076,1015239,0,0,1831,0,0.000000,16384,1652,15239,4,1.000000,0.000000
39416,42112764625,1062549,0,0,1920,0,0.000000,16384,1721,62549,4,1.000000,0.000000
39417,42113826812,1062187,0,0,1920,0,0.000000,16384,1696,62187,4,1.000000,0.000000
39418,42114888965,1062153,0,0,1916,0,0.000000,16384,1696,62153,4,1.000000,0.000000
39419,42115951360,1062395,0,0,1908,0,0.000000,16384,1684,62395,4,1.000000,0.000000
39420,42117010107,1058747,0,0,1828,0,0.000000,16384,1639,58747,4,1.000000,0.000000
39421,42118074075,1063968,0,0,1836,0,0.000000,16384,1656,63968,4,1.000000,0.000000
39422,42119130677,1056602,0,0,1824,0,0.000000,16384,1628,56602,4,1.000000,0.000000
39423,42120188293,1057616,0,0,1809,0,0.000000,16384,1590,57616,4,1.000000,0.000000
39424,42121244987,1056694,0,0,1813,0,0.000000,16384,1607,56694,4,1.000000,0.000000
39425,42122301143,1056156,0,0,1823,0,0.000000,16384,1646,56156,4,1.000000,0.000000
39426,42123358462,1057319,0,0,1713,0,0.000000,16384,1532,57319,4,1.000000,0.000000
39427,42124417900,1059438,0,0,1674,0,0.000000,16384,1458,59438,4,1.000000,0.000000
39428,42125480071,1062171,0,0,1758,0,0.000000,16384,1594,62171,4,1.000000,0.000000
39429,42126538901,1058830,0,0,1784,0,0.000000,16384,1604,58830,4,1.000000,0.000000
39430,42127596747,1057846,0,0,1807,0,0.000000,16384,1587,57846,4,1.000000,0.000000
39431,42128672033,1075286,0,0,1778,0,0.000000,16384,1572,75286,4,1.000000,0.000000
39432,42129728623,1056590,0,0,1811,0,0.000000,16384,1636,56590,4,1.000000,0.000000
39433,42130784932,1056309,0,0,1822,0,0.000000,16384,1639,56309,4,1.000000,0.000000
39434,42131842536,1057604,0,0,1825,0,0.000000,16384,1605,57604,4,1.000000,0.000000
39435,42132899223,1056687,0,0,1796,0,0.000000,16384,1578,56687,4,1.000000,0.000000
39436,42133955097,1055874,0,0,1822,0,0.000000,16384,1645,55874,4,1.000000,0.000000
39437,42135013965,1058868,0,0,1820,0,0.000000,16384,1643,58868,4,1.000000,0.000000
39438,42136070541,1056576,0,0,1715,0,0.000000,16384,1503,56576,4,1.000000,0.000000
39439,42137126961,1056420,0,0,1807,0,0.000000,16384,1595,56420,4,1.000000,0.000000
39440,42138182924,1055963,0,0,1820,0,0.000000,16384,1644,55963,4,1.000000,0.000000
39441,42139244134,1061210,0,0,1832,0,0.000000,16384,1654,61210,4,1.000000,0.000000
39442,42140300099,1055965,0,0,1823,0,0.000000,16384,1601,55965,4,1.000000,0.000000
39443,42141356193,1056094,0,0,1823,0,0.000000,16384,1602,56094,4,1.000000,0.000000
39444,42142412085,1055892,0,0,1823,0,0.000000,16384,1639,55892,4,1.000000,0.000000
39445,42143468522,1056437,0,0,1776,0,0.000000,16384,1608,56437,4,1.000000,0.000000
39446,42144528168,1059646,0,0,1708,0,0.000000,16384,1501,59646,4,1.000000,0.000000
39447,42145586269,1058101,0,0,1825,0,0.000000,16384,1606,58101,4,1.000000,0.000000
39448,42146644075,1057806,0,0,1740,0,0.000000,16384,1579,57806,4,1.000000,0.000000
39449,42147671522,1027447,0,0,1646,0,0.000000,16384,1462,27447,4,1.000000,0.000000
39450,42148727376,1055854,0,0,1822,0,0.000000,16384,1602,55854,4,1.000000,0.000000
39451,42149792063,1064687,0,0,1835,0,0.000000,16384,1647,64687,4,1.000000,0.000000
39452,42150852291,1060228,0,0,1738,0,0.000000,16384,1577,60228,4,1.000000,0.000000
39453,42151912882,1060591,0,0,1760,0,0.000000,16384,1549,60591,4,1.000000,0.000000
39454,42152970725,1057843,0,0,1828,0,0.000000,16384,1604,57843,4,1.000000,0.000000
39455,42154027514,1056789,0,0,1827,0,0.000000,16384,1647,56789,4,1.000000,0.000000
39456,42155083539,1056025,0,0,1801,0,0.000000,16384,1628,56025,4,1.000000,0.000000
39457,42156139931,1056392,0,0,1826,0,0.000000,16384,1615,56392,4,1.000000,0.000000
39458,42157196187,1056256,0,0,1824,0,0.000000,16384,1604,56256,4,1.000000,0.000000
39459,42158253102,1056915,0,0,1824,0,0.000000,16384,1628,56915,4,1.000000,0.000000
39460,42159309799,1056697,0,0,1824,0,0.000000,16384,1647,56697,4,1.000000,0.000000
39461,42160375424,1065625,0,0,1839,0,0.000000,16384,1557,65625,4,1.000000,0.000000
39462,42161431351,1055927,0,0,1823,0,0.000000,16384,1645,55927,4,1.000000,0.000000
39463,42162524235,1092884,0,0,1732,0,0.000000,16384,1553,92884,4,1.000000,0.000000
39464,42163605011,1080776,0,0,1803,0,0.000000,16384,1582,80776,4,1.000000,0.000000
39465,42164672927,1067916,0,0,1639,0,0.000000,16384,1472,67916,4,1.000000,0.000000
39466,42165705148,1032221,0,0,1771,0,0.000000,16384,1599,32221,4,1.000000,0.000000
39467,42166769603,1064455,0,0,1819,0,0.000000,16384,1599,64455,4,1.000000,0.000000
39468,42167832574,1062971,0,0,1807,0,0.000000,16384,1588,62971,4,1.000000,0.000000
39469,42168896544,1063970,0,0,1799,0,0.000000,16384,1626,63970,4,1.000000,0.000000
39470,42169960398,1063854,0,0,1788,0,0.000000,16384,1616,63854,4,1.000000,0.000000
39471,42171032492,1072094,0,0,1685,0,0.000000,16384,1465,72094,4,1.000000,0.000000
39472,42172089722,1057230,0,0,1768,0,0.000000,16384,1580,57230,4,1.000000,0.000000
39473,42173146024,1056302,0,0,1825,0,0.000000,16384,1647,56302,4,1.000000,0.000000
39474,42174206601,1060577,0,0,1818,0,0.000000,16384,1620,60577,4,1.000000,0.000000
39475,42175267804,1061203,0,0,1816,0,0.000000,16384,1596,61203,4,1.000000,0.000000
39476,42176326939,1059135,0,0,1822,0,0.000000,16384,1617,59135,4,1.000000,0.000000
39477,42177383834,1056895,0,0,1823,0,0.000000,16384,1646,56895,4,1.000000,0.000000
39478,42178469222,1085388,0,0,1949,0,0.000000,16384,1746,85388,4,1.000000,0.000000
39479,42179558625,1089403,0,0,1957,0,0.000000,16384,1754,89403,4,1.000000,0.000000
39480,42180646301,1087676,0,0,1971,0,0.000000,16384,1746,87676,4,1.000000,0.000000
39481,42181706824,1060523,0,0,1920,0,0.000000,16384,1696,60523,4,1.000000,0.000000
39482,42182768840,1062016,0,0,1900,0,0.000000,16384,1681,62016,4,1.000000,0.000000
39483,42183831967,1063127,0,0,1922,0,0.000000,16384,1701,63127,4,1.000000,0.000000
39484,42184894680,1062713,0,0,1843,0,0.000000,16384,1662,62713,4,1.000000,0.000000
39485,42185957231,1062551,0,0,1910,0,0.000000,16384,1715,62551,4,1.000000,0.000000
39486,42187015740,1058509,0,0,1819,0,0.000000,16384,1628,58509,4,1.000000,0.000000
39487,42188073826,1058086,0,0,1826,0,0.000000,16384,1606,58086,4,1.000000,0.000000
39488,42189132775,1058949,0,0,1825,0,0.000000,16384,1610,58949,4,1.000000,0.000000
39489,42190189874,1057099,0,0,1818,0,0.000000,16384,1642,57099,4,1.000000,0.000000
39490,42191245909,1056035,0,0,1824,0,0.000000,16384,1646,56035,4,1.000000,0.000000
39491,42192311240,1065331,0,0,1840,0,0.000000,16384,1621,65331,4,1.000000,0.000000
39492,42193368257,1057017,0,0,1826,0,0.000000,16384,1605,57017,4,1.000000,0.000000
39493,42194425614,1057357,0,0,1826,0,0.000000,16384,1636,57357,4,1.000000,0.000000
39494,42195482171,1056557,0,0,1816,0,0.000000,16384,1640,56557,4,1.000000,0.000000
39495,42196538243,1056072,0,0,1823,0,0.000000,16384,1626,56072,4,1.000000,0.000000
39496,42197594347,1056104,0,0,1807,0,0.000000,16384,1587,56104,4,1.000000,0.000000
39497,42198650570,1056223,0,0,1813,0,0.000000,16384,1609,56223,4,1.000000,0.000000
39498,42199670200,1019630,0,0,1755,0,0.000000,16384,1592,19630,4,1.000000,0.000000
39499,42200726267,1056067,0,0,1822,0,0.000000,16384,1625,56067,4,1.000000,0.000000
39500,42201783810,1057543,0,0,1797,0,0.000000,16384,1577,57543,4,1.000000,0.000000
39501,42202845933,1062123,0,0,1788,0,0.000000,16384,1590,62123,4,1.000000,0.000000
39502,42203902898,1056965,0,0,1789,0,0.000000,16384,1620,56965,4,1.000000,0.000000
39503,42204945649,1042751,0,0,1730,0,0.000000,16384,1533,42751,4,1.000000,0.000000
39504,42206009235,1063586,0,0,1772,0,0.000000,16384,1552,63586,4,1.000000,0.000000
39505,42207072831,1063596,0,0,1769,0,0.000000,16384,1599,63596,4,1.000000,0.000000
39506,42208133580,1060749,0,0,1670,0,0.000000,16384,1500,60749,4,1.000000,0.000000
39507,42209191244,1057664,0,0,1663,0,0.000000,16384,1448,57664,4,1.000000,0.000000
39508,42210249108,1057864,0,0,1666,0,0.000000,16384,1520,57864,4,1.000000,0.000000
39509,42211305656,1056548,0,0,1654,0,0.000000,16384,1459,56548,4,1.000000,0.000000
39510,42212395281,1089625,0,0,1816,0,0.000000,16384,1597,89625,4,1.000000,0.000000
39511,42213494275,1098994,0,0,1846,0,0.000000,16384,1664,98994,4,1.000000,0.000000
39512,42214583861,1089586,0,0,1855,0,0.000000,16384,1672,89586,4,1.000000,0.000000
39513,42215673616,1089755,0,0,1949,0,0.000000,16384,1745,89755,4,1.000000,0.000000
39514,42216704182,1030566,0,0,1866,0,0.000000,16384,1642,30566,4,1.000000,0.000000
39515,42217766700,1062518,0,0,1930,0,0.000000,16384,1710,62518,4,1.000000,0.000000
39516,42218826603,1059903,0,0,1917,0,0.000000,16384,1693,59903,4,1.000000,0.000000
39517,42219888975,1062372,0,0,1916,0,0.000000,16384,1714,62372,4,1.000000,0.000000
39518,42220951389,1062414,0,0,1909,0,0.000000,16384,1715,62414,4,1.000000,0.000000
39519,42222013299,1061910,0,0,1890,0,0.000000,16384,1699,61910,4,1.000000,0.000000
39520,42223075551,1062252,0,0,1896,0,0.000000,16384,1695,62252,4,1.000000,0.000000
39521,42224216071,1140520,0,0,1838,0,0.000000,16384,1618,140520,4,1.000000,0.000000
39522,42225276907,1060836,0,0,1659,0,0.000000,16384,1469,60836,4,1.000000,0.000000
39523,42226366972,1090065,0,0,1879,0,0.000000,16384,1691,90065,4,1.000000,0.000000
39524,42227455672,1088700,0,0,1954,0,0.000000,16384,1750,88700,4,1.000000,0.000000
39525,42228546088,1090416,0,0,1953,0,0.000000,16384,1747,90416,4,1.000000,0.000000
39526,42229634666,1088578,0,0,1971,0,0.000000,16384,1747,88578,4,1.000000,0.000000
39527,42230702651,1067985,0,0,1940,0,0.000000,16384,1716,67985,4,1.000000,0.000000
39528,42231764565,1061914,0,0,1903,0,0.000000,16384,1682,61914,4,1.000000,0.000000
39529,42232829820,1065255,0,0,1894,0,0.000000,16384,1679,65255,4,1.000000,0.000000
39530,42233892371,1062551,0,0,1914,0,0.000000,16384,1719,62551,4,1.000000,0.000000
39531,42234972251,1079880,0,0,1935,0,0.000000,16384,1735,79880,4,1.000000,0.000000
39532,42236031516,1059265,0,0,1815,0,0.000000,16384,1637,59265,4,1.000000,0.000000
39533,42237088409,1056893,0,0,1823,0,0.000000,16384,1600,56893,4,1.000000,0.000000
39534,42238144041,1055632,0,0,1820,0,0.000000,16384,1600,55632,4,1.000000,0.000000
39535,42239204601,1060560,0,0,1877,0,0.000000,16384,1686,60560,4,1.000000,0.000000
39536,42240263975,1059374,0,0,1827,0,0.000000,16384,1649,59374,4,1.000000,0.000000
39537,42241352467,1088492,0,0,1931,0,0.000000,16384,1732,88492,4,1.000000,0.000000
39538,42242444262,1091795,0,0,1871,0,0.000000,16384,1651,91795,4,1.000000,0.000000
39539,42243532616,1088354,0,0,1855,0,0.000000,16384,1635,88354,4,1.000000,0.000000
39540,42244594194,1061578,0,0,1728,0,0.000000,16384,1545,61578,4,1.000000,0.000000
39541,42245698170,1103976,0,0,1977,0,0.000000,16384,1768,103976,4,1.000000,0.000000
39542,42246762208,1064038,0,0,1908,0,0.000000,16384,1715,64038,4,1.000000,0.000000
39543,42247876640,1114432,0,0,1906,0,0.000000,16384,1702,114432,4,1.000000,0.000000
39544,42248939210,1062570,0,0,1763,0,0.000000,16384,1543,62570,4,1.000000,0.000000
39545,42250000822,1061612,0,0,1882,0,0.000000,16384,1663,61612,4,1.000000,0.000000
39546,42251064261,1063439,0,0,1840,0,0.000000,16384,1660,63439,4,1.000000,0.000000
39547,42252126115,1061854,0,0,1777,0,0.000000,16384,1608,61854,4,1.000000,0.000000
39548,42253185468,1059353,0,0,1827,0,0.000000,16384,1608,59353,4,1.000000,0.000000
39549,42254242785,1057317,0,0,1803,0,0.000000,16384,1582,57317,4,1.000000,0.000000
39550,42255299918,1057133,0,0,1754,0,0.000000,16384,1586,57133,4,1.000000,0.000000
39551,42256367339,1067421,0,0,1841,0,0.000000,16384,1660,67421,4,1.000000,0.000000
39552,42257453305,1085966,0,0,1948,0,0.000000,16384,1734,85966,4,1.000000,0.000000
39553,42258544127,1090822,0,0,1966,0,0.000000,16384,1742,90822,4,1.000000,0.000000
39554,42259633814,1089687,0,0,1975,0,0.000000,16384,1751,89687,4,1.000000,0.000000
39555,42260678868,1045054,0,0,1799,0,0.000000,16384,1578,45054,4,1.000000,0.000000
39556,42261701768,1022900,0,0,1864,0,0.000000,16384,1679,22900,4,1.000000,0.000000
39557,42262768389,1066621,0,0,1682,0,0.000000,16384,1527,66621,4,1.000000,0.000000
39558,42263832814,1064425,0,0,1525,0,0.000000,16384,1318,64425,4,1.000000,0.000000
39559,42264897631,1064817,0,0,1549,0,0.000000,16384,1421,64817,4,1.000000,0.000000
39560,42265958482,1060851,0,0,1558,0,0.000000,16384,1346,60851,4,1.000000,0.000000
39561,42267030511,1072029,0,0,1577,0,0.000000,16384,1450,72029,4,1.000000,0.000000
39562,42268089051,1058540,0,0,1570,0,0.000000,16384,1353,58540,4,1.000000,0.000000
39563,42269146758,1057707,0,0,1665,0,0.000000,16384,1515,57707,4,1.000000,0.000000
39564,42270202909,1056151,0,0,1663,0,0.000000,16384,1473,56151,4,1.000000,0.000000
39565,42271259570,1056661,0,0,1663,0,0.000000,16384,1469,56661,4,1.000000,0.000000
39566,42272317900,1058330,0,0,1780,0,0.000000,16384,1611,58330,4,1.000000,0.000000
39567,42273374377,1056477,0,0,1823,0,0.000000,16384,1626,56477,4,1.000000,0.000000
39568,42274432059,1057682,0,0,1794,0,0.000000,16384,1574,57682,4,1.000000,0.000000
39569,42275488363,1056304,0,0,1817,0,0.000000,16384,1615,56304,4,1.000000,0.000000
39570,42276543786,1055423,0,0,1822,0,0.000000,16384,1644,55423,4,1.000000,0.000000
39571,42277605730,1061944,0,0,1830,0,0.000000,16384,1646,61944,4,1.000000,0.000000
39572,42278661774,1056044,0,0,1821,0,0.000000,16384,1601,56044,4,1.000000,0.000000
39573,42279672110,1010336,0,0,1737,0,0.000000,16384,1532,10336,4,1.000000,0.000000
39574,42280728610,1056500,0,0,1808,0,0.000000,16384,1634,56500,4,1.000000,0.000000
39575,42281784642,1056032,0,0,1823,0,0.000000,16384,1638,56032,4,1.000000,0.000000
39576,42282845908,1061266,0,0,1905,0,0.000000,16384,1681,61266,4,1.000000,0.000000
39577,42283906372,1060464,0,0,1811,0,0.000000,16384,1591,60464,4,1.000000,0.000000
39578,42284966670,1060298,0,0,1739,0,0.000000,16384,1567,60298,4,1.000000,0.000000
39579,42286025758,1059088,0,0,1830,0,0.000000,16384,1652,59088,4,1.000000,0.000000
39580,42287082533,1056775,0,0,1824,0,0.000000,16384,1610,56775,4,1.000000,0.000000
39581,42288158620,1076087,0,0,1838,0,0.000000,16384,1618,76087,4,1.000000,0.000000
39582,42289214769,1056149,0,0,1824,0,0.000000,16384,1628,56149,4,1.000000,0.000000
39583,42290270859,1056090,0,0,1824,0,0.000000,16384,1647,56090,4,1.000000,0.000000
39584,42291328392,1057533,0,0,1828,0,0.000000,16384,1637,57533,4,1.000000,0.000000
39585,42292384316,1055924,0,0,1820,0,0.000000,16384,1600,55924,4,1.000000,0.000000
39586,42293440152,1055836,0,0,1797,0,0.000000,16384,1587,55836,4,1.000000,0.000000
39587,42294496006,1055854,0,0,1824,0,0.000000,16384,1646,55854,4,1.000000,0.000000
39588,42295551468,1055462,0,0,1822,0,0.000000,16384,1646,55462,4,1.000000,0.000000
39589,42296607563,1056095,0,0,1821,0,0.000000,16384,1597,56095,4,1.000000,0.000000
39590,42297663581,1056018,0,0,1824,0,0.000000,16384,1604,56018,4,1.000000,0.000000
39591,42298726732,1063151,0,0,1823,0,0.000000,16384,1640,63151,4,1.000000,0.000000
39592,42299783073,1056341,0,0,1827,0,0.000000,16384,1648,56341,4,1.000000,0.000000
39593,42300839139,1056066,0,0,1825,0,0.000000,16384,1623,56066,4,1.000000,0.000000
39594,42301894675,1055536,0,0,1821,0,0.000000,16384,1601,55536,4,1.000000,0.000000
39595,42302950345,1055670,0,0,1807,0,0.000000,16384,1608,55670,4,1.000000,0.000000
39596,42304006671,1056326,0,0,1788,0,0.000000,16384,1617,56326,4,1.000000,0.000000
39597,42305064619,1057948,0,0,1685,0,0.000000,16384,1491,57948,4,1.000000,0.000000
39598,42306122785,1058166,0,0,1716,0,0.000000,16384,1511,58166,4,1.000000,0.000000
39599,42307179607,1056822,0,0,1825,0,0.000000,16384,1647,56822,4,1.000000,0.000000
39600,42308235729,1056122,0,0,1825,0,0.000000,16384,1648,56122,4,1.000000,0.000000
39601,42309298499,1062770,0,0,1831,0,0.000000,16384,1607,62770,4,1.000000,0.000000
39602,42310355376,1056877,0,0,1824,0,0.000000,16384,1604,56877,4,1.000000,0.000000
39603,42311411360,1055984,0,0,1822,0,0.000000,16384,1638,55984,4,1.000000,0.000000
39604,42312467425,1056065,0,0,1824,0,0.000000,16384,1646,56065,4,1.000000,0.000000
39605,42313523457,1056032,0,0,1822,0,0.000000,16384,1620,56032,4,1.000000,0.000000
39606,42314580767,1057310,0,0,1809,0,0.000000,16384,1589,57310,4,1.000000,0.000000
39607,42315637902,1057135,0,0,1825,0,0.000000,16384,1623,57135,4,1.000000,0.000000
39608,42316670582,1032680,0,0,1780,0,0.000000,16384,1612,32680,4,1.000000,0.000000
39609,42317726578,1055996,0,0,1808,0,0.000000,16384,1614,55996,4,1.000000,0.000000
39610,42318782273,1055695,0,0,1803,0,0.000000,16384,1583,55695,4,1.000000,0.000000
39611,42319843452,1061179,0,0,1832,0,0.000000,16384,1626,61179,4,1.000000,0.000000
39612,42320899255,1055803,0,0,1824,0,0.000000,16384,1646,55803,4,1.000000,0.000000
39613,42321955128,1055873,0,0,1813,0,0.000000,16384,1632,55873,4,1.000000,0.000000
39614,42323010952,1055824,0,0,1820,0,0.000000,16384,1600,55824,4,1.000000,0.000000
39615,42324067452,1056500,0,0,1808,0,0.000000,16384,1588,56500,4,1.000000,0.000000
39616,42325126176,1058724,0,0,1731,0,0.000000,16384,1573,58724,4,1.000000,0.000000
39617,42326184258,1058082,0,0,1749,0,0.000000,16384,1564,58082,4,1.000000,0.000000
39618,42327239804,1055546,0,0,1743,0,0.000000,16384,1523,55546,4,1.000000,0.000000
39619,42328295952,1056148,0,0,1823,0,0.000000,16384,1633,56148,4,1.000000,0.000000
39620,42329352654,1056702,0,0,1795,0,0.000000,16384,1623,56702,4,1.000000,0.000000
39621,42330417107,1064453,0,0,1824,0,0.000000,16384,1622,64453,4,1.000000,0.000000
39622,42331474294,1057187,0,0,1812,0,0.000000,16384,1591,57187,4,1.000000,0.000000
39623,42332530968,1056674,0,0,1775,0,0.000000,16384,1584,56674,4,1.000000,0.000000
39624,42333586796,1055828,0,0,1798,0,0.000000,16384,1625,55828,4,1.000000,0.000000
39625,42334642645,1055849,0,0,1814,0,0.000000,16384,1615,55849,4,1.000000,0.000000
39626,42335673156,1030511,0,0,1701,0,0.000000,16384,1480,30511,4,1.000000,0.000000
39627,42336729237,1056081,0,0,1824,0,0.000000,16384,1645,56081,4,1.000000,0.000000
39628,42337785082,1055845,0,0,1824,0,0.000000,16384,1646,55845,4,1.000000,0.000000
39629,42338819689,1034607,0,0,1787,0,0.000000,16384,1581,34607,4,1.000000,0.000000
39630,42339875745,1056056,0,0,1778,0,0.000000,16384,1558,56056,4,1.000000,0.000000
39631,42340946099,1070354,0,0,1722,0,0.000000,16384,1559,70354,4,1.000000,0.000000
39632,42342002502,1056403,0,0,1740,0,0.000000,16384,1563,56403,4,1.000000,0.000000
39633,42343058410,1055908,0,0,1820,0,0.000000,16384,1600,55908,4,1.000000,0.000000
39634,42344114259,1055849,0,0,1780,0,0.000000,16384,1576,55849,4,1.000000,0.000000
39635,42345172987,1058728,0,0,1743,0,0.000000,16384,1582,58728,4,1.000000,0.000000
39636,42346229997,1057010,0,0,1825,0,0.000000,16384,1626,57010,4,1.000000,0.000000
39637,42347286262,1056265,0,0,1822,0,0.000000,16384,1602,56265,4,1.000000,0.000000
39638,42348344201,1057939,0,0,1804,0,0.000000,16384,1601,57939,4,1.000000,0.000000
39639,42349401445,1057244,0,0,1824,0,0.000000,16384,1646,57244,4,1.000000,0.000000
39640,42350458690,1057245,0,0,1824,0,0.000000,16384,1641,57245,4,1.000000,0.000000
39641,42351522074,1063384,0,0,1822,0,0.000000,16384,1602,63384,4,1.000000,0.000000
39642,42352577939,1055865,0,0,1820,0,0.000000,16384,1597,55865,4,1.000000,0.000000
39643,42353633990,1056051,0,0,1822,0,0.000000,16384,1646,56051,4,1.000000,0.000000
39644,42354670761,1036771,0,0,1768,0,0.000000,16384,1603,36771,4,1.000000,0.000000
39645,42355727207,1056446,0,0,1730,0,0.000000,16384,1510,56446,4,1.000000,0.000000
39646,42356783725,1056518,0,0,1742,0,0.000000,16384,1547,56518,4,1.000000,0.000000
39647,42357840045,1056320,0,0,1809,0,0.000000,16384,1634,56320,4,1.000000,0.000000
39648,42358895748,1055703,0,0,1818,0,0.000000,16384,1624,55703,4,1.000000,0.000000
39649,42359951677,1055929,0,0,1823,0,0.000000,16384,1603,55929,4,1.000000,0.000000
39650,42361007617,1055940,0,0,1823,0,0.000000,16384,1613,55940,4,1.000000,0.000000
39651,42362067449,1059832,0,0,1830,0,0.000000,16384,1650,59832,4,1.000000,0.000000
39652,42363126076,1058627,0,0,1643,0,0.000000,16384,1469,58627,4,1.000000,0.000000
39653,42364186868,1060792,0,0,1615,0,0.000000,16384,1419,60792,4,1.000000,0.000000
39654,42365246236,1059368,0,0,1640,0,0.000000,16384,1500,59368,4,1.000000,0.000000
39655,42366304949,1058713,0,0,1556,0,0.000000,16384,1333,58713,4,1.000000,0.000000
39656,42367362024,1057075,0,0,1717,0,0.000000,16384,1499,57075,4,1.000000,0.000000
39657,42368419167,1057143,0,0,1816,0,0.000000,16384,1607,57143,4,1.000000,0.000000
39658,42369476409,1057242,0,0,1809,0,0.000000,16384,1634,57242,4,1.000000,0.000000
39659,42370532392,1055983,0,0,1821,0,0.000000,16384,1641,55983,4,1.000000,0.000000
39660,42371589022,1056630,0,0,1798,0,0.000000,16384,1578,56630,4,1.000000,0.000000
39661,42372655456,1066434,0,0,1835,0,0.000000,16384,1611,66434,4,1.000000,0.000000
39662,42373670624,1015168,0,0,1749,0,0.000000,16384,1588,15168,4,1.000000,0.000000
39663,42374727144,1056520,0,0,1781,0,0.000000,16384,1602,56520,4,1.000000,0.000000
39664,42375782905,1055761,0,0,1821,0,0.000000,16384,1601,55761,4,1.000000,0.000000
39665,42376838930,1056025,0,0,1823,0,0.000000,16384,1605,56025,4,1.000000,0.000000
39666,42377894396,1055466,0,0,1824,0,0.000000,16384,1646,55466,4,1.000000,0.000000
39667,42378950226,1055830,0,0,1826,0,0.000000,16384,1648,55830,4,1.000000,0.000000
39668,42380006046,1055820,0,0,1822,0,0.000000,16384,1607,55820,4,1.000000,0.000000
39669,42381061644,1055598,0,0,1822,0,0.000000,16384,1603,55598,4,1.000000,0.000000
39670,42382117286,1055642,0,0,1822,0,0.000000,16384,1631,55642,4,1.000000,0.000000
39671,42383177226,1059940,0,0,1794,0,0.000000,16384,1623,59940,4,1.000000,0.000000
39672,42384232926,1055700,0,0,1683,0,0.000000,16384,1485,55700,4,1.000000,0.000000
39673,42385291475,1058549,0,0,1756,0,0.000000,16384,1547,58549,4,1.000000,0.000000
39674,42386349318,1057843,0,0,1816,0,0.000000,16384,1640,57843,4,1.000000,0.000000
39675,42387405794,1056476,0,0,1815,0,0.000000,16384,1636,56476,4,1.000000,0.000000
39676,42388463432,1057638,0,0,1704,0,0.000000,16384,1484,57638,4,1.000000,0.000000
39677,42389519689,1056257,0,0,1787,0,0.000000,16384,1592,56257,4,1.000000,0.000000
39678,42390575742,1056053,0,0,1816,0,0.000000,16384,1640,56053,4,1.000000,0.000000
39679,42391631643,1055901,0,0,1823,0,0.000000,16384,1630,55901,4,1.000000,0.000000
39680,42392670718,1039075,0,0,1778,0,0.000000,16384,1558,39075,4,1.000000,0.000000
39681,42393742717,1071999,0,0,1835,0,0.000000,16384,1629,71999,4,1.000000,0.000000
39682,42394799087,1056370,0,0,1822,0,0.000000,16384,1645,56370,4,1.000000,0.000000
39683,42395855053,1055966,0,0,1824,0,0.000000,16384,1643,55966,4,1.000000,0.000000
39684,42396910685,1055632,0,0,1819,0,0.000000,16384,1599,55632,4,1.000000,0.000000
39685,42397966601,1055916,0,0,1801,0,0.000000,16384,1581,55916,4,1.000000,0.000000
39686,42399022600,1055999,0,0,1808,0,0.000000,16384,1634,55999,4,1.000000,0.000000
39687,42400078345,1055745,0,0,1824,0,0.000000,16384,1646,55745,4,1.000000,0.000000
39688,42401134029,1055684,0,0,1823,0,0.000000,16384,1607,55684,4,1.000000,0.000000
39689,42402189570,1055541,0,0,1820,0,0.000000,16384,1599,55541,4,1.000000,0.000000
39690,42403244996,1055426,0,0,1822,0,0.000000,16384,1634,55426,4,1.000000,0.000000
39691,42404304420,1059424,0,0,1830,0,0.000000,16384,1651,59424,4,1.000000,0.000000
39692,42405363852,1059432,0,0,1669,0,0.000000,16384,1477,59432,4,1.000000,0.000000
39693,42406421676,1057824,0,0,1817,0,0.000000,16384,1593,57824,4,1.000000,0.000000
39694,42407478868,1057192,0,0,1825,0,0.000000,16384,1647,57192,4,1.000000,0.000000
39695,42408535225,1056357,0,0,1825,0,0.000000,16384,1647,56357,4,1.000000,0.000000
39696,42409590995,1055770,0,0,1822,0,0.000000,16384,1614,55770,4,1.000000,0.000000
39697,42410647049,1056054,0,0,1800,0,0.000000,16384,1580,56054,4,1.000000,0.000000
39698,42411672205,1025156,0,0,1766,0,0.000000,16384,1585,25156,4,1.000000,0.000000
39699,42412728300,1056095,0,0,1825,0,0.000000,16384,1646,56095,4,1.000000,0.000000
39700,42413784264,1055964,0,0,1825,0,0.000000,16384,1621,55964,4,1.000000,0.000000
39701,42414846216,1061952,0,0,1831,0,0.000000,16384,1611,61952,4,1.000000,0.000000
39702,42415902757,1056541,0,0,1822,0,0.000000,16384,1619,56541,4,1.000000,0.000000
39703,42416958301,1055544,0,0,1823,0,0.000000,16384,1646,55544,4,1.000000,0.000000
39704,42418014310,1056009,0,0,1823,0,0.000000,16384,1639,56009,4,1.000000,0.000000
39705,42419070067,1055757,0,0,1819,0,0.000000,16384,1599,55757,4,1.000000,0.000000
39706,42420126700,1056633,0,0,1823,0,0.000000,16384,1601,56633,4,1.000000,0.000000
39707,42421182957,1056257,0,0,1825,0,0.000000,16384,1648,56257,4,1.000000,0.000000
39708,42422240722,1057765,0,0,1679,0,0.000000,16384,1514,57765,4,1.000000,0.000000
39709,42423297425,1056703,0,0,1801,0,0.000000,16384,1581,56703,4,1.000000,0.000000
39710,42424353419,1055994,0,0,1804,0,0.000000,16384,1600,55994,4,1.000000,0.000000
39711,42425417736,1064317,0,0,1661,0,0.000000,16384,1516,64317,4,1.000000,0.000000
39712,42426477920,1060184,0,0,1655,0,0.000000,16384,1444,60184,4,1.000000,0.000000
39713,42427534667,1056747,0,0,1778,0,0.000000,16384,1584,56747,4,1.000000,0.000000
39714,42428590049,1055382,0,0,1813,0,0.000000,16384,1637,55382,4,1.000000,0.000000
39715,42429646181,1056132,0,0,1815,0,0.000000,16384,1621,56132,4,1.000000,0.000000
39716,42430671379,1025198,0,0,1756,0,0.000000,16384,1536,25198,4,1.000000,0.000000
39717,42431728376,1056997,0,0,1816,0,0.000000,16384,1620,56997,4,1.000000,0.000000
39718,42432785195,1056819,0,0,1823,0,0.000000,16384,1646,56819,4,1.000000,0.000000
39719,42433840872,1055677,0,0,1785,0,0.000000,16384,1593,55677,4,1.000000,0.000000
39720,42434897259,1056387,0,0,1786,0,0.000000,16384,1567,56387,4,1.000000,0.000000
39721,42435959865,1062606,0,0,1740,0,0.000000,16384,1557,62606,4,1.000000,0.000000
39722,42437015839,1055974,0,0,1822,0,0.000000,16384,1645,55974,4,1.000000,0.000000
39723,42438072101,1056262,0,0,1736,0,0.000000,16384,1532,56262,4,1.000000,0.000000
39724,42439128351,1056250,0,0,1705,0,0.000000,16384,1502,56250,4,1.000000,0.000000
39725,42440184186,1055835,0,0,1813,0,0.000000,16384,1637,55835,4,1.000000,0.000000
39726,42441239506,1055320,0,0,1819,0,0.000000,16384,1638,55320,4,1.000000,0.000000
39727,42442295089,1055583,0,0,1810,0,0.000000,16384,1590,55583,4,1.000000,0.000000
39728,42443351176,1056087,0,0,1812,0,0.000000,16384,1593,56087,4,1.000000,0.000000
39729,42444411088,1059912,0,0,1685,0,0.000000,16384,1535,59912,4,1.000000,0.000000
39730,42445472863,1061775,0,0,1506,0,0.000000,16384,1315,61775,4,1.000000,0.000000
39731,42446557058,1084195,0,0,1624,0,0.000000,16384,1470,84195,4,1.000000,0.000000
39732,42447614872,1057814,0,0,1589,0,0.000000,16384,1407,57814,4,1.000000,0.000000
39733,42448678591,1063719,0,0,1479,0,0.000000,16384,1328,63719,4,1.000000,0.000000
39734,42449739678,1061087,0,0,1495,0,0.000000,16384,1310,61087,4,1.000000,0.000000
39735,42450798022,1058344,0,0,1592,0,0.000000,16384,1441,58344,4,1.000000,0.000000
39736,42451856024,1058002,0,0,1596,0,0.000000,16384,1411,58002,4,1.000000,0.000000
39737,42452913677,1057653,0,0,1595,0,0.000000,16384,1422,57653,4,1.000000,0.000000
39738,42453970270,1056593,0,0,1593,0,0.000000,16384,1426,56593,4,1.000000,0.000000
39739,42455030110,1059840,0,0,1595,0,0.000000,16384,1405,59840,4,1.000000,0.000000
39740,42456089957,1059847,0,0,1614,0,0.000000,16384,1468,59847,4,1.000000,0.000000
39741,42457159860,1069903,0,0,1832,0,0.000000,16384,1612,69903,4,1.000000,0.000000
39742,42458216782,1056922,0,0,1801,0,0.000000,16384,1586,56922,4,1.000000,0.000000
39743,42459273597,1056815,0,0,1762,0,0.000000,16384,1597,56815,4,1.000000,0.000000
39744,42460329264,1055667,0,0,1799,0,0.000000,16384,1615,55667,4,1.000000,0.000000
39745,42461386323,1057059,0,0,1813,0,0.000000,16384,1593,57059,4,1.000000,0.000000
39746,42462445713,1059390,0,0,1690,0,0.000000,16384,1501,59390,4,1.000000,0.000000
39747,42463504405,1058692,0,0,1714,0,0.000000,16384,1559,58692,4,1.000000,0.000000
39748,42464638751,1134346,0,0,1767,0,0.000000,16384,1550,134346,4,1.000000,0.000000
39749,42465677289,1038538,0,0,1501,0,0.000000,16384,1344,38538,4,1.000000,0.000000
39750,42466736412,1059123,0,0,1561,0,0.000000,16384,1383,59123,4,1.000000,0.000000
39751,42467808751,1072339,0,0,1683,0,0.000000,16384,1494,72339,4,1.000000,0.000000
39752,42468866627,1057876,0,0,1667,0,0.000000,16384,1516,57876,4,1.000000,0.000000
39753,42469929671,1063044,0,0,1658,0,0.000000,16384,1438,63044,4,1.000000,0.000000
39754,42470994046,1064375,0,0,1631,0,0.000000,16384,1478,64375,4,1.000000,0.000000
39755,42472055729,1061683,0,0,1741,0,0.000000,16384,1554,61683,4,1.000000,0.000000
39756,42473112165,1056436,0,0,1823,0,0.000000,16384,1602,56436,4,1.000000,0.000000
39757,42474172631,1060466,0,0,1830,0,0.000000,16384,1628,60466,4,1.000000,0.000000
39758,42475232977,1060346,0,0,1802,0,0.000000,16384,1629,60346,4,1.000000,0.000000
39759,42476290237,1057260,0,0,1825,0,0.000000,16384,1637,57260,4,1.000000,0.000000
39760,42477377069,1086832,0,0,1942,0,0.000000,16384,1718,86832,4,1.000000,0.000000
39761,42478472452,1095383,0,0,1963,0,0.000000,16384,1743,95383,4,1.000000,0.000000
39762,42479561855,1089403,0,0,1955,0,0.000000,16384,1730,89403,4,1.000000,0.000000
39763,42480624795,1062940,0,0,1825,0,0.000000,16384,1622,62940,4,1.000000,0.000000
39764,42481701119,1076324,0,0,1954,0,0.000000,16384,1751,76324,4,1.000000,0.000000
39765,42482763470,1062351,0,0,1929,0,0.000000,16384,1730,62351,4,1.000000,0.000000
39766,42483823123,1059653,0,0,1811,0,0.000000,16384,1629,59653,4,1.000000,0.000000
39767,42484880610,1057487,0,0,1823,0,0.000000,16384,1603,57487,4,1.000000,0.000000
39768,42485938606,1057996,0,0,1737,0,0.000000,16384,1533,57996,4,1.000000,0.000000
39769,42486995691,1057085,0,0,1826,0,0.000000,16384,1648,57085,4,1.000000,0.000000
39770,42488052746,1057055,0,0,1806,0,0.000000,16384,1624,57055,4,1.000000,0.000000
39771,42489118850,1066104,0,0,1820,0,0.000000,16384,1600,66104,4,1.000000,0.000000
39772,42490176050,1057200,0,0,1824,0,0.000000,16384,1603,57200,4,1.000000,0.000000
39773,42491232919,1056869,0,0,1826,0,0.000000,16384,1649,56869,4,1.000000,0.000000
39774,42492288559,1055640,0,0,1824,0,0.000000,16384,1646,55640,4,1.000000,0.000000
39775,42493344746,1056187,0,0,1824,0,0.000000,16384,1612,56187,4,1.000000,0.000000
39776,42494400712,1055966,0,0,1811,0,0.000000,16384,1591,55966,4,1.000000,0.000000
39777,42495456218,1055506,0,0,1822,0,0.000000,16384,1631,55506,4,1.000000,0.000000
39778,42496511973,1055755,0,0,1825,0,0.000000,16384,1647,55755,4,1.000000,0.000000
39779,42497567738,1055765,0,0,1822,0,0.000000,16384,1627,55765,4,1.000000,0.000000
39780,42498623078,1055340,0,0,1824,0,0.000000,16384,1604,55340,4,1.000000,0.000000
39781,42499671021,1047943,0,0,1803,0,0.000000,16384,1596,47943,4,1.000000,0.000000
39782,42500727552,1056531,0,0,1825,0,0.000000,16384,1647,56531,4,1.000000,0.000000
39783,42501783506,1055954,0,0,1806,0,0.000000,16384,1627,55954,4,1.000000,0.000000
39784,42502839076,1055570,0,0,1822,0,0.000000,16384,1602,55570,4,1.000000,0.000000
39785,42503895146,1056070,0,0,1822,0,0.000000,16384,1597,56070,4,1.000000,0.000000
39786,42504950744,1055598,0,0,1796,0,0.000000,16384,1626,55598,4,1.000000,0.000000
39787,42506011184,1060440,0,0,1783,0,0.000000,16384,1614,60440,4,1.000000,0.000000
39788,42507073073,1061889,0,0,1833,0,0.000000,16384,1608,61889,4,1.000000,0.000000
39789,42508130120,1057047,0,0,1824,0,0.000000,16384,1604,57047,4,1.000000,0.000000
39790,42509186912,1056792,0,0,1825,0,0.000000,16384,1642,56792,4,1.000000,0.000000
39791,42510251533,1064621,0,0,1836,0,0.000000,16384,1656,64621,4,1.000000,0.000000
39792,42511307110,1055577,0,0,1821,0,0.000000,16384,1621,55577,4,1.000000,0.000000
39793,42512363329,1056219,0,0,1821,0,0.000000,16384,1601,56219,4,1.000000,0.000000
39794,42513419257,1055928,0,0,1821,0,0.000000,16384,1616,55928,4,1.000000,0.000000
39795,42514475085,1055828,0,0,1803,0,0.000000,16384,1630,55828,4,1.000000,0.000000
39796,42515531119,1056034,0,0,1823,0,0.000000,16384,1637,56034,4,1.000000,0.000000
39797,42516587696,1056577,0,0,1821,0,0.000000,16384,1601,56577,4,1.000000,0.000000
39798,42517643190,1055494,0,0,1820,0,0.000000,16384,1601,55494,4,1.000000,0.000000
39799,42518672591,1029401,0,0,1775,0,0.000000,16384,1607,29401,4,1.000000,0.000000
39800,42519728892,1056301,0,0,1810,0,0.000000,16384,1633,56301,4,1.000000,0.000000
39801,42520788959,1060067,0,0,1829,0,0.000000,16384,1605,60067,4,1.000000,0.000000
39802,42521845149,1056190,0,0,1822,0,0.000000,16384,1602,56190,4,1.000000,0.000000
39803,42522901198,1056049,0,0,1810,0,0.000000,16384,1632,56049,4,1.000000,0.000000
39804,42523957340,1056142,0,0,1805,0,0.000000,16384,1631,56142,4,1.000000,0.000000
39805,42525014705,1057365,0,0,1825,0,0.000000,16384,1613,57365,4,1.000000,0.000000
39806,42526072823,1058118,0,0,1773,0,0.000000,16384,1553,58118,4,1.000000,0.000000
39807,42527129984,1057161,0,0,1826,0,0.000000,16384,1641,57161,4,1.000000,0.000000
39808,42528187159,1057175,0,0,1808,0,0.000000,16384,1634,57175,4,1.000000,0.000000
39809,42529243257,1056098,0,0,1823,0,0.000000,16384,1618,56098,4,1.000000,0.000000
39810,42530298827,1055570,0,0,1822,0,0.000000,16384,1602,55570,4,1.000000,0.000000
39811,42531360917,1062090,0,0,1819,0,0.000000,16384,1619,62090,4,1.000000,0.000000
39812,42532417579,1056662,0,0,1826,0,0.000000,16384,1648,56662,4,1.000000,0.000000
39813,42533474976,1057397,0,0,1810,0,0.000000,16384,1623,57397,4,1.000000,0.000000
39814,42534531712,1056736,0,0,1823,0,0.000000,16384,1604,56736,4,1.000000,0.000000
39815,42535587978,1056266,0,0,1809,0,0.000000,16384,1594,56266,4,1.000000,0.000000
39816,42536643570,1055592,0,0,1821,0,0.000000,16384,1645,55592,4,1.000000,0.000000
39817,42537670669,1027099,0,0,1768,0,0.000000,16384,1595,27099,4,1.000000,0.000000
39818,42538726809,1056140,0,0,1822,0,0.000000,16384,1602,56140,4,1.000000,0.000000
39819,42539783511,1056702,0,0,1806,0,0.000000,16384,1587,56702,4,1.000000,0.000000
39820,42540839375,1055864,0,0,1821,0,0.000000,16384,1645,55864,4,1.000000,0.000000
39821,42541899929,1060554,0,0,1829,0,0.000000,16384,1650,60554,4,1.000000,0.000000
39822,42542955712,1055783,0,0,1824,0,0.000000,16384,1610,55783,4,1.000000,0.000000
39823,42544011509,1055797,0,0,1810,0,0.000000,16384,1590,55797,4,1.000000,0.000000
39824,42545067392,1055883,0,0,1824,0,0.000000,16384,1634,55883,4,1.000000,0.000000
39825,42546124554,1057162,0,0,1775,0,0.000000,16384,1608,57162,4,1.000000,0.000000
39826,42547181293,1056739,0,0,1826,0,0.000000,16384,1618,56739,4,1.000000,0.000000
39827,42548238840,1057547,0,0,1808,0,0.000000,16384,1589,57547,4,1.000000,0.000000
39828,42549296612,1057772,0,0,1777,0,0.000000,16384,1589,57772,4,1.000000,0.000000
39829,42550353451,1056839,0,0,1825,0,0.000000,16384,1648,56839,4,1.000000,0.000000
39830,42551410101,1056650,0,0,1826,0,0.000000,16384,1627,56650,4,1.000000,0.000000
39831,42552482478,1072377,0,0,1833,0,0.000000,16384,1612,72377,4,1.000000,0.000000
39832,42553539129,1056651,0,0,1820,0,0.000000,16384,1612,56651,4,1.000000,0.000000
39833,42554595076,1055947,0,0,1812,0,0.000000,16384,1637,55947,4,1.000000,0.000000
39834,42555683211,1088135,0,0,1861,0,0.000000,16384,1676,88135,4,1.000000,0.000000
39835,42556705153,1021942,0,0,1738,0,0.000000,16384,1522,21942,4,1.000000,0.000000
39836,42557769478,1064325,0,0,1810,0,0.000000,16384,1597,64325,4,1.000000,0.000000
39837,42558832852,1063374,0,0,1804,0,0.000000,16384,1630,63374,4,1.000000,0.000000
39838,42559896256,1063404,0,0,1795,0,0.000000,16384,1619,63404,4,1.000000,0.000000
39839,42560959710,1063454,0,0,1783,0,0.000000,16384,1563,63454,4,1.000000,0.000000
39840,42562020491,1060781,0,0,1668,0,0.000000,16384,1483,60781,4,1.000000,0.000000
39841,42563089118,1068627,0,0,1654,0,0.000000,16384,1499,68627,4,1.000000,0.000000
39842,42564148485,1059367,0,0,1666,0,0.000000,16384,1446,59367,4,1.000000,0.000000
39843,42565212198,1063713,0,0,1586,0,0.000000,16384,1448,63713,4,1.000000,0.000000
39844,42566277208,1065010,0,0,1551,0,0.000000,16384,1353,65010,4,1.000000,0.000000
39845,42567339007,1061799,0,0,1562,0,0.000000,16384,1418,61799,4,1.000000,0.000000
39846,42568395720,1056713,0,0,1626,0,0.000000,16384,1434,56713,4,1.000000,0.000000
39847,42569453409,1057689,0,0,1663,0,0.000000,16384,1478,57689,4,1.000000,0.000000
39848,42570512616,1059207,0,0,1656,0,0.000000,16384,1501,59207,4,1.000000,0.000000
39849,42571571074,1058458,0,0,1659,0,0.000000,16384,1439,58458,4,1.000000,0.000000
39850,42572627912,1056838,0,0,1664,0,0.000000,16384,1511,56838,4,1.000000,0.000000
39851,42573674430,1046518,0,0,1643,0,0.000000,16384,1456,46518,4,1.000000,0.000000
39852,42574732546,1058116,0,0,1666,0,0.000000,16384,1472,58116,4,1.000000,0.000000
39853,42575789854,1057308,0,0,1652,0,0.000000,16384,1410,57308,4,1.000000,0.000000
39854,42576846397,1056543,0,0,1748,0,0.000000,16384,1585,56543,4,1.000000,0.000000
39855,42577902360,1055963,0,0,1824,0,0.000000,16384,1641,55963,4,1.000000,0.000000
39856,42578958172,1055812,0,0,1802,0,0.000000,16384,1582,55812,4,1.000000,0.000000
39857,42580014317,1056145,0,0,1808,0,0.000000,16384,1592,56145,4,1.000000,0.000000
39858,42581069845,1055528,0,0,1821,0,0.000000,16384,1644,55528,4,1.000000,0.000000
39859,42582125318,1055473,0,0,1821,0,0.000000,16384,1644,55473,4,1.000000,0.000000
39860,42583181206,1055888,0,0,1821,0,0.000000,16384,1604,55888,4,1.000000,0.000000
39861,42584246375,1065169,0,0,1723,0,0.000000,16384,1512,65169,4,1.000000,0.000000
39862,42585309991,1063616,0,0,1621,0,0.000000,16384,1484,63616,4,1.000000,0.000000
39863,42586371209,1061218,0,0,1713,0,0.000000,16384,1505,61218,4,1.000000,0.000000
39864,42587429502,1058293,0,0,1816,0,0.000000,16384,1599,58293,4,1.000000,0.000000
39865,42588490479,1060977,0,0,1788,0,0.000000,16384,1618,60977,4,1.000000,0.000000
39866,42589552442,1061963,0,0,1824,0,0.000000,16384,1647,61963,4,1.000000,0.000000
39867,42590611061,1058619,0,0,1819,0,0.000000,16384,1595,58619,4,1.000000,0.000000
39868,42591670545,1059484,0,0,1805,0,0.000000,16384,1585,59484,4,1.000000,0.000000
39869,42592727339,1056794,0,0,1816,0,0.000000,16384,1639,56794,4,1.000000,0.000000
39870,42593783208,1055869,0,0,1811,0,0.000000,16384,1636,55869,4,1.000000,0.000000
39871,42594863580,1080372,0,0,1850,0,0.000000,16384,1638,80372,4,1.000000,0.000000
39872,42595920378,1056798,0,0,1823,0,0.000000,16384,1603,56798,4,1.000000,0.000000
39873,42596976530,1056152,0,0,1822,0,0.000000,16384,1623,56152,4,1.000000,0.000000
39874,42598033159,1056629,0,0,1817,0,0.000000,16384,1641,56629,4,1.000000,0.000000
39875,42599091044,1057885,0,0,1753,0,0.000000,16384,1564,57885,4,1.000000,0.000000
39876,42600148459,1057415,0,0,1808,0,0.000000,16384,1588,57415,4,1.000000,0.000000
39877,42601204839,1056380,0,0,1814,0,0.000000,16384,1616,56380,4,1.000000,0.000000
39878,42602260781,1055942,0,0,1811,0,0.000000,16384,1636,55942,4,1.000000,0.000000
39879,42603316535,1055754,0,0,1824,0,0.000000,16384,1633,55754,4,1.000000,0.000000
39880,42604372527,1055992,0,0,1823,0,0.000000,16384,1602,55992,4,1.000000,0.000000
39881,42605433675,1061148,0,0,1711,0,0.000000,16384,1520,61148,4,1.000000,0.000000
39882,42606492355,1058680,0,0,1688,0,0.000000,16384,1538,58680,4,1.000000,0.000000
39883,42607550873,1058518,0,0,1817,0,0.000000,16384,1595,58518,4,1.000000,0.000000
39884,42608607949,1057076,0,0,1824,0,0.000000,16384,1604,57076,4,1.000000,0.000000
39885,42609665434,1057485,0,0,1813,0,0.000000,16384,1631,57485,4,1.000000,0.000000
39886,42610725531,1060097,0,0,1814,0,0.000000,16384,1639,60097,4,1.000000,0.000000
39887,42611782005,1056474,0,0,1823,0,0.000000,16384,1616,56474,4,1.000000,0.000000
39888,42612837682,1055677,0,0,1821,0,0.000000,16384,1600,55677,4,1.000000,0.000000
39889,42613893546,1055864,0,0,1820,0,0.000000,16384,1623,55864,4,1.000000,0.000000
39890,42614949168,1055622,0,0,1822,0,0.000000,16384,1644,55622,4,1.000000,0.000000
39891,42616012167,1062999,0,0,1832,0,0.000000,16384,1644,62999,4,1.000000,0.000000
39892,42617068393,1056226,0,0,1813,0,0.000000,16384,1593,56226,4,1.000000,0.000000
39893,42618124186,1055793,0,0,1795,0,0.000000,16384,1584,55793,4,1.000000,0.000000
39894,42619179548,1055362,0,0,1823,0,0.000000,16384,1645,55362,4,1.000000,0.000000
39895,42620235372,1055824,0,0,1824,0,0.000000,16384,1649,55824,4,1.000000,0.000000
39896,42621291216,1055844,0,0,1822,0,0.000000,16384,1598,55844,4,1.000000,0.000000
39897,42622347069,1055853,0,0,1822,0,0.000000,16384,1602,55853,4,1.000000,0.000000
39898,42623403514,1056445,0,0,1795,0,0.000000,16384,1617,56445,4,1.000000,0.000000
39899,42624459837,1056323,0,0,1822,0,0.000000,16384,1645,56323,4,1.000000,0.000000
39900,42625560112,1100275,0,0,1837,0,0.000000,16384,1628,100275,4,1.000000,0.000000
39901,42626633468,1073356,0,0,1640,0,0.000000,16384,1434,73356,4,1.000000,0.000000
39902,42627703322,1069854,0,0,1818,0,0.000000,16384,1642,69854,4,1.000000,0.000000
39903,42628767467,1064145,0,0,1820,0,0.000000,16384,1641,64145,4,1.000000,0.000000
39904,42629831834,1064367,0,0,1802,0,0.000000,16384,1583,64367,4,1.000000,0.000000
39905,42630896727,1064893,0,0,1771,0,0.000000,16384,1557,64893,4,1.000000,0.000000
39906,42631959992,1063265,0,0,1664,0,0.000000,16384,1520,63265,4,1.000000,0.000000
39907,42633019902,1059910,0,0,1668,0,0.000000,16384,1465,59910,4,1.000000,0.000000
39908,42634078803,1058901,0,0,1761,0,0.000000,16384,1559,58901,4,1.000000,0.000000
39909,42635135995,1057192,0,0,1824,0,0.000000,16384,1646,57192,4,1.000000,0.000000
39910,42636193693,1057698,0,0,1823,0,0.000000,16384,1640,57698,4,1.000000,0.000000
39911,42637258304,1064611,0,0,1836,0,0.000000,16384,1616,64611,4,1.000000,0.000000
39912,42638313955,1055651,0,0,1821,0,0.000000,16384,1597,55651,4,1.000000,0.000000
39913,42639371424,1057469,0,0,1825,0,0.000000,16384,1646,57469,4,1.000000,0.000000
39914,42640428145,1056721,0,0,1824,0,0.000000,16384,1647,56721,4,1.000000,0.000000
39915,42641483966,1055821,0,0,1823,0,0.000000,16384,1615,55821,4,1.000000,0.000000
39916,42642539694,1055728,0,0,1822,0,0.000000,16384,1602,55728,4,1.000000,0.000000
39917,42643595831,1056137,0,0,1824,0,0.000000,16384,1626,56137,4,1.000000,0.000000
39918,42644652852,1057021,0,0,1806,0,0.000000,16384,1632,57021,4,1.000000,0.000000
39919,42645670737,1017885,0,0,1751,0,0.000000,16384,1559,17885,4,1.000000,0.000000
39920,42646730257,1059520,0,0,1734,0,0.000000,16384,1514,59520,4,1.000000,0.000000
39921,42647806425,1076168,0,0,1853,0,0.000000,16384,1665,76168,4,1.000000,0.000000
39922,42648864242,1057817,0,0,1804,0,0.000000,16384,1631,57817,4,1.000000,0.000000
39923,42649920797,1056555,0,0,1822,0,0.000000,16384,1619,56555,4,1.000000,0.000000
39924,42650976616,1055819,0,0,1822,0,0.000000,16384,1602,55819,4,1.000000,0.000000
39925,42652032783,1056167,0,0,1821,0,0.000000,16384,1619,56167,4,1.000000,0.000000
39926,42653088737,1055954,0,0,1822,0,0.000000,16384,1644,55954,4,1.000000,0.000000
39927,42654144307,1055570,0,0,1821,0,0.000000,16384,1637,55570,4,1.000000,0.000000
39928,42655199911,1055604,0,0,1820,0,0.000000,16384,1600,55604,4,1.000000,0.000000
39929,42656260637,1060726,0,0,1821,0,0.000000,16384,1601,60726,4,1.000000,0.000000
39930,42657321245,1060608,0,0,1809,0,0.000000,16384,1634,60608,4,1.000000,0.000000
39931,42658386219,1064974,0,0,1838,0,0.000000,16384,1658,64974,4,1.000000,0.000000
39932,42659442450,1056231,0,0,1823,0,0.000000,16384,1610,56231,4,1.000000,0.000000
39933,42660499151,1056701,0,0,1821,0,0.000000,16384,1601,56701,4,1.000000,0.000000
39934,42661559097,1059946,0,0,1817,0,0.000000,16384,1626,59946,4,1.000000,0.000000
39935,42662620388,1061291,0,0,1801,0,0.000000,16384,1628,61291,4,1.000000,0.000000
39936,42663672526,1052138,0,0,1772,0,0.000000,16384,1572,52138,4,1.000000,0.000000
39937,42664729966,1057440,0,0,1816,0,0.000000,16384,1595,57440,4,1.000000,0.000000
39938,42665879509,1149543,0,0,1826,0,0.000000,16384,1632,149543,4,1.000000,0.000000
39939,42666942967,1063458,0,0,1549,0,0.000000,16384,1404,63458,4,1.000000,0.000000
39940,42668003178,1060211,0,0,1560,0,0.000000,16384,1363,60211,4,1.000000,0.000000
39941,42669071823,1068645,0,0,1663,0,0.000000,16384,1519,68645,4,1.000000,0.000000
39942,42670127869,1056046,0,0,1753,0,0.000000,16384,1538,56046,4,1.000000,0.000000
39943,42671184991,1057122,0,0,1730,0,0.000000,16384,1529,57122,4,1.000000,0.000000
39944,42672241432,1056441,0,0,1810,0,0.000000,16384,1635,56441,4,1.000000,0.000000
39945,42673297343,1055911,0,0,1811,0,0.000000,16384,1623,55911,4,1.000000,0.000000
39946,42674353041,1055698,0,0,1820,0,0.000000,16384,1600,55698,4,1.000000,0.000000
39947,42675410910,1057869,0,0,1823,0,0.000000,16384,1608,57869,4,1.000000,0.000000
39948,42676467746,1056836,0,0,1824,0,0.000000,16384,1647,56836,4,1.000000,0.000000
39949,42677523987,1056241,0,0,1813,0,0.000000,16384,1638,56241,4,1.000000,0.000000
39950,42678579997,1056010,0,0,1821,0,0.000000,16384,1599,56010,4,1.000000,0.000000
39951,42679641122,1061125,0,0,1829,0,0.000000,16384,1610,61125,4,1.000000,0.000000
39952,42680670425,1029303,0,0,1776,0,0.000000,16384,1599,29303,4,1.000000,0.000000
39953,42681726282,1055857,0,0,1826,0,0.000000,16384,1648,55857,4,1.000000,0.000000
39954,42682782607,1056325,0,0,1770,0,0.000000,16384,1561,56325,4,1.000000,0.000000
39955,42683839601,1056994,0,0,1712,0,0.000000,16384,1505,56994,4,1.000000,0.000000
39956,42684896042,1056441,0,0,1815,0,0.000000,16384,1640,56441,4,1.000000,0.000000
39957,42685951979,1055937,0,0,1824,0,0.000000,16384,1646,55937,4,1.000000,0.000000
39958,42687009432,1057453,0,0,1738,0,0.000000,16384,1518,57453,4,1.000000,0.000000
39959,42688066140,1056708,0,0,1824,0,0.000000,16384,1612,56708,4,1.000000,0.000000
39960,42689123264,1057124,0,0,1823,0,0.000000,16384,1646,57124,4,1.000000,0.000000
39961,42690185668,1062404,0,0,1836,0,0.000000,16384,1656,62404,4,1.000000,0.000000
39962,42691242435,1056767,0,0,1827,0,0.000000,16384,1608,56767,4,1.000000,0.000000
39963,42692298794,1056359,0,0,1824,0,0.000000,16384,1604,56359,4,1.000000,0.000000
39964,42693354851,1056057,0,0,1814,0,0.000000,16384,1628,56057,4,1.000000,0.000000
39965,42694411045,1056194,0,0,1823,0,0.000000,16384,1646,56194,4,1.000000,0.000000
39966,42695467049,1056004,0,0,1806,0,0.000000,16384,1605,56004,4,1.000000,0.000000
39967,42696524023,1056974,0,0,1801,0,0.000000,16384,1581,56974,4,1.000000,0.000000
39968,42697580051,1056028,0,0,1776,0,0.000000,16384,1588,56028,4,1.000000,0.000000
39969,42698635892,1055841,0,0,1821,0,0.000000,16384,1644,55841,4,1.000000,0.000000
39970,42699671529,1035637,0,0,1781,0,0.000000,16384,1582,35637,4,1.000000,0.000000
39971,42700743794,1072265,0,0,1838,0,0.000000,16384,1618,72265,4,1.000000,0.000000
39972,42701799731,1055937,0,0,1822,0,0.000000,16384,1621,55937,4,1.000000,0.000000
39973,42702855595,1055864,0,0,1824,0,0.000000,16384,1646,55864,4,1.000000,0.000000
39974,42703911563,1055968,0,0,1825,0,0.000000,16384,1640,55968,4,1.000000,0.000000
39975,42704967373,1055810,0,0,1821,0,0.000000,16384,1601,55810,4,1.000000,0.000000
39976,42706027479,1060106,0,0,1824,0,0.000000,16384,1602,60106,4,1.000000,0.000000
39977,42707089249,1061770,0,0,1705,0,0.000000,16384,1552,61770,4,1.000000,0.000000
39978,42708146069,1056820,0,0,1824,0,0.000000,16384,1635,56820,4,1.000000,0.000000
39979,42709202417,1056348,0,0,1789,0,0.000000,16384,1569,56348,4,1.000000,0.000000
39980,42710259161,1056744,0,0,1817,0,0.000000,16384,1608,56744,4,1.000000,0.000000
39981,42711324392,1065231,0,0,1836,0,0.000000,16384,1656,65231,4,1.000000,0.000000
39982,42712381371,1056979,0,0,1825,0,0.000000,16384,1649,56979,4,1.000000,0.000000
39983,42713437266,1055895,0,0,1821,0,0.000000,16384,1597,55895,4,1.000000,0.000000
39984,42714492869,1055603,0,0,1819,0,0.000000,16384,1600,55603,4,1.000000,0.000000
39985,42715548799,1055930,0,0,1823,0,0.000000,16384,1640,55930,4,1.000000,0.000000
39986,42716622478,1073679,0,0,1590,0,0.000000,16384,1433,73679,4,1.000000,0.000000
39987,42717680576,1058098,0,0,1456,0,0.000000,16384,1285,58098,4,1.000000,0.000000
39988,42718746719,1066143,0,0,1483,0,0.000000,16384,1322,66143,4,1.000000,0.000000
39989,42719809979,1063260,0,0,1560,0,0.000000,16384,1393,63260,4,1.000000,0.000000
39990,42720867338,1057359,0,0,1588,0,0.000000,16384,1415,57359,4,1.000000,0.000000
39991,42721945457,1078119,0,0,1785,0,0.000000,16384,1565,78119,4,1.000000,0.000000
39992,42723003569,1058112,0,0,1666,0,0.000000,16384,1519,58112,4,1.000000,0.000000
39993,42724060389,1056820,0,0,1800,0,0.000000,16384,1607,56820,4,1.000000,0.000000
39994,42725117143,1056754,0,0,1813,0,0.000000,16384,1593,56754,4,1.000000,0.000000
39995,42726173429,1056286,0,0,1823,0,0.000000,16384,1617,56286,4,1.000000,0.000000
39996,42727230826,1057397,0,0,1676,0,0.000000,16384,1527,57397,4,1.000000,0.000000
39997,42728287845,1057019,0,0,1821,0,0.000000,16384,1612,57019,4,1.000000,0.000000
39998,42729344237,1056392,0,0,1822,0,0.000000,16384,1602,56392,4,1.000000,0.000000
39999,42730401074,1056837,0,0,1810,0,0.000000,16384,1617,56837,4,1.000000,0.000000
40000,42731457459,1056385,0,0,1806,0,0.000000,16384,1632,56385,4,1.000000,0.000000
40001,42732521383,1063924,0,0,1833,0,0.000000,16384,1636,63924,4,1.000000,0.000000
40002,42733642110,1120727,0,0,1899,0,0.000000,16384,1677,120727,4,1.000000,0.000000
40003,42734676901,1034791,0,0,1520,0,0.000000,16384,1357,34791,4,1.000000,0.000000
40004,42735710897,1033996,0,0,1735,0,0.000000,16384,1560,33996,4,1.000000,0.000000
40005,42736774813,1063916,0,0,1810,0,0.000000,16384,1589,63916,4,1.000000,0.000000
40006,42737838347,1063534,0,0,1803,0,0.000000,16384,1597,63534,4,1.000000,0.000000
40007,42738901791,1063444,0,0,1791,0,0.000000,16384,1620,63444,4,1.000000,0.000000
40008,42739964705,1062914,0,0,1786,0,0.000000,16384,1599,62914,4,1.000000,0.000000
40009,42741028071,1063366,0,0,1773,0,0.000000,16384,1553,63366,4,1.000000,0.000000
40010,42742090097,1062026,0,0,1695,0,0.000000,16384,1519,62026,4,1.000000,0.000000
40011,42743158683,1068586,0,0,1842,0,0.000000,16384,1661,68586,4,1.000000,0.000000
40012,42744215416,1056733,0,0,1808,0,0.000000,16384,1602,56733,4,1.000000,0.000000
40013,42745271931,1056515,0,0,1822,0,0.000000,16384,1602,56515,4,1.000000,0.000000
40014,42746349054,1077123,0,0,1852,0,0.000000,16384,1650,77123,4,1.000000,0.000000
40015,42747411492,1062438,0,0,1729,0,0.000000,16384,1570,62438,4,1.000000,0.000000
40016,42748474084,1062592,0,0,1660,0,0.000000,16384,1461,62592,4,1.000000,0.000000
40017,42749533335,1059251,0,0,1665,0,0.000000,16384,1479,59251,4,1.000000,0.000000
40018,42750622858,1089523,0,0,1851,0,0.000000,16384,1669,89523,4,1.000000,0.000000
40019,42751702996,1080138,0,0,1843,0,0.000000,16384,1646,80138,4,1.000000,0.000000
40020,42752766019,1063023,0,0,1814,0,0.000000,16384,1594,63023,4,1.000000,0.000000
40021,42753850302,1084283,0,0,1829,0,0.000000,16384,1617,84283,4,1.000000,0.000000
40022,42754914502,1064200,0,0,1881,0,0.000000,16384,1692,64200,4,1.000000,0.000000
40023,42755978890,1064388,0,0,1831,0,0.000000,16384,1652,64388,4,1.000000,0.000000
40024,42757041883,1062993,0,0,1881,0,0.000000,16384,1674,62993,4,1.000000,0.000000
40025,42758104031,1062148,0,0,1835,0,0.000000,16384,1615,62148,4,1.000000,0.000000
40026,42759162833,1058802,0,0,1826,0,0.000000,16384,1612,58802,4,1.000000,0.000000
40027,42760221313,1058480,0,0,1825,0,0.000000,16384,1648,58480,4,1.000000,0.000000
40028,42761279819,1058506,0,0,1822,0,0.000000,16384,1644,58506,4,1.000000,0.000000
40029,42762341112,1061293,0,0,1739,0,0.000000,16384,1523,61293,4,1.000000,0.000000
40030,42763399399,1058287,0,0,1766,0,0.000000,16384,1562,58287,4,1.000000,0.000000
40031,42764466324,1066925,0,0,1829,0,0.000000,16384,1651,66925,4,1.000000,0.000000
40032,42765524001,1057677,0,0,1784,0,0.000000,16384,1603,57677,4,1.000000,0.000000
40033,42766586581,1062580,0,0,1511,0,0.000000,16384,1313,62580,4,1.000000,0.000000
40034,42767647651,1061070,0,0,1558,0,0.000000,16384,1420,61070,4,1.000000,0.000000
40035,42768673103,1025452,0,0,1506,0,0.000000,16384,1312,25452,4,1.000000,0.000000
40036,42769733429,1060326,0,0,1810,0,0.000000,16384,1635,60326,4,1.000000,0.000000
40037,42770791662,1058233,0,0,1694,0,0.000000,16384,1503,58233,4,1.000000,0.000000
40038,42771849988,1058326,0,0,1630,0,0.000000,16384,1438,58326,4,1.000000,0.000000
40039,42772908015,1058027,0,0,1694,0,0.000000,16384,1542,58027,4,1.000000,0.000000
40040,42773966983,1058968,0,0,1768,0,0.000000,16384,1556,58968,4,1.000000,0.000000
40041,42775042485,1075502,0,0,1684,0,0.000000,16384,1486,75502,4,1.000000,0.000000
40042,42776105797,1063312,0,0,1729,0,0.000000,16384,1571,63312,4,1.000000,0.000000
40043,42777163698,1057901,0,0,1762,0,0.000000,16384,1554,57901,4,1.000000,0.000000
40044,42778219557,1055859,0,0,1813,0,0.000000,16384,1593,55859,4,1.000000,0.000000
40045,42779276444,1056887,0,0,1731,0,0.000000,16384,1566,56887,4,1.000000,0.000000
40046,42780333316,1056872,0,0,1814,0,0.000000,16384,1639,56872,4,1.000000,0.000000
40047,42781390289,1056973,0,0,1821,0,0.000000,16384,1597,56973,4,1.000000,0.000000
40048,42782446502,1056213,0,0,1820,0,0.000000,16384,1600,56213,4,1.000000,0.000000
40049,42783502642,1056140,0,0,1814,0,0.000000,16384,1634,56140,4,1.000000,0.000000
40050,42784560282,1057640,0,0,1798,0,0.000000,16384,1533,57640,4,1.000000,0.000000
40051,42785626058,1065776,0,0,1838,0,0.000000,16384,1651,65776,4,1.000000,0.000000
40052,42786678437,1052379,0,0,1751,0,0.000000,16384,1588,52379,4,1.000000,0.000000
40053,42787741122,1062685,0,0,1808,0,0.000000,16384,1594,62685,4,1.000000,0.000000
40054,42788800198,1059076,0,0,1821,0,0.000000,16384,1601,59076,4,1.000000,0.000000
40055,42789857568,1057370,0,0,1828,0,0.000000,16384,1638,57370,4,1.000000,0.000000
40056,42790913218,1055650,0,0,1814,0,0.000000,16384,1639,55650,4,1.000000,0.000000
40057,42791969229,1056011,0,0,1805,0,0.000000,16384,1606,56011,4,1.000000,0.000000
40058,42793025319,1056090,0,0,1822,0,0.000000,16384,1602,56090,4,1.000000,0.000000
40059,42794081134,1055815,0,0,1823,0,0.000000,16384,1619,55815,4,1.000000,0.000000
40060,42795137966,1056832,0,0,1825,0,0.000000,16384,1647,56832,4,1.000000,0.000000
40061,42796203813,1065847,0,0,1829,0,0.000000,16384,1647,65847,4,1.000000,0.000000
40062,42797260249,1056436,0,0,1780,0,0.000000,16384,1560,56436,4,1.000000,0.000000
40063,42798316366,1056117,0,0,1822,0,0.000000,16384,1607,56117,4,1.000000,0.000000
40064,42799372690,1056324,0,0,1815,0,0.000000,16384,1639,56324,4,1.000000,0.000000
40065,42800429799,1057109,0,0,1820,0,0.000000,16384,1644,57109,4,1.000000,0.000000
40066,42801486332,1056533,0,0,1822,0,0.000000,16384,1601,56533,4,1.000000,0.000000
40067,42802542942,1056610,0,0,1806,0,0.000000,16384,1585,56610,4,1.000000,0.000000
40068,42803598384,1055442,0,0,1817,0,0.000000,16384,1637,55442,4,1.000000,0.000000
40069,42804655630,1057246,0,0,1817,0,0.000000,16384,1640,57246,4,1.000000,0.000000
40070,42805670260,1014630,0,0,1746,0,0.000000,16384,1540,14630,4,1.000000,0.000000
40071,42806787576,1117316,0,0,1852,0,0.000000,16384,1632,117316,4,1.000000,0.000000
40072,42807854298,1066722,0,0,1760,0,0.000000,16384,1583,66722,4,1.000000,0.000000
40073,42808919401,1065103,0,0,1645,0,0.000000,16384,1482,65103,4,1.000000,0.000000
40074,42809982909,1063508,0,0,1660,0,0.000000,16384,1442,63508,4,1.000000,0.000000
40075,42811046931,1064022,0,0,1768,0,0.000000,16384,1602,64022,4,1.000000,0.000000
40076,42812111285,1064354,0,0,1757,0,0.000000,16384,1580,64354,4,1.000000,0.000000
40077,42813171871,1060586,0,0,1659,0,0.000000,16384,1440,60586,4,1.000000,0.000000
40078,42814229020,1057149,0,0,1664,0,0.000000,16384,1513,57149,4,1.000000,0.000000
40079,42815285765,1056745,0,0,1662,0,0.000000,16384,1473,56745,4,1.000000,0.000000
40080,42816366322,1080557,0,0,1762,0,0.000000,16384,1547,80557,4,1.000000,0.000000
40081,42817440579,1074257,0,0,1755,0,0.000000,16384,1590,74257,4,1.000000,0.000000
40082,42818499087,1058508,0,0,1827,0,0.000000,16384,1647,58508,4,1.000000,0.000000
40083,42819586170,1087083,0,0,1946,0,0.000000,16384,1721,87083,4,1.000000,0.000000
40084,42820676411,1090241,0,0,1975,0,0.000000,16384,1751,90241,4,1.000000,0.000000
40085,42821703022,1026611,0,0,1855,0,0.000000,16384,1636,26611,4,1.000000,0.000000
40086,42822765741,1062719,0,0,1895,0,0.000000,16384,1687,62719,4,1.000000,0.000000
40087,42823828101,1062360,0,0,1809,0,0.000000,16384,1634,62360,4,1.000000,0.000000
40088,42824891619,1063518,0,0,1884,0,0.000000,16384,1695,63518,4,1.000000,0.000000
40089,42825953439,1061820,0,0,1731,0,0.000000,16384,1519,61820,4,1.000000,0.000000
40090,42827020022,1066583,0,0,1709,0,0.000000,16384,1513,66583,4,1.000000,0.000000
40091,42828090531,1070509,0,0,1774,0,0.000000,16384,1607,70509,4,1.000000,0.000000
40092,42829147206,1056675,0,0,1707,0,0.000000,16384,1506,56675,4,1.000000,0.000000
40093,42830203903,1056697,0,0,1813,0,0.000000,16384,1593,56697,4,1.000000,0.000000
40094,42831260577,1056674,0,0,1824,0,0.000000,16384,1644,56674,4,1.000000,0.000000
40095,42832319050,1058473,0,0,1826,0,0.000000,16384,1648,58473,4,1.000000,0.000000
40096,42833376829,1057779,0,0,1787,0,0.000000,16384,1581,57779,4,1.000000,0.000000
40097,42834434854,1058025,0,0,1746,0,0.000000,16384,1526,58025,4,1.000000,0.000000
40098,42835492887,1058033,0,0,1657,0,0.000000,16384,1512,58033,4,1.000000,0.000000
40099,42836550220,1057333,0,0,1811,0,0.000000,16384,1616,57333,4,1.000000,0.000000
40100,42837606560,1056340,0,0,1801,0,0.000000,16384,1581,56340,4,1.000000,0.000000
40101,42838669952,1063392,0,0,1692,0,0.000000,16384,1515,63392,4,1.000000,0.000000
40102,42839726325,1056373,0,0,1823,0,0.000000,16384,1646,56373,4,1.000000,0.000000
40103,42840782515,1056190,0,0,1812,0,0.000000,16384,1602,56190,4,1.000000,0.000000
40104,42841838346,1055831,0,0,1821,0,0.000000,16384,1601,55831,4,1.000000,0.000000
40105,42842894203,1055857,0,0,1822,0,0.000000,16384,1629,55857,4,1.000000,0.000000
40106,42843950021,1055818,0,0,1822,0,0.000000,16384,1645,55818,4,1.000000,0.000000
40107,42845005842,1055821,0,0,1788,0,0.000000,16384,1594,55821,4,1.000000,0.000000
40108,42846061337,1055495,0,0,1821,0,0.000000,16384,1601,55495,4,1.000000,0.000000
40109,42847108380,1047043,0,0,1715,0,0.000000,16384,1532,47043,4,1.000000,0.000000
40110,42848169401,1061021,0,0,1667,0,0.000000,16384,1510,61021,4,1.000000,0.000000
40111,42849239380,1069979,0,0,1673,0,0.000000,16384,1453,69979,4,1.000000,0.000000
40112,42850297256,1057876,0,0,1664,0,0.000000,16384,1508,57876,4,1.000000,0.000000
40113,42851353987,1056731,0,0,1662,0,0.000000,16384,1478,56731,4,1.000000,0.000000
40114,42852443068,1089081,0,0,1805,0,0.000000,16384,1585,89081,4,1.000000,0.000000
40115,42853506126,1063058,0,0,1675,0,0.000000,16384,1519,63058,4,1.000000,0.000000
40116,42854595900,1089774,0,0,1845,0,0.000000,16384,1660,89774,4,1.000000,0.000000
40117,42855689996,1094096,0,0,1855,0,0.000000,16384,1632,94096,4,1.000000,0.000000
40118,42856709316,1019320,0,0,1818,0,0.000000,16384,1598,19320,4,1.000000,0.000000
40119,42857772104,1062788,0,0,1920,0,0.000000,16384,1715,62788,4,1.000000,0.000000
40120,42858834446,1062342,0,0,1920,0,0.000000,16384,1723,62342,4,1.000000,0.000000
40121,42859911230,1076784,0,0,1893,0,0.000000,16384,1702,76784,4,1.000000,0.000000
40122,42860972662,1061432,0,0,1874,0,0.000000,16384,1679,61432,4,1.000000,0.000000
40123,42862033463,1060801,0,0,1763,0,0.000000,16384,1543,60801,4,1.000000,0.000000
40124,42863091679,1058216,0,0,1826,0,0.000000,16384,1616,58216,4,1.000000,0.000000
40125,42864148102,1056423,0,0,1815,0,0.000000,16384,1640,56423,4,1.000000,0.000000
40126,42865204462,1056360,0,0,1795,0,0.000000,16384,1616,56360,4,1.000000,0.000000
40127,42866261117,1056655,0,0,1732,0,0.000000,16384,1511,56655,4,1.000000,0.000000
40128,42867320300,1059183,0,0,1529,0,0.000000,16384,1385,59183,4,1.000000,0.000000
40129,42868380553,1060253,0,0,1660,0,0.000000,16384,1469,60253,4,1.000000,0.000000
40130,42869438194,1057641,0,0,1658,0,0.000000,16384,1467,57641,4,1.000000,0.000000
40131,42870509563,1071369,0,0,1599,0,0.000000,16384,1450,71369,4,1.000000,0.000000
40132,42871569052,1059489,0,0,1775,0,0.000000,16384,1555,59489,4,1.000000,0.000000
40133,42872626085,1057033,0,0,1794,0,0.000000,16384,1596,57033,4,1.000000,0.000000
40134,42873671330,1045245,0,0,1791,0,0.000000,16384,1621,45245,4,1.000000,0.000000
40135,42874727842,1056512,0,0,1824,0,0.000000,16384,1628,56512,4,1.000000,0.000000
40136,42875785695,1057853,0,0,1821,0,0.000000,16384,1601,57853,4,1.000000,0.000000
40137,42876841968,1056273,0,0,1821,0,0.000000,16384,1612,56273,4,1.000000,0.000000
40138,42877898533,1056565,0,0,1806,0,0.000000,16384,1632,56565,4,1.000000,0.000000
40139,42878955180,1056647,0,0,1778,0,0.000000,16384,1597,56647,4,1.000000,0.000000
40140,42880010954,1055774,0,0,1713,0,0.000000,16384,1493,55774,4,1.000000,0.000000
40141,42881075346,1064392,0,0,1825,0,0.000000,16384,1631,64392,4,1.000000,0.000000
40142,42882131512,1056166,0,0,1824,0,0.000000,16384,1645,56166,4,1.000000,0.000000
40143,42883187283,1055771,0,0,1822,0,0.000000,16384,1631,55771,4,1.000000,0.000000
40144,42884243084,1055801,0,0,1793,0,0.000000,16384,1573,55801,4,1.000000,0.000000
40145,42885298696,1055612,0,0,1821,0,0.000000,16384,1614,55612,4,1.000000,0.000000
40146,42886355989,1057293,0,0,1815,0,0.000000,16384,1639,57293,4,1.000000,0.000000
40147,42887415301,1059312,0,0,1720,0,0.000000,16384,1539,59312,4,1.000000,0.000000
40148,42888473144,1057843,0,0,1777,0,0.000000,16384,1557,57843,4,1.000000,0.000000
40149,42889529412,1056268,0,0,1795,0,0.000000,16384,1606,56268,4,1.000000,0.000000
40150,42890585783,1056371,0,0,1814,0,0.000000,16384,1638,56371,4,1.000000,0.000000
40151,42891649213,1063430,0,0,1727,0,0.000000,16384,1528,63430,4,1.000000,0.000000
40152,42892673056,1023843,0,0,1761,0,0.000000,16384,1542,23843,4,1.000000,0.000000
40153,42893729228,1056172,0,0,1824,0,0.000000,16384,1647,56172,4,1.000000,0.000000
40154,42894785638,1056410,0,0,1812,0,0.000000,16384,1637,56410,4,1.000000,0.000000
40155,42895841934,1056296,0,0,1823,0,0.000000,16384,1610,56296,4,1.000000,0.000000
40156,42896897911,1055977,0,0,1823,0,0.000000,16384,1603,55977,4,1.000000,0.000000
40157,42897956966,1059055,0,0,1765,0,0.000000,16384,1584,59055,4,1.000000,0.000000
40158,42899021302,1064336,0,0,1499,0,0.000000,16384,1340,64336,4,1.000000,0.000000
40159,42900270422,1249120,0,0,1728,0,0.000000,16384,1523,249120,4,1.000000,0.000000
40160,42901341272,1070850,0,0,1442,0,0.000000,16384,1311,70850,4,1.000000,0.000000
40161,42902436314,1095042,0,0,1478,0,0.000000,16384,1305,95042,4,1.000000,0.000000
40162,42903507009,1070695,0,0,1444,0,0.000000,16384,1285,70695,4,1.000000,0.000000
40163,42904573932,1066923,0,0,1516,0,0.000000,16384,1364,66923,4,1.000000,0.000000
40164,42905646057,1072125,0,0,1484,0,0.000000,16384,1300,72125,4,1.000000,0.000000
40165,42906689512,1043455,0,0,1382,0,0.000000,16384,1266,43455,4,1.000000,0.000000
40166,42907759569,1070057,0,0,1421,0,0.000000,16384,1238,70057,4,1.000000,0.000000
40167,42908824982,1065413,0,0,1412,0,0.000000,16384,1263,65413,4,1.000000,0.000000
40168,42909886503,1061521,0,0,1551,0,0.000000,16384,1388,61521,4,1.000000,0.000000
40169,42910947403,1060900,0,0,1525,0,0.000000,16384,1352,60900,4,1.000000,0.000000
40170,42912007975,1060572,0,0,1588,0,0.000000,16384,1420,60572,4,1.000000,0.000000
40171,42913100743,1092768,0,0,1712,0,0.000000,16384,1539,92768,4,1.000000,0.000000
40172,42914158737,1057994,0,0,1658,0,0.000000,16384,1439,57994,4,1.000000,0.000000
40173,42915216328,1057591,0,0,1658,0,0.000000,16384,1512,57591,4,1.000000,0.000000
40174,42916278918,1062590,0,0,1663,0,0.000000,16384,1471,62590,4,1.000000,0.000000
40175,42917341733,1062815,0,0,1659,0,0.000000,16384,1467,62815,4,1.000000,0.000000
40176,42918399327,1057594,0,0,1588,0,0.000000,16384,1442,57594,4,1.000000,0.000000
40177,42919457000,1057673,0,0,1554,0,0.000000,16384,1353,57673,4,1.000000,0.000000
40178,42920515141,1058141,0,0,1639,0,0.000000,16384,1498,58141,4,1.000000,0.000000
40179,42921571731,1056590,0,0,1786,0,0.000000,16384,1570,56590,4,1.000000,0.000000
40180,42922628876,1057145,0,0,1802,0,0.000000,16384,1580,57145,4,1.000000,0.000000
40181,42923671144,1042268,0,0,1776,0,0.000000,16384,1609,42268,4,1.000000,0.000000
40182,42924728518,1057374,0,0,1763,0,0.000000,16384,1590,57374,4,1.000000,0.000000
40183,42925785004,1056486,0,0,1822,0,0.000000,16384,1602,56486,4,1.000000,0.000000
40184,42926842165,1057161,0,0,1785,0,0.000000,16384,1572,57161,4,1.000000,0.000000
40185,42927904011,1061846,0,0,1498,0,0.000000,16384,1371,61846,4,1.000000,0.000000
40186,42928965211,1061200,0,0,1559,0,0.000000,16384,1356,61200,4,1.000000,0.000000
40187,42930022548,1057337,0,0,1630,0,0.000000,16384,1491,57337,4,1.000000,0.000000
40188,42931078618,1056070,0,0,1758,0,0.000000,16384,1544,56070,4,1.000000,0.000000
40189,42932135402,1056784,0,0,1750,0,0.000000,16384,1543,56784,4,1.000000,0.000000
40190,42933192232,1056830,0,0,1825,0,0.000000,16384,1647,56830,4,1.000000,0.000000
40191,42934261408,1069176,0,0,1814,0,0.000000,16384,1635,69176,4,1.000000,0.000000
40192,42935318498,1057090,0,0,1724,0,0.000000,16384,1504,57090,4,1.000000,0.000000
40193,42936374806,1056308,0,0,1778,0,0.000000,16384,1582,56308,4,1.000000,0.000000
40194,42937431901,1057095,0,0,1766,0,0.000000,16384,1599,57095,4,1.000000,0.000000
40195,42938489289,1057388,0,0,1824,0,0.000000,16384,1623,57388,4,1.000000,0.000000
40196,42939545492,1056203,0,0,1810,0,0.000000,16384,1590,56203,4,1.000000,0.000000
40197,42940601493,1056001,0,0,1798,0,0.000000,16384,1602,56001,4,1.000000,0.000000
40198,42941657260,1055767,0,0,1822,0,0.000000,16384,1644,55767,4,1.000000,0.000000
40199,42942671448,1014188,0,0,1703,0,0.000000,16384,1512,14188,4,1.000000,0.000000
40200,42943728622,1057174,0,0,1768,0,0.000000,16384,1548,57174,4,1.000000,0.000000
40201,42944793189,1064567,0,0,1725,0,0.000000,16384,1565,64567,4,1.000000,0.000000
40202,42945849462,1056273,0,0,1823,0,0.000000,16384,1644,56273,4,1.000000,0.000000
40203,42946906024,1056562,0,0,1786,0,0.000000,16384,1566,56562,4,1.000000,0.000000
40204,42947965664,1059640,0,0,1630,0,0.000000,16384,1450,59640,4,1.000000,0.000000
40205,42949023157,1057493,0,0,1711,0,0.000000,16384,1551,57493,4,1.000000,0.000000
40206,42950078371,1055214,0,0,1822,0,0.000000,16384,1601,55214,4,1.000000,0.000000
40207,42951134534,1056163,0,0,1821,0,0.000000,16384,1597,56163,4,1.000000,0.000000
40208,42952190959,1056425,0,0,1823,0,0.000000,16384,1647,56425,4,1.000000,0.000000
40209,42953247855,1056896,0,0,1709,0,0.000000,16384,1546,56896,4,1.000000,0.000000
40210,42954304107,1056252,0,0,1818,0,0.000000,16384,1598,56252,4,1.000000,0.000000
40211,42955368628,1064521,0,0,1822,0,0.000000,16384,1604,64521,4,1.000000,0.000000
40212,42956425283,1056655,0,0,1676,0,0.000000,16384,1528,56655,4,1.000000,0.000000
40213,42957482617,1057334,0,0,1799,0,0.000000,16384,1601,57334,4,1.000000,0.000000
40214,42958539332,1056715,0,0,1820,0,0.000000,16384,1600,56715,4,1.000000,0.000000
40215,42959596936,1057604,0,0,1821,0,0.000000,16384,1619,57604,4,1.000000,0.000000
40216,42960653891,1056955,0,0,1823,0,0.000000,16384,1645,56955,4,1.000000,0.000000
40217,42961671041,1017150,0,0,1753,0,0.000000,16384,1569,17150,4,1.000000,0.000000
40218,42962729012,1057971,0,0,1761,0,0.000000,16384,1541,57971,4,1.000000,0.000000
40219,42963787277,1058265,0,0,1807,0,0.000000,16384,1615,58265,4,1.000000,0.000000
40220,42964843602,1056325,0,0,1820,0,0.000000,16384,1643,56325,4,1.000000,0.000000
40221,42965918961,1075359,0,0,1852,0,0.000000,16384,1657,75359,4,1.000000,0.000000
40222,42966975341,1056380,0,0,1821,0,0.000000,16384,1601,56380,4,1.000000,0.000000
40223,42968036921,1061580,0,0,1557,0,0.000000,16384,1394,61580,4,1.000000,0.000000
40224,42969096845,1059924,0,0,1655,0,0.000000,16384,1478,59924,4,1.000000,0.000000
40225,42970154549,1057704,0,0,1663,0,0.000000,16384,1457,57704,4,1.000000,0.000000
40226,42971211852,1057303,0,0,1659,0,0.000000,16384,1515,57303,4,1.000000,0.000000
40227,42972269111,1057259,0,0,1694,0,0.000000,16384,1488,57259,4,1.000000,0.000000
40228,42973326311,1057200,0,0,1750,0,0.000000,16384,1548,57200,4,1.000000,0.000000
40229,42974383092,1056781,0,0,1816,0,0.000000,16384,1640,56781,4,1.000000,0.000000
40230,42975440373,1057281,0,0,1813,0,0.000000,16384,1627,57281,4,1.000000,0.000000
40231,42976506630,1066257,0,0,1836,0,0.000000,16384,1616,66257,4,1.000000,0.000000
40232,42977563449,1056819,0,0,1808,0,0.000000,16384,1590,56819,4,1.000000,0.000000
40233,42978619229,1055780,0,0,1821,0,0.000000,16384,1644,55780,4,1.000000,0.000000
40234,42979670427,1051198,0,0,1800,0,0.000000,16384,1629,51198,4,1.000000,0.000000
40235,42980726470,1056043,0,0,1820,0,0.000000,16384,1598,56043,4,1.000000,0.000000
40236,42981783075,1056605,0,0,1816,0,0.000000,16384,1596,56605,4,1.000000,0.000000
40237,42982839412,1056337,0,0,1810,0,0.000000,16384,1629,56337,4,1.000000,0.000000
40238,42983895607,1056195,0,0,1824,0,0.000000,16384,1647,56195,4,1.000000,0.000000
40239,42984951722,1056115,0,0,1791,0,0.000000,16384,1585,56115,4,1.000000,0.000000
40240,42986008983,1057261,0,0,1742,0,0.000000,16384,1522,57261,4,1.000000,0.000000
40241,42987074619,1065636,0,0,1647,0,0.000000,16384,1505,65636,4,1.000000,0.000000
40242,42988134271,1059652,0,0,1683,0,0.000000,16384,1487,59652,4,1.000000,0.000000
40243,42989192589,1058318,0,0,1727,0,0.000000,16384,1522,58318,4,1.000000,0.000000
40244,42990249807,1057218,0,0,1825,0,0.000000,16384,1646,57218,4,1.000000,0.000000
40245,42991307259,1057452,0,0,1825,0,0.000000,16384,1647,57452,4,1.000000,0.000000
40246,42992364215,1056956,0,0,1823,0,0.000000,16384,1599,56956,4,1.000000,0.000000
40247,42993420133,1055918,0,0,1820,0,0.000000,16384,1600,55918,4,1.000000,0.000000
40248,42994475874,1055741,0,0,1823,0,0.000000,16384,1643,55741,4,1.000000,0.000000
40249,42995531894,1056020,0,0,1766,0,0.000000,16384,1600,56020,4,1.000000,0.000000
40250,42996588233,1056339,0,0,1819,0,0.000000,16384,1543,56339,4,1.000000,0.000000
40251,42997653780,1065547,0,0,1838,0,0.000000,16384,1657,65547,4,1.000000,0.000000
40252,42998671327,1017547,0,0,1754,0,0.000000,16384,1548,17547,4,1.000000,0.000000
40253,42999732710,1061383,0,0,1818,0,0.000000,16384,1598,61383,4,1.000000,0.000000
40254,43000795062,1062352,0,0,1724,0,0.000000,16384,1559,62352,4,1.000000,0.000000
40255,43001853040,1057978,0,0,1825,0,0.000000,16384,1648,57978,4,1.000000,0.000000
40256,43002909638,1056598,0,0,1811,0,0.000000,16384,1589,56598,4,1.000000,0.000000
40257,43003965965,1056327,0,0,1795,0,0.000000,16384,1575,56327,4,1.000000,0.000000
40258,43005022681,1056716,0,0,1824,0,0.000000,16384,1647,56716,4,1.000000,0.000000
40259,43006079597,1056916,0,0,1825,0,0.000000,16384,1648,56916,4,1.000000,0.000000
40260,43007135826,1056229,0,0,1799,0,0.000000,16384,1589,56229,4,1.000000,0.000000
40261,43008206331,1070505,0,0,1689,0,0.000000,16384,1482,70505,4,1.000000,0.000000
40262,43009266582,1060251,0,0,1743,0,0.000000,16384,1581,60251,4,1.000000,0.000000
40263,43010327712,1061130,0,0,1833,0,0.000000,16384,1641,61130,4,1.000000,0.000000
40264,43011389672,1061960,0,0,1821,0,0.000000,16384,1602,61960,4,1.000000,0.000000
40265,43012447227,1057555,0,0,1824,0,0.000000,16384,1608,57555,4,1.000000,0.000000
40266,43013503142,1055915,0,0,1826,0,0.000000,16384,1648,55915,4,1.000000,0.000000
40267,43014560105,1056963,0,0,1818,0,0.000000,16384,1641,56963,4,1.000000,0.000000
40268,43015616347,1056242,0,0,1821,0,0.000000,16384,1604,56242,4,1.000000,0.000000
40269,43016670317,1053970,0,0,1816,0,0.000000,16384,1596,53970,4,1.000000,0.000000
40270,43017726318,1056001,0,0,1825,0,0.000000,16384,1638,56001,4,1.000000,0.000000
40271,43018801505,1075187,0,0,1854,0,0.000000,16384,1670,75187,4,1.000000,0.000000
40272,43019857605,1056100,0,0,1826,0,0.000000,16384,1633,56100,4,1.000000,0.000000
40273,43020935562,1077957,0,0,1859,0,0.000000,16384,1639,77957,4,1.000000,0.000000
40274,43021993696,1058134,0,0,1670,0,0.000000,16384,1480,58134,4,1.000000,0.000000
40275,43023050153,1056457,0,0,1765,0,0.000000,16384,1600,56457,4,1.000000,0.000000
40276,43024106463,1056310,0,0,1823,0,0.000000,16384,1614,56310,4,1.000000,0.000000
40277,43025163936,1057473,0,0,1826,0,0.000000,16384,1606,57473,4,1.000000,0.000000
40278,43026223969,1060033,0,0,1773,0,0.000000,16384,1585,60033,4,1.000000,0.000000
40279,43027284843,1060874,0,0,1832,0,0.000000,16384,1653,60874,4,1.000000,0.000000
40280,43028344020,1059177,0,0,1766,0,0.000000,16384,1569,59177,4,1.000000,0.000000
40281,43029411316,1067296,0,0,1828,0,0.000000,16384,1608,67296,4,1.000000,0.000000
40282,43030468527,1057211,0,0,1824,0,0.000000,16384,1625,57211,4,1.000000,0.000000
40283,43031525054,1056527,0,0,1825,0,0.000000,16384,1648,56527,4,1.000000,0.000000
40284,43032581916,1056862,0,0,1812,0,0.000000,16384,1623,56862,4,1.000000,0.000000
40285,43033639116,1057200,0,0,1824,0,0.000000,16384,1605,57200,4,1.000000,0.000000
40286,43034671782,1032666,0,0,1664,0,0.000000,16384,1480,32666,4,1.000000,0.000000
40287,43035728992,1057210,0,0,1787,0,0.000000,16384,1616,57210,4,1.000000,0.000000
40288,43036785538,1056546,0,0,1822,0,0.000000,16384,1613,56546,4,1.000000,0.000000
40289,43037841825,1056287,0,0,1825,0,0.000000,16384,1605,56287,4,1.000000,0.000000
40290,43038897892,1056067,0,0,1825,0,0.000000,16384,1628,56067,4,1.000000,0.000000
40291,43039961797,1063905,0,0,1835,0,0.000000,16384,1655,63905,4,1.000000,0.000000
40292,43041018964,1057167,0,0,1826,0,0.000000,16384,1639,57167,4,1.000000,0.000000
40293,43042074947,1055983,0,0,1821,0,0.000000,16384,1601,55983,4,1.000000,0.000000
40294,43043130796,1055849,0,0,1823,0,0.000000,16384,1604,55849,4,1.000000,0.000000
40295,43044186700,1055904,0,0,1825,0,0.000000,16384,1647,55904,4,1.000000,0.000000
40296,43045282414,1095714,0,0,1617,0,0.000000,16384,1450,95714,4,1.000000,0.000000
40297,43046351049,1068635,0,0,1473,0,0.000000,16384,1303,68635,4,1.000000,0.000000
40298,43047415821,1064772,0,0,1630,0,0.000000,16384,1463,64772,4,1.000000,0.000000
40299,43048478978,1063157,0,0,1565,0,0.000000,16384,1374,63157,4,1.000000,0.000000
40300,43049538152,1059174,0,0,1645,0,0.000000,16384,1501,59174,4,1.000000,0.000000
40301,43050619404,1081252,0,0,1697,0,0.000000,16384,1477,81252,4,1.000000,0.000000
40302,43051671200,1051796,0,0,1651,0,0.000000,16384,1484,51796,4,1.000000,0.000000
40303,43052728488,1057288,0,0,1664,0,0.000000,16384,1491,57288,4,1.000000,0.000000
40304,43053785365,1056877,0,0,1619,0,0.000000,16384,1417,56877,4,1.000000,0.000000
40305,43054841507,1056142,0,0,1824,0,0.000000,16384,1646,56142,4,1.000000,0.000000
40306,43055897684,1056177,0,0,1823,0,0.000000,16384,1643,56177,4,1.000000,0.000000
40307,43056953661,1055977,0,0,1793,0,0.000000,16384,1573,55977,4,1.000000,0.000000
40308,43058009009,1055348,0,0,1820,0,0.000000,16384,1600,55348,4,1.000000,0.000000
40309,43059064771,1055762,0,0,1821,0,0.000000,16384,1645,55762,4,1.000000,0.000000
40310,43060121801,1057030,0,0,1807,0,0.000000,16384,1633,57030,4,1.000000,0.000000
40311,43061185932,1064131,0,0,1836,0,0.000000,16384,1618,64131,4,1.000000,0.000000
40312,43062241860,1055928,0,0,1821,0,0.000000,16384,1601,55928,4,1.000000,0.000000
40313,43063300063,1058203,0,0,1775,0,0.000000,16384,1594,58203,4,1.000000,0.000000
40314,43064357387,1057324,0,0,1826,0,0.000000,16384,1648,57324,4,1.000000,0.000000
40315,43065413440,1056053,0,0,1823,0,0.000000,16384,1618,56053,4,1.000000,0.000000
40316,43066469676,1056236,0,0,1822,0,0.000000,16384,1602,56236,4,1.000000,0.000000
40317,43067525433,1055757,0,0,1823,0,0.000000,16384,1623,55757,4,1.000000,0.000000
40318,43068591126,1065693,0,0,1589,0,0.000000,16384,1449,65693,4,1.000000,0.000000
40319,43069650434,1059308,0,0,1825,0,0.000000,16384,1605,59308,4,1.000000,0.000000
40320,43070670772,1020338,0,0,1758,0,0.000000,16384,1551,20338,4,1.000000,0.000000
40321,43071755441,1084669,0,0,1766,0,0.000000,16384,1600,84669,4,1.000000,0.000000
40322,43072817881,1062440,0,0,1544,0,0.000000,16384,1357,62440,4,1.000000,0.000000
40323,43073876370,1058489,0,0,1599,0,0.000000,16384,1438,58489,4,1.000000,0.000000
40324,43074933491,1057121,0,0,1826,0,0.000000,16384,1647,57121,4,1.000000,0.000000
40325,43075990345,1056854,0,0,1819,0,0.000000,16384,1597,56854,4,1.000000,0.000000
40326,43077046665,1056320,0,0,1822,0,0.000000,16384,1600,56320,4,1.000000,0.000000
40327,43078103383,1056718,0,0,1811,0,0.000000,16384,1634,56718,4,1.000000,0.000000
40328,43079159366,1055983,0,0,1825,0,0.000000,16384,1647,55983,4,1.000000,0.000000
40329,43080215140,1055774,0,0,1812,0,0.000000,16384,1603,55774,4,1.000000,0.000000
40330,43081270790,1055650,0,0,1812,0,0.000000,16384,1591,55650,4,1.000000,0.000000
40331,43082337464,1066674,0,0,1841,0,0.000000,16384,1646,66674,4,1.000000,0.000000
40332,43083393252,1055788,0,0,1824,0,0.000000,16384,1646,55788,4,1.000000,0.000000
40333,43084450981,1057729,0,0,1759,0,0.000000,16384,1569,57729,4,1.000000,0.000000
40334,43085508381,1057400,0,0,1821,0,0.000000,16384,1601,57400,4,1.000000,0.000000
40335,43086564641,1056260,0,0,1803,0,0.000000,16384,1605,56260,4,1.000000,0.000000
40336,43087620511,1055870,0,0,1821,0,0.000000,16384,1644,55870,4,1.000000,0.000000
40337,43088675715,1055204,0,0,1612,0,0.000000,16384,1427,55204,4,1.000000,0.000000
40338,43089735381,1059666,0,0,1762,0,0.000000,16384,1553,59666,4,1.000000,0.000000
40339,43090792433,1057052,0,0,1816,0,0.000000,16384,1640,57052,4,1.000000,0.000000
40340,43091849125,1056692,0,0,1825,0,0.000000,16384,1646,56692,4,1.000000,0.000000
40341,43092914554,1065429,0,0,1836,0,0.000000,16384,1612,65429,4,1.000000,0.000000
40342,43093971241,1056687,0,0,1822,0,0.000000,16384,1602,56687,4,1.000000,0.000000
40343,43095027374,1056133,0,0,1810,0,0.000000,16384,1630,56133,4,1.000000,0.000000
40344,43096083620,1056246,0,0,1786,0,0.000000,16384,1616,56246,4,1.000000,0.000000
40345,43097139924,1056304,0,0,1797,0,0.000000,16384,1583,56304,4,1.000000,0.000000
40346,43098195922,1055998,0,0,1811,0,0.000000,16384,1591,55998,4,1.000000,0.000000
40347,43099251694,1055772,0,0,1799,0,0.000000,16384,1619,55772,4,1.000000,0.000000
40348,43100307453,1055759,0,0,1801,0,0.000000,16384,1627,55759,4,1.000000,0.000000
40349,43101363656,1056203,0,0,1821,0,0.000000,16384,1611,56203,4,1.000000,0.000000
40350,43102419569,1055913,0,0,1821,0,0.000000,16384,1601,55913,4,1.000000,0.000000
40351,43103480937,1061368,0,0,1800,0,0.000000,16384,1611,61368,4,1.000000,0.000000
40352,43104537350,1056413,0,0,1784,0,0.000000,16384,1614,56413,4,1.000000,0.000000
40353,43105593467,1056117,0,0,1810,0,0.000000,16384,1605,56117,4,1.000000,0.000000
40354,43106649352,1055885,0,0,1821,0,0.000000,16384,1601,55885,4,1.000000,0.000000
40355,43107670796,1021444,0,0,1735,0,0.000000,16384,1555,21444,4,1.000000,0.000000
40356,43108730506,1059710,0,0,1573,0,0.000000,16384,1413,59710,4,1.000000,0.000000
40357,43109792656,1062150,0,0,1665,0,0.000000,16384,1458,62150,4,1.000000,0.000000
40358,43110850317,1057661,0,0,1666,0,0.000000,16384,1519,57661,4,1.000000,0.000000
40359,43111907281,1056964,0,0,1671,0,0.000000,16384,1469,56964,4,1.000000,0.000000
40360,43112964106,1056825,0,0,1812,0,0.000000,16384,1599,56825,4,1.000000,0.000000
40361,43114026707,1062601,0,0,1833,0,0.000000,16384,1654,62601,4,1.000000,0.000000
40362,43115082308,1055601,0,0,1825,0,0.000000,16384,1647,55601,4,1.000000,0.000000
40363,43116137999,1055691,0,0,1821,0,0.000000,16384,1603,55691,4,1.000000,0.000000
40364,43117193796,1055797,0,0,1820,0,0.000000,16384,1600,55797,4,1.000000,0.000000
40365,43118249488,1055692,0,0,1823,0,0.000000,16384,1636,55692,4,1.000000,0.000000
40366,43119305305,1055817,0,0,1824,0,0.000000,16384,1647,55817,4,1.000000,0.000000
40367,43120361253,1055948,0,0,1810,0,0.000000,16384,1610,55948,4,1.000000,0.000000
40368,43121416975,1055722,0,0,1797,0,0.000000,16384,1577,55722,4,1.000000,0.000000
40369,43122472865,1055890,0,0,1821,0,0.000000,16384,1623,55890,4,1.000000,0.000000
40370,43123528891,1056026,0,0,1822,0,0.000000,16384,1645,56026,4,1.000000,0.000000
40371,43124599455,1070564,0,0,1695,0,0.000000,16384,1506,70564,4,1.000000,0.000000
40372,43125657153,1057698,0,0,1772,0,0.000000,16384,1552,57698,4,1.000000,0.000000
40373,43126672478,1015325,0,0,1668,0,0.000000,16384,1518,15325,4,1.000000,0.000000
40374,43127729191,1056713,0,0,1824,0,0.000000,16384,1634,56713,4,1.000000,0.000000
40375,43128788471,1059280,0,0,1699,0,0.000000,16384,1479,59280,4,1.000000,0.000000
40376,43129846953,1058482,0,0,1667,0,0.000000,16384,1507,58482,4,1.000000,0.000000
40377,43130904007,1057054,0,0,1695,0,0.000000,16384,1514,57054,4,1.000000,0.000000
40378,43131962366,1058359,0,0,1826,0,0.000000,16384,1607,58359,4,1.000000,0.000000
40379,43133019094,1056728,0,0,1823,0,0.000000,16384,1622,56728,4,1.000000,0.000000
40380,43134074818,1055724,0,0,1822,0,0.000000,16384,1645,55724,4,1.000000,0.000000
40381,43135139596,1064778,0,0,1803,0,0.000000,16384,1617,64778,4,1.000000,0.000000
40382,43136196225,1056629,0,0,1823,0,0.000000,16384,1603,56629,4,1.000000,0.000000
40383,43137252118,1055893,0,0,1811,0,0.000000,16384,1598,55893,4,1.000000,0.000000
40384,43138308274,1056156,0,0,1768,0,0.000000,16384,1601,56156,4,1.000000,0.000000
40385,43139364464,1056190,0,0,1824,0,0.000000,16384,1640,56190,4,1.000000,0.000000
40386,43140420065,1055601,0,0,1823,0,0.000000,16384,1603,55601,4,1.000000,0.000000
40387,43141475785,1055720,0,0,1823,0,0.000000,16384,1600,55720,4,1.000000,0.000000
40388,43142531745,1055960,0,0,1825,0,0.000000,16384,1648,55960,4,1.000000,0.000000
40389,43143587489,1055744,0,0,1822,0,0.000000,16384,1645,55744,4,1.000000,0.000000
40390,43144643096,1055607,0,0,1823,0,0.000000,16384,1612,55607,4,1.000000,0.000000
40391,43145671019,1027923,0,0,1733,0,0.000000,16384,1513,27923,4,1.000000,0.000000
40392,43146727342,1056323,0,0,1724,0,0.000000,16384,1566,56323,4,1.000000,0.000000
40393,43147783727,1056385,0,0,1822,0,0.000000,16384,1640,56385,4,1.000000,0.000000
40394,43148842382,1058655,0,0,1654,0,0.000000,16384,1434,58655,4,1.000000,0.000000
40395,43149901645,1059263,0,0,1711,0,0.000000,16384,1545,59263,4,1.000000,0.000000
40396,43150959844,1058199,0,0,1826,0,0.000000,16384,1648,58199,4,1.000000,0.000000
40397,43152016437,1056593,0,0,1799,0,0.000000,16384,1579,56593,4,1.000000,0.000000
40398,43153072172,1055735,0,0,1811,0,0.000000,16384,1591,55735,4,1.000000,0.000000
40399,43154128296,1056124,0,0,1809,0,0.000000,16384,1633,56124,4,1.000000,0.000000
40400,43155184357,1056061,0,0,1822,0,0.000000,16384,1645,56061,4,1.000000,0.000000
40401,43156246816,1062459,0,0,1835,0,0.000000,16384,1624,62459,4,1.000000,0.000000
40402,43157302825,1056009,0,0,1799,0,0.000000,16384,1578,56009,4,1.000000,0.000000
40403,43158359874,1057049,0,0,1822,0,0.000000,16384,1631,57049,4,1.000000,0.000000
40404,43159416676,1056802,0,0,1823,0,0.000000,16384,1645,56802,4,1.000000,0.000000
40405,43160473098,1056422,0,0,1819,0,0.000000,16384,1625,56422,4,1.000000,0.000000
40406,43161528961,1055863,0,0,1812,0,0.000000,16384,1592,55863,4,1.000000,0.000000
40407,43162586914,1057953,0,0,1775,0,0.000000,16384,1576,57953,4,1.000000,0.000000
40408,43163644132,1057218,0,0,1824,0,0.000000,16384,1646,57218,4,1.000000,0.000000
40409,43164671175,1027043,0,0,1748,0,0.000000,16384,1561,27043,4,1.000000,0.000000
40410,43165726884,1055709,0,0,1820,0,0.000000,16384,1600,55709,4,1.000000,0.000000
40411,43166789921,1063037,0,0,1833,0,0.000000,16384,1627,63037,4,1.000000,0.000000
40412,43167846465,1056544,0,0,1824,0,0.000000,16384,1648,56544,4,1.000000,0.000000
40413,43168908564,1062099,0,0,1655,0,0.000000,16384,1473,62099,4,1.000000,0.000000
40414,43169973258,1064694,0,0,1625,0,0.000000,16384,1431,64694,4,1.000000,0.000000
40415,43171032981,1059723,0,0,1660,0,0.000000,16384,1517,59723,4,1.000000,0.000000
40416,43172094396,1061415,0,0,1638,0,0.000000,16384,1419,61415,4,1.000000,0.000000
40417,43173155660,1061264,0,0,1605,0,0.000000,16384,1455,61264,4,1.000000,0.000000
40418,43174213832,1058172,0,0,1660,0,0.000000,16384,1470,58172,4,1.000000,0.000000
40419,43175271615,1057783,0,0,1663,0,0.000000,16384,1469,57783,4,1.000000,0.000000
40420,43176328317,1056702,0,0,1665,0,0.000000,16384,1520,56702,4,1.000000,0.000000
40421,43177409442,1081125,0,0,1681,0,0.000000,16384,1464,81125,4,1.000000,0.000000
40422,43178467233,1057791,0,0,1664,0,0.000000,16384,1492,57791,4,1.000000,0.000000
40423,43179524675,1057442,0,0,1663,0,0.000000,16384,1495,57442,4,1.000000,0.000000
40424,43180581775,1057100,0,0,1652,0,0.000000,16384,1437,57100,4,1.000000,0.000000
40425,43181638082,1056307,0,0,1779,0,0.000000,16384,1611,56307,4,1.000000,0.000000
40426,43182670454,1032372,0,0,1777,0,0.000000,16384,1600,32372,4,1.000000,0.000000
40427,43183726675,1056221,0,0,1820,0,0.000000,16384,1600,56221,4,1.000000,0.000000
40428,43184782344,1055669,0,0,1785,0,0.000000,16384,1574,55669,4,1.000000,0.000000
40429,43185838348,1056004,0,0,1822,0,0.000000,16384,1645,56004,4,1.000000,0.000000
40430,43186894736,1056388,0,0,1775,0,0.000000,16384,1599,56388,4,1.000000,0.000000
40431,43187957889,1063153,0,0,1789,0,0.000000,16384,1569,63153,4,1.000000,0.000000
40432,43189017787,1059898,0,0,1704,0,0.000000,16384,1514,59898,4,1.000000,0.000000
40433,43190075718,1057931,0,0,1754,0,0.000000,16384,1590,57931,4,1.000000,0.000000
40434,43191131419,1055701,0,0,1822,0,0.000000,16384,1612,55701,4,1.000000,0.000000
40435,43192187685,1056266,0,0,1822,0,0.000000,16384,1602,56266,4,1.000000,0.000000
40436,43193244256,1056571,0,0,1823,0,0.000000,16384,1627,56571,4,1.000000,0.000000
40437,43194300565,1056309,0,0,1823,0,0.000000,16384,1646,56309,4,1.000000,0.000000
40438,43195357156,1056591,0,0,1811,0,0.000000,16384,1620,56591,4,1.000000,0.000000
40439,43196413116,1055960,0,0,1820,0,0.000000,16384,1600,55960,4,1.000000,0.000000
40440,43197470696,1057580,0,0,1825,0,0.000000,16384,1613,57580,4,1.000000,0.000000
40441,43198533755,1063059,0,0,1816,0,0.000000,16384,1640,63059,4,1.000000,0.000000
40442,43199589963,1056208,0,0,1823,0,0.000000,16384,1647,56208,4,1.000000,0.000000
40443,43200646200,1056237,0,0,1817,0,0.000000,16384,1593,56237,4,1.000000,0.000000
40444,43201671141,1024941,0,0,1742,0,0.000000,16384,1534,24941,4,1.000000,0.000000
40445,43202727445,1056304,0,0,1686,0,0.000000,16384,1536,56304,4,1.000000,0.000000
40446,43203787357,1059912,0,0,1826,0,0.000000,16384,1624,59912,4,1.000000,0.000000
40447,43204847687,1060330,0,0,1814,0,0.000000,16384,1593,60330,4,1.000000,0.000000
40448,43205904986,1057299,0,0,1822,0,0.000000,16384,1595,57299,4,1.000000,0.000000
40449,43206965135,1060149,0,0,1822,0,0.000000,16384,1602,60149,4,1.000000,0.000000
40450,43208025638,1060503,0,0,1830,0,0.000000,16384,1618,60503,4,1.000000,0.000000
40451,43209090830,1065192,0,0,1780,0,0.000000,16384,1610,65192,4,1.000000,0.000000
40452,43210147738,1056908,0,0,1789,0,0.000000,16384,1607,56908,4,1.000000,0.000000
40453,43211205704,1057966,0,0,1825,0,0.000000,16384,1605,57966,4,1.000000,0.000000
40454,43212262693,1056989,0,0,1826,0,0.000000,16384,1609,56989,4,1.000000,0.000000
40455,43213318971,1056278,0,0,1826,0,0.000000,16384,1648,56278,4,1.000000,0.000000
40456,43214375329,1056358,0,0,1826,0,0.000000,16384,1648,56358,4,1.000000,0.000000
40457,43215432017,1056688,0,0,1824,0,0.000000,16384,1608,56688,4,1.000000,0.000000
40458,43216488126,1056109,0,0,1801,0,0.000000,16384,1582,56109,4,1.000000,0.000000
40459,43217544156,1056030,0,0,1826,0,0.000000,16384,1639,56030,4,1.000000,0.000000
40460,43218600318,1056162,0,0,1827,0,0.000000,16384,1649,56162,4,1.000000,0.000000
40461,43219662946,1062628,0,0,1833,0,0.000000,16384,1633,62628,4,1.000000,0.000000
40462,43220670436,1007490,0,0,1736,0,0.000000,16384,1517,7490,4,1.000000,0.000000
40463,43221727824,1057388,0,0,1827,0,0.000000,16384,1635,57388,4,1.000000,0.000000
40464,43222783515,1055691,0,0,1827,0,0.000000,16384,1648,55691,4,1.000000,0.000000
40465,43223839407,1055892,0,0,1825,0,0.000000,16384,1632,55892,4,1.000000,0.000000
40466,43224895235,1055828,0,0,1824,0,0.000000,16384,1604,55828,4,1.000000,0.000000
40467,43225953294,1058059,0,0,1654,0,0.000000,16384,1475,58059,4,1.000000,0.000000
40468,43227010542,1057248,0,0,1806,0,0.000000,16384,1632,57248,4,1.000000,0.000000
40469,43228066783,1056241,0,0,1800,0,0.000000,16384,1589,56241,4,1.000000,0.000000
40470,43229126801,1060018,0,0,1748,0,0.000000,16384,1528,60018,4,1.000000,0.000000
40471,43230205712,1078911,0,0,1848,0,0.000000,16384,1668,78911,4,1.000000,0.000000
40472,43231263266,1057554,0,0,1827,0,0.000000,16384,1648,57554,4,1.000000,0.000000
40473,43232320276,1057010,0,0,1809,0,0.000000,16384,1603,57010,4,1.000000,0.000000
40474,43233378028,1057752,0,0,1822,0,0.000000,16384,1603,57752,4,1.000000,0.000000
40475,43234435874,1057846,0,0,1706,0,0.000000,16384,1532,57846,4,1.000000,0.000000
40476,43235491759,1055885,0,0,1808,0,0.000000,16384,1634,55885,4,1.000000,0.000000
40477,43236547604,1055845,0,0,1819,0,0.000000,16384,1603,55845,4,1.000000,0.000000
40478,43237603957,1056353,0,0,1806,0,0.000000,16384,1586,56353,4,1.000000,0.000000
40479,43238659975,1056018,0,0,1810,0,0.000000,16384,1627,56018,4,1.000000,0.000000
40480,43239670493,1010518,0,0,1740,0,0.000000,16384,1579,10518,4,1.000000,0.000000
40481,43240731172,1060679,0,0,1812,0,0.000000,16384,1591,60679,4,1.000000,0.000000
40482,43241787554,1056382,0,0,1807,0,0.000000,16384,1588,56382,4,1.000000,0.000000
40483,43242843868,1056314,0,0,1807,0,0.000000,16384,1630,56314,4,1.000000,0.000000
40484,43243900006,1056138,0,0,1823,0,0.000000,16384,1644,56138,4,1.000000,0.000000
40485,43244960086,1060080,0,0,1815,0,0.000000,16384,1607,60080,4,1.000000,0.000000
40486,43246020155,1060069,0,0,1811,0,0.000000,16384,1591,60069,4,1.000000,0.000000
40487,43247077162,1057007,0,0,1826,0,0.000000,16384,1633,57007,4,1.000000,0.000000
40488,43248133045,1055883,0,0,1824,0,0.000000,16384,1646,55883,4,1.000000,0.000000
40489,43249192630,1059585,0,0,1676,0,0.000000,16384,1483,59585,4,1.000000,0.000000
40490,43250252015,1059385,0,0,1816,0,0.000000,16384,1596,59385,4,1.000000,0.000000
40491,43251317982,1065967,0,0,1840,0,0.000000,16384,1654,65967,4,1.000000,0.000000
40492,43252374980,1056998,0,0,1825,0,0.000000,16384,1648,56998,4,1.000000,0.000000
40493,43253432100,1057120,0,0,1825,0,0.000000,16384,1624,57120,4,1.000000,0.000000
40494,43254492067,1059967,0,0,1814,0,0.000000,16384,1594,59967,4,1.000000,0.000000
40495,43255553179,1061112,0,0,1795,0,0.000000,16384,1597,61112,4,1.000000,0.000000
40496,43256610231,1057052,0,0,1815,0,0.000000,16384,1639,57052,4,1.000000,0.000000
40497,43257672217,1061986,0,0,1814,0,0.000000,16384,1623,61986,4,1.000000,0.000000
40498,43258733461,1061244,0,0,1820,0,0.000000,16384,1601,61244,4,1.000000,0.000000
40499,43259790461,1057000,0,0,1823,0,0.000000,16384,1609,57000,4,1.000000,0.000000
40500,43260846358,1055897,0,0,1822,0,0.000000,16384,1646,55897,4,1.000000,0.000000
40501,43261910665,1064307,0,0,1800,0,0.000000,16384,1626,64307,4,1.000000,0.000000
40502,43262969406,1058741,0,0,1642,0,0.000000,16384,1421,58741,4,1.000000,0.000000
40503,43264026518,1057112,0,0,1815,0,0.000000,16384,1626,57112,4,1.000000,0.000000
40504,43265082622,1056104,0,0,1823,0,0.000000,16384,1646,56104,4,1.000000,0.000000
40505,43266139206,1056584,0,0,1814,0,0.000000,16384,1617,56584,4,1.000000,0.000000
40506,43267194750,1055544,0,0,1822,0,0.000000,16384,1602,55544,4,1.000000,0.000000
40507,43268250834,1056084,0,0,1804,0,0.000000,16384,1601,56084,4,1.000000,0.000000
40508,43269309681,1058847,0,0,1717,0,0.000000,16384,1561,58847,4,1.000000,0.000000
40509,43270372822,1063141,0,0,1590,0,0.000000,16384,1389,63141,4,1.000000,0.000000
40510,43271433100,1060278,0,0,1664,0,0.000000,16384,1495,60278,4,1.000000,0.000000
40511,43272500837,1067737,0,0,1633,0,0.000000,16384,1462,67737,4,1.000000,0.000000
40512,43273556682,1055845,0,0,1790,0,0.000000,16384,1569,55845,4,1.000000,0.000000
40513,43274613479,1056797,0,0,1814,0,0.000000,16384,1626,56797,4,1.000000,0.000000
40514,43275671447,1057968,0,0,1821,0,0.000000,16384,1644,57968,4,1.000000,0.000000
40515,43276727519,1056072,0,0,1822,0,0.000000,16384,1624,56072,4,1.000000,0.000000
40516,43277784988,1057469,0,0,1823,0,0.000000,16384,1602,57469,4,1.000000,0.000000
40517,43278841953,1056965,0,0,1811,0,0.000000,16384,1607,56965,4,1.000000,0.000000
40518,43279897681,1055728,0,0,1822,0,0.000000,16384,1645,55728,4,1.000000,0.000000
40519,43280953670,1055989,0,0,1822,0,0.000000,16384,1640,55989,4,1.000000,0.000000
40520,43282009839,1056169,0,0,1786,0,0.000000,16384,1566,56169,4,1.000000,0.000000
40521,43283079146,1069307,0,0,1841,0,0.000000,16384,1621,69307,4,1.000000,0.000000
40522,43284135312,1056166,0,0,1823,0,0.000000,16384,1646,56166,4,1.000000,0.000000
40523,43285191183,1055871,0,0,1796,0,0.000000,16384,1624,55871,4,1.000000,0.000000
40524,43286246524,1055341,0,0,1821,0,0.000000,16384,1602,55341,4,1.000000,0.000000
40525,43287302099,1055575,0,0,1811,0,0.000000,16384,1591,55575,4,1.000000,0.000000
40526,43288358363,1056264,0,0,1824,0,0.000000,16384,1640,56264,4,1.000000,0.000000
40527,43289417603,1059240,0,0,1745,0,0.000000,16384,1583,59240,4,1.000000,0.000000
40528,43290475876,1058273,0,0,1812,0,0.000000,16384,1594,58273,4,1.000000,0.000000
40529,43291532862,1056986,0,0,1822,0,0.000000,16384,1602,56986,4,1.000000,0.000000
40530,43292589067,1056205,0,0,1801,0,0.000000,16384,1620,56205,4,1.000000,0.000000
40531,43293651692,1062625,0,0,1834,0,0.000000,16384,1654,62625,4,1.000000,0.000000
40532,43294674954,1023262,0,0,1693,0,0.000000,16384,1494,23262,4,1.000000,0.000000
40533,43295731315,1056361,0,0,1659,0,0.000000,16384,1469,56361,4,1.000000,0.000000
40534,43296787185,1055870,0,0,1826,0,0.000000,16384,1648,55870,4,1.000000,0.000000
40535,43297843194,1056009,0,0,1813,0,0.000000,16384,1617,56009,4,1.000000,0.000000
40536,43298900019,1056825,0,0,1814,0,0.000000,16384,1594,56825,4,1.000000,0.000000
40537,43299955990,1055971,0,0,1823,0,0.000000,16384,1617,55971,4,1.000000,0.000000
40538,43301011933,1055943,0,0,1811,0,0.000000,16384,1636,55943,4,1.000000,0.000000
40539,43302067825,1055892,0,0,1823,0,0.000000,16384,1640,55892,4,1.000000,0.000000
40540,43303125145,1057320,0,0,1823,0,0.000000,16384,1603,57320,4,1.000000,0.000000
40541,43304189908,1064763,0,0,1820,0,0.000000,16384,1596,64763,4,1.000000,0.000000
40542,43305250123,1060215,0,0,1829,0,0.000000,16384,1652,60215,4,1.000000,0.000000
40543,43306306880,1056757,0,0,1825,0,0.000000,16384,1647,56757,4,1.000000,0.000000
40544,43307368207,1061327,0,0,1810,0,0.000000,16384,1601,61327,4,1.000000,0.000000
40545,43308429944,1061737,0,0,1825,0,0.000000,16384,1604,61737,4,1.000000,0.000000
40546,43309489258,1059314,0,0,1771,0,0.000000,16384,1588,59314,4,1.000000,0.000000
40547,43310546706,1057448,0,0,1807,0,0.000000,16384,1633,57448,4,1.000000,0.000000
40548,43311602630,1055924,0,0,1820,0,0.000000,16384,1614,55924,4,1.000000,0.000000
40549,43312658978,1056348,0,0,1821,0,0.000000,16384,1601,56348,4,1.000000,0.000000
40550,43313671256,1012278,0,0,1742,0,0.000000,16384,1559,12278,4,1.000000,0.000000
40551,43314736112,1064856,0,0,1835,0,0.000000,16384,1655,64856,4,1.000000,0.000000
40552,43315793380,1057268,0,0,1825,0,0.000000,16384,1624,57268,4,1.000000,0.000000
40553,43316849439,1056059,0,0,1822,0,0.000000,16384,1602,56059,4,1.000000,0.000000
40554,43317905197,1055758,0,0,1823,0,0.000000,16384,1618,55758,4,1.000000,0.000000
40555,43318961326,1056129,0,0,1823,0,0.000000,16384,1646,56129,4,1.000000,0.000000
40556,43320018184,1056858,0,0,1805,0,0.000000,16384,1623,56858,4,1.000000,0.000000
40557,43321074007,1055823,0,0,1819,0,0.000000,16384,1599,55823,4,1.000000,0.000000
40558,43322129756,1055749,0,0,1821,0,0.000000,16384,1602,55749,4,1.000000,0.000000
40559,43323185522,1055766,0,0,1822,0,0.000000,16384,1645,55766,4,1.000000,0.000000
40560,43324242849,1057327,0,0,1750,0,0.000000,16384,1582,57327,4,1.000000,0.000000
40561,43325305715,1062866,0,0,1821,0,0.000000,16384,1601,62866,4,1.000000,0.000000
40562,43326364952,1059237,0,0,1670,0,0.000000,16384,1477,59237,4,1.000000,0.000000
40563,43327425154,1060202,0,0,1662,0,0.000000,16384,1515,60202,4,1.000000,0.000000
40564,43328485170,1060016,0,0,1624,0,0.000000,16384,1404,60016,4,1.000000,0.000000
40565,43329545174,1060004,0,0,1567,0,0.000000,16384,1432,60004,4,1.000000,0.000000
40566,43330602434,1057260,0,0,1796,0,0.000000,16384,1591,57260,4,1.000000,0.000000
40567,43331661043,1058609,0,0,1788,0,0.000000,16384,1568,58609,4,1.000000,0.000000
40568,43332676854,1015811,0,0,1580,0,0.000000,16384,1440,15811,4,1.000000,0.000000
40569,43333735864,1059010,0,0,1807,0,0.000000,16384,1607,59010,4,1.000000,0.000000
40570,43334793968,1058104,0,0,1787,0,0.000000,16384,1567,58104,4,1.000000,0.000000
40571,43335870075,1076107,0,0,1853,0,0.000000,16384,1652,76107,4,1.000000,0.000000
40572,43336926370,1056295,0,0,1825,0,0.000000,16384,1647,56295,4,1.000000,0.000000
40573,43337982732,1056362,0,0,1825,0,0.000000,16384,1640,56362,4,1.000000,0.000000
40574,43339043119,1060387,0,0,1826,0,0.000000,16384,1606,60387,4,1.000000,0.000000
40575,43340103471,1060352,0,0,1832,0,0.000000,16384,1608,60352,4,1.000000,0.000000
40576,43341159955,1056484,0,0,1827,0,0.000000,16384,1649,56484,4,1.000000,0.000000
40577,43342216719,1056764,0,0,1826,0,0.000000,16384,1647,56764,4,1.000000,0.000000
40578,43343272575,1055856,0,0,1822,0,0.000000,16384,1615,55856,4,1.000000,0.000000
40579,43344328590,1056015,0,0,1823,0,0.000000,16384,1603,56015,4,1.000000,0.000000
40580,43345386467,1057877,0,0,1769,0,0.000000,16384,1581,57877,4,1.000000,0.000000
40581,43346451232,1064765,0,0,1777,0,0.000000,16384,1610,64765,4,1.000000,0.000000
40582,43347507455,1056223,0,0,1822,0,0.000000,16384,1612,56223,4,1.000000,0.000000
40583,43348563601,1056146,0,0,1785,0,0.000000,16384,1566,56146,4,1.000000,0.000000
40584,43349621957,1058356,0,0,1755,0,0.000000,16384,1580,58356,4,1.000000,0.000000
40585,43350671157,1049200,0,0,1807,0,0.000000,16384,1632,49200,4,1.000000,0.000000
40586,43351727797,1056640,0,0,1823,0,0.000000,16384,1609,56640,4,1.000000,0.000000
40587,43352784352,1056555,0,0,1822,0,0.000000,16384,1602,56555,4,1.000000,0.000000
40588,43353846559,1062207,0,0,1797,0,0.000000,16384,1610,62207,4,1.000000,0.000000
40589,43354911929,1065370,0,0,1802,0,0.000000,16384,1630,65370,4,1.000000,0.000000
40590,43355968868,1056939,0,0,1825,0,0.000000,16384,1620,56939,4,1.000000,0.000000
40591,43357034646,1065778,0,0,1840,0,0.000000,16384,1620,65778,4,1.000000,0.000000
40592,43358095096,1060450,0,0,1821,0,0.000000,16384,1617,60450,4,1.000000,0.000000
40593,43359156858,1061762,0,0,1810,0,0.000000,16384,1635,61762,4,1.000000,0.000000
40594,43360215990,1059132,0,0,1711,0,0.000000,16384,1526,59132,4,1.000000,0.000000
40595,43361273606,1057616,0,0,1719,0,0.000000,16384,1498,57616,4,1.000000,0.000000
40596,43362331565,1057959,0,0,1752,0,0.000000,16384,1589,57959,4,1.000000,0.000000
40597,43363389062,1057497,0,0,1817,0,0.000000,16384,1641,57497,4,1.000000,0.000000
40598,43364445830,1056768,0,0,1774,0,0.000000,16384,1554,56768,4,1.000000,0.000000
40599,43365503295,1057465,0,0,1824,0,0.000000,16384,1605,57465,4,1.000000,0.000000
40600,43366559346,1056051,0,0,1823,0,0.000000,16384,1646,56051,4,1.000000,0.000000
40601,43367624492,1065146,0,0,1838,0,0.000000,16384,1658,65146,4,1.000000,0.000000
40602,43368670223,1045731,0,0,1799,0,0.000000,16384,1587,45731,4,1.000000,0.000000
40603,43369729586,1059363,0,0,1766,0,0.000000,16384,1546,59363,4,1.000000,0.000000
40604,43370791107,1061521,0,0,1541,0,0.000000,16384,1419,61521,4,1.000000,0.000000
40605,43371851822,1060715,0,0,1558,0,0.000000,16384,1344,60715,4,1.000000,0.000000
40606,43372909632,1057810,0,0,1680,0,0.000000,16384,1528,57810,4,1.000000,0.000000
40607,43373966826,1057194,0,0,1826,0,0.000000,16384,1638,57194,4,1.000000,0.000000
40608,43375022886,1056060,0,0,1818,0,0.000000,16384,1598,56060,4,1.000000,0.000000
40609,43376079839,1056953,0,0,1822,0,0.000000,16384,1604,56953,4,1.000000,0.000000
40610,43377135949,1056110,0,0,1822,0,0.000000,16384,1645,56110,4,1.000000,0.000000
40611,43378202812,1066863,0,0,1837,0,0.000000,16384,1657,66863,4,1.000000,0.000000
40612,43379259240,1056428,0,0,1822,0,0.000000,16384,1609,56428,4,1.000000,0.000000
40613,43380315131,1055891,0,0,1820,0,0.000000,16384,1600,55891,4,1.000000,0.000000
40614,43381370640,1055509,0,0,1820,0,0.000000,16384,1629,55509,4,1.000000,0.000000
40615,43382427531,1056891,0,0,1824,0,0.000000,16384,1646,56891,4,1.000000,0.000000
40616,43383483404,1055873,0,0,1822,0,0.000000,16384,1627,55873,4,1.000000,0.000000
40617,43384539273,1055869,0,0,1820,0,0.000000,16384,1600,55869,4,1.000000,0.000000
40618,43385595189,1055916,0,0,1749,0,0.000000,16384,1554,55916,4,1.000000,0.000000
40619,43386651109,1055920,0,0,1824,0,0.000000,16384,1645,55920,4,1.000000,0.000000
40620,43387670207,1019098,0,0,1758,0,0.000000,16384,1568,19098,4,1.000000,0.000000
40621,43388740592,1070385,0,0,1846,0,0.000000,16384,1626,70385,4,1.000000,0.000000
40622,43389798211,1057619,0,0,1754,0,0.000000,16384,1562,57619,4,1.000000,0.000000
40623,43390855535,1057324,0,0,1826,0,0.000000,16384,1648,57324,4,1.000000,0.000000
40624,43391911619,1056084,0,0,1824,0,0.000000,16384,1630,56084,4,1.000000,0.000000
40625,43392967683,1056064,0,0,1822,0,0.000000,16384,1602,56064,4,1.000000,0.000000
40626,43394023323,1055640,0,0,1822,0,0.000000,16384,1610,55640,4,1.000000,0.000000
40627,43395080595,1057272,0,0,1826,0,0.000000,16384,1648,57272,4,1.000000,0.000000
40628,43396136705,1056110,0,0,1814,0,0.000000,16384,1640,56110,4,1.000000,0.000000
40629,43397192592,1055887,0,0,1822,0,0.000000,16384,1598,55887,4,1.000000,0.000000
40630,43398248300,1055708,0,0,1803,0,0.000000,16384,1583,55708,4,1.000000,0.000000
40631,43399314445,1066145,0,0,1836,0,0.000000,16384,1654,66145,4,1.000000,0.000000
40632,43400373967,1059522,0,0,1829,0,0.000000,16384,1651,59522,4,1.000000,0.000000
40633,43401430913,1056946,0,0,1823,0,0.000000,16384,1619,56946,4,1.000000,0.000000
40634,43402487089,1056176,0,0,1820,0,0.000000,16384,1600,56176,4,1.000000,0.000000
40635,43403543088,1055999,0,0,1823,0,0.000000,16384,1621,55999,4,1.000000,0.000000
40636,43404603350,1060262,0,0,1830,0,0.000000,16384,1652,60262,4,1.000000,0.000000
40637,43405664824,1061474,0,0,1831,0,0.000000,16384,1647,61474,4,1.000000,0.000000
40638,43406724938,1060114,0,0,1815,0,0.000000,16384,1595,60114,4,1.000000,0.000000
40639,43407784461,1059523,0,0,1823,0,0.000000,16384,1598,59523,4,1.000000,0.000000
40640,43408845335,1060874,0,0,1830,0,0.000000,16384,1654,60874,4,1.000000,0.000000
40641,43409911859,1066524,0,0,1726,0,0.000000,16384,1563,66524,4,1.000000,0.000000
40642,43410971530,1059671,0,0,1780,0,0.000000,16384,1560,59671,4,1.000000,0.000000
40643,43412028935,1057405,0,0,1779,0,0.000000,16384,1573,57405,4,1.000000,0.000000
40644,43413084547,1055612,0,0,1820,0,0.000000,16384,1581,55612,4,1.000000,0.000000
40645,43414141161,1056614,0,0,1812,0,0.000000,16384,1600,56614,4,1.000000,0.000000
40646,43415197795,1056634,0,0,1825,0,0.000000,16384,1647,56634,4,1.000000,0.000000
40647,43416253407,1055612,0,0,1824,0,0.000000,16384,1647,55612,4,1.000000,0.000000
40648,43417313146,1059739,0,0,1742,0,0.000000,16384,1525,59739,4,1.000000,0.000000
40649,43418371309,1058163,0,0,1765,0,0.000000,16384,1561,58163,4,1.000000,0.000000
40650,43419427540,1056231,0,0,1815,0,0.000000,16384,1639,56231,4,1.000000,0.000000
40651,43420492530,1064990,0,0,1683,0,0.000000,16384,1499,64990,4,1.000000,0.000000
40652,43421549474,1056944,0,0,1820,0,0.000000,16384,1600,56944,4,1.000000,0.000000
40653,43422605565,1056091,0,0,1814,0,0.000000,16384,1622,56091,4,1.000000,0.000000
40654,43423663088,1057523,0,0,1719,0,0.000000,16384,1563,57523,4,1.000000,0.000000
40655,43424671378,1008290,0,0,1628,0,0.000000,16384,1416,8290,4,1.000000,0.000000
40656,43425728771,1057393,0,0,1790,0,0.000000,16384,1599,57393,4,1.000000,0.000000
40657,43426785591,1056820,0,0,1825,0,0.000000,16384,1647,56820,4,1.000000,0.000000
40658,43427841590,1055999,0,0,1812,0,0.000000,16384,1617,55999,4,1.000000,0.000000
40659,43428897374,1055784,0,0,1821,0,0.000000,16384,1600,55784,4,1.000000,0.000000
40660,43429955574,1058200,0,0,1741,0,0.000000,16384,1550,58200,4,1.000000,0.000000
40661,43431028992,1073418,0,0,1841,0,0.000000,16384,1660,73418,4,1.000000,0.000000
40662,43432085052,1056060,0,0,1779,0,0.000000,16384,1588,56060,4,1.000000,0.000000
40663,43433141309,1056257,0,0,1822,0,0.000000,16384,1602,56257,4,1.000000,0.000000
40664,43434199332,1058023,0,0,1818,0,0.000000,16384,1614,58023,4,1.000000,0.000000
40665,43435255909,1056577,0,0,1784,0,0.000000,16384,1614,56577,4,1.000000,0.000000
40666,43436311554,1055645,0,0,1812,0,0.000000,16384,1622,55645,4,1.000000,0.000000
40667,43437367463,1055909,0,0,1802,0,0.000000,16384,1582,55909,4,1.000000,0.000000
40668,43438423158,1055695,0,0,1820,0,0.000000,16384,1611,55695,4,1.000000,0.000000
40669,43439479612,1056454,0,0,1824,0,0.000000,16384,1647,56454,4,1.000000,0.000000
40670,43440535831,1056219,0,0,1823,0,0.000000,16384,1645,56219,4,1.000000,0.000000
40671,43441595921,1060090,0,0,1827,0,0.000000,16384,1603,60090,4,1.000000,0.000000
40672,43442651907,1055986,0,0,1821,0,0.000000,16384,1601,55986,4,1.000000,0.000000
40673,43443670222,1018315,0,0,1756,0,0.000000,16384,1587,18315,4,1.000000,0.000000
40674,43444725891,1055669,0,0,1820,0,0.000000,16384,1644,55669,4,1.000000,0.000000
40675,43445783836,1057945,0,0,1808,0,0.000000,16384,1589,57945,4,1.000000,0.000000
40676,43446840431,1056595,0,0,1821,0,0.000000,16384,1601,56595,4,1.000000,0.000000
40677,43447900454,1060023,0,0,1826,0,0.000000,16384,1642,60023,4,1.000000,0.000000
40678,43448961526,1061072,0,0,1816,0,0.000000,16384,1640,61072,4,1.000000,0.000000
40679,43450021117,1059591,0,0,1746,0,0.000000,16384,1542,59591,4,1.000000,0.000000
40680,43451078486,1057369,0,0,1825,0,0.000000,16384,1605,57369,4,1.000000,0.000000
40681,43452144376,1065890,0,0,1840,0,0.000000,16384,1649,65890,4,1.000000,0.000000
40682,43453201155,1056779,0,0,1825,0,0.000000,16384,1648,56779,4,1.000000,0.000000
40683,43454257696,1056541,0,0,1824,0,0.000000,16384,1628,56541,4,1.000000,0.000000
40684,43455314299,1056603,0,0,1824,0,0.000000,16384,1603,56603,4,1.000000,0.000000
40685,43456370338,1056039,0,0,1824,0,0.000000,16384,1614,56039,4,1.000000,0.000000
40686,43457429672,1059334,0,0,1824,0,0.000000,16384,1647,59334,4,1.000000,0.000000
40687,43460245402,2815730,0,0,4177,0,0.000000,16384,3716,1815730,4,1.000000,0.000000
40688,43461349284,1103882,0,0,1692,0,0.000000,16384,1529,103882,4,1.000000,0.000000
40689,43462632104,1282820,0,0,1830,0,0.000000,16384,1610,282820,4,1.000000,0.000000
40690,43463681687,1049583,0,0,1615,0,0.000000,16384,1438,49583,4,1.000000,0.000000
40691,43464777695,1096008,0,0,1780,0,0.000000,16384,1611,96008,4,1.000000,0.000000
40692,43465845730,1068035,0,0,1589,0,0.000000,16384,1375,68035,4,1.000000,0.000000
40693,43466911525,1065795,0,0,1631,0,0.000000,16384,1482,65795,4,1.000000,0.000000
40694,43467980672,1069147,0,0,1701,0,0.000000,16384,1510,69147,4,1.000000,0.000000
40695,43469050513,1069841,0,0,1716,0,0.000000,16384,1505,69841,4,1.000000,0.000000
40696,43470117434,1066921,0,0,1620,0,0.000000,16384,1482,66921,4,1.000000,0.000000
40697,43471187722,1070288,0,0,1460,0,0.000000,16384,1262,70288,4,1.000000,0.000000
40698,43472246201,1058479,0,0,1593,0,0.000000,16384,1462,58479,4,1.000000,0.000000
40699,43473313325,1067124,0,0,1521,0,0.000000,16384,1309,67124,4,1.000000,0.000000
40700,43474376028,1062703,0,0,1509,0,0.000000,16384,1391,62703,4,1.000000,0.000000
40701,43475466343,1090315,0,0,1530,0,0.000000,16384,1322,90315,4,1.000000,0.000000
40702,43476561610,1095267,0,0,1600,0,0.000000,16384,1468,95267,4,1.000000,0.000000
40703,43477657191,1095581,0,0,1642,0,0.000000,16384,1426,95581,4,1.000000,0.000000
40704,43478705920,1048729,0,0,1566,0,0.000000,16384,1420,48729,4,1.000000,0.000000
40705,43479775106,1069186,0,0,1596,0,0.000000,16384,1406,69186,4,1.000000,0.000000
40706,43480841056,1065950,0,0,1608,0,0.000000,16384,1439,65950,4,1.000000,0.000000
40707,43481955266,1114210,0,0,1597,0,0.000000,16384,1426,114210,4,1.000000,0.000000
40708,43483030066,1074800,0,0,1413,0,0.000000,16384,1263,74800,4,1.000000,0.000000
40709,43484103766,1073700,0,0,1430,0,0.000000,16384,1248,73700,4,1.000000,0.000000
40710,43485183087,1079321,0,0,1487,0,0.000000,16384,1366,79321,4,1.000000,0.000000
40711,43486292118,1109031,0,0,1508,0,0.000000,16384,1300,109031,4,1.000000,0.000000
40712,43487364400,1072282,0,0,1479,0,0.000000,16384,1356,72282,4,1.000000,0.000000
40713,43488428834,1064434,0,0,1490,0,0.000000,16384,1300,64434,4,1.000000,0.000000
40714,43489496101,1067267,0,0,1508,0,0.000000,16384,1362,67267,4,1.000000,0.000000
40715,43490565184,1069083,0,0,1473,0,0.000000,16384,1304,69083,4,1.000000,0.000000
40716,43491630405,1065221,0,0,1497,0,0.000000,16384,1334,65221,4,1.000000,0.000000
40717,43492713939,1083534,0,0,1619,0,0.000000,16384,1439,83534,4,1.000000,0.000000
40718,43493811307,1097368,0,0,1550,0,0.000000,16384,1390,97368,4,1.000000,0.000000
40719,43495342779,1531472,0,0,2117,0,0.000000,16384,1893,531472,4,1.000000,0.000000
40720,43496416008,1073229,0,0,1447,0,0.000000,16384,1276,73229,4,1.000000,0.000000
40721,43497515890,1099882,0,0,1490,0,0.000000,16384,1329,99882,4,1.000000,0.000000
40722,43498586062,1070172,0,0,1464,0,0.000000,16384,1315,70172,4,1.000000,0.000000
40723,43499663941,1077879,0,0,1456,0,0.000000,16384,1269,77879,4,1.000000,0.000000
40724,43500741005,1077064,0,0,1485,0,0.000000,16384,1365,77064,4,1.000000,0.000000
40725,43502682871,1941866,0,0,2650,0,0.000000,16384,2322,941866,4,1.000000,0.000000
40726,43503755649,1072778,0,0,1467,0,0.000000,16384,1346,72778,4,1.000000,0.000000
40727,43504827054,1071405,0,0,1482,0,0.000000,16384,1279,71405,4,1.000000,0.000000
40728,43505894440,1067386,0,0,1507,0,0.000000,16384,1379,67386,4,1.000000,0.000000
40729,43506958554,1064114,0,0,1497,0,0.000000,16384,1305,64114,4,1.000000,0.000000
40730,43508021774,1063220,0,0,1543,0,0.000000,16384,1399,63220,4,1.000000,0.000000
40731,43509118876,1097102,0,0,1715,0,0.000000,16384,1495,97102,4,1.000000,0.000000
40732,43510146072,1027196,0,0,1494,0,0.000000,16384,1378,27196,4,1.000000,0.000000
40733,43511216055,1069983,0,0,1470,0,0.000000,16384,1267,69983,4,1.000000,0.000000
40734,43512280538,1064483,0,0,1517,0,0.000000,16384,1384,64483,4,1.000000,0.000000
40735,43513366370,1085832,0,0,1498,0,0.000000,16384,1309,85832,4,1.000000,0.000000
40736,43514437318,1070948,0,0,1507,0,0.000000,16384,1359,70948,4,1.000000,0.000000
40737,43515728308,1290990,0,0,1735,0,0.000000,16384,1516,290990,4,1.000000,0.000000
40738,43516802174,1073866,0,0,1466,0,0.000000,16384,1349,73866,4,1.000000,0.000000
40739,43517870395,1068221,0,0,1486,0,0.000000,16384,1293,68221,4,1.000000,0.000000
40740,43519056215,1185820,0,0,1647,0,0.000000,16384,1505,185820,4,1.000000,0.000000
40741,43520152289,1096074,0,0,1574,0,0.000000,16384,1354,96074,4,1.000000,0.000000
40742,43521841132,1688843,0,0,2335,0,0.000000,16384,2107,688843,4,1.000000,0.000000
40743,43522908845,1067713,0,0,1544,0,0.000000,16384,1369,67713,4,1.000000,0.000000
40744,43523980047,1071202,0,0,1498,0,0.000000,16384,1339,71202,4,1.000000,0.000000
40745,43525052458,1072411,0,0,1440,0,0.000000,16384,1292,72411,4,1.000000,0.000000
40746,43526123522,1071064,0,0,1459,0,0.000000,16384,1273,71064,4,1.000000,0.000000
40747,43527196723,1073201,0,0,1471,0,0.000000,16384,1353,73201,4,1.000000,0.000000
40748,43528270638,1073915,0,0,1476,0,0.000000,16384,1274,73915,4,1.000000,0.000000
40749,43529341601,1070963,0,0,1445,0,0.000000,16384,1313,70963,4,1.000000,0.000000
40750,43530742217,1400616,0,0,1902,0,0.000000,16384,1682,400616,4,1.000000,0.000000
40751,43531840674,1098457,0,0,1487,0,0.000000,16384,1340,98457,4,1.000000,0.000000
40752,43534685239,2844565,0,0,3893,0,0.000000,16384,3476,1844565,4,1.000000,0.000000
40753,43535757454,1072215,0,0,1446,0,0.000000,16384,1263,72215,4,1.000000,0.000000
40754,43536825581,1068127,0,0,1610,0,0.000000,16384,1457,68127,4,1.000000,0.000000
40755,43537893064,1067483,0,0,1504,0,0.000000,16384,1315,67483,4,1.000000,0.000000
40756,43538958123,1065059,0,0,1481,0,0.000000,16384,1334,65059,4,1.000000,0.000000
40757,43540019543,1061420,0,0,1616,0,0.000000,16384,1424,61420,4,1.000000,0.000000
40758,43541083496,1063953,0,0,1535,0,0.000000,16384,1391,63953,4,1.000000,0.000000
40759,43542252113,1168617,0,0,1685,0,0.000000,16384,1465,168617,4,1.000000,0.000000
40760,43543323879,1071766,0,0,1459,0,0.000000,16384,1343,71766,4,1.000000,0.000000
40761,43544430958,1107079,0,0,1579,0,0.000000,16384,1369,107079,4,1.000000,0.000000
40762,43545844807,1413849,0,0,1961,0,0.000000,16384,1756,413849,4,1.000000,0.000000
40763,43546915728,1070921,0,0,1437,0,0.000000,16384,1292,70921,4,1.000000,0.000000
40764,43548007458,1091730,0,0,1538,0,0.000000,16384,1369,91730,4,1.000000,0.000000
40765,43549085848,1078390,0,0,1715,0,0.000000,16384,1548,78390,4,1.000000,0.000000
40766,43550155815,1069967,0,0,1466,0,0.000000,16384,1278,69967,4,1.000000,0.000000
40767,43551221096,1065281,0,0,1501,0,0.000000,16384,1353,65281,4,1.000000,0.000000
40768,43552282984,1061888,0,0,1592,0,0.000000,16384,1402,61888,4,1.000000,0.000000
40769,43553345512,1062528,0,0,1557,0,0.000000,16384,1411,62528,4,1.000000,0.000000
40770,43554410913,1065401,0,0,1432,0,0.000000,16384,1261,65401,4,1.000000,0.000000
40771,43555510562,1099649,0,0,1517,0,0.000000,16384,1354,99649,4,1.000000,0.000000
40772,43556576883,1066321,0,0,1451,0,0.000000,16384,1301,66321,4,1.000000,0.000000
40773,43557640413,1063530,0,0,1493,0,0.000000,16384,1309,63530,4,1.000000,0.000000
40774,43558678045,1037632,0,0,1458,0,0.000000,16384,1333,37632,4,1.000000,0.000000
40775,43559740357,1062312,0,0,1513,0,0.000000,16384,1302,62312,4,1.000000,0.000000
40776,43560799559,1059202,0,0,1535,0,0.000000,16384,1419,59202,4,1.000000,0.000000
40777,43561866296,1066737,0,0,1472,0,0.000000,16384,1269,66737,4,1.000000,0.000000
40778,43563648222,1781926,0,0,2460,0,0.000000,16384,2215,781926,4,1.000000,0.000000
40779,43564691839,1043617,0,0,1450,0,0.000000,16384,1288,43617,4,1.000000,0.000000
40780,43565760572,1068733,0,0,1532,0,0.000000,16384,1362,68733,4,1.000000,0.000000
40781,43566855704,1095132,0,0,1583,0,0.000000,16384,1410,95132,4,1.000000,0.000000
40782,43567920027,1064323,0,0,1539,0,0.000000,16384,1372,64323,4,1.000000,0.000000
40783,43569041854,1121827,0,0,1555,0,0.000000,16384,1384,121827,4,1.000000,0.000000
40784,43570110156,1068302,0,0,1533,0,0.000000,16384,1368,68302,4,1.000000,0.000000
40785,43571276148,1165992,0,0,1599,0,0.000000,16384,1419,165992,4,1.000000,0.000000
40786,43572343402,1067254,0,0,1435,0,0.000000,16384,1283,67254,4,1.000000,0.000000
40787,43573408261,1064859,0,0,1483,0,0.000000,16384,1332,64859,4,1.000000,0.000000
40788,43574468998,1060737,0,0,1502,0,0.000000,16384,1317,60737,4,1.000000,0.000000
40789,43575531325,1062327,0,0,1581,0,0.000000,16384,1430,62327,4,1.000000,0.000000
40790,43576592735,1061410,0,0,1640,0,0.000000,16384,1453,61410,4,1.000000,0.000000
40791,43577687269,1094534,0,0,1573,0,0.000000,16384,1398,94534,4,1.000000,0.000000
40792,43578752604,1065335,0,0,1622,0,0.000000,16384,1459,65335,4,1.000000,0.000000
40793,43579818956,1066352,0,0,1517,0,0.000000,16384,1333,66352,4,1.000000,0.000000
40794,43580884085,1065129,0,0,1613,0,0.000000,16384,1461,65129,4,1.000000,0.000000
40795,43583377952,2493867,0,0,3733,0,0.000000,16384,3289,1493867,4,1.000000,0.000000
40796,43584449930,1071978,0,0,1578,0,0.000000,16384,1445,71978,4,1.000000,0.000000
40797,43585522776,1072846,0,0,1436,0,0.000000,16384,1241,72846,4,1.000000,0.000000
40798,43586595749,1072973,0,0,1579,0,0.000000,16384,1453,72973,4,1.000000,0.000000
40799,43587659584,1063835,0,0,1608,0,0.000000,16384,1390,63835,4,1.000000,0.000000
40800,43588677897,1018313,0,0,1433,0,0.000000,16384,1317,18313,4,1.000000,0.000000
40801,43589768951,1091054,0,0,1534,0,0.000000,16384,1326,91054,4,1.000000,0.000000
40802,43591369673,1600722,0,0,2239,0,0.000000,16384,2003,600722,4,1.000000,0.000000
40803,43592435682,1066009,0,0,1508,0,0.000000,16384,1369,66009,4,1.000000,0.000000
40804,43593500239,1064557,0,0,1541,0,0.000000,16384,1344,64557,4,1.000000,0.000000
40805,43594569994,1069755,0,0,1498,0,0.000000,16384,1368,69755,4,1.000000,0.000000
40806,43595634415,1064421,0,0,1605,0,0.000000,16384,1399,64421,4,1.000000,0.000000
40807,43596683034,1048619,0,0,1474,0,0.000000,16384,1345,48619,4,1.000000,0.000000
40808,43597753183,1070149,0,0,1554,0,0.000000,16384,1347,70149,4,1.000000,0.000000
40809,43598821122,1067939,0,0,1610,0,0.000000,16384,1465,67939,4,1.000000,0.000000
40810,43599881103,1059981,0,0,1643,0,0.000000,16384,1452,59981,4,1.000000,0.000000
40811,43600973483,1092380,0,0,1562,0,0.000000,16384,1393,92380,4,1.000000,0.000000
40812,43602035870,1062387,0,0,1479,0,0.000000,16384,1312,62387,4,1.000000,0.000000
40813,43603100213,1064343,0,0,1448,0,0.000000,16384,1310,64343,4,1.000000,0.000000
40814,43604169218,1069005,0,0,1475,0,0.000000,16384,1277,69005,4,1.000000,0.000000
40815,43605235183,1065965,0,0,1598,0,0.000000,16384,1462,65965,4,1.000000,0.000000
40816,43606299464,1064281,0,0,1611,0,0.000000,16384,1411,64281,4,1.000000,0.000000
40817,43607361449,1061985,0,0,1597,0,0.000000,16384,1437,61985,4,1.000000,0.000000
40818,43608424356,1062907,0,0,1491,0,0.000000,16384,1315,62907,4,1.000000,0.000000
40819,43609487923,1063567,0,0,1498,0,0.000000,16384,1357,63567,4,1.000000,0.000000
40820,43610548373,1060450,0,0,1630,0,0.000000,16384,1435,60450,4,1.000000,0.000000
40821,43611649675,1101302,0,0,1439,0,0.000000,16384,1301,101302,4,1.000000,0.000000
40822,43612677546,1027871,0,0,1450,0,0.000000,16384,1251,27871,4,1.000000,0.000000
40823,43613739322,1061776,0,0,1592,0,0.000000,16384,1463,61776,4,1.000000,0.000000
40824,43614798923,1059601,0,0,1539,0,0.000000,16384,1333,59601,4,1.000000,0.000000
40825,43615859438,1060515,0,0,1644,0,0.000000,16384,1494,60515,4,1.000000,0.000000
40826,43616923520,1064082,0,0,1642,0,0.000000,16384,1454,64082,4,1.000000,0.000000
40827,43617989497,1065977,0,0,1472,0,0.000000,16384,1318,65977,4,1.000000,0.000000
40828,43619056675,1067178,0,0,1536,0,0.000000,16384,1356,67178,4,1.000000,0.000000
40829,43620181400,1124725,0,0,1532,0,0.000000,16384,1379,124725,4,1.000000,0.000000
40830,43621239224,1057824,0,0,1397,0,0.000000,16384,1213,57824,4,1.000000,0.000000
40831,43622337360,1098136,0,0,1528,0,0.000000,16384,1408,98136,4,1.000000,0.000000
40832,43623401601,1064241,0,0,1459,0,0.000000,16384,1261,64241,4,1.000000,0.000000
40833,43624689896,1288295,0,0,1858,0,0.000000,16384,1674,288295,4,1.000000,0.000000
40834,43625762467,1072571,0,0,1457,0,0.000000,16384,1288,72571,4,1.000000,0.000000
40835,43626830826,1068359,0,0,1491,0,0.000000,16384,1351,68359,4,1.000000,0.000000
40836,43627894737,1063911,0,0,1507,0,0.000000,16384,1311,63911,4,1.000000,0.000000
40837,43628962421,1067684,0,0,1463,0,0.000000,16384,1347,67684,4,1.000000,0.000000
40838,43630030424,1068003,0,0,1471,0,0.000000,16384,1269,68003,4,1.000000,0.000000
40839,43631506801,1476377,0,0,2018,0,0.000000,16384,1801,476377,4,1.000000,0.000000
40840,43632581595,1074794,0,0,1439,0,0.000000,16384,1298,74794,4,1.000000,0.000000
40841,43633684932,1103337,0,0,1485,0,0.000000,16384,1323,103337,4,1.000000,0.000000
40842,43634753734,1068802,0,0,1455,0,0.000000,16384,1285,68802,4,1.000000,0.000000
40843,43635824752,1071018,0,0,1428,0,0.000000,16384,1302,71018,4,1.000000,0.000000
40844,43636900819,1076067,0,0,1516,0,0.000000,16384,1306,76067,4,1.000000,0.000000
40845,43641014710,4113891,0,0,5496,0,0.000000,16384,4931,3113891,4,1.000000,0.000000
40846,43642100421,1085711,0,0,1467,0,0.000000,16384,1295,85711,4,1.000000,0.000000
40847,43643177355,1076934,0,0,1477,0,0.000000,16384,1318,76934,4,1.000000,0.000000
40848,43644250532,1073177,0,0,1452,0,0.000000,16384,1306,73177,4,1.000000,0.000000
40849,43645326752,1076220,0,0,1454,0,0.000000,16384,1264,76220,4,1.000000,0.000000
40850,43646402624,1075872,0,0,1456,0,0.000000,16384,1340,75872,4,1.000000,0.000000
40851,43647504572,1101948,0,0,1517,0,0.000000,16384,1312,101948,4,1.000000,0.000000
40852,43648580948,1076376,0,0,1477,0,0.000000,16384,1346,76376,4,1.000000,0.000000
40853,43649651042,1070094,0,0,1449,0,0.000000,16384,1275,70094,4,1.000000,0.000000
40854,43650681924,1030882,0,0,1389,0,0.000000,16384,1199,30882,4,1.000000,0.000000
40855,43651957348,1275424,0,0,1727,0,0.000000,16384,1534,275424,4,1.000000,0.000000
40856,43653031811,1074463,0,0,1451,0,0.000000,16384,1290,74463,4,1.000000,0.000000
40857,43654104110,1072299,0,0,1450,0,0.000000,16384,1279,72299,4,1.000000,0.000000
40858,43655172740,1068630,0,0,1405,0,0.000000,16384,1287,68630,4,1.000000,0.000000
40859,43657141821,1969081,0,0,2709,0,0.000000,16384,2378,969081,4,1.000000,0.000000
40860,43658825905,1684084,0,0,2281,0,0.000000,16384,2054,684084,4,1.000000,0.000000
40861,43659943140,1117235,0,0,1497,0,0.000000,16384,1318,117235,4,1.000000,0.000000
40862,43661015256,1072116,0,0,1521,0,0.000000,16384,1364,72116,4,1.000000,0.000000
40863,43662083722,1068466,0,0,1461,0,0.000000,16384,1302,68466,4,1.000000,0.000000
40864,43663148476,1064754,0,0,1457,0,0.000000,16384,1284,64754,4,1.000000,0.000000
40865,43664211533,1063057,0,0,1443,0,0.000000,16384,1317,63057,4,1.000000,0.000000
40866,43665276793,1065260,0,0,1515,0,0.000000,16384,1305,65260,4,1.000000,0.000000
40867,43666340209,1063416,0,0,1627,0,0.000000,16384,1489,63416,4,1.000000,0.000000
40868,43667433945,1093736,0,0,1784,0,0.000000,16384,1582,93736,4,1.000000,0.000000
40869,43668528514,1094569,0,0,1802,0,0.000000,16384,1582,94569,4,1.000000,0.000000
40870,43669596212,1067698,0,0,1509,0,0.000000,16384,1380,67698,4,1.000000,0.000000
40871,43671339258,1743046,0,0,2294,0,0.000000,16384,2023,743046,4,1.000000,0.000000
40872,43672413567,1074309,0,0,1432,0,0.000000,16384,1272,74309,4,1.000000,0.000000
40873,43673648988,1235421,0,0,1701,0,0.000000,16384,1514,235421,4,1.000000,0.000000
40874,43674688348,1039360,0,0,1469,0,0.000000,16384,1315,39360,4,1.000000,0.000000
40875,43675756411,1068063,0,0,1527,0,0.000000,16384,1363,68063,4,1.000000,0.000000
40876,43677909330,2152919,0,0,3148,0,0.000000,16384,2800,1152919,4,1.000000,0.000000
40877,43678977462,1068132,0,0,1654,0,0.000000,16384,1495,68132,4,1.000000,0.000000
40878,43680042667,1065205,0,0,1636,0,0.000000,16384,1415,65205,4,1.000000,0.000000
40879,43681109693,1067026,0,0,1624,0,0.000000,16384,1489,67026,4,1.000000,0.000000
40880,43682177733,1068040,0,0,1636,0,0.000000,16384,1436,68040,4,1.000000,0.000000
40881,43683270173,1092440,0,0,1626,0,0.000000,16384,1454,92440,4,1.000000,0.000000
40882,43684331285,1061112,0,0,1529,0,0.000000,16384,1365,61112,4,1.000000,0.000000
40883,43685392625,1061340,0,0,1615,0,0.000000,16384,1431,61340,4,1.000000,0.000000
40884,43686455690,1063065,0,0,1570,0,0.000000,16384,1414,63065,4,1.000000,0.000000
40885,43687521806,1066116,0,0,1601,0,0.000000,16384,1404,66116,4,1.000000,0.000000
40886,43688584191,1062385,0,0,1601,0,0.000000,16384,1462,62385,4,1.000000,0.000000
40887,43689645704,1061513,0,0,1514,0,0.000000,16384,1311,61513,4,1.000000,0.000000
40888,43690685557,1039853,0,0,1550,0,0.000000,16384,1417,39853,4,1.000000,0.000000
40889,43691785393,1099836,0,0,1633,0,0.000000,16384,1413,99836,4,1.000000,0.000000
40890,43692851840,1066447,0,0,1458,0,0.000000,16384,1341,66447,4,1.000000,0.000000
40891,43693949512,1097672,0,0,1653,0,0.000000,16384,1434,97672,4,1.000000,0.000000
40892,43695018938,1069426,0,0,1500,0,0.000000,16384,1379,69426,4,1.000000,0.000000
40893,43696083297,1064359,0,0,1492,0,0.000000,16384,1287,64359,4,1.000000,0.000000
40894,43697147702,1064405,0,0,1481,0,0.000000,16384,1355,64405,4,1.000000,0.000000
40895,43698220580,1072878,0,0,1490,0,0.000000,16384,1302,72878,4,1.000000,0.000000
40896,43699286830,1066250,0,0,1499,0,0.000000,16384,1351,66250,4,1.000000,0.000000
40897,43700352271,1065441,0,0,1543,0,0.000000,16384,1364,65441,4,1.000000,0.000000
40898,43701415062,1062791,0,0,1603,0,0.000000,16384,1446,62791,4,1.000000,0.000000
40899,43702483136,1068074,0,0,1568,0,0.000000,16384,1371,68074,4,1.000000,0.000000
40900,43703590647,1107511,0,0,1630,0,0.000000,16384,1491,107511,4,1.000000,0.000000
40901,43704682782,1092135,0,0,1518,0,0.000000,16384,1309,92135,4,1.000000,0.000000
40902,43705753019,1070237,0,0,1554,0,0.000000,16384,1427,70237,4,1.000000,0.000000
40903,43706826241,1073222,0,0,1583,0,0.000000,16384,1363,73222,4,1.000000,0.000000
40904,43707895882,1069641,0,0,1593,0,0.000000,16384,1462,69641,4,1.000000,0.000000
40905,43708959306,1063424,0,0,1606,0,0.000000,16384,1401,63424,4,1.000000,0.000000
40906,43710020721,1061415,0,0,1526,0,0.000000,16384,1385,61415,4,1.000000,0.000000
40907,43711081812,1061091,0,0,1513,0,0.000000,16384,1318,61091,4,1.000000,0.000000
40908,43712142129,1060317,0,0,1554,0,0.000000,16384,1416,60317,4,1.000000,0.000000
40909,43713208225,1066096,0,0,1560,0,0.000000,16384,1362,66096,4,1.000000,0.000000
40910,43714271617,1063392,0,0,1558,0,0.000000,16384,1414,63392,4,1.000000,0.000000
40911,43715373994,1102377,0,0,1644,0,0.000000,16384,1452,102377,4,1.000000,0.000000
40912,43716445432,1071438,0,0,1531,0,0.000000,16384,1368,71438,4,1.000000,0.000000
40913,43717512345,1066913,0,0,1451,0,0.000000,16384,1278,66913,4,1.000000,0.000000
40914,43718580378,1068033,0,0,1476,0,0.000000,16384,1345,68033,4,1.000000,0.000000
40915,43719647432,1067054,0,0,1510,0,0.000000,16384,1305,67054,4,1.000000,0.000000
40916,43720676222,1028790,0,0,1454,0,0.000000,16384,1338,28790,4,1.000000,0.000000
40917,43721737606,1061384,0,0,1512,0,0.000000,16384,1312,61384,4,1.000000,0.000000
40918,43722800288,1062682,0,0,1514,0,0.000000,16384,1378,62682,4,1.000000,0.000000
40919,43723864654,1064366,0,0,1504,0,0.000000,16384,1317,64366,4,1.000000,0.000000
40920,43724927224,1062570,0,0,1522,0,0.000000,16384,1372,62570,4,1.000000,0.000000
40921,43726013323,1086099,0,0,1548,0,0.000000,16384,1365,86099,4,1.000000,0.000000
40922,43727073652,1060329,0,0,1515,0,0.000000,16384,1362,60329,4,1.000000,0.000000
40923,43728133342,1059690,0,0,1508,0,0.000000,16384,1337,59690,4,1.000000,0.000000
40924,43729192768,1059426,0,0,1528,0,0.000000,16384,1364,59426,4,1.000000,0.000000
40925,43730251544,1058776,0,0,1617,0,0.000000,16384,1433,58776,4,1.000000,0.000000
40926,43731308323,1056779,0,0,1608,0,0.000000,16384,1456,56779,4,1.000000,0.000000
40927,43732393842,1085519,0,0,1639,0,0.000000,16384,1421,85519,4,1.000000,0.000000
40928,43733458183,1064341,0,0,1477,0,0.000000,16384,1359,64341,4,1.000000,0.000000
40929,43734519686,1061503,0,0,1503,0,0.000000,16384,1306,61503,4,1.000000,0.000000
40930,43735609612,1089926,0,0,1633,0,0.000000,16384,1494,89926,4,1.000000,0.000000
40931,43736677119,1067507,0,0,1494,0,0.000000,16384,1290,67507,4,1.000000,0.000000
40932,43737708068,1030949,0,0,1542,0,0.000000,16384,1410,30949,4,1.000000,0.000000
40933,43738774427,1066359,0,0,1601,0,0.000000,16384,1384,66359,4,1.000000,0.000000
40934,43739838544,1064117,0,0,1593,0,0.000000,16384,1462,64117,4,1.000000,0.000000
40935,43740904121,1065577,0,0,1588,0,0.000000,16384,1380,65577,4,1.000000,0.000000
40936,43741969227,1065106,0,0,1577,0,0.000000,16384,1433,65106,4,1.000000,0.000000
40937,43743034771,1065544,0,0,1705,0,0.000000,16384,1509,65544,4,1.000000,0.000000
40938,43744098057,1063286,0,0,1695,0,0.000000,16384,1492,63286,4,1.000000,0.000000
40939,43745158794,1060737,0,0,1605,0,0.000000,16384,1472,60737,4,1.000000,0.000000
40940,43746219699,1060905,0,0,1577,0,0.000000,16384,1357,60905,4,1.000000,0.000000
40941,43747296727,1077028,0,0,1628,0,0.000000,16384,1487,77028,4,1.000000,0.000000
40942,43748358190,1061463,0,0,1586,0,0.000000,16384,1391,61463,4,1.000000,0.000000
40943,43749418774,1060584,0,0,1540,0,0.000000,16384,1391,60584,4,1.000000,0.000000
40944,43750479177,1060403,0,0,1575,0,0.000000,16384,1388,60403,4,1.000000,0.000000
40945,43751538622,1059445,0,0,1589,0,0.000000,16384,1424,59445,4,1.000000,0.000000
40946,43752597426,1058804,0,0,1588,0,0.000000,16384,1413,58804,4,1.000000,0.000000
40947,43753657339,1059913,0,0,1574,0,0.000000,16384,1397,59913,4,1.000000,0.000000
40948,43754672101,1014762,0,0,1530,0,0.000000,16384,1370,14762,4,1.000000,0.000000
40949,43755729684,1057583,0,0,1605,0,0.000000,16384,1419,57583,4,1.000000,0.000000
40950,43756786447,1056763,0,0,1608,0,0.000000,16384,1459,56763,4,1.000000,0.000000
40951,43757861914,1075467,0,0,1595,0,0.000000,16384,1384,75467,4,1.000000,0.000000
40952,43758920784,1058870,0,0,1603,0,0.000000,16384,1470,58870,4,1.000000,0.000000
40953,43759978773,1057989,0,0,1603,0,0.000000,16384,1391,57989,4,1.000000,0.000000
40954,43761036264,1057491,0,0,1606,0,0.000000,16384,1457,57491,4,1.000000,0.000000
40955,43762094063,1057799,0,0,1584,0,0.000000,16384,1397,57799,4,1.000000,0.000000
40956,43763151743,1057680,0,0,1553,0,0.000000,16384,1392,57680,4,1.000000,0.000000
40957,43764211310,1059567,0,0,1567,0,0.000000,16384,1392,59567,4,1.000000,0.000000
40958,43765269957,1058647,0,0,1568,0,0.000000,16384,1398,58647,4,1.000000,0.000000
40959,43766332128,1062171,0,0,1493,0,0.000000,16384,1327,62171,4,1.000000,0.000000
40960,43767392201,1060073,0,0,1569,0,0.000000,16384,1403,60073,4,1.000000,0.000000
40961,43768480004,1087803,0,0,1640,0,0.000000,16384,1466,87803,4,1.000000,0.000000
40962,43769540184,1060180,0,0,1601,0,0.000000,16384,1408,60180,4,1.000000,0.000000
40963,43770599923,1059739,0,0,1618,0,0.000000,16384,1475,59739,4,1.000000,0.000000
40964,43771657860,1057937,0,0,1611,0,0.000000,16384,1391,57937,4,1.000000,0.000000
40965,43772738180,1080320,0,0,1519,0,0.000000,16384,1401,80320,4,1.000000,0.000000
40966,43773802450,1064270,0,0,1446,0,0.000000,16384,1250,64270,4,1.000000,0.000000
40967,43774864780,1062330,0,0,1518,0,0.000000,16384,1380,62330,4,1.000000,0.000000
40968,43775927561,1062781,0,0,1508,0,0.000000,16384,1321,62781,4,1.000000,0.000000
40969,43776993526,1065965,0,0,1515,0,0.000000,16384,1366,65965,4,1.000000,0.000000
40970,43778054400,1060874,0,0,1585,0,0.000000,16384,1395,60874,4,1.000000,0.000000
40971,43779134908,1080508,0,0,1654,0,0.000000,16384,1508,80508,4,1.000000,0.000000
40972,43780194162,1059254,0,0,1603,0,0.000000,16384,1383,59254,4,1.000000,0.000000
40973,43781254089,1059927,0,0,1612,0,0.000000,16384,1472,59927,4,1.000000,0.000000
40974,43782311862,1057773,0,0,1601,0,0.000000,16384,1405,57773,4,1.000000,0.000000
40975,43783370492,1058630,0,0,1617,0,0.000000,16384,1450,58630,4,1.000000,0.000000
40976,43784428493,1058001,0,0,1622,0,0.000000,16384,1449,58001,4,1.000000,0.000000
40977,43785487467,1058974,0,0,1622,0,0.000000,16384,1427,58974,4,1.000000,0.000000
40978,43786547233,1059766,0,0,1592,0,0.000000,16384,1451,59766,4,1.000000,0.000000
40979,43787608194,1060961,0,0,1601,0,0.000000,16384,1384,60961,4,1.000000,0.000000
40980,43788673319,1065125,0,0,1559,0,0.000000,16384,1435,65125,4,1.000000,0.000000
40981,43789753759,1080440,0,0,1444,0,0.000000,16384,1249,80440,4,1.000000,0.000000
40982,43790820962,1067203,0,0,1410,0,0.000000,16384,1274,67203,4,1.000000,0.000000
40983,43791887890,1066928,0,0,1525,0,0.000000,16384,1355,66928,4,1.000000,0.000000
40984,43792973152,1085262,0,0,1535,0,0.000000,16384,1369,85262,4,1.000000,0.000000
40985,43794035524,1062372,0,0,1552,0,0.000000,16384,1381,62372,4,1.000000,0.000000
40986,43795092855,1057331,0,0,1620,0,0.000000,16384,1455,57331,4,1.000000,0.000000
40987,43796152026,1059171,0,0,1579,0,0.000000,16384,1385,59171,4,1.000000,0.000000
40988,43797209484,1057458,0,0,1600,0,0.000000,16384,1458,57458,4,1.000000,0.000000
40989,43798267379,1057895,0,0,1623,0,0.000000,16384,1403,57895,4,1.000000,0.000000
40990,43799325582,1058203,0,0,1623,0,0.000000,16384,1483,58203,4,1.000000,0.000000
40991,43800410193,1084611,0,0,1586,0,0.000000,16384,1389,84611,4,1.000000,0.000000
40992,43801467825,1057632,0,0,1615,0,0.000000,16384,1453,57632,4,1.000000,0.000000
40993,43802524908,1057083,0,0,1622,0,0.000000,16384,1445,57083,4,1.000000,0.000000
40994,43803583260,1058352,0,0,1602,0,0.000000,16384,1415,58352,4,1.000000,0.000000
40995,43804643394,1060134,0,0,1558,0,0.000000,16384,1408,60134,4,1.000000,0.000000
40996,43805686225,1042831,0,0,1412,0,0.000000,16384,1248,42831,4,1.000000,0.000000
40997,43806753455,1067230,0,0,1418,0,0.000000,16384,1251,67230,4,1.000000,0.000000
40998,43807813671,1060216,0,0,1524,0,0.000000,16384,1385,60216,4,1.000000,0.000000
40999,43808876269,1062598,0,0,1529,0,0.000000,16384,1332,62598,4,1.000000,0.000000
41000,43809937441,1061172,0,0,1600,0,0.000000,16384,1452,61172,4,1.000000,0.000000
41001,43811016598,1079157,0,0,1653,0,0.000000,16384,1463,79157,4,1.000000,0.000000
41002,43812074309,1057711,0,0,1622,0,0.000000,16384,1437,57711,4,1.000000,0.000000
41003,43813136988,1062679,0,0,1562,0,0.000000,16384,1409,62679,4,1.000000,0.000000
41004,43814196821,1059833,0,0,1501,0,0.000000,16384,1323,59833,4,1.000000,0.000000
41005,43815255692,1058871,0,0,1520,0,0.000000,16384,1362,58871,4,1.000000,0.000000
41006,43816314380,1058688,0,0,1509,0,0.000000,16384,1342,58688,4,1.000000,0.000000
41007,43817374593,1060213,0,0,1485,0,0.000000,16384,1320,60213,4,1.000000,0.000000
41008,43818438399,1063806,0,0,1565,0,0.000000,16384,1400,63806,4,1.000000,0.000000
41009,43819498568,1060169,0,0,1580,0,0.000000,16384,1405,60169,4,1.000000,0.000000
41010,43820557937,1059369,0,0,1581,0,0.000000,16384,1404,59369,4,1.000000,0.000000
41011,43821655271,1097334,0,0,1668,0,0.000000,16384,1508,97334,4,1.000000,0.000000
41012,43822674473,1019202,0,0,1570,0,0.000000,16384,1364,19202,4,1.000000,0.000000
41013,43823736110,1061637,0,0,1619,0,0.000000,16384,1483,61637,4,1.000000,0.000000
41014,43824795685,1059575,0,0,1575,0,0.000000,16384,1362,59575,4,1.000000,0.000000
41015,43825856575,1060890,0,0,1602,0,0.000000,16384,1460,60890,4,1.000000,0.000000
41016,43826924871,1068296,0,0,1565,0,0.000000,16384,1371,68296,4,1.000000,0.000000
41017,43827996035,1071164,0,0,1486,0,0.000000,16384,1350,71164,4,1.000000,0.000000
41018,43829064260,1068225,0,0,1477,0,0.000000,16384,1277,68225,4,1.000000,0.000000
41019,43830128651,1064391,0,0,1497,0,0.000000,16384,1381,64391,4,1.000000,0.000000
41020,43831192465,1063814,0,0,1498,0,0.000000,16384,1294,63814,4,1.000000,0.000000
41021,43832282955,1090490,0,0,1539,0,0.000000,16384,1406,90490,4,1.000000,0.000000
41022,43833430954,1147999,0,0,1522,0,0.000000,16384,1324,147999,4,1.000000,0.000000
41023,43834508134,1077180,0,0,1356,0,0.000000,16384,1223,77180,4,1.000000,0.000000
41024,43835592599,1084465,0,0,1406,0,0.000000,16384,1268,84465,4,1.000000,0.000000
41025,43836681257,1088658,0,0,1394,0,0.000000,16384,1208,88658,4,1.000000,0.000000
41026,43837751791,1070534,0,0,1429,0,0.000000,16384,1301,70534,4,1.000000,0.000000
41027,43838822170,1070379,0,0,1350,0,0.000000,16384,1203,70379,4,1.000000,0.000000
41028,43839978980,1156810,0,0,1553,0,0.000000,16384,1368,156810,4,1.000000,0.000000
41029,43841562832,1583852,0,0,1990,0,0.000000,16384,1766,583852,4,1.000000,0.000000
41030,43842657797,1094965,0,0,1444,0,0.000000,16384,1324,94965,4,1.000000,0.000000
41031,43843774109,1116312,0,0,1479,0,0.000000,16384,1277,116312,4,1.000000,0.000000
41032,43844857283,1083174,0,0,1435,0,0.000000,16384,1305,83174,4,1.000000,0.000000
41033,43845942339,1085056,0,0,1422,0,0.000000,16384,1261,85056,4,1.000000,0.000000
41034,43847016477,1074138,0,0,1388,0,0.000000,16384,1217,74138,4,1.000000,0.000000
41035,43848147045,1130568,0,0,1507,0,0.000000,16384,1380,130568,4,1.000000,0.000000
41036,43849220312,1073267,0,0,1541,0,0.000000,16384,1332,73267,4,1.000000,0.000000
41037,43850284781,1064469,0,0,1601,0,0.000000,16384,1462,64469,4,1.000000,0.000000
41038,43851349051,1064270,0,0,1592,0,0.000000,16384,1395,64270,4,1.000000,0.000000
41039,43852413097,1064046,0,0,1588,0,0.000000,16384,1430,64046,4,1.000000,0.000000
41040,43853547714,1134617,0,0,1669,0,0.000000,16384,1487,134617,4,1.000000,0.000000
41041,43854725331,1177617,0,0,1670,0,0.000000,16384,1465,177617,4,1.000000,0.000000
41042,43855793272,1067941,0,0,1397,0,0.000000,16384,1266,67941,4,1.000000,0.000000
41043,43856898767,1105495,0,0,1541,0,0.000000,16384,1365,105495,4,1.000000,0.000000
41044,43857972603,1073836,0,0,1397,0,0.000000,16384,1241,73836,4,1.000000,0.000000
41045,43859044698,1072095,0,0,1468,0,0.000000,16384,1332,72095,4,1.000000,0.000000
41046,43860111554,1066856,0,0,1477,0,0.000000,16384,1277,66856,4,1.000000,0.000000
41047,43861184416,1072862,0,0,1478,0,0.000000,16384,1362,72862,4,1.000000,0.000000
41048,43862255159,1070743,0,0,1550,0,0.000000,16384,1340,70743,4,1.000000,0.000000
41049,43863324091,1068932,0,0,1589,0,0.000000,16384,1458,68932,4,1.000000,0.000000
41050,43865528205,2204114,0,0,3147,0,0.000000,16384,2798,1204114,4,1.000000,0.000000
41051,43866629421,1101216,0,0,1499,0,0.000000,16384,1297,101216,4,1.000000,0.000000
41052,43867684308,1054887,0,0,1406,0,0.000000,16384,1290,54887,4,1.000000,0.000000
41053,43868763850,1079542,0,0,1291,0,0.000000,16384,1145,79542,4,1.000000,0.000000
41054,43869840588,1076738,0,0,1289,0,0.000000,16384,1124,76738,4,1.000000,0.000000
41055,43870917228,1076640,0,0,1421,0,0.000000,16384,1284,76640,4,1.000000,0.000000
41056,43871988999,1071771,0,0,1429,0,0.000000,16384,1277,71771,4,1.000000,0.000000
41057,43873061475,1072476,0,0,1443,0,0.000000,16384,1263,72476,4,1.000000,0.000000
41058,43874141067,1079592,0,0,1391,0,0.000000,16384,1274,79592,4,1.000000,0.000000
41059,43875694592,1553525,0,0,2038,0,0.000000,16384,1815,553525,4,1.000000,0.000000
41060,43876770146,1075554,0,0,1492,0,0.000000,16384,1301,75554,4,1.000000,0.000000
41061,43877846713,1076567,0,0,1413,0,0.000000,16384,1272,76567,4,1.000000,0.000000
41062,43878929767,1083054,0,0,1405,0,0.000000,16384,1263,83054,4,1.000000,0.000000
41063,43880011433,1081666,0,0,908,0,0.000000,16384,822,81666,4,1.000000,0.000000
41064,43881093454,1082021,0,0,944,0,0.000000,16384,832,82021,4,1.000000,0.000000
41065,43882174179,1080725,0,0,1422,0,0.000000,16384,1246,80725,4,1.000000,0.000000
41066,43883245021,1070842,0,0,1393,0,0.000000,16384,1237,70842,4,1.000000,0.000000
41067,43884404427,1159406,0,0,1379,0,0.000000,16384,1263,159406,4,1.000000,0.000000
41068,43885491212,1086785,0,0,1228,0,0.000000,16384,1075,86785,4,1.000000,0.000000
41069,43886569878,1078666,0,0,1258,0,0.000000,16384,1100,78666,4,1.000000,0.000000
41070,43887636005,1066127,0,0,1504,0,0.000000,16384,1367,66127,4,1.000000,0.000000
41071,43888697577,1061572,0,0,1523,0,0.000000,16384,1335,61572,4,1.000000,0.000000
41072,43889781741,1084164,0,0,1395,0,0.000000,16384,1250,84164,4,1.000000,0.000000
41073,43891491171,1709430,0,0,2238,0,0.000000,16384,2011,709430,4,1.000000,0.000000
41074,43892591064,1099893,0,0,1401,0,0.000000,16384,1234,99893,4,1.000000,0.000000
41075,43893698339,1107275,0,0,37,0,0.000000,16384,30,107275,4,1.000000,0.000000
41076,43894781232,1082893,0,0,1290,0,0.000000,16384,1132,82893,4,1.000000,0.000000
41077,43895864948,1083716,0,0,1244,0,0.000000,16384,1128,83716,4,1.000000,0.000000
41078,43896950731,1085783,0,0,1432,0,0.000000,16384,1287,85783,4,1.000000,0.000000
41079,43898033353,1082622,0,0,1424,0,0.000000,16384,1237,82622,4,1.000000,0.000000
41080,43899116264,1082911,0,0,1237,0,0.000000,16384,1073,82911,4,1.000000,0.000000
41081,43900233146,1116882,0,0,1450,0,0.000000,16384,1281,116882,4,1.000000,0.000000
41082,43901312451,1079305,0,0,1445,0,0.000000,16384,1316,79305,4,1.000000,0.000000
41083,43902391622,1079171,0,0,1403,0,0.000000,16384,1216,79171,4,1.000000,0.000000
41084,43903470794,1079172,0,0,1394,0,0.000000,16384,1258,79172,4,1.000000,0.000000
41085,43904924684,1453890,0,0,431,0,0.000000,16384,389,453890,4,1.000000,0.000000
41086,43906006999,1082315,0,0,1422,0,0.000000,16384,1244,82315,4,1.000000,0.000000
41087,43907087933,1080934,0,0,1386,0,0.000000,16384,1270,80934,4,1.000000,0.000000
41088,43908167628,1079695,0,0,1380,0,0.000000,16384,1211,79695,4,1.000000,0.000000
41089,43909254832,1087204,0,0,1194,0,0.000000,16384,1049,87204,4,1.000000,0.000000
41090,43910475535,1220703,0,0,1463,0,0.000000,16384,1329,220703,4,1.000000,0.000000
41091,43911591463,1115928,0,0,1520,0,0.000000,16384,1338,115928,4,1.000000,0.000000
41092,43912745705,1154242,0,0,1351,0,0.000000,16384,1201,154242,4,1.000000,0.000000
41093,43913822365,1076660,0,0,1415,0,0.000000,16384,1293,76660,4,1.000000,0.000000
41094,43914949883,1127518,0,0,1468,0,0.000000,16384,1268,127518,4,1.000000,0.000000
41095,43916029012,1079129,0,0,1406,0,0.000000,16384,1276,79129,4,1.000000,0.000000
41096,43917116577,1087565,0,0,478,0,0.000000,16384,418,87565,4,1.000000,0.000000
41097,43918362934,1246357,0,0,1434,0,0.000000,16384,1274,246357,4,1.000000,0.000000
41098,43919443977,1081043,0,0,1442,0,0.000000,16384,1308,81043,4,1.000000,0.000000
41099,43920528234,1084257,0,0,1424,0,0.000000,16384,1232,84257,4,1.000000,0.000000
41100,43921616604,1088370,0,0,1428,0,0.000000,16384,1302,88370,4,1.000000,0.000000
41101,43922747976,1131372,0,0,1357,0,0.000000,16384,1207,131372,4,1.000000,0.000000
41102,43923927262,1179286,0,0,1313,0,0.000000,16384,1144,179286,4,1.000000,0.000000
41103,43925032608,1105346,0,0,1377,0,0.000000,16384,1248,105346,4,1.000000,0.000000
41104,43926117009,1084401,0,0,1425,0,0.000000,16384,1275,84401,4,1.000000,0.000000
41105,43927201317,1084308,0,0,1357,0,0.000000,16384,1178,84308,4,1.000000,0.000000
41106,43928321367,1120050,0,0,1420,0,0.000000,16384,1301,120050,4,1.000000,0.000000
41107,43929405493,1084126,0,0,1387,0,0.000000,16384,1225,84126,4,1.000000,0.000000
41108,43930487246,1081753,0,0,325,0,0.000000,16384,267,81753,4,1.000000,0.000000
41109,43931588123,1100877,0,0,1363,0,0.000000,16384,1246,100877,4,1.000000,0.000000
41110,43932678409,1090286,0,0,1215,0,0.000000,16384,1091,90286,4,1.000000,0.000000
41111,43933799341,1120932,0,0,1487,0,0.000000,16384,1283,120932,4,1.000000,0.000000
41112,43934878004,1078663,0,0,1432,0,0.000000,16384,1313,78663,4,1.000000,0.000000
41113,43935955957,1077953,0,0,1359,0,0.000000,16384,1201,77953,4,1.000000,0.000000
41114,43937267553,1311596,0,0,1477,0,0.000000,16384,1303,311596,4,1.000000,0.000000
41115,43938341367,1073814,0,0,1429,0,0.000000,16384,1303,73814,4,1.000000,0.000000
41116,43939417434,1076067,0,0,1450,0,0.000000,16384,1253,76067,4,1.000000,0.000000
41117,43940493564,1076130,0,0,1438,0,0.000000,16384,1309,76130,4,1.000000,0.000000
41118,43941569470,1075906,0,0,1432,0,0.000000,16384,1268,75906,4,1.000000,0.000000
41119,43942648229,1078759,0,0,1431,0,0.000000,16384,1263,78759,4,1.000000,0.000000
41120,43943690865,1042636,0,0,506,0,0.000000,16384,474,42636,4,1.000000,0.000000
41121,43944798179,1107314,0,0,1421,0,0.000000,16384,1229,107314,4,1.000000,0.000000
41122,43945874213,1076034,0,0,1395,0,0.000000,16384,1278,76034,4,1.000000,0.000000
41123,43946949702,1075489,0,0,1392,0,0.000000,16384,1234,75489,4,1.000000,0.000000
41124,43948025341,1075639,0,0,1418,0,0.000000,16384,1245,75639,4,1.000000,0.000000
41125,43949101677,1076336,0,0,1427,0,0.000000,16384,1311,76336,4,1.000000,0.000000
41126,43950179107,1077430,0,0,1337,0,0.000000,16384,1164,77430,4,1.000000,0.000000
41127,43951252722,1073615,0,0,1336,0,0.000000,16384,1177,73615,4,1.000000,0.000000
41128,43952336152,1083430,0,0,1416,0,0.000000,16384,1300,83430,4,1.000000,0.000000
41129,43953409982,1073830,0,0,1400,0,0.000000,16384,1219,73830,4,1.000000,0.000000
41130,43954480398,1070416,0,0,903,0,0.000000,16384,816,70416,4,1.000000,0.000000
41131,43955587285,1106887,0,0,1475,0,0.000000,16384,1299,106887,4,1.000000,0.000000
41132,43956671757,1084472,0,0,1431,0,0.000000,16384,1306,84472,4,1.000000,0.000000
41133,43957748748,1076991,0,0,1395,0,0.000000,16384,1210,76991,4,1.000000,0.000000
41134,43958823648,1074900,0,0,1404,0,0.000000,16384,1264,74900,4,1.000000,0.000000
41135,43959895302,1071654,0,0,1420,0,0.000000,16384,1276,71654,4,1.000000,0.000000
41136,43960964314,1069012,0,0,1393,0,0.000000,16384,1208,69012,4,1.000000,0.000000
41137,43962042615,1078301,0,0,1370,0,0.000000,16384,1248,78301,4,1.000000,0.000000
41138,43963123227,1080612,0,0,1374,0,0.000000,16384,1228,80612,4,1.000000,0.000000
41139,43964197831,1074604,0,0,1335,0,0.000000,16384,1162,74604,4,1.000000,0.000000
41140,43965273296,1075465,0,0,1318,0,0.000000,16384,1194,75465,4,1.000000,0.000000
41141,43966376238,1102942,0,0,1409,0,0.000000,16384,1268,102942,4,1.000000,0.000000
41142,43967453621,1077383,0,0,1403,0,0.000000,16384,1216,77383,4,1.000000,0.000000
41143,43968530433,1076812,0,0,1411,0,0.000000,16384,1287,76812,4,1.000000,0.000000
41144,43969608922,1078489,0,0,1413,0,0.000000,16384,1253,78489,4,1.000000,0.000000
41145,43970697549,1088627,0,0,1389,0,0.000000,16384,1217,88627,4,1.000000,0.000000
41146,43971771075,1073526,0,0,1426,0,0.000000,16384,1309,73526,4,1.000000,0.000000
41147,43972846991,1075916,0,0,1021,0,0.000000,16384,910,75916,4,1.000000,0.000000
41148,43973925867,1078876,0,0,295,0,0.000000,16384,243,78876,4,1.000000,0.000000
41149,43975004287,1078420,0,0,901,0,0.000000,16384,815,78420,4,1.000000,0.000000
41150,43976081910,1077623,0,0,12,0,0.000000,16384,9,77623,4,1.000000,0.000000
41151,43977186621,1104711,0,0,1387,0,0.000000,16384,1203,104711,4,1.000000,0.000000
41152,43978263543,1076922,0,0,1419,0,0.000000,16384,1296,76922,4,1.000000,0.000000
41153,43979339276,1075733,0,0,1404,0,0.000000,16384,1244,75733,4,1.000000,0.000000
41154,43980412463,1073187,0,0,1450,0,0.000000,16384,1278,73187,4,1.000000,0.000000
41155,43981489171,1076708,0,0,1450,0,0.000000,16384,1322,76708,4,1.000000,0.000000
41156,43982563977,1074806,0,0,1427,0,0.000000,16384,1236,74806,4,1.000000,0.000000
41157,43983641016,1077039,0,0,1385,0,0.000000,16384,1252,77039,4,1.000000,0.000000
41158,43984690572,1049556,0,0,1363,0,0.000000,16384,1226,49556,4,1.000000,0.000000
41159,43985763747,1073175,0,0,1438,0,0.000000,16384,1243,73175,4,1.000000,0.000000
41160,43986835915,1072168,0,0,1462,0,0.000000,16384,1345,72168,4,1.000000,0.000000
41161,43988140903,1304988,0,0,1041,0,0.000000,16384,930,304988,4,1.000000,0.000000
41162,43989218110,1077207,0,0,695,0,0.000000,16384,587,77207,4,1.000000,0.000000
41163,43990558218,1340108,0,0,1748,0,0.000000,16384,1565,340108,4,1.000000,0.000000
41164,43991635346,1077128,0,0,1416,0,0.000000,16384,1263,77128,4,1.000000,0.000000
41165,43992713552,1078206,0,0,1371,0,0.000000,16384,1247,78206,4,1.000000,0.000000
41166,43993789733,1076181,0,0,1241,0,0.000000,16384,1086,76181,4,1.000000,0.000000
41167,43994869043,1079310,0,0,787,0,0.000000,16384,725,79310,4,1.000000,0.000000
41168,43995947329,1078286,0,0,1413,0,0.000000,16384,1223,78286,4,1.000000,0.000000
41169,43997026566,1079237,0,0,1423,0,0.000000,16384,1278,79237,4,1.000000,0.000000
41170,43998140318,1113752,0,0,1471,0,0.000000,16384,1318,113752,4,1.000000,0.000000
41171,43999255020,1114702,0,0,1488,0,0.000000,16384,1309,114702,4,1.000000,0.000000
41172,44000337228,1082208,0,0,1440,0,0.000000,16384,1314,82208,4,1.000000,0.000000
41173,44001415057,1077829,0,0,1391,0,0.000000,16384,1206,77829,4,1.000000,0.000000
41174,44002492143,1077086,0,0,1429,0,0.000000,16384,1288,77086,4,1.000000,0.000000
41175,44003576470,1084327,0,0,1304,0,0.000000,16384,1179,84327,4,1.000000,0.000000
41176,44004811768,1235298,0,0,806,0,0.000000,16384,707,235298,4,1.000000,0.000000
41177,44005888089,1076321,0,0,1418,0,0.000000,16384,1260,76321,4,1.000000,0.000000
41178,44006961914,1073825,0,0,1396,0,0.000000,16384,1222,73825,4,1.000000,0.000000
41179,44008040673,1078759,0,0,1404,0,0.000000,16384,1288,78759,4,1.000000,0.000000
41180,44009116442,1075769,0,0,1454,0,0.000000,16384,1267,75769,4,1.000000,0.000000
41181,44010222233,1105791,0,0,1471,0,0.000000,16384,1322,105791,4,1.000000,0.000000
41182,44011300535,1078302,0,0,1346,0,0.000000,16384,1213,78302,4,1.000000,0.000000
41183,44012378386,1077851,0,0,1405,0,0.000000,16384,1217,77851,4,1.000000,0.000000
41184,44013546193,1167807,0,0,1527,0,0.000000,16384,1400,167807,4,1.000000,0.000000
41185,44014642560,1096367,0,0,1189,0,0.000000,16384,1054,96367,4,1.000000,0.000000
41186,44015690015,1047455,0,0,1224,0,0.000000,16384,1073,47455,4,1.000000,0.000000
41187,44016764215,1074200,0,0,1341,0,0.000000,16384,1183,74200,4,1.000000,0.000000
41188,44017840154,1075939,0,0,1403,0,0.000000,16384,1287,75939,4,1.000000,0.000000
41189,44018917443,1077289,0,0,1417,0,0.000000,16384,1233,77289,4,1.000000,0.000000
41190,44019992211,1074768,0,0,1412,0,0.000000,16384,1264,74768,4,1.000000,0.000000
41191,44021207135,1214924,0,0,1544,0,0.000000,16384,1382,214924,4,1.000000,0.000000
41192,44022282611,1075476,0,0,1157,0,0.000000,16384,1019,75476,4,1.000000,0.000000
41193,44023484071,1201460,0,0,1110,0,0.000000,16384,981,201460,4,1.000000,0.000000
41194,44024565761,1081690,0,0,1422,0,0.000000,16384,1286,81690,4,1.000000,0.000000
41195,44025643716,1077955,0,0,1443,0,0.000000,16384,1287,77955,4,1.000000,0.000000
41196,44026683077,1039361,0,0,1412,0,0.000000,16384,1237,39361,4,1.000000,0.000000
41197,44027755969,1072892,0,0,1511,0,0.000000,16384,1382,72892,4,1.000000,0.000000
41198,44028925949,1169980,0,0,1277,0,0.000000,16384,1116,169980,4,1.000000,0.000000
41199,44029997886,1071937,0,0,1099,0,0.000000,16384,972,71937,4,1.000000,0.000000
41200,44031071588,1073702,0,0,1043,0,0.000000,16384,928,73702,4,1.000000,0.000000
41201,44032178520,1106932,0,0,1399,0,0.000000,16384,1259,106932,4,1.000000,0.000000
41202,44033253449,1074929,0,0,1366,0,0.000000,16384,1234,74929,4,1.000000,0.000000
41203,44034332350,1078901,0,0,1456,0,0.000000,16384,1259,78901,4,1.000000,0.000000
41204,44035409503,1077153,0,0,1013,0,0.000000,16384,904,77153,4,1.000000,0.000000
41205,44036485159,1075656,0,0,1440,0,0.000000,16384,1314,75656,4,1.000000,0.000000
41206,44037564392,1079233,0,0,1433,0,0.000000,16384,1265,79233,4,1.000000,0.000000
41207,44038641561,1077169,0,0,1446,0,0.000000,16384,1282,77169,4,1.000000,0.000000
41208,44039695743,1054182,0,0,1419,0,0.000000,16384,1291,54182,4,1.000000,0.000000
41209,44040776628,1080885,0,0,1458,0,0.000000,16384,1260,80885,4,1.000000,0.000000
41210,44041862856,1086228,0,0,1468,0,0.000000,16384,1342,86228,4,1.000000,0.000000
41211,44044112915,2250059,0,0,2743,0,0.000000,16384,2411,1250059,4,1.000000,0.000000
41212,44045210777,1097862,0,0,561,0,0.000000,16384,532,97862,4,1.000000,0.000000
41213,44046317091,1106314,0,0,1315,0,0.000000,16384,1146,106314,4,1.000000,0.000000
41214,44048717133,2400042,0,0,3136,0,0.000000,16384,2789,1400042,4,1.000000,0.000000
41215,44049811799,1094666,0,0,1430,0,0.000000,16384,1299,94666,4,1.000000,0.000000
41216,44050893491,1081692,0,0,1422,0,0.000000,16384,1264,81692,4,1.000000,0.000000
41217,44051981081,1087590,0,0,1455,0,0.000000,16384,1281,87590,4,1.000000,0.000000
41218,44053065409,1084328,0,0,1231,0,0.000000,16384,1115,84328,4,1.000000,0.000000
41219,44054142380,1076971,0,0,1424,0,0.000000,16384,1266,76971,4,1.000000,0.000000
41220,44055216265,1073885,0,0,1296,0,0.000000,16384,1131,73885,4,1.000000,0.000000
41221,44056328701,1112436,0,0,1154,0,0.000000,16384,1033,112436,4,1.000000,0.000000
41222,44057408367,1079666,0,0,382,0,0.000000,16384,378,79666,4,1.000000,0.000000
41223,44058493653,1085286,0,0,1430,0,0.000000,16384,1241,85286,4,1.000000,0.000000
41224,44059571822,1078169,0,0,1296,0,0.000000,16384,1153,78169,4,1.000000,0.000000
41225,44060655918,1084096,0,0,1427,0,0.000000,16384,1309,84096,4,1.000000,0.000000
41226,44061749244,1093326,0,0,1399,0,0.000000,16384,1211,93326,4,1.000000,0.000000
41227,44062829956,1080712,0,0,1392,0,0.000000,16384,1250,80712,4,1.000000,0.000000
41228,44063911201,1081245,0,0,1380,0,0.000000,16384,1249,81245,4,1.000000,0.000000
41229,44065153924,1242723,0,0,1628,0,0.000000,16384,1423,242723,4,1.000000,0.000000
41230,44066230913,1076989,0,0,1461,0,0.000000,16384,1329,76989,4,1.000000,0.000000
41231,44067332827,1101914,0,0,1498,0,0.000000,16384,1294,101914,4,1.000000,0.000000
41232,44068405388,1072561,0,0,1421,0,0.000000,16384,1305,72561,4,1.000000,0.000000
41233,44069477211,1071823,0,0,1302,0,0.000000,16384,1152,71823,4,1.000000,0.000000
41234,44070543994,1066783,0,0,1556,0,0.000000,16384,1374,66783,4,1.000000,0.000000
41235,44071685171,1141177,0,0,1573,0,0.000000,16384,1410,141177,4,1.000000,0.000000
41236,44072764824,1079653,0,0,1367,0,0.000000,16384,1194,79653,4,1.000000,0.000000
41237,44073842181,1077357,0,0,1466,0,0.000000,16384,1350,77357,4,1.000000,0.000000
41238,44074921085,1078904,0,0,1445,0,0.000000,16384,1253,78904,4,1.000000,0.000000
41239,44076001693,1080608,0,0,1369,0,0.000000,16384,1229,80608,4,1.000000,0.000000
41240,44077077413,1075720,0,0,1406,0,0.000000,16384,1271,75720,4,1.000000,0.000000
41241,44078173868,1096455,0,0,1574,0,0.000000,16384,1373,96455,4,1.000000,0.000000
41242,44079238435,1064567,0,0,1563,0,0.000000,16384,1418,64567,4,1.000000,0.000000
41243,44080298131,1059696,0,0,1558,0,0.000000,16384,1367,59696,4,1.000000,0.000000
41244,44081357811,1059680,0,0,1686,0,0.000000,16384,1509,59680,4,1.000000,0.000000
41245,44082417957,1060146,0,0,1489,0,0.000000,16384,1329,60146,4,1.000000,0.000000
41246,44083475530,1057573,0,0,1746,0,0.000000,16384,1540,57573,4,1.000000,0.000000
41247,44084536380,1060850,0,0,1528,0,0.000000,16384,1395,60850,4,1.000000,0.000000
41248,44085860513,1324133,0,0,1177,0,0.000000,16384,1049,324133,4,1.000000,0.000000
41249,44088687252,2826739,0,0,3713,0,0.000000,16384,3285,1826739,4,1.000000,0.000000
41250,44089763857,1076605,0,0,1476,0,0.000000,16384,1335,76605,4,1.000000,0.000000
41251,44090860957,1097100,0,0,1478,0,0.000000,16384,1283,97100,4,1.000000,0.000000
41252,44091925002,1064045,0,0,1565,0,0.000000,16384,1432,64045,4,1.000000,0.000000
41253,44092984446,1059444,0,0,1549,0,0.000000,16384,1346,59444,4,1.000000,0.000000
41254,44094042560,1058114,0,0,1639,0,0.000000,16384,1485,58114,4,1.000000,0.000000
41255,44095177924,1135364,0,0,1910,0,0.000000,16384,1715,135364,4,1.000000,0.000000
41256,44096241554,1063630,0,0,1345,0,0.000000,16384,1170,63630,4,1.000000,0.000000
41257,44097305451,1063897,0,0,1551,0,0.000000,16384,1399,63897,4,1.000000,0.000000
41258,44098578289,1272838,0,0,1686,0,0.000000,16384,1471,272838,4,1.000000,0.000000
41259,44099663511,1085222,0,0,1425,0,0.000000,16384,1304,85222,4,1.000000,0.000000
41260,44100744328,1080817,0,0,1592,0,0.000000,16384,1391,80817,4,1.000000,0.000000
41261,44101851525,1107197,0,0,1522,0,0.000000,16384,1387,107197,4,1.000000,0.000000
41262,44102914741,1063216,0,0,1581,0,0.000000,16384,1376,63216,4,1.000000,0.000000
41263,44103980444,1065703,0,0,1513,0,0.000000,16384,1382,65703,4,1.000000,0.000000
41264,44105045224,1064780,0,0,1659,0,0.000000,16384,1439,64780,4,1.000000,0.000000
41265,44106104549,1059325,0,0,1715,0,0.000000,16384,1556,59325,4,1.000000,0.000000
41266,44107163689,1059140,0,0,1810,0,0.000000,16384,1629,59140,4,1.000000,0.000000
41267,44108221764,1058075,0,0,1804,0,0.000000,16384,1584,58075,4,1.000000,0.000000
41268,44109278733,1056969,0,0,1482,0,0.000000,16384,1332,56969,4,1.000000,0.000000
41269,44110379971,1101238,0,0,1772,0,0.000000,16384,1582,101238,4,1.000000,0.000000
41270,44111448577,1068606,0,0,1486,0,0.000000,16384,1305,68606,4,1.000000,0.000000
41271,44113166068,1717491,0,0,2196,0,0.000000,16384,1944,717491,4,1.000000,0.000000
41272,44114243601,1077533,0,0,1470,0,0.000000,16384,1343,77533,4,1.000000,0.000000
41273,44115317234,1073633,0,0,1515,0,0.000000,16384,1326,73633,4,1.000000,0.000000
41274,44116385569,1068335,0,0,1482,0,0.000000,16384,1335,68335,4,1.000000,0.000000
41275,44117453836,1068267,0,0,1478,0,0.000000,16384,1314,68267,4,1.000000,0.000000
41276,44118515659,1061823,0,0,1632,0,0.000000,16384,1460,61823,4,1.000000,0.000000
41277,44119578575,1062916,0,0,1787,0,0.000000,16384,1567,62916,4,1.000000,0.000000
41278,44120643832,1065257,0,0,1817,0,0.000000,16384,1630,65257,4,1.000000,0.000000
41279,44121678201,1034369,0,0,1718,0,0.000000,16384,1563,34369,4,1.000000,0.000000
41280,44122741008,1062807,0,0,1453,0,0.000000,16384,1254,62807,4,1.000000,0.000000
41281,44123828900,1087892,0,0,1791,0,0.000000,16384,1620,87892,4,1.000000,0.000000
41282,44124953741,1124841,0,0,1548,0,0.000000,16384,1364,124841,4,1.000000,0.000000
41283,44126030124,1076383,0,0,1392,0,0.000000,16384,1269,76383,4,1.000000,0.000000
41284,44127125086,1094962,0,0,1507,0,0.000000,16384,1299,94962,4,1.000000,0.000000
41285,44128199129,1074043,0,0,1404,0,0.000000,16384,1283,74043,4,1.000000,0.000000
41286,44129268376,1069247,0,0,1554,0,0.000000,16384,1365,69247,4,1.000000,0.000000
41287,44130334119,1065743,0,0,1485,0,0.000000,16384,1338,65743,4,1.000000,0.000000
41288,44131396983,1062864,0,0,1608,0,0.000000,16384,1417,62864,4,1.000000,0.000000
41289,44132495440,1098457,0,0,1831,0,0.000000,16384,1652,98457,4,1.000000,0.000000
41290,44133590411,1094971,0,0,1839,0,0.000000,16384,1649,94971,4,1.000000,0.000000
41291,44134752224,1161813,0,0,1726,0,0.000000,16384,1506,161813,4,1.000000,0.000000
41292,44135812834,1060610,0,0,1452,0,0.000000,16384,1326,60610,4,1.000000,0.000000
41293,44136874879,1062045,0,0,1628,0,0.000000,16384,1418,62045,4,1.000000,0.000000
41294,44138831244,1956365,0,0,2593,0,0.000000,16384,2334,956365,4,1.000000,0.000000
41295,44139906265,1075021,0,0,1449,0,0.000000,16384,1260,75021,4,1.000000,0.000000
41296,44140975456,1069191,0,0,1501,0,0.000000,16384,1380,69191,4,1.000000,0.000000
41297,44142046435,1070979,0,0,1493,0,0.000000,16384,1288,70979,4,1.000000,0.000000
41298,44143110694,1064259,0,0,1552,0,0.000000,16384,1425,64259,4,1.000000,0.000000
41299,44144175760,1065066,0,0,1523,0,0.000000,16384,1316,65066,4,1.000000,0.000000
41300,44145238303,1062543,0,0,1662,0,0.000000,16384,1517,62543,4,1.000000,0.000000
41301,44146324251,1085948,0,0,1625,0,0.000000,16384,1422,85948,4,1.000000,0.000000
41302,44147386406,1062155,0,0,1615,0,0.000000,16384,1451,62155,4,1.000000,0.000000
41303,44148445060,1058654,0,0,1733,0,0.000000,16384,1557,58654,4,1.000000,0.000000
41304,44149501899,1056839,0,0,1505,0,0.000000,16384,1314,56839,4,1.000000,0.000000
41305,44150562417,1060518,0,0,1693,0,0.000000,16384,1542,60518,4,1.000000,0.000000
41306,44151715829,1153412,0,0,1638,0,0.000000,16384,1423,153412,4,1.000000,0.000000
41307,44152794760,1078931,0,0,1504,0,0.000000,16384,1371,78931,4,1.000000,0.000000
41308,44154690881,1896121,0,0,2673,0,0.000000,16384,2359,896121,4,1.000000,0.000000
41309,44155772557,1081676,0,0,1436,0,0.000000,16384,1303,81676,4,1.000000,0.000000
41310,44156847257,1074700,0,0,1432,0,0.000000,16384,1239,74700,4,1.000000,0.000000
41311,44157953314,1106057,0,0,1583,0,0.000000,16384,1455,106057,4,1.000000,0.000000
41312,44159015587,1062273,0,0,1559,0,0.000000,16384,1341,62273,4,1.000000,0.000000
41313,44160076188,1060601,0,0,1591,0,0.000000,16384,1458,60601,4,1.000000,0.000000
41314,44161135833,1059645,0,0,1723,0,0.000000,16384,1520,59645,4,1.000000,0.000000
41315,44162195546,1059713,0,0,1598,0,0.000000,16384,1418,59713,4,1.000000,0.000000
41316,44163252394,1056848,0,0,1684,0,0.000000,16384,1524,56848,4,1.000000,0.000000
41317,44164449300,1196906,0,0,1862,0,0.000000,16384,1640,196906,4,1.000000,0.000000
41318,44165943671,1494371,0,0,2087,0,0.000000,16384,1861,494371,4,1.000000,0.000000
41319,44167017975,1074304,0,0,1488,0,0.000000,16384,1326,74304,4,1.000000,0.000000
41320,44168092510,1074535,0,0,1540,0,0.000000,16384,1370,74535,4,1.000000,0.000000
41321,44169195729,1103219,0,0,1500,0,0.000000,16384,1343,103219,4,1.000000,0.000000
41322,44170262666,1066937,0,0,1483,0,0.000000,16384,1304,66937,4,1.000000,0.000000
41323,44171327798,1065132,0,0,1550,0,0.000000,16384,1329,65132,4,1.000000,0.000000
41324,44172388985,1061187,0,0,1561,0,0.000000,16384,1411,61187,4,1.000000,0.000000
41325,44173449662,1060677,0,0,1618,0,0.000000,16384,1431,60677,4,1.000000,0.000000
41326,44174508026,1058364,0,0,1770,0,0.000000,16384,1561,58364,4,1.000000,0.000000
41327,44175571262,1063236,0,0,1583,0,0.000000,16384,1453,63236,4,1.000000,0.000000
41328,44176632637,1061375,0,0,1570,0,0.000000,16384,1350,61375,4,1.000000,0.000000
41329,44177680246,1047609,0,0,1472,0,0.000000,16384,1356,47609,4,1.000000,0.000000
41330,44178754851,1074605,0,0,1413,0,0.000000,16384,1233,74605,4,1.000000,0.000000
41331,44179852681,1097830,0,0,1464,0,0.000000,16384,1312,97830,4,1.000000,0.000000
41332,44181165169,1312488,0,0,1682,0,0.000000,16384,1485,312488,4,1.000000,0.000000
41333,44182245356,1080187,0,0,1360,0,0.000000,16384,1221,80187,4,1.000000,0.000000
41334,44183711832,1466476,0,0,1948,0,0.000000,16384,1724,466476,4,1.000000,0.000000
41335,44184784459,1072627,0,0,1549,0,0.000000,16384,1408,72627,4,1.000000,0.000000
41336,44185847946,1063487,0,0,1562,0,0.000000,16384,1367,63487,4,1.000000,0.000000
41337,44186907754,1059808,0,0,1587,0,0.000000,16384,1434,59808,4,1.000000,0.000000
41338,44187967420,1059666,0,0,1802,0,0.000000,16384,1615,59666,4,1.000000,0.000000
41339,44189026876,1059456,0,0,1531,0,0.000000,16384,1332,59456,4,1.000000,0.000000
41340,44190084211,1057335,0,0,1711,0,0.000000,16384,1556,57335,4,1.000000,0.000000
41341,44191212781,1128570,0,0,1648,0,0.000000,16384,1446,128570,4,1.000000,0.000000
41342,44192286034,1073253,0,0,1436,0,0.000000,16384,1301,73253,4,1.000000,0.000000
41343,44193358957,1072923,0,0,1492,0,0.000000,16384,1291,72923,4,1.000000,0.000000
41344,44194424220,1065263,0,0,1555,0,0.000000,16384,1428,65263,4,1.000000,0.000000
41345,44195484201,1059981,0,0,1554,0,0.000000,16384,1345,59981,4,1.000000,0.000000
41346,44196548719,1064518,0,0,1471,0,0.000000,16384,1355,64518,4,1.000000,0.000000
41347,44197618276,1069557,0,0,1490,0,0.000000,16384,1287,69557,4,1.000000,0.000000
41348,44198674339,1056063,0,0,1640,0,0.000000,16384,1499,56063,4,1.000000,0.000000
41349,44199734057,1059718,0,0,1638,0,0.000000,16384,1426,59718,4,1.000000,0.000000
41350,44200792210,1058153,0,0,1655,0,0.000000,16384,1489,58153,4,1.000000,0.000000
41351,44201886911,1094701,0,0,1706,0,0.000000,16384,1532,94701,4,1.000000,0.000000
41352,44202945992,1059081,0,0,1452,0,0.000000,16384,1275,59081,4,1.000000,0.000000
41353,44204007110,1061118,0,0,1630,0,0.000000,16384,1471,61118,4,1.000000,0.000000
41354,44205139484,1132374,0,0,1533,0,0.000000,16384,1340,132374,4,1.000000,0.000000
41355,44206222042,1082558,0,0,1360,0,0.000000,16384,1221,82558,4,1.000000,0.000000
41356,44207386247,1164205,0,0,1628,0,0.000000,16384,1451,164205,4,1.000000,0.000000
41357,44208457423,1071176,0,0,1658,0,0.000000,16384,1495,71176,4,1.000000,0.000000
41358,44209519672,1062249,0,0,1660,0,0.000000,16384,1440,62249,4,1.000000,0.000000
41359,44210584394,1064722,0,0,1518,0,0.000000,16384,1402,64722,4,1.000000,0.000000
41360,44211647640,1063246,0,0,1785,0,0.000000,16384,1564,63246,4,1.000000,0.000000
41361,44212733255,1085615,0,0,1623,0,0.000000,16384,1443,85615,4,1.000000,0.000000
41362,44213792085,1058830,0,0,1659,0,0.000000,16384,1500,58830,4,1.000000,0.000000
41363,44214849561,1057476,0,0,1656,0,0.000000,16384,1436,57476,4,1.000000,0.000000
41364,44215908844,1059283,0,0,1484,0,0.000000,16384,1368,59283,4,1.000000,0.000000
41365,44216971538,1062694,0,0,1569,0,0.000000,16384,1351,62694,4,1.000000,0.000000
41366,44218277226,1305688,0,0,1841,0,0.000000,16384,1661,305688,4,1.000000,0.000000
41367,44219347946,1070720,0,0,1485,0,0.000000,16384,1327,70720,4,1.000000,0.000000
41368,44220412717,1064771,0,0,1628,0,0.000000,16384,1444,64771,4,1.000000,0.000000
41369,44221471755,1059038,0,0,1761,0,0.000000,16384,1595,59038,4,1.000000,0.000000
41370,44222527128,1055373,0,0,1798,0,0.000000,16384,1584,55373,4,1.000000,0.000000
41371,44223612054,1084926,0,0,1651,0,0.000000,16384,1457,84926,4,1.000000,0.000000
41372,44224677410,1065356,0,0,1627,0,0.000000,16384,1485,65356,4,1.000000,0.000000
41373,44225739883,1062473,0,0,1791,0,0.000000,16384,1571,62473,4,1.000000,0.000000
41374,44226797979,1058096,0,0,1802,0,0.000000,16384,1588,58096,4,1.000000,0.000000
41375,44227857072,1059093,0,0,1673,0,0.000000,16384,1526,59093,4,1.000000,0.000000
41376,44228919585,1062513,0,0,1489,0,0.000000,16384,1290,62513,4,1.000000,0.000000
41377,44229983780,1064195,0,0,1640,0,0.000000,16384,1494,64195,4,1.000000,0.000000
41378,44231072834,1089054,0,0,1594,0,0.000000,16384,1404,89054,4,1.000000,0.000000
41379,44232219896,1147062,0,0,1398,0,0.000000,16384,1270,147062,4,1.000000,0.000000
41380,44233297161,1077265,0,0,1456,0,0.000000,16384,1258,77265,4,1.000000,0.000000
41381,44234544514,1247353,0,0,1739,0,0.000000,16384,1579,247353,4,1.000000,0.000000
41382,44235614208,1069694,0,0,1557,0,0.000000,16384,1371,69694,4,1.000000,0.000000
41383,44236695931,1081723,0,0,1556,0,0.000000,16384,1399,81723,4,1.000000,0.000000
41384,44237764636,1068705,0,0,1487,0,0.000000,16384,1308,68705,4,1.000000,0.000000
41385,44238828854,1064218,0,0,1568,0,0.000000,16384,1418,64218,4,1.000000,0.000000
41386,44239888483,1059629,0,0,1580,0,0.000000,16384,1394,59629,4,1.000000,0.000000
41387,44240946373,1057890,0,0,1659,0,0.000000,16384,1478,57890,4,1.000000,0.000000
41388,44242007248,1060875,0,0,1770,0,0.000000,16384,1603,60875,4,1.000000,0.000000
41389,44243072117,1064869,0,0,1521,0,0.000000,16384,1309,64869,4,1.000000,0.000000
41390,44244124445,1052328,0,0,1685,0,0.000000,16384,1536,52328,4,1.000000,0.000000
41391,44246697736,2573291,0,0,3414,0,0.000000,16384,3013,1573291,4,1.000000,0.000000
41392,44247787603,1089867,0,0,1475,0,0.000000,16384,1348,89867,4,1.000000,0.000000
41393,44248858862,1071259,0,0,1546,0,0.000000,16384,1349,71259,4,1.000000,0.000000
41394,44249923122,1064260,0,0,1544,0,0.000000,16384,1406,64260,4,1.000000,0.000000
41395,44250988165,1065043,0,0,1471,0,0.000000,16384,1287,65043,4,1.000000,0.000000
41396,44252050200,1062035,0,0,1546,0,0.000000,16384,1394,62035,4,1.000000,0.000000
41397,44253108742,1058542,0,0,1595,0,0.000000,16384,1400,58542,4,1.000000,0.000000
41398,44254166313,1057571,0,0,1661,0,0.000000,16384,1515,57571,4,1.000000,0.000000
41399,44255224607,1058294,0,0,1657,0,0.000000,16384,1441,58294,4,1.000000,0.000000
41400,44256286541,1061934,0,0,1431,0,0.000000,16384,1311,61934,4,1.000000,0.000000
41401,44257393769,1107228,0,0,1589,0,0.000000,16384,1374,107228,4,1.000000,0.000000
41402,44258512663,1118894,0,0,1493,0,0.000000,16384,1372,118894,4,1.000000,0.000000
41403,44259593153,1080490,0,0,1411,0,0.000000,16384,1223,80490,4,1.000000,0.000000
41404,44260675929,1082776,0,0,1448,0,0.000000,16384,1305,82776,4,1.000000,0.000000
41405,44261743268,1067339,0,0,1559,0,0.000000,16384,1381,67339,4,1.000000,0.000000
41406,44262801426,1058158,0,0,1554,0,0.000000,16384,1396,58158,4,1.000000,0.000000
41407,44263868133,1066707,0,0,1470,0,0.000000,16384,1304,66707,4,1.000000,0.000000
41408,44264934742,1066609,0,0,1554,0,0.000000,16384,1383,66609,4,1.000000,0.000000
41409,44265995611,1060869,0,0,1559,0,0.000000,16384,1388,60869,4,1.000000,0.000000
41410,44267055658,1060047,0,0,1547,0,0.000000,16384,1383,60047,4,1.000000,0.000000
41411,44268138894,1083236,0,0,1588,0,0.000000,16384,1406,83236,4,1.000000,0.000000
41412,44269198831,1059937,0,0,1401,0,0.000000,16384,1251,59937,4,1.000000,0.000000
41413,44270263102,1064271,0,0,1558,0,0.000000,16384,1397,64271,4,1.000000,0.000000
41414,44271977712,1714610,0,0,2293,0,0.000000,16384,2022,714610,4,1.000000,0.000000
41415,44273046864,1069152,0,0,1517,0,0.000000,16384,1385,69152,4,1.000000,0.000000
41416,44274109767,1062903,0,0,1555,0,0.000000,16384,1352,62903,4,1.000000,0.000000
41417,44275168756,1058989,0,0,1555,0,0.000000,16384,1422,58989,4,1.000000,0.000000
41418,44276225500,1056744,0,0,1454,0,0.000000,16384,1267,56744,4,1.000000,0.000000
41419,44277290461,1064961,0,0,1444,0,0.000000,16384,1295,64961,4,1.000000,0.000000
41420,44278358172,1067711,0,0,1512,0,0.000000,16384,1351,67711,4,1.000000,0.000000
41421,44279453373,1095201,0,0,1602,0,0.000000,16384,1426,95201,4,1.000000,0.000000
41422,44280513274,1059901,0,0,1559,0,0.000000,16384,1383,59901,4,1.000000,0.000000
41423,44281572307,1059033,0,0,1560,0,0.000000,16384,1401,59033,4,1.000000,0.000000
41424,44282632129,1059822,0,0,1387,0,0.000000,16384,1238,59822,4,1.000000,0.000000
41425,44283675351,1043222,0,0,1517,0,0.000000,16384,1334,43222,4,1.000000,0.000000
41426,44284743650,1068299,0,0,1489,0,0.000000,16384,1351,68299,4,1.000000,0.000000
41427,44285814472,1070822,0,0,1404,0,0.000000,16384,1217,70822,4,1.000000,0.000000
41428,44287461852,1647380,0,0,2225,0,0.000000,16384,1990,647380,4,1.000000,0.000000
41429,44288528542,1066690,0,0,1549,0,0.000000,16384,1403,66690,4,1.000000,0.000000
41430,44289587947,1059405,0,0,1552,0,0.000000,16384,1362,59405,4,1.000000,0.000000
41431,44290690241,1102294,0,0,1520,0,0.000000,16384,1377,102294,4,1.000000,0.000000
41432,44291755300,1065059,0,0,1563,0,0.000000,16384,1370,65059,4,1.000000,0.000000
41433,44292815873,1060573,0,0,1554,0,0.000000,16384,1404,60573,4,1.000000,0.000000
41434,44293874513,1058640,0,0,1577,0,0.000000,16384,1391,58640,4,1.000000,0.000000
41435,44294933192,1058679,0,0,1638,0,0.000000,16384,1462,58679,4,1.000000,0.000000
41436,44295991627,1058435,0,0,1404,0,0.000000,16384,1244,58435,4,1.000000,0.000000
41437,44297051754,1060127,0,0,1552,0,0.000000,16384,1402,60127,4,1.000000,0.000000
41438,44298123003,1071249,0,0,1436,0,0.000000,16384,1250,71249,4,1.000000,0.000000
41439,44299195497,1072494,0,0,1413,0,0.000000,16384,1297,72494,4,1.000000,0.000000
41440,44300266294,1070797,0,0,1504,0,0.000000,16384,1310,70797,4,1.000000,0.000000
41441,44301355062,1088768,0,0,1594,0,0.000000,16384,1452,88768,4,1.000000,0.000000
41442,44302412514,1057452,0,0,1549,0,0.000000,16384,1343,57452,4,1.000000,0.000000
41443,44303477432,1064918,0,0,1515,0,0.000000,16384,1385,64918,4,1.000000,0.000000
41444,44304542528,1065096,0,0,1522,0,0.000000,16384,1325,65096,4,1.000000,0.000000
41445,44305604054,1061526,0,0,1652,0,0.000000,16384,1509,61526,4,1.000000,0.000000
41446,44306662712,1058658,0,0,1658,0,0.000000,16384,1441,58658,4,1.000000,0.000000
41447,44307671971,1009259,0,0,1471,0,0.000000,16384,1343,9259,4,1.000000,0.000000
41448,44308728513,1056542,0,0,1485,0,0.000000,16384,1281,56542,4,1.000000,0.000000
41449,44309787216,1058703,0,0,1661,0,0.000000,16384,1517,58703,4,1.000000,0.000000
41450,44310880192,1092976,0,0,1635,0,0.000000,16384,1440,92976,4,1.000000,0.000000
41451,44311981725,1101533,0,0,1439,0,0.000000,16384,1299,101533,4,1.000000,0.000000
41452,44313053626,1071901,0,0,1486,0,0.000000,16384,1290,71901,4,1.000000,0.000000
41453,44314118005,1064379,0,0,1554,0,0.000000,16384,1423,64379,4,1.000000,0.000000
41454,44315175666,1057661,0,0,1553,0,0.000000,16384,1348,57661,4,1.000000,0.000000
41455,44316236043,1060377,0,0,1590,0,0.000000,16384,1448,60377,4,1.000000,0.000000
41456,44317303064,1067021,0,0,1481,0,0.000000,16384,1287,67021,4,1.000000,0.000000
41457,44318368727,1065663,0,0,1549,0,0.000000,16384,1417,65663,4,1.000000,0.000000
41458,44319428476,1059749,0,0,1554,0,0.000000,16384,1349,59749,4,1.000000,0.000000
41459,44320478858,1050382,0,0,1545,0,0.000000,16384,1411,50382,4,1.000000,0.000000
41460,44321538998,1060140,0,0,1548,0,0.000000,16384,1347,60140,4,1.000000,0.000000
41461,44322624187,1085189,0,0,1450,0,0.000000,16384,1334,85189,4,1.000000,0.000000
41462,44323675231,1051044,0,0,1528,0,0.000000,16384,1314,51044,4,1.000000,0.000000
41463,44324743182,1067951,0,0,1495,0,0.000000,16384,1373,67951,4,1.000000,0.000000
41464,44325815061,1071879,0,0,1406,0,0.000000,16384,1228,71879,4,1.000000,0.000000
41465,44327431713,1616652,0,0,2198,0,0.000000,16384,1946,616652,4,1.000000,0.000000
41466,44328497219,1065506,0,0,1551,0,0.000000,16384,1421,65506,4,1.000000,0.000000
41467,44329560303,1063084,0,0,1552,0,0.000000,16384,1343,63084,4,1.000000,0.000000
41468,44330626771,1066468,0,0,1475,0,0.000000,16384,1348,66468,4,1.000000,0.000000
41469,44331674973,1048202,0,0,1531,0,0.000000,16384,1338,48202,4,1.000000,0.000000
41470,44332734121,1059148,0,0,1555,0,0.000000,16384,1412,59148,4,1.000000,0.000000
41471,44333817806,1083685,0,0,1582,0,0.000000,16384,1378,83685,4,1.000000,0.000000
41472,44334876604,1058798,0,0,1559,0,0.000000,16384,1427,58798,4,1.000000,0.000000
41473,44335937429,1060825,0,0,1416,0,0.000000,16384,1234,60825,4,1.000000,0.000000
41474,44336998087,1060658,0,0,1551,0,0.000000,16384,1397,60658,4,1.000000,0.000000
41475,44338186629,1188542,0,0,1590,0,0.000000,16384,1396,188542,4,1.000000,0.000000
41476,44339261813,1075184,0,0,1442,0,0.000000,16384,1299,75184,4,1.000000,0.000000
41477,44340326742,1064929,0,0,1554,0,0.000000,16384,1379,64929,4,1.000000,0.000000
41478,44341384906,1058164,0,0,1551,0,0.000000,16384,1391,58164,4,1.000000,0.000000
41479,44342446980,1062074,0,0,1558,0,0.000000,16384,1377,62074,4,1.000000,0.000000
41480,44343510785,1063805,0,0,1522,0,0.000000,16384,1367,63805,4,1.000000,0.000000
41481,44344599776,1088991,0,0,1555,0,0.000000,16384,1375,88991,4,1.000000,0.000000
41482,44345661868,1062092,0,0,1660,0,0.000000,16384,1504,62092,4,1.000000,0.000000
41483,44346673549,1011681,0,0,1579,0,0.000000,16384,1368,11681,4,1.000000,0.000000
41484,44347731108,1057559,0,0,1538,0,0.000000,16384,1413,57559,4,1.000000,0.000000
41485,44348838491,1107383,0,0,1543,0,0.000000,16384,1333,107383,4,1.000000,0.000000
41486,44349898136,1059645,0,0,1575,0,0.000000,16384,1449,59645,4,1.000000,0.000000
41487,44350990763,1092627,0,0,1636,0,0.000000,16384,1416,92627,4,1.000000,0.000000
41488,44352064195,1073432,0,0,1433,0,0.000000,16384,1317,73432,4,1.000000,0.000000
41489,44353136037,1071842,0,0,1473,0,0.000000,16384,1273,71842,4,1.000000,0.000000
41490,44354202305,1066268,0,0,1522,0,0.000000,16384,1386,66268,4,1.000000,0.000000
41491,44355289644,1087339,0,0,1592,0,0.000000,16384,1386,87339,4,1.000000,0.000000
41492,44356350740,1061096,0,0,1556,0,0.000000,16384,1425,61096,4,1.000000,0.000000
41493,44357416450,1065710,0,0,1538,0,0.000000,16384,1331,65710,4,1.000000,0.000000
41494,44358480770,1064320,0,0,1532,0,0.000000,16384,1404,64320,4,1.000000,0.000000
41495,44359541643,1060873,0,0,1549,0,0.000000,16384,1342,60873,4,1.000000,0.000000
41496,44360597817,1056174,0,0,1552,0,0.000000,16384,1423,56174,4,1.000000,0.000000
41497,44361657950,1060133,0,0,1442,0,0.000000,16384,1253,60133,4,1.000000,0.000000
41498,44362675899,1017949,0,0,1399,0,0.000000,16384,1256,17949,4,1.000000,0.000000
41499,44363737524,1061625,0,0,1553,0,0.000000,16384,1385,61625,4,1.000000,0.000000
41500,44364807830,1070306,0,0,1482,0,0.000000,16384,1314,70306,4,1.000000,0.000000
41501,44365913585,1105755,0,0,1449,0,0.000000,16384,1313,105755,4,1.000000,0.000000
41502,44366981173,1067588,0,0,1501,0,0.000000,16384,1301,67588,4,1.000000,0.000000
41503,44368045582,1064409,0,0,1561,0,0.000000,16384,1429,64409,4,1.000000,0.000000
41504,44369105591,1060009,0,0,1555,0,0.000000,16384,1351,60009,4,1.000000,0.000000
41505,44370169067,1063476,0,0,1496,0,0.000000,16384,1371,63476,4,1.000000,0.000000
41506,44371234249,1065182,0,0,1523,0,0.000000,16384,1311,65182,4,1.000000,0.000000
41507,44372295527,1061278,0,0,1562,0,0.000000,16384,1438,61278,4,1.000000,0.000000
41508,44373354079,1058552,0,0,1548,0,0.000000,16384,1337,58552,4,1.000000,0.000000
41509,44374412164,1058085,0,0,1630,0,0.000000,16384,1486,58085,4,1.000000,0.000000
41510,44375479507,1067343,0,0,1530,0,0.000000,16384,1338,67343,4,1.000000,0.000000
41511,44376567343,1087836,0,0,1681,0,0.000000,16384,1511,87836,4,1.000000,0.000000
41512,44377689550,1122207,0,0,1626,0,0.000000,16384,1456,122207,4,1.000000,0.000000
41513,44378762954,1073404,0,0,1394,0,0.000000,16384,1241,73404,4,1.000000,0.000000
41514,44379833586,1070632,0,0,1473,0,0.000000,16384,1294,70632,4,1.000000,0.000000
41515,44380905523,1071937,0,0,1517,0,0.000000,16384,1379,71937,4,1.000000,0.000000
41516,44381981606,1076083,0,0,1413,0,0.000000,16384,1224,76083,4,1.000000,0.000000
41517,44383058090,1076484,0,0,1482,0,0.000000,16384,1357,76484,4,1.000000,0.000000
41518,44384128811,1070721,0,0,1473,0,0.000000,16384,1288,70721,4,1.000000,0.000000
41519,44385192620,1063809,0,0,1562,0,0.000000,16384,1411,63809,4,1.000000,0.000000
41520,44386237327,1044707,0,0,1529,0,0.000000,16384,1342,44707,4,1.000000,0.000000
41521,44387324123,1086796,0,0,1581,0,0.000000,16384,1432,86796,4,1.000000,0.000000
41522,44388384264,1060141,0,0,1557,0,0.000000,16384,1360,60141,4,1.000000,0.000000
41523,44389443732,1059468,0,0,1423,0,0.000000,16384,1284,59468,4,1.000000,0.000000
41524,44390505242,1061510,0,0,1551,0,0.000000,16384,1376,61510,4,1.000000,0.000000
41525,44391762806,1257564,0,0,1732,0,0.000000,16384,1571,257564,4,1.000000,0.000000
41526,44392832723,1069917,0,0,1442,0,0.000000,16384,1249,69917,4,1.000000,0.000000
41527,44393901493,1068770,0,0,1554,0,0.000000,16384,1411,68770,4,1.000000,0.000000
41528,44394963440,1061947,0,0,1660,0,0.000000,16384,1439,61947,4,1.000000,0.000000
41529,44396022281,1058841,0,0,1631,0,0.000000,16384,1494,58841,4,1.000000,0.000000
41530,44397086703,1064422,0,0,1476,0,0.000000,16384,1278,64422,4,1.000000,0.000000
41531,44398175339,1088636,0,0,1568,0,0.000000,16384,1438,88636,4,1.000000,0.000000
41532,44399234906,1059567,0,0,1548,0,0.000000,16384,1342,59567,4,1.000000,0.000000
41533,44400293338,1058432,0,0,1559,0,0.000000,16384,1424,58432,4,1.000000,0.000000
41534,44401352085,1058747,0,0,1556,0,0.000000,16384,1355,58747,4,1.000000,0.000000
41535,44402410714,1058629,0,0,1415,0,0.000000,16384,1299,58629,4,1.000000,0.000000
41536,44403469795,1059081,0,0,1553,0,0.000000,16384,1340,59081,4,1.000000,0.000000
41537,44404537672,1067877,0,0,1540,0,0.000000,16384,1417,67877,4,1.000000,0.000000
41538,44405613590,1075918,0,0,1404,0,0.000000,16384,1219,75918,4,1.000000,0.000000
41539,44406679223,1065633,0,0,1486,0,0.000000,16384,1335,65633,4,1.000000,0.000000
41540,44407743272,1064049,0,0,1651,0,0.000000,16384,1455,64049,4,1.000000,0.000000
41541,44408829789,1086517,0,0,1698,0,0.000000,16384,1546,86517,4,1.000000,0.000000
41542,44409895520,1065731,0,0,1620,0,0.000000,16384,1412,65731,4,1.000000,0.000000
41543,44410959023,1063503,0,0,1518,0,0.000000,16384,1379,63503,4,1.000000,0.000000
41544,44412018067,1059044,0,0,1638,0,0.000000,16384,1441,59044,4,1.000000,0.000000
41545,44413076568,1058501,0,0,1659,0,0.000000,16384,1477,58501,4,1.000000,0.000000
41546,44414134266,1057698,0,0,1656,0,0.000000,16384,1413,57698,4,1.000000,0.000000
41547,44415192055,1057789,0,0,1657,0,0.000000,16384,1513,57789,4,1.000000,0.000000
41548,44416249462,1057407,0,0,1495,0,0.000000,16384,1289,57407,4,1.000000,0.000000
41549,44417309415,1059953,0,0,1632,0,0.000000,16384,1493,59953,4,1.000000,0.000000
41550,44418377759,1068344,0,0,1465,0,0.000000,16384,1265,68344,4,1.000000,0.000000
41551,44419495049,1117290,0,0,1501,0,0.000000,16384,1382,117290,4,1.000000,0.000000
41552,44420567583,1072534,0,0,1496,0,0.000000,16384,1297,72534,4,1.000000,0.000000
41553,44421633272,1065689,0,0,1560,0,0.000000,16384,1423,65689,4,1.000000,0.000000
41554,44422673496,1040224,0,0,1615,0,0.000000,16384,1397,40224,4,1.000000,0.000000
41555,44423741500,1068004,0,0,1479,0,0.000000,16384,1361,68004,4,1.000000,0.000000
41556,44424802377,1060877,0,0,1547,0,0.000000,16384,1341,60877,4,1.000000,0.000000
41557,44425862092,1059715,0,0,1607,0,0.000000,16384,1474,59715,4,1.000000,0.000000
41558,44426919868,1057776,0,0,1656,0,0.000000,16384,1439,57776,4,1.000000,0.000000
41559,44427977704,1057836,0,0,1657,0,0.000000,16384,1491,57836,4,1.000000,0.000000
41560,44429037919,1060215,0,0,1463,0,0.000000,16384,1293,60215,4,1.000000,0.000000
41561,44430122981,1085062,0,0,1608,0,0.000000,16384,1445,85062,4,1.000000,0.000000
41562,44431188226,1065245,0,0,1546,0,0.000000,16384,1373,65245,4,1.000000,0.000000
41563,44432263553,1075327,0,0,1415,0,0.000000,16384,1277,75327,4,1.000000,0.000000
41564,44433334500,1070947,0,0,1493,0,0.000000,16384,1295,70947,4,1.000000,0.000000
41565,44434399354,1064854,0,0,1558,0,0.000000,16384,1426,64854,4,1.000000,0.000000
41566,44435458367,1059013,0,0,1629,0,0.000000,16384,1424,59013,4,1.000000,0.000000
41567,44436520566,1062199,0,0,1562,0,0.000000,16384,1410,62199,4,1.000000,0.000000
41568,44437582144,1061578,0,0,1472,0,0.000000,16384,1289,61578,4,1.000000,0.000000
41569,44438630521,1048377,0,0,1501,0,0.000000,16384,1370,48377,4,1.000000,0.000000
41570,44439676028,1045507,0,0,1521,0,0.000000,16384,1316,45507,4,1.000000,0.000000
41571,44440757329,1081301,0,0,1590,0,0.000000,16384,1454,81301,4,1.000000,0.000000
41572,44441817222,1059893,0,0,1567,0,0.000000,16384,1367,59893,4,1.000000,0.000000
41573,44442876859,1059637,0,0,1442,0,0.000000,16384,1321,59637,4,1.000000,0.000000
41574,44443936080,1059221,0,0,1632,0,0.000000,16384,1417,59221,4,1.000000,0.000000
41575,44445211390,1275310,0,0,1760,0,0.000000,16384,1577,275310,4,1.000000,0.000000
41576,44446285696,1074306,0,0,1466,0,0.000000,16384,1313,74306,4,1.000000,0.000000
41577,44447352022,1066326,0,0,1619,0,0.000000,16384,1436,66326,4,1.000000,0.000000
41578,44448412253,1060231,0,0,1658,0,0.000000,16384,1501,60231,4,1.000000,0.000000
41579,44449473614,1061361,0,0,1582,0,0.000000,16384,1372,61361,4,1.000000,0.000000
41580,44450535244,1061630,0,0,1470,0,0.000000,16384,1344,61630,4,1.000000,0.000000
41581,44451622103,1086859,0,0,1588,0,0.000000,16384,1383,86859,4,1.000000,0.000000
41582,44452672730,1050627,0,0,1641,0,0.000000,16384,1500,50627,4,1.000000,0.000000
41583,44453730961,1058231,0,0,1653,0,0.000000,16384,1443,58231,4,1.000000,0.000000
41584,44454789031,1058070,0,0,1658,0,0.000000,16384,1486,58070,4,1.000000,0.000000
41585,44455847537,1058506,0,0,1489,0,0.000000,16384,1325,58506,4,1.000000,0.000000
41586,44456910764,1063227,0,0,1664,0,0.000000,16384,1479,63227,4,1.000000,0.000000
41587,44457979516,1068752,0,0,1500,0,0.000000,16384,1345,68752,4,1.000000,0.000000
41588,44459056544,1077028,0,0,1373,0,0.000000,16384,1234,77028,4,1.000000,0.000000
41589,44460124499,1067955,0,0,1512,0,0.000000,16384,1319,67955,4,1.000000,0.000000
41590,44461189425,1064926,0,0,1563,0,0.000000,16384,1421,64926,4,1.000000,0.000000
41591,44462276633,1087208,0,0,1653,0,0.000000,16384,1459,87208,4,1.000000,0.000000
41592,44463347703,1071070,0,0,1572,0,0.000000,16384,1402,71070,4,1.000000,0.000000
41593,44464414286,1066583,0,0,1517,0,0.000000,16384,1351,66583,4,1.000000,0.000000
41594,44465475590,1061304,0,0,1637,0,0.000000,16384,1453,61304,4,1.000000,0.000000
41595,44466535900,1060310,0,0,1570,0,0.000000,16384,1414,60310,4,1.000000,0.000000
41596,44467595540,1059640,0,0,1557,0,0.000000,16384,1369,59640,4,1.000000,0.000000
41597,44468654765,1059225,0,0,1557,0,0.000000,16384,1409,59225,4,1.000000,0.000000
41598,44469674103,1019338,0,0,1435,0,0.000000,16384,1265,19338,4,1.000000,0.000000
41599,44470734064,1059961,0,0,1604,0,0.000000,16384,1438,59961,4,1.000000,0.000000
41600,44471815780,1081716,0,0,1470,0,0.000000,16384,1302,81716,4,1.000000,0.000000
41601,44473314157,1498377,0,0,2129,0,0.000000,16384,1891,498377,4,1.000000,0.000000
41602,44474378422,1064265,0,0,1664,0,0.000000,16384,1510,64265,4,1.000000,0.000000
41603,44475437479,1059057,0,0,1580,0,0.000000,16384,1366,59057,4,1.000000,0.000000
41604,44476494536,1057057,0,0,1622,0,0.000000,16384,1484,57057,4,1.000000,0.000000
41605,44477559723,1065187,0,0,1494,0,0.000000,16384,1289,65187,4,1.000000,0.000000
41606,44478613738,1054015,0,0,1577,0,0.000000,16384,1448,54015,4,1.000000,0.000000
41607,44479679041,1065303,0,0,1542,0,0.000000,16384,1336,65303,4,1.000000,0.000000
41608,44480744416,1065375,0,0,1516,0,0.000000,16384,1392,65375,4,1.000000,0.000000
41609,44481806137,1061721,0,0,1559,0,0.000000,16384,1347,61721,4,1.000000,0.000000
41610,44482868855,1062718,0,0,1384,0,0.000000,16384,1268,62718,4,1.000000,0.000000
41611,44483951807,1082952,0,0,1601,0,0.000000,16384,1395,82952,4,1.000000,0.000000
41612,44485419568,1467761,0,0,1992,0,0.000000,16384,1781,467761,4,1.000000,0.000000
41613,44486490687,1071119,0,0,1484,0,0.000000,16384,1341,71119,4,1.000000,0.000000
41614,44487557280,1066593,0,0,1613,0,0.000000,16384,1417,66593,4,1.000000,0.000000
41615,44488617983,1060703,0,0,1653,0,0.000000,16384,1511,60703,4,1.000000,0.000000
41616,44489675556,1057573,0,0,1544,0,0.000000,16384,1326,57573,4,1.000000,0.000000
41617,44490739045,1063489,0,0,1479,0,0.000000,16384,1363,63489,4,1.000000,0.000000
41618,44491800075,1061030,0,0,1661,0,0.000000,16384,1441,61030,4,1.000000,0.000000
41619,44492859473,1059398,0,0,1660,0,0.000000,16384,1505,59398,4,1.000000,0.000000
41620,44493917612,1058139,0,0,1660,0,0.000000,16384,1475,58139,4,1.000000,0.000000
41621,44494997709,1080097,0,0,1690,0,0.000000,16384,1485,80097,4,1.000000,0.000000
41622,44496055724,1058015,0,0,1500,0,0.000000,16384,1369,58015,4,1.000000,0.000000
41623,44497116619,1060895,0,0,1642,0,0.000000,16384,1427,60895,4,1.000000,0.000000
41624,44498675898,1559279,0,0,2142,0,0.000000,16384,1913,559279,4,1.000000,0.000000
41625,44499748494,1072596,0,0,1468,0,0.000000,16384,1350,72596,4,1.000000,0.000000
41626,44500815009,1066515,0,0,1555,0,0.000000,16384,1337,66515,4,1.000000,0.000000
41627,44501875790,1060781,0,0,1557,0,0.000000,16384,1432,60781,4,1.000000,0.000000
41628,44502933765,1057975,0,0,1541,0,0.000000,16384,1330,57975,4,1.000000,0.000000
41629,44503996798,1063033,0,0,1476,0,0.000000,16384,1359,63033,4,1.000000,0.000000
41630,44505058145,1061347,0,0,1593,0,0.000000,16384,1374,61347,4,1.000000,0.000000
41631,44506138241,1080096,0,0,1694,0,0.000000,16384,1541,80096,4,1.000000,0.000000
41632,44507195677,1057436,0,0,1658,0,0.000000,16384,1471,57436,4,1.000000,0.000000
41633,44508247307,1051630,0,0,1641,0,0.000000,16384,1450,51630,4,1.000000,0.000000
41634,44509309814,1062507,0,0,1427,0,0.000000,16384,1282,62507,4,1.000000,0.000000
41635,44510372049,1062235,0,0,1552,0,0.000000,16384,1382,62235,4,1.000000,0.000000
41636,44511442982,1070933,0,0,1496,0,0.000000,16384,1333,70933,4,1.000000,0.000000
41637,44512519479,1076497,0,0,1411,0,0.000000,16384,1274,76497,4,1.000000,0.000000
41638,44513589132,1069653,0,0,1535,0,0.000000,16384,1337,69653,4,1.000000,0.000000
41639,44514686011,1096879,0,0,1700,0,0.000000,16384,1531,96879,4,1.000000,0.000000
41640,44515711483,1025472,0,0,1596,0,0.000000,16384,1425,25472,4,1.000000,0.000000
41641,44516804587,1093104,0,0,1607,0,0.000000,16384,1419,93104,4,1.000000,0.000000
41642,44517867951,1063364,0,0,1558,0,0.000000,16384,1410,63364,4,1.000000,0.000000
41643,44518927929,1059978,0,0,1703,0,0.000000,16384,1483,59978,4,1.000000,0.000000
41644,44519989176,1061247,0,0,1610,0,0.000000,16384,1471,61247,4,1.000000,0.000000
41645,44521048709,1059533,0,0,1582,0,0.000000,16384,1385,59533,4,1.000000,0.000000
41646,44522106302,1057593,0,0,1550,0,0.000000,16384,1401,57593,4,1.000000,0.000000
41647,44523165220,1058918,0,0,1567,0,0.000000,16384,1380,58918,4,1.000000,0.000000
41648,44524257049,1091829,0,0,1676,0,0.000000,16384,1496,91829,4,1.000000,0.000000
41649,44526186745,1929696,0,0,2560,0,0.000000,16384,2288,929696,4,1.000000,0.000000
41650,44527255708,1068963,0,0,1559,0,0.000000,16384,1382,68963,4,1.000000,0.000000
41651,44528353958,1098250,0,0,1679,0,0.000000,16384,1519,98250,4,1.000000,0.000000
41652,44529415395,1061437,0,0,1581,0,0.000000,16384,1369,61437,4,1.000000,0.000000
41653,44530483825,1068430,0,0,1499,0,0.000000,16384,1375,68430,4,1.000000,0.000000
41654,44531549312,1065487,0,0,1562,0,0.000000,16384,1355,65487,4,1.000000,0.000000
41655,44532608650,1059338,0,0,1559,0,0.000000,16384,1431,59338,4,1.000000,0.000000
41656,44533670950,1062300,0,0,1557,0,0.000000,16384,1343,62300,4,1.000000,0.000000
41657,44534768102,1097152,0,0,1715,0,0.000000,16384,1559,97152,4,1.000000,0.000000
41658,44535825810,1057708,0,0,1493,0,0.000000,16384,1307,57708,4,1.000000,0.000000
41659,44536883572,1057762,0,0,1661,0,0.000000,16384,1497,57762,4,1.000000,0.000000
41660,44538168750,1285178,0,0,1844,0,0.000000,16384,1662,285178,4,1.000000,0.000000
41661,44539270400,1101650,0,0,1477,0,0.000000,16384,1275,101650,4,1.000000,0.000000
41662,44540342977,1072577,0,0,1488,0,0.000000,16384,1360,72577,4,1.000000,0.000000
41663,44541408410,1065433,0,0,1556,0,0.000000,16384,1356,65433,4,1.000000,0.000000
41664,44542468895,1060485,0,0,1549,0,0.000000,16384,1413,60485,4,1.000000,0.000000
41665,44543537036,1068141,0,0,1504,0,0.000000,16384,1311,68141,4,1.000000,0.000000
41666,44544603899,1066863,0,0,1530,0,0.000000,16384,1387,66863,4,1.000000,0.000000
41667,44545673420,1069521,0,0,1566,0,0.000000,16384,1370,69521,4,1.000000,0.000000
41668,44546736623,1063203,0,0,1560,0,0.000000,16384,1420,63203,4,1.000000,0.000000
41669,44547795273,1058650,0,0,1565,0,0.000000,16384,1361,58650,4,1.000000,0.000000
41670,44548854499,1059226,0,0,1507,0,0.000000,16384,1375,59226,4,1.000000,0.000000
41671,44549942063,1087564,0,0,1694,0,0.000000,16384,1474,87564,4,1.000000,0.000000
41672,44551007964,1065901,0,0,1571,0,0.000000,16384,1436,65901,4,1.000000,0.000000
41673,44552082174,1074210,0,0,1380,0,0.000000,16384,1198,74210,4,1.000000,0.000000
41674,44553154491,1072317,0,0,1493,0,0.000000,16384,1358,72317,4,1.000000,0.000000
41675,44554221536,1067045,0,0,1607,0,0.000000,16384,1403,67045,4,1.000000,0.000000
41676,44555279448,1057912,0,0,1593,0,0.000000,16384,1461,57912,4,1.000000,0.000000
41677,44556344177,1064729,0,0,1561,0,0.000000,16384,1341,64729,4,1.000000,0.000000
41678,44557411007,1066830,0,0,1483,0,0.000000,16384,1367,66830,4,1.000000,0.000000
41679,44558477410,1066403,0,0,1643,0,0.000000,16384,1423,66403,4,1.000000,0.000000
41680,44559536153,1058743,0,0,1662,0,0.000000,16384,1510,58743,4,1.000000,0.000000
41681,44560619995,1083842,0,0,1584,0,0.000000,16384,1400,83842,4,1.000000,0.000000
41682,44561672485,1052490,0,0,1637,0,0.000000,16384,1458,52490,4,1.000000,0.000000
41683,44562731523,1059038,0,0,1444,0,0.000000,16384,1287,59038,4,1.000000,0.000000
41684,44563758845,1027322,0,0,1591,0,0.000000,16384,1422,27322,4,1.000000,0.000000
41685,44564852647,1093802,0,0,1537,0,0.000000,16384,1370,93802,4,1.000000,0.000000
41686,44565925380,1072733,0,0,1413,0,0.000000,16384,1271,72733,4,1.000000,0.000000
41687,44566994112,1068732,0,0,1520,0,0.000000,16384,1326,68732,4,1.000000,0.000000
41688,44568058025,1063913,0,0,1556,0,0.000000,16384,1415,63913,4,1.000000,0.000000
41689,44569119270,1061245,0,0,1560,0,0.000000,16384,1365,61245,4,1.000000,0.000000
41690,44570182970,1063700,0,0,1514,0,0.000000,16384,1375,63700,4,1.000000,0.000000
41691,44571272310,1089340,0,0,1559,0,0.000000,16384,1362,89340,4,1.000000,0.000000
41692,44572332820,1060510,0,0,1561,0,0.000000,16384,1415,60510,4,1.000000,0.000000
41693,44573392709,1059889,0,0,1558,0,0.000000,16384,1368,59889,4,1.000000,0.000000
41694,44574449719,1057010,0,0,1556,0,0.000000,16384,1404,57010,4,1.000000,0.000000
41695,44575509758,1060039,0,0,1425,0,0.000000,16384,1241,60039,4,1.000000,0.000000
41696,44576568683,1058925,0,0,1559,0,0.000000,16384,1427,58925,4,1.000000,0.000000
41697,44577634067,1065384,0,0,1540,0,0.000000,16384,1336,65384,4,1.000000,0.000000
41698,44579483333,1849266,0,0,2454,0,0.000000,16384,2226,849266,4,1.000000,0.000000
41699,44580557474,1074141,0,0,1494,0,0.000000,16384,1296,74141,4,1.000000,0.000000
41700,44581624183,1066709,0,0,1535,0,0.000000,16384,1397,66709,4,1.000000,0.000000
41701,44582731670,1107487,0,0,1616,0,0.000000,16384,1405,107487,4,1.000000,0.000000
41702,44583797139,1065469,0,0,1472,0,0.000000,16384,1347,65469,4,1.000000,0.000000
41703,44584862271,1065132,0,0,1562,0,0.000000,16384,1361,65132,4,1.000000,0.000000
41704,44585925760,1063489,0,0,1506,0,0.000000,16384,1371,63489,4,1.000000,0.000000
41705,44586986710,1060950,0,0,1557,0,0.000000,16384,1360,60950,4,1.000000,0.000000
41706,44588044586,1057876,0,0,1553,0,0.000000,16384,1414,57876,4,1.000000,0.000000
41707,44589105198,1060612,0,0,1407,0,0.000000,16384,1235,60612,4,1.000000,0.000000
41708,44590164017,1058819,0,0,1556,0,0.000000,16384,1392,58819,4,1.000000,0.000000
41709,44591234577,1070560,0,0,1513,0,0.000000,16384,1344,70560,4,1.000000,0.000000
41710,44592310558,1075981,0,0,1393,0,0.000000,16384,1230,75981,4,1.000000,0.000000
41711,44593405876,1095318,0,0,1556,0,0.000000,16384,1410,95318,4,1.000000,0.000000
41712,44594467609,1061733,0,0,1544,0,0.000000,16384,1354,61733,4,1.000000,0.000000
41713,44595527676,1060067,0,0,1557,0,0.000000,16384,1408,60067,4,1.000000,0.000000
41714,44596593473,1065797,0,0,1551,0,0.000000,16384,1364,65797,4,1.000000,0.000000
41715,44597659292,1065819,0,0,1499,0,0.000000,16384,1356,65819,4,1.000000,0.000000
41716,44598679201,1019909,0,0,1489,0,0.000000,16384,1296,19909,4,1.000000,0.000000
41717,44599739648,1060447,0,0,1557,0,0.000000,16384,1422,60447,4,1.000000,0.000000
41718,44600800135,1060487,0,0,1530,0,0.000000,16384,1329,60487,4,1.000000,0.000000
41719,44601859493,1059358,0,0,1560,0,0.000000,16384,1424,59358,4,1.000000,0.000000
41720,44602919714,1060221,0,0,1411,0,0.000000,16384,1222,60221,4,1.000000,0.000000
41721,44604003112,1083398,0,0,1584,0,0.000000,16384,1456,83398,4,1.000000,0.000000
41722,44605341146,1338034,0,0,1766,0,0.000000,16384,1547,338034,4,1.000000,0.000000
41723,44606413434,1072288,0,0,1477,0,0.000000,16384,1327,72288,4,1.000000,0.000000
41724,44607479128,1065694,0,0,1545,0,0.000000,16384,1359,65694,4,1.000000,0.000000
41725,44608541483,1062355,0,0,1552,0,0.000000,16384,1399,62355,4,1.000000,0.000000
41726,44609604341,1062858,0,0,1560,0,0.000000,16384,1377,62858,4,1.000000,0.000000
41727,44610672815,1068474,0,0,1476,0,0.000000,16384,1333,68474,4,1.000000,0.000000
41728,44611734319,1061504,0,0,1658,0,0.000000,16384,1465,61504,4,1.000000,0.000000
41729,44612792165,1057846,0,0,1646,0,0.000000,16384,1459,57846,4,1.000000,0.000000
41730,44613848594,1056429,0,0,1658,0,0.000000,16384,1504,56429,4,1.000000,0.000000
41731,44614928591,1079997,0,0,1689,0,0.000000,16384,1470,79997,4,1.000000,0.000000
41732,44615988031,1059440,0,0,1509,0,0.000000,16384,1379,59440,4,1.000000,0.000000
41733,44617048765,1060734,0,0,1637,0,0.000000,16384,1431,60734,4,1.000000,0.000000
41734,44618119991,1071226,0,0,1484,0,0.000000,16384,1346,71226,4,1.000000,0.000000
41735,44619194297,1074306,0,0,1409,0,0.000000,16384,1221,74306,4,1.000000,0.000000
41736,44620261112,1066815,0,0,1499,0,0.000000,16384,1373,66815,4,1.000000,0.000000
41737,44621327772,1066660,0,0,1533,0,0.000000,16384,1333,66660,4,1.000000,0.000000
41738,44622391249,1063477,0,0,1558,0,0.000000,16384,1421,63477,4,1.000000,0.000000
41739,44623455122,1063873,0,0,1511,0,0.000000,16384,1315,63873,4,1.000000,0.000000
41740,44624519068,1063946,0,0,1521,0,0.000000,16384,1382,63946,4,1.000000,0.000000
41741,44625603528,1084460,0,0,1590,0,0.000000,16384,1388,84460,4,1.000000,0.000000
41742,44626660705,1057177,0,0,1556,0,0.000000,16384,1422,57177,4,1.000000,0.000000
41743,44627674294,1013589,0,0,1585,0,0.000000,16384,1372,13589,4,1.000000,0.000000
41744,44628732031,1057737,0,0,1510,0,0.000000,16384,1387,57737,4,1.000000,0.000000
41745,44629794828,1062797,0,0,1560,0,0.000000,16384,1349,62797,4,1.000000,0.000000
41746,44630858235,1063407,0,0,1536,0,0.000000,16384,1411,63407,4,1.000000,0.000000
41747,44631989326,1131091,0,0,1467,0,0.000000,16384,1273,131091,4,1.000000,0.000000
41748,44633060482,1071156,0,0,1484,0,0.000000,16384,1342,71156,4,1.000000,0.000000
41749,44634127278,1066796,0,0,1554,0,0.000000,16384,1369,66796,4,1.000000,0.000000
41750,44635188596,1061318,0,0,1607,0,0.000000,16384,1456,61318,4,1.000000,0.000000
41751,44636289493,1100897,0,0,1662,0,0.000000,16384,1442,100897,4,1.000000,0.000000
41752,44637353694,1064201,0,0,1485,0,0.000000,16384,1369,64201,4,1.000000,0.000000
41753,44638416396,1062702,0,0,1625,0,0.000000,16384,1405,62702,4,1.000000,0.000000
41754,44639473614,1057218,0,0,1661,0,0.000000,16384,1509,57218,4,1.000000,0.000000
41755,44640534413,1060799,0,0,1562,0,0.000000,16384,1378,60799,4,1.000000,0.000000
41756,44641594387,1059974,0,0,1643,0,0.000000,16384,1466,59974,4,1.000000,0.000000
41757,44642653729,1059342,0,0,1455,0,0.000000,16384,1296,59342,4,1.000000,0.000000
41758,44643679486,1025757,0,0,1581,0,0.000000,16384,1414,25757,4,1.000000,0.000000
41759,44644750333,1070847,0,0,1549,0,0.000000,16384,1380,70847,4,1.000000,0.000000
41760,44645820616,1070283,0,0,1400,0,0.000000,16384,1259,70283,4,1.000000,0.000000
41761,44646914473,1093857,0,0,1530,0,0.000000,16384,1334,93857,4,1.000000,0.000000
41762,44647976968,1062495,0,0,1559,0,0.000000,16384,1419,62495,4,1.000000,0.000000
41763,44649036934,1059966,0,0,1557,0,0.000000,16384,1362,59966,4,1.000000,0.000000
41764,44650100390,1063456,0,0,1526,0,0.000000,16384,1384,63456,4,1.000000,0.000000
41765,44651163337,1062947,0,0,1557,0,0.000000,16384,1363,62947,4,1.000000,0.000000
41766,44652225991,1062654,0,0,1666,0,0.000000,16384,1497,62654,4,1.000000,0.000000
41767,44653288656,1062665,0,0,1669,0,0.000000,16384,1498,62665,4,1.000000,0.000000
41768,44654346594,1057938,0,0,1659,0,0.000000,16384,1445,57938,4,1.000000,0.000000
41769,44655405382,1058788,0,0,1594,0,0.000000,16384,1364,58788,4,1.000000,0.000000
41770,44656464879,1059497,0,0,1559,0,0.000000,16384,1432,59497,4,1.000000,0.000000
41771,44657551391,1086512,0,0,1613,0,0.000000,16384,1404,86512,4,1.000000,0.000000
41772,44659468733,1917342,0,0,2538,0,0.000000,16384,2291,917342,4,1.000000,0.000000
41773,44660540219,1071486,0,0,1548,0,0.000000,16384,1347,71486,4,1.000000,0.000000
41774,44661604018,1063799,0,0,1542,0,0.000000,16384,1406,63799,4,1.000000,0.000000
41775,44662665043,1061025,0,0,1559,0,0.000000,16384,1359,61025,4,1.000000,0.000000
41776,44663733272,1068229,0,0,1477,0,0.000000,16384,1350,68229,4,1.000000,0.000000
41777,44664797597,1064325,0,0,1559,0,0.000000,16384,1350,64325,4,1.000000,0.000000
41778,44665854639,1057042,0,0,1573,0,0.000000,16384,1437,57042,4,1.000000,0.000000
41779,44666916779,1062140,0,0,1623,0,0.000000,16384,1422,62140,4,1.000000,0.000000
41780,44667977822,1061043,0,0,1584,0,0.000000,16384,1424,61043,4,1.000000,0.000000
41781,44669059998,1082176,0,0,1533,0,0.000000,16384,1358,82176,4,1.000000,0.000000
41782,44670118845,1058847,0,0,1660,0,0.000000,16384,1477,58847,4,1.000000,0.000000
41783,44671183706,1064861,0,0,1545,0,0.000000,16384,1388,64861,4,1.000000,0.000000
41784,44672256257,1072551,0,0,1381,0,0.000000,16384,1234,72551,4,1.000000,0.000000
41785,44673326530,1070273,0,0,1563,0,0.000000,16384,1378,70273,4,1.000000,0.000000
41786,44674389478,1062948,0,0,1658,0,0.000000,16384,1480,62948,4,1.000000,0.000000
41787,44675447842,1058364,0,0,1658,0,0.000000,16384,1496,58364,4,1.000000,0.000000
41788,44676512932,1065090,0,0,1571,0,0.000000,16384,1367,65090,4,1.000000,0.000000
41789,44677578712,1065780,0,0,1499,0,0.000000,16384,1366,65780,4,1.000000,0.000000
41790,44678637895,1059183,0,0,1650,0,0.000000,16384,1434,59183,4,1.000000,0.000000
41791,44679678068,1040173,0,0,1623,0,0.000000,16384,1486,40173,4,1.000000,0.000000
41792,44680757537,1079469,0,0,1654,0,0.000000,16384,1452,79469,4,1.000000,0.000000
41793,44681824568,1067031,0,0,1510,0,0.000000,16384,1360,67031,4,1.000000,0.000000
41794,44682887153,1062585,0,0,1393,0,0.000000,16384,1207,62585,4,1.000000,0.000000
41795,44683947571,1060418,0,0,1551,0,0.000000,16384,1429,60418,4,1.000000,0.000000
41796,44685034178,1086607,0,0,1460,0,0.000000,16384,1262,86607,4,1.000000,0.000000
41797,44686107570,1073392,0,0,1432,0,0.000000,16384,1300,73392,4,1.000000,0.000000
41798,44687173875,1066305,0,0,1592,0,0.000000,16384,1399,66305,4,1.000000,0.000000
41799,44688234918,1061043,0,0,1647,0,0.000000,16384,1504,61043,4,1.000000,0.000000
41800,44689295413,1060495,0,0,1604,0,0.000000,16384,1384,60495,4,1.000000,0.000000
41801,44690404149,1108736,0,0,1539,0,0.000000,16384,1413,108736,4,1.000000,0.000000
41802,44691466463,1062314,0,0,1633,0,0.000000,16384,1423,62314,4,1.000000,0.000000
41803,44692524442,1057979,0,0,1658,0,0.000000,16384,1490,57979,4,1.000000,0.000000
41804,44693582613,1058171,0,0,1656,0,0.000000,16384,1484,58171,4,1.000000,0.000000
41805,44694641486,1058873,0,0,1660,0,0.000000,16384,1450,58873,4,1.000000,0.000000
41806,44695677255,1035769,0,0,1456,0,0.000000,16384,1330,35769,4,1.000000,0.000000
41807,44696737728,1060473,0,0,1650,0,0.000000,16384,1436,60473,4,1.000000,0.000000
41808,44697800600,1062872,0,0,1577,0,0.000000,16384,1448,62872,4,1.000000,0.000000
41809,44698876175,1075575,0,0,1388,0,0.000000,16384,1204,75575,4,1.000000,0.000000
41810,44699946544,1070369,0,0,1498,0,0.000000,16384,1353,70369,4,1.000000,0.000000
41811,44701036318,1089774,0,0,1568,0,0.000000,16384,1381,89774,4,1.000000,0.000000
41812,44702097778,1061460,0,0,1552,0,0.000000,16384,1403,61460,4,1.000000,0.000000
41813,44703157866,1060088,0,0,1542,0,0.000000,16384,1352,60088,4,1.000000,0.000000
41814,44704218320,1060454,0,0,1522,0,0.000000,16384,1376,60454,4,1.000000,0.000000
41815,44705279797,1061477,0,0,1662,0,0.000000,16384,1453,61477,4,1.000000,0.000000
41816,44706338239,1058442,0,0,1662,0,0.000000,16384,1517,58442,4,1.000000,0.000000
41817,44707395545,1057306,0,0,1657,0,0.000000,16384,1455,57306,4,1.000000,0.000000
41818,44708453077,1057532,0,0,1656,0,0.000000,16384,1476,57532,4,1.000000,0.000000
41819,44709512831,1059754,0,0,1510,0,0.000000,16384,1349,59754,4,1.000000,0.000000
41820,44710572372,1059541,0,0,1613,0,0.000000,16384,1430,59541,4,1.000000,0.000000
41821,44712014959,1442587,0,0,1914,0,0.000000,16384,1719,442587,4,1.000000,0.000000
41822,44713087130,1072171,0,0,1474,0,0.000000,16384,1297,72171,4,1.000000,0.000000
41823,44714151753,1064623,0,0,1559,0,0.000000,16384,1410,64623,4,1.000000,0.000000
41824,44715210813,1059060,0,0,1606,0,0.000000,16384,1419,59060,4,1.000000,0.000000
41825,44716270365,1059552,0,0,1606,0,0.000000,16384,1431,59552,4,1.000000,0.000000
41826,44717330552,1060187,0,0,1470,0,0.000000,16384,1309,60187,4,1.000000,0.000000
41827,44718392613,1062061,0,0,1629,0,0.000000,16384,1451,62061,4,1.000000,0.000000
41828,44719451962,1059349,0,0,1660,0,0.000000,16384,1498,59349,4,1.000000,0.000000
41829,44720510266,1058304,0,0,1658,0,0.000000,16384,1438,58304,4,1.000000,0.000000
41830,44721569927,1059661,0,0,1559,0,0.000000,16384,1434,59661,4,1.000000,0.000000
41831,44722654260,1084333,0,0,1474,0,0.000000,16384,1273,84333,4,1.000000,0.000000
41832,44723679043,1024783,0,0,1580,0,0.000000,16384,1452,24783,4,1.000000,0.000000
41833,44724751889,1072846,0,0,1481,0,0.000000,16384,1277,72846,4,1.000000,0.000000
41834,44725827012,1075123,0,0,1401,0,0.000000,16384,1271,75123,4,1.000000,0.000000
41835,44726895714,1068702,0,0,1527,0,0.000000,16384,1352,68702,4,1.000000,0.000000
41836,44727959059,1063345,0,0,1560,0,0.000000,16384,1399,63345,4,1.000000,0.000000
41837,44729017980,1058921,0,0,1558,0,0.000000,16384,1377,58921,4,1.000000,0.000000
41838,44730078789,1060809,0,0,1512,0,0.000000,16384,1357,60809,4,1.000000,0.000000
41839,44731142221,1063432,0,0,1517,0,0.000000,16384,1347,63432,4,1.000000,0.000000
41840,44732203955,1061734,0,0,1613,0,0.000000,16384,1446,61734,4,1.000000,0.000000
41841,44733283686,1079731,0,0,1687,0,0.000000,16384,1474,79731,4,1.000000,0.000000
41842,44734341756,1058070,0,0,1658,0,0.000000,16384,1514,58070,4,1.000000,0.000000
41843,44735400498,1058742,0,0,1600,0,0.000000,16384,1402,58742,4,1.000000,0.000000
41844,44736458703,1058205,0,0,1470,0,0.000000,16384,1335,58205,4,1.000000,0.000000
41845,44737520157,1061454,0,0,1557,0,0.000000,16384,1356,61454,4,1.000000,0.000000
41846,44738682545,1162388,0,0,1505,0,0.000000,16384,1374,162388,4,1.000000,0.000000
41847,44739753740,1071195,0,0,1479,0,0.000000,16384,1275,71195,4,1.000000,0.000000
41848,44740817966,1064226,0,0,1654,0,0.000000,16384,1512,64226,4,1.000000,0.000000
41849,44741880094,1062128,0,0,1514,0,0.000000,16384,1319,62128,4,1.000000,0.000000
41850,44742941121,1061027,0,0,1561,0,0.000000,16384,1422,61027,4,1.000000,0.000000
41851,44744059587,1118466,0,0,1553,0,0.000000,16384,1356,118466,4,1.000000,0.000000
41852,44745121177,1061590,0,0,1562,0,0.000000,16384,1417,61590,4,1.000000,0.000000
41853,44746179458,1058281,0,0,1605,0,0.000000,16384,1414,58281,4,1.000000,0.000000
41854,44747238301,1058843,0,0,1655,0,0.000000,16384,1475,58843,4,1.000000,0.000000
41855,44748298665,1060364,0,0,1626,0,0.000000,16384,1466,60364,4,1.000000,0.000000
41856,44749358401,1059736,0,0,1453,0,0.000000,16384,1278,59736,4,1.000000,0.000000
41857,44750419585,1061184,0,0,1596,0,0.000000,16384,1435,61184,4,1.000000,0.000000
41858,44751488606,1069021,0,0,1481,0,0.000000,16384,1307,69021,4,1.000000,0.000000
41859,44752563306,1074700,0,0,1406,0,0.000000,16384,1248,74700,4,1.000000,0.000000
41860,44753631902,1068596,0,0,1530,0,0.000000,16384,1382,68596,4,1.000000,0.000000
41861,44754675895,1043993,0,0,1616,0,0.000000,16384,1428,43993,4,1.000000,0.000000
41862,44755733104,1057209,0,0,1652,0,0.000000,16384,1467,57209,4,1.000000,0.000000
41863,44756796291,1063187,0,0,1510,0,0.000000,16384,1355,63187,4,1.000000,0.000000
41864,44757861050,1064759,0,0,1536,0,0.000000,16384,1363,64759,4,1.000000,0.000000
41865,44758925148,1064098,0,0,1664,0,0.000000,16384,1501,64098,4,1.000000,0.000000
41866,44760009120,1083972,0,0,1695,0,0.000000,16384,1475,83972,4,1.000000,0.000000
41867,44761037877,1028757,0,0,1512,0,0.000000,16384,1388,28757,4,1.000000,0.000000
41868,44762100340,1062463,0,0,1470,0,0.000000,16384,1270,62463,4,1.000000,0.000000
41869,44763161756,1061416,0,0,1498,0,0.000000,16384,1370,61416,4,1.000000,0.000000
41870,44764227670,1065914,0,0,1539,0,0.000000,16384,1340,65914,4,1.000000,0.000000
41871,44766274064,2046394,0,0,2690,0,0.000000,16384,2433,1046394,4,1.000000,0.000000
41872,44767345400,1071336,0,0,1522,0,0.000000,16384,1310,71336,4,1.000000,0.000000
41873,44768409493,1064093,0,0,1561,0,0.000000,16384,1437,64093,4,1.000000,0.000000
41874,44769466835,1057342,0,0,1554,0,0.000000,16384,1342,57342,4,1.000000,0.000000
41875,44770532804,1065969,0,0,1472,0,0.000000,16384,1356,65969,4,1.000000,0.000000
41876,44771596342,1063538,0,0,1557,0,0.000000,16384,1343,63538,4,1.000000,0.000000
41877,44772656923,1060581,0,0,1545,0,0.000000,16384,1423,60581,4,1.000000,0.000000
41878,44773672404,1015481,0,0,1487,0,0.000000,16384,1284,15481,4,1.000000,0.000000
41879,44774735384,1062980,0,0,1536,0,0.000000,16384,1403,62980,4,1.000000,0.000000
41880,44775798736,1063352,0,0,1404,0,0.000000,16384,1229,63352,4,1.000000,0.000000
41881,44776888626,1089890,0,0,1594,0,0.000000,16384,1433,89890,4,1.000000,0.000000
41882,44778689653,1801027,0,0,2437,0,0.000000,16384,2167,801027,4,1.000000,0.000000
41883,44779766220,1076567,0,0,1390,0,0.000000,16384,1216,76567,4,1.000000,0.000000
41884,44780839576,1073356,0,0,1492,0,0.000000,16384,1370,73356,4,1.000000,0.000000
41885,44781913961,1074385,0,0,1433,0,0.000000,16384,1239,74385,4,1.000000,0.000000
41886,44782982490,1068529,0,0,1543,0,0.000000,16384,1406,68529,4,1.000000,0.000000
41887,44784051420,1068930,0,0,1463,0,0.000000,16384,1281,68930,4,1.000000,0.000000
41888,44785114016,1062596,0,0,1561,0,0.000000,16384,1408,62596,4,1.000000,0.000000
41889,44786174094,1060078,0,0,1556,0,0.000000,16384,1366,60078,4,1.000000,0.000000
41890,44787233426,1059332,0,0,1560,0,0.000000,16384,1414,59332,4,1.000000,0.000000
41891,44788316236,1082810,0,0,1583,0,0.000000,16384,1380,82810,4,1.000000,0.000000
41892,44789375864,1059628,0,0,1413,0,0.000000,16384,1280,59628,4,1.000000,0.000000
41893,44790436274,1060410,0,0,1547,0,0.000000,16384,1369,60410,4,1.000000,0.000000
41894,44791506451,1070177,0,0,1467,0,0.000000,16384,1313,70177,4,1.000000,0.000000
41895,44792579871,1073420,0,0,1458,0,0.000000,16384,1309,73420,4,1.000000,0.000000
41896,44793655543,1075672,0,0,1437,0,0.000000,16384,1250,75672,4,1.000000,0.000000
41897,44794682929,1027386,0,0,1420,0,0.000000,16384,1304,27386,4,1.000000,0.000000
41898,44795746972,1064043,0,0,1514,0,0.000000,16384,1317,64043,4,1.000000,0.000000
41899,44796823401,1076429,0,0,1466,0,0.000000,16384,1326,76429,4,1.000000,0.000000
41900,44797891424,1068023,0,0,1520,0,0.000000,16384,1344,68023,4,1.000000,0.000000
41901,44798991358,1099934,0,0,1611,0,0.000000,16384,1452,99934,4,1.000000,0.000000
41902,44800050728,1059370,0,0,1556,0,0.000000,16384,1362,59370,4,1.000000,0.000000
41903,44801111578,1060850,0,0,1557,0,0.000000,16384,1415,60850,4,1.000000,0.000000
41904,44802173710,1062132,0,0,1373,0,0.000000,16384,1210,62132,4,1.000000,0.000000
41905,44803235783,1062073,0,0,1558,0,0.000000,16384,1387,62073,4,1.000000,0.000000
41906,44804297891,1062108,0,0,1531,0,0.000000,16384,1365,62108,4,1.000000,0.000000
41907,44805369800,1071909,0,0,1395,0,0.000000,16384,1227,71909,4,1.000000,0.000000
41908,44806445494,1075694,0,0,1426,0,0.000000,16384,1309,75694,4,1.000000,0.000000
41909,44807516595,1071101,0,0,1487,0,0.000000,16384,1285,71101,4,1.000000,0.000000
41910,44808580689,1064094,0,0,1557,0,0.000000,16384,1424,64094,4,1.000000,0.000000
41911,44809672704,1092015,0,0,1592,0,0.000000,16384,1375,92015,4,1.000000,0.000000
41912,44810735545,1062841,0,0,1477,0,0.000000,16384,1358,62841,4,1.000000,0.000000
41913,44811797202,1061657,0,0,1562,0,0.000000,16384,1355,61657,4,1.000000,0.000000
41914,44812855817,1058615,0,0,1559,0,0.000000,16384,1430,58615,4,1.000000,0.000000
41915,44813913371,1057554,0,0,1577,0,0.000000,16384,1358,57554,4,1.000000,0.000000
41916,44814970480,1057109,0,0,1658,0,0.000000,16384,1514,57109,4,1.000000,0.000000
41917,44816029542,1059062,0,0,1491,0,0.000000,16384,1298,59062,4,1.000000,0.000000
41918,44817090015,1060473,0,0,1636,0,0.000000,16384,1485,60473,4,1.000000,0.000000
41919,44819626449,2536434,0,0,3467,0,0.000000,16384,3058,1536434,4,1.000000,0.000000
41920,44820674829,1048380,0,0,1522,0,0.000000,16384,1401,48380,4,1.000000,0.000000
41921,44821761664,1086835,0,0,1566,0,0.000000,16384,1351,86835,4,1.000000,0.000000
41922,44822824609,1062945,0,0,1563,0,0.000000,16384,1433,62945,4,1.000000,0.000000
41923,44823888460,1063851,0,0,1470,0,0.000000,16384,1270,63851,4,1.000000,0.000000
41924,44824952447,1063987,0,0,1560,0,0.000000,16384,1436,63987,4,1.000000,0.000000
41925,44826011282,1058835,0,0,1555,0,0.000000,16384,1337,58835,4,1.000000,0.000000
41926,44827069333,1058051,0,0,1559,0,0.000000,16384,1434,58051,4,1.000000,0.000000
41927,44828128911,1059578,0,0,1540,0,0.000000,16384,1328,59578,4,1.000000,0.000000
41928,44829188790,1059879,0,0,1417,0,0.000000,16384,1302,59879,4,1.000000,0.000000
41929,44830248693,1059903,0,0,1550,0,0.000000,16384,1350,59903,4,1.000000,0.000000
41930,44831318307,1069614,0,0,1483,0,0.000000,16384,1347,69614,4,1.000000,0.000000
41931,44832423005,1104698,0,0,1422,0,0.000000,16384,1258,104698,4,1.000000,0.000000
41932,44833491609,1068604,0,0,1519,0,0.000000,16384,1351,68604,4,1.000000,0.000000
41933,44834556379,1064770,0,0,1556,0,0.000000,16384,1390,64770,4,1.000000,0.000000
41934,44835617008,1060629,0,0,1548,0,0.000000,16384,1378,60629,4,1.000000,0.000000
41935,44836970159,1353151,0,0,1869,0,0.000000,16384,1645,353151,4,1.000000,0.000000
41936,44838037273,1067114,0,0,1527,0,0.000000,16384,1400,67114,4,1.000000,0.000000
41937,44839099780,1062507,0,0,1559,0,0.000000,16384,1350,62507,4,1.000000,0.000000
41938,44840157731,1057951,0,0,1559,0,0.000000,16384,1425,57951,4,1.000000,0.000000
41939,44841216280,1058549,0,0,1549,0,0.000000,16384,1347,58549,4,1.000000,0.000000
41940,44842277302,1061022,0,0,1376,0,0.000000,16384,1260,61022,4,1.000000,0.000000
41941,44843359599,1082297,0,0,1588,0,0.000000,16384,1378,82297,4,1.000000,0.000000
41942,44844426345,1066746,0,0,1519,0,0.000000,16384,1393,66746,4,1.000000,0.000000
41943,44845499785,1073440,0,0,1409,0,0.000000,16384,1230,73440,4,1.000000,0.000000
41944,44846571175,1071390,0,0,1489,0,0.000000,16384,1332,71390,4,1.000000,0.000000
41945,44847641290,1070115,0,0,1553,0,0.000000,16384,1383,70115,4,1.000000,0.000000
41946,44848672608,1031318,0,0,1508,0,0.000000,16384,1346,31318,4,1.000000,0.000000
41947,44849735790,1063182,0,0,1549,0,0.000000,16384,1380,63182,4,1.000000,0.000000
41948,44850798954,1063164,0,0,1478,0,0.000000,16384,1311,63164,4,1.000000,0.000000
41949,44851861428,1062474,0,0,1562,0,0.000000,16384,1401,62474,4,1.000000,0.000000
41950,44852919776,1058348,0,0,1555,0,0.000000,16384,1380,58348,4,1.000000,0.000000
41951,44854013250,1093474,0,0,1633,0,0.000000,16384,1452,93474,4,1.000000,0.000000
41952,44855070353,1057103,0,0,1701,0,0.000000,16384,1541,57103,4,1.000000,0.000000
41953,44856127785,1057432,0,0,1609,0,0.000000,16384,1390,57432,4,1.000000,0.000000
41954,44857186545,1058760,0,0,1722,0,0.000000,16384,1563,58760,4,1.000000,0.000000
41955,44858302484,1115939,0,0,1578,0,0.000000,16384,1401,115939,4,1.000000,0.000000
41956,44859378142,1075658,0,0,1424,0,0.000000,16384,1281,75658,4,1.000000,0.000000
41957,44860446165,1068023,0,0,1617,0,0.000000,16384,1424,68023,4,1.000000,0.000000
41958,44861505808,1059643,0,0,1574,0,0.000000,16384,1410,59643,4,1.000000,0.000000
41959,44862570435,1064627,0,0,1528,0,0.000000,16384,1356,64627,4,1.000000,0.000000
41960,44863636370,1065935,0,0,1506,0,0.000000,16384,1351,65935,4,1.000000,0.000000
41961,44864732694,1096324,0,0,1566,0,0.000000,16384,1385,96324,4,1.000000,0.000000
41962,44865793628,1060934,0,0,1556,0,0.000000,16384,1394,60934,4,1.000000,0.000000
41963,44866854967,1061339,0,0,1540,0,0.000000,16384,1366,61339,4,1.000000,0.000000
41964,44867914451,1059484,0,0,1556,0,0.000000,16384,1392,59484,4,1.000000,0.000000
41965,44868973509,1059058,0,0,1421,0,0.000000,16384,1249,59058,4,1.000000,0.000000
41966,44870031650,1058141,0,0,1551,0,0.000000,16384,1409,58141,4,1.000000,0.000000
41967,44871097987,1066337,0,0,1511,0,0.000000,16384,1316,66337,4,1.000000,0.000000
41968,44872175231,1077244,0,0,1369,0,0.000000,16384,1254,77244,4,1.000000,0.000000
41969,44873246260,1071029,0,0,1474,0,0.000000,16384,1287,71029,4,1.000000,0.000000
41970,44874308822,1062562,0,0,1543,0,0.000000,16384,1394,62562,4,1.000000,0.000000
41971,44875393000,1084178,0,0,1574,0,0.000000,16384,1381,84178,4,1.000000,0.000000
41972,44876453461,1060461,0,0,1543,0,0.000000,16384,1400,60461,4,1.000000,0.000000
41973,44877517076,1063615,0,0,1481,0,0.000000,16384,1300,63615,4,1.000000,0.000000
41974,44878579239,1062163,0,0,1651,0,0.000000,16384,1496,62163,4,1.000000,0.000000
41975,44879637184,1057945,0,0,1659,0,0.000000,16384,1439,57945,4,1.000000,0.000000
41976,44880672667,1035483,0,0,1613,0,0.000000,16384,1471,35483,4,1.000000,0.000000
41977,44881732420,1059753,0,0,1651,0,0.000000,16384,1457,59753,4,1.000000,0.000000
41978,44882794622,1062202,0,0,1355,0,0.000000,16384,1229,62202,4,1.000000,0.000000
41979,44883858457,1063835,0,0,1546,0,0.000000,16384,1336,63835,4,1.000000,0.000000
41980,44884930634,1072177,0,0,1450,0,0.000000,16384,1334,72177,4,1.000000,0.000000
41981,44886028053,1097419,0,0,1516,0,0.000000,16384,1314,97419,4,1.000000,0.000000
41982,44887093961,1065908,0,0,1562,0,0.000000,16384,1428,65908,4,1.000000,0.000000
41983,44888155900,1061939,0,0,1553,0,0.000000,16384,1345,61939,4,1.000000,0.000000
41984,44889215344,1059444,0,0,1560,0,0.000000,16384,1432,59444,4,1.000000,0.000000
41985,44890278732,1063388,0,0,1497,0,0.000000,16384,1294,63388,4,1.000000,0.000000
41986,44891341602,1062870,0,0,1544,0,0.000000,16384,1410,62870,4,1.000000,0.000000
41987,44892406276,1064674,0,0,1555,0,0.000000,16384,1350,64674,4,1.000000,0.000000
41988,44893469270,1062994,0,0,1556,0,0.000000,16384,1426,62994,4,1.000000,0.000000
41989,44894528301,1059031,0,0,1553,0,0.000000,16384,1342,59031,4,1.000000,0.000000
41990,44895588872,1060571,0,0,1424,0,0.000000,16384,1299,60571,4,1.000000,0.000000
41991,44896673015,1084143,0,0,1586,0,0.000000,16384,1389,84143,4,1.000000,0.000000
41992,44897738073,1065058,0,0,1519,0,0.000000,16384,1380,65058,4,1.000000,0.000000
41993,44898812277,1074204,0,0,1377,0,0.000000,16384,1159,74204,4,1.000000,0.000000
41994,44899881240,1068963,0,0,1502,0,0.000000,16384,1349,68963,4,1.000000,0.000000
41995,44900943896,1062656,0,0,1556,0,0.000000,16384,1374,62656,4,1.000000,0.000000
41996,44902011325,1067429,0,0,1545,0,0.000000,16384,1388,67429,4,1.000000,0.000000
41997,44903080815,1069490,0,0,1544,0,0.000000,16384,1365,69490,4,1.000000,0.000000
41998,44904146024,1065209,0,0,1484,0,0.000000,16384,1338,65209,4,1.000000,0.000000
41999,44905212477,1066453,0,0,1567,0,0.000000,16384,1377,66453,4,1.000000,0.000000
42000,44906275604,1063127,0,0,1558,0,0.000000,16384,1404,63127,4,1.000000,0.000000
42001,44907370760,1095156,0,0,1608,0,0.000000,16384,1426,95156,4,1.000000,0.000000
42002,44908430238,1059478,0,0,1558,0,0.000000,16384,1387,59478,4,1.000000,0.000000
42003,44909491853,1061615,0,0,1426,0,0.000000,16384,1260,61615,4,1.000000,0.000000
42004,44910553185,1061332,0,0,1551,0,0.000000,16384,1402,61332,4,1.000000,0.000000
42005,44911997428,1444243,0,0,1908,0,0.000000,16384,1715,444243,4,1.000000,0.000000
42006,44913067946,1070518,0,0,1490,0,0.000000,16384,1285,70518,4,1.000000,0.000000
42007,44914133509,1065563,0,0,1561,0,0.000000,16384,1433,65563,4,1.000000,0.000000
42008,44915194290,1060781,0,0,1555,0,0.000000,16384,1340,60781,4,1.000000,0.000000
42009,44916253305,1059015,0,0,1555,0,0.000000,16384,1433,59015,4,1.000000,0.000000
42010,44917317344,1064039,0,0,1475,0,0.000000,16384,1272,64039,4,1.000000,0.000000
42011,44918403075,1085731,0,0,1593,0,0.000000,16384,1461,85731,4,1.000000,0.000000
42012,44919460385,1057310,0,0,1550,0,0.000000,16384,1334,57310,4,1.000000,0.000000
42013,44920519163,1058778,0,0,1559,0,0.000000,16384,1435,58778,4,1.000000,0.000000
42014,44921577780,1058617,0,0,1645,0,0.000000,16384,1429,58617,4,1.000000,0.000000
42015,44922638445,1060665,0,0,1382,0,0.000000,16384,1266,60665,4,1.000000,0.000000
42016,44923722703,1084258,0,0,1656,0,0.000000,16384,1436,84258,4,1.000000,0.000000
42017,44924807621,1084918,0,0,1495,0,0.000000,16384,1373,84918,4,1.000000,0.000000
42018,44925877840,1070219,0,0,1398,0,0.000000,16384,1212,70219,4,1.000000,0.000000
42019,44926945006,1067166,0,0,1538,0,0.000000,16384,1394,67166,4,1.000000,0.000000
42020,44928007499,1062493,0,0,1557,0,0.000000,16384,1362,62493,4,1.000000,0.000000
42021,44929098005,1090506,0,0,1592,0,0.000000,16384,1451,90506,4,1.000000,0.000000
42022,44930166016,1068011,0,0,1490,0,0.000000,16384,1296,68011,4,1.000000,0.000000
42023,44931233355,1067339,0,0,1509,0,0.000000,16384,1366,67339,4,1.000000,0.000000
42024,44932295935,1062580,0,0,1553,0,0.000000,16384,1364,62580,4,1.000000,0.000000
42025,44933356757,1060822,0,0,1562,0,0.000000,16384,1416,60822,4,1.000000,0.000000
42026,44934415207,1058450,0,0,1556,0,0.000000,16384,1360,58450,4,1.000000,0.000000
42027,44935478217,1063010,0,0,1501,0,0.000000,16384,1361,63010,4,1.000000,0.000000
42028,44936539816,1061599,0,0,1554,0,0.000000,16384,1363,61599,4,1.000000,0.000000
42029,44937603838,1064022,0,0,1557,0,0.000000,16384,1412,64022,4,1.000000,0.000000
42030,44939419987,1816149,0,0,2448,0,0.000000,16384,2167,816149,4,1.000000,0.000000
42031,44940514502,1094515,0,0,1667,0,0.000000,16384,1500,94515,4,1.000000,0.000000
42032,44941575497,1060995,0,0,1655,0,0.000000,16384,1437,60995,4,1.000000,0.000000
42033,44942638497,1063000,0,0,1535,0,0.000000,16384,1417,63000,4,1.000000,0.000000
42034,44943683128,1044631,0,0,1446,0,0.000000,16384,1250,44631,4,1.000000,0.000000
42035,44944747612,1064484,0,0,1545,0,0.000000,16384,1405,64484,4,1.000000,0.000000
42036,44945806221,1058609,0,0,1557,0,0.000000,16384,1357,58609,4,1.000000,0.000000
42037,44946864755,1058534,0,0,1557,0,0.000000,16384,1421,58534,4,1.000000,0.000000
42038,44947923507,1058752,0,0,1555,0,0.000000,16384,1350,58752,4,1.000000,0.000000
42039,44948981845,1058338,0,0,1424,0,0.000000,16384,1293,58338,4,1.000000,0.000000
42040,44950042138,1060293,0,0,1556,0,0.000000,16384,1371,60293,4,1.000000,0.000000
42041,44951140583,1098445,0,0,1562,0,0.000000,16384,1411,98445,4,1.000000,0.000000
42042,44952211354,1070771,0,0,1368,0,0.000000,16384,1214,70771,4,1.000000,0.000000
42043,44953282317,1070963,0,0,1515,0,0.000000,16384,1337,70963,4,1.000000,0.000000
42044,44954345996,1063679,0,0,1556,0,0.000000,16384,1401,63679,4,1.000000,0.000000
42045,44955405555,1059559,0,0,1551,0,0.000000,16384,1370,59559,4,1.000000,0.000000
42046,44956503741,1098186,0,0,1598,0,0.000000,16384,1430,98186,4,1.000000,0.000000
42047,44957569626,1065885,0,0,1489,0,0.000000,16384,1321,65885,4,1.000000,0.000000
42048,44958630266,1060640,0,0,1535,0,0.000000,16384,1379,60640,4,1.000000,0.000000
42049,44959672995,1042729,0,0,1523,0,0.000000,16384,1343,42729,4,1.000000,0.000000
42050,44960753382,1080387,0,0,1589,0,0.000000,16384,1427,80387,4,1.000000,0.000000
42051,44961836264,1082882,0,0,1590,0,0.000000,16384,1412,82882,4,1.000000,0.000000
42052,44962897087,1060823,0,0,1394,0,0.000000,16384,1256,60823,4,1.000000,0.000000
42053,44963962214,1065127,0,0,1547,0,0.000000,16384,1353,65127,4,1.000000,0.000000
42054,44965335941,1373727,0,0,1800,0,0.000000,16384,1606,373727,4,1.000000,0.000000
42055,44966410562,1074621,0,0,1482,0,0.000000,16384,1336,74621,4,1.000000,0.000000
42056,44967480022,1069460,0,0,1550,0,0.000000,16384,1370,69460,4,1.000000,0.000000
42057,44968541475,1061453,0,0,1555,0,0.000000,16384,1399,61453,4,1.000000,0.000000
42058,44969601089,1059614,0,0,1558,0,0.000000,16384,1372,59614,4,1.000000,0.000000
42059,44970664076,1062987,0,0,1475,0,0.000000,16384,1325,62987,4,1.000000,0.000000
42060,44971729289,1065213,0,0,1552,0,0.000000,16384,1378,65213,4,1.000000,0.000000
42061,44972816390,1087101,0,0,1596,0,0.000000,16384,1434,87101,4,1.000000,0.000000
42062,44973878765,1062375,0,0,1561,0,0.000000,16384,1371,62375,4,1.000000,0.000000
42063,44974937903,1059138,0,0,1559,0,0.000000,16384,1413,59138,4,1.000000,0.000000
42064,44975996219,1058316,0,0,1419,0,0.000000,16384,1251,58316,4,1.000000,0.000000
42065,44977058762,1062543,0,0,1552,0,0.000000,16384,1384,62543,4,1.000000,0.000000
42066,44978128354,1069592,0,0,1474,0,0.000000,16384,1318,69592,4,1.000000,0.000000
42067,44979204469,1076115,0,0,1406,0,0.000000,16384,1230,76115,4,1.000000,0.000000
42068,44980271841,1067372,0,0,1542,0,0.000000,16384,1409,67372,4,1.000000,0.000000
42069,44981334760,1062919,0,0,1556,0,0.000000,16384,1353,62919,4,1.000000,0.000000
42070,44982401947,1067187,0,0,1555,0,0.000000,16384,1417,67187,4,1.000000,0.000000
42071,44983514923,1112976,0,0,1525,0,0.000000,16384,1327,112976,4,1.000000,0.000000
42072,44984581951,1067028,0,0,1502,0,0.000000,16384,1375,67028,4,1.000000,0.000000
42073,44985644716,1062765,0,0,1559,0,0.000000,16384,1350,62765,4,1.000000,0.000000
42074,44986672830,1028114,0,0,1509,0,0.000000,16384,1385,28114,4,1.000000,0.000000
42075,44987734007,1061177,0,0,1559,0,0.000000,16384,1347,61177,4,1.000000,0.000000
42076,44988797643,1063636,0,0,1422,0,0.000000,16384,1306,63636,4,1.000000,0.000000
42077,44989858677,1061034,0,0,1552,0,0.000000,16384,1348,61034,4,1.000000,0.000000
42078,44990921629,1062952,0,0,1541,0,0.000000,16384,1409,62952,4,1.000000,0.000000
42079,44992120270,1198641,0,0,1575,0,0.000000,16384,1365,198641,4,1.000000,0.000000
42080,44993193147,1072877,0,0,1486,0,0.000000,16384,1360,72877,4,1.000000,0.000000
42081,44994279270,1086123,0,0,1580,0,0.000000,16384,1373,86123,4,1.000000,0.000000
42082,44995338477,1059207,0,0,1553,0,0.000000,16384,1424,59207,4,1.000000,0.000000
42083,44996406564,1068087,0,0,1557,0,0.000000,16384,1345,68087,4,1.000000,0.000000
42084,44997470533,1063969,0,0,1479,0,0.000000,16384,1354,63969,4,1.000000,0.000000
42085,44998533220,1062687,0,0,1557,0,0.000000,16384,1356,62687,4,1.000000,0.000000
42086,44999593094,1059874,0,0,1561,0,0.000000,16384,1427,59874,4,1.000000,0.000000
42087,45000652292,1059198,0,0,1555,0,0.000000,16384,1346,59198,4,1.000000,0.000000
42088,45001672379,1020087,0,0,1380,0,0.000000,16384,1253,20087,4,1.000000,0.000000
42089,45002731915,1059536,0,0,1394,0,0.000000,16384,1247,59536,4,1.000000,0.000000
42090,45003792629,1060714,0,0,1544,0,0.000000,16384,1359,60714,4,1.000000,0.000000
42091,45005389230,1596601,0,0,2160,0,0.000000,16384,1932,596601,4,1.000000,0.000000
42092,45006464573,1075343,0,0,1503,0,0.000000,16384,1343,75343,4,1.000000,0.000000
42093,45007530659,1066086,0,0,1559,0,0.000000,16384,1387,66086,4,1.000000,0.000000
42094,45008556424,1025765,0,0,1505,0,0.000000,16384,1344,25765,4,1.000000,0.000000
42095,45009620181,1063757,0,0,1559,0,0.000000,16384,1384,63757,4,1.000000,0.000000
42096,45010678639,1058458,0,0,1473,0,0.000000,16384,1323,58458,4,1.000000,0.000000
42097,45011742471,1063832,0,0,1569,0,0.000000,16384,1383,63832,4,1.000000,0.000000
42098,45012800729,1058258,0,0,1652,0,0.000000,16384,1474,58258,4,1.000000,0.000000
42099,45013858223,1057494,0,0,1662,0,0.000000,16384,1500,57494,4,1.000000,0.000000
42100,45014955373,1097150,0,0,1536,0,0.000000,16384,1340,97150,4,1.000000,0.000000
42101,45016046852,1091479,0,0,1363,0,0.000000,16384,1227,91479,4,1.000000,0.000000
42102,45017112839,1065987,0,0,1526,0,0.000000,16384,1365,65987,4,1.000000,0.000000
42103,45018183596,1070757,0,0,1461,0,0.000000,16384,1286,70757,4,1.000000,0.000000
42104,45019255384,1071788,0,0,1399,0,0.000000,16384,1283,71788,4,1.000000,0.000000
42105,45020335444,1080060,0,0,1388,0,0.000000,16384,1204,80060,4,1.000000,0.000000
42106,45021442196,1106752,0,0,1540,0,0.000000,16384,1387,106752,4,1.000000,0.000000
42107,45022512135,1069939,0,0,1553,0,0.000000,16384,1368,69939,4,1.000000,0.000000
42108,45023581429,1069294,0,0,1468,0,0.000000,16384,1318,69294,4,1.000000,0.000000
42109,45024650552,1069123,0,0,1528,0,0.000000,16384,1360,69123,4,1.000000,0.000000
42110,45025674024,1023472,0,0,1501,0,0.000000,16384,1337,23472,4,1.000000,0.000000
42111,45026755529,1081505,0,0,1592,0,0.000000,16384,1418,81505,4,1.000000,0.000000
42112,45027813893,1058364,0,0,1566,0,0.000000,16384,1399,58364,4,1.000000,0.000000
42113,45028872177,1058284,0,0,1511,0,0.000000,16384,1343,58284,4,1.000000,0.000000
42114,45029933396,1061219,0,0,1554,0,0.000000,16384,1387,61219,4,1.000000,0.000000
42115,45031000538,1067142,0,0,1528,0,0.000000,16384,1360,67142,4,1.000000,0.000000
42116,45032071740,1071202,0,0,1482,0,0.000000,16384,1318,71202,4,1.000000,0.000000
42117,45033146299,1074559,0,0,1456,0,0.000000,16384,1313,74559,4,1.000000,0.000000
42118,45034217580,1071281,0,0,1497,0,0.000000,16384,1304,71281,4,1.000000,0.000000
42119,45035282862,1065282,0,0,1555,0,0.000000,16384,1418,65282,4,1.000000,0.000000
42120,45036347920,1065058,0,0,1542,0,0.000000,16384,1342,65058,4,1.000000,0.000000
42121,45037444317,1096397,0,0,1511,0,0.000000,16384,1381,96397,4,1.000000,0.000000
42122,45038509921,1065604,0,0,1560,0,0.000000,16384,1355,65604,4,1.000000,0.000000
42123,45039570064,1060143,0,0,1562,0,0.000000,16384,1424,60143,4,1.000000,0.000000
42124,45040628944,1058880,0,0,1556,0,0.000000,16384,1358,58880,4,1.000000,0.000000
42125,45041674041,1045097,0,0,1531,0,0.000000,16384,1391,45097,4,1.000000,0.000000
42126,45042735309,1061268,0,0,1403,0,0.000000,16384,1217,61268,4,1.000000,0.000000
42127,45043801189,1065880,0,0,1537,0,0.000000,16384,1411,65880,4,1.000000,0.000000
42128,45044904272,1103083,0,0,1480,0,0.000000,16384,1284,103083,4,1.000000,0.000000
42129,45045983691,1079419,0,0,1365,0,0.000000,16384,1229,79419,4,1.000000,0.000000
42130,45047057756,1074065,0,0,1440,0,0.000000,16384,1295,74065,4,1.000000,0.000000
42131,45048143329,1085573,0,0,1583,0,0.000000,16384,1392,85573,4,1.000000,0.000000
42132,45049201158,1057829,0,0,1547,0,0.000000,16384,1393,57829,4,1.000000,0.000000
42133,45050267840,1066682,0,0,1493,0,0.000000,16384,1311,66682,4,1.000000,0.000000
42134,45051333091,1065251,0,0,1545,0,0.000000,16384,1400,65251,4,1.000000,0.000000
42135,45052393711,1060620,0,0,1560,0,0.000000,16384,1369,60620,4,1.000000,0.000000
42136,45053451833,1058122,0,0,1557,0,0.000000,16384,1406,58122,4,1.000000,0.000000
42137,45054509539,1057706,0,0,1551,0,0.000000,16384,1366,57706,4,1.000000,0.000000
42138,45055566735,1057196,0,0,1416,0,0.000000,16384,1288,57196,4,1.000000,0.000000
42139,45056626193,1059458,0,0,1554,0,0.000000,16384,1345,59458,4,1.000000,0.000000
42140,45057697062,1070869,0,0,1549,0,0.000000,16384,1418,70869,4,1.000000,0.000000
42141,45058813350,1116288,0,0,1411,0,0.000000,16384,1223,116288,4,1.000000,0.000000
42142,45059883876,1070526,0,0,1521,0,0.000000,16384,1389,70526,4,1.000000,0.000000
42143,45060946166,1062290,0,0,1580,0,0.000000,16384,1372,62290,4,1.000000,0.000000
42144,45062005380,1059214,0,0,1621,0,0.000000,16384,1484,59214,4,1.000000,0.000000
42145,45063070041,1064661,0,0,1532,0,0.000000,16384,1321,64661,4,1.000000,0.000000
42146,45064135076,1065035,0,0,1546,0,0.000000,16384,1423,65035,4,1.000000,0.000000
42147,45065196912,1061836,0,0,1662,0,0.000000,16384,1449,61836,4,1.000000,0.000000
42148,45066254768,1057856,0,0,1660,0,0.000000,16384,1489,57856,4,1.000000,0.000000
42149,45067315536,1060768,0,0,1596,0,0.000000,16384,1427,60768,4,1.000000,0.000000
42150,45068373137,1057601,0,0,1562,0,0.000000,16384,1380,57601,4,1.000000,0.000000
42151,45069454748,1081611,0,0,1544,0,0.000000,16384,1390,81611,4,1.000000,0.000000
42152,45070515266,1060518,0,0,1570,0,0.000000,16384,1381,60518,4,1.000000,0.000000
42153,45072068222,1552956,0,0,2039,0,0.000000,16384,1820,552956,4,1.000000,0.000000
42154,45073139378,1071156,0,0,1508,0,0.000000,16384,1356,71156,4,1.000000,0.000000
42155,45074202460,1063082,0,0,1549,0,0.000000,16384,1370,63082,4,1.000000,0.000000
42156,45075263165,1060705,0,0,1550,0,0.000000,16384,1393,60705,4,1.000000,0.000000
42157,45076324978,1061813,0,0,1611,0,0.000000,16384,1416,61813,4,1.000000,0.000000
42158,45077387115,1062137,0,0,1539,0,0.000000,16384,1398,62137,4,1.000000,0.000000
42159,45078447724,1060609,0,0,1656,0,0.000000,16384,1439,60609,4,1.000000,0.000000
42160,45079509499,1061775,0,0,1667,0,0.000000,16384,1521,61775,4,1.000000,0.000000
42161,45080594613,1085114,0,0,1704,0,0.000000,16384,1507,85114,4,1.000000,0.000000
42162,45081652126,1057513,0,0,1651,0,0.000000,16384,1458,57513,4,1.000000,0.000000
42163,45082673596,1021470,0,0,1392,0,0.000000,16384,1253,21470,4,1.000000,0.000000
42164,45083831705,1158109,0,0,1650,0,0.000000,16384,1461,158109,4,1.000000,0.000000
42165,45084981218,1149513,0,0,1556,0,0.000000,16384,1405,149513,4,1.000000,0.000000
42166,45086062438,1081220,0,0,1386,0,0.000000,16384,1230,81220,4,1.000000,0.000000
42167,45087133688,1071250,0,0,1527,0,0.000000,16384,1351,71250,4,1.000000,0.000000
42168,45088200753,1067065,0,0,1555,0,0.000000,16384,1395,67065,4,1.000000,0.000000
42169,45089265877,1065124,0,0,1557,0,0.000000,16384,1381,65124,4,1.000000,0.000000
42170,45090332907,1067030,0,0,1493,0,0.000000,16384,1340,67030,4,1.000000,0.000000
42171,45091419801,1086894,0,0,1581,0,0.000000,16384,1398,86894,4,1.000000,0.000000
42172,45092479829,1060028,0,0,1560,0,0.000000,16384,1396,60028,4,1.000000,0.000000
42173,45093538283,1058454,0,0,1554,0,0.000000,16384,1382,58454,4,1.000000,0.000000
42174,45094596130,1057847,0,0,1556,0,0.000000,16384,1386,57847,4,1.000000,0.000000
42175,45095655543,1059413,0,0,1492,0,0.000000,16384,1326,59413,4,1.000000,0.000000
42176,45096672472,1016929,0,0,1590,0,0.000000,16384,1421,16929,4,1.000000,0.000000
42177,45097778852,1106380,0,0,1705,0,0.000000,16384,1533,106380,4,1.000000,0.000000
42178,45098851281,1072429,0,0,1400,0,0.000000,16384,1232,72429,4,1.000000,0.000000
42179,45099922052,1070771,0,0,1501,0,0.000000,16384,1338,70771,4,1.000000,0.000000
42180,45100988110,1066058,0,0,1550,0,0.000000,16384,1383,66058,4,1.000000,0.000000
42181,45102077883,1089773,0,0,1595,0,0.000000,16384,1422,89773,4,1.000000,0.000000
42182,45103217920,1140037,0,0,1635,0,0.000000,16384,1443,140037,4,1.000000,0.000000
42183,45104285197,1067277,0,0,1483,0,0.000000,16384,1339,67277,4,1.000000,0.000000
42184,45105346579,1061382,0,0,1556,0,0.000000,16384,1373,61382,4,1.000000,0.000000
42185,45106409813,1063234,0,0,1563,0,0.000000,16384,1410,63234,4,1.000000,0.000000
42186,45107472151,1062338,0,0,1562,0,0.000000,16384,1371,62338,4,1.000000,0.000000
42187,45108530736,1058585,0,0,1761,0,0.000000,16384,1596,58585,4,1.000000,0.000000
42188,45109589421,1058685,0,0,1542,0,0.000000,16384,1342,58685,4,1.000000,0.000000
42189,45110648654,1059233,0,0,1721,0,0.000000,16384,1548,59233,4,1.000000,0.000000
42190,45111689678,1041024,0,0,1428,0,0.000000,16384,1265,41024,4,1.000000,0.000000
42191,45112799583,1109905,0,0,1615,0,0.000000,16384,1451,109905,4,1.000000,0.000000
42192,45113868481,1068898,0,0,1467,0,0.000000,16384,1295,68898,4,1.000000,0.000000
42193,45114937465,1068984,0,0,1546,0,0.000000,16384,1396,68984,4,1.000000,0.000000
42194,45116003152,1065687,0,0,1551,0,0.000000,16384,1365,65687,4,1.000000,0.000000
42195,45117077018,1073866,0,0,1551,0,0.000000,16384,1398,73866,4,1.000000,0.000000
42196,45118141206,1064188,0,0,1659,0,0.000000,16384,1472,64188,4,1.000000,0.000000
42197,45119202889,1061683,0,0,1654,0,0.000000,16384,1459,61683,4,1.000000,0.000000
42198,45120265704,1062815,0,0,1670,0,0.000000,16384,1523,62815,4,1.000000,0.000000
42199,45121325912,1060208,0,0,1659,0,0.000000,16384,1445,60208,4,1.000000,0.000000
42200,45122385268,1059356,0,0,1523,0,0.000000,16384,1382,59356,4,1.000000,0.000000
42201,45123470606,1085338,0,0,1615,0,0.000000,16384,1420,85338,4,1.000000,0.000000
42202,45124727672,1257066,0,0,1780,0,0.000000,16384,1576,257066,4,1.000000,0.000000
42203,45125801181,1073509,0,0,1407,0,0.000000,16384,1271,73509,4,1.000000,0.000000
42204,45126868834,1067653,0,0,1478,0,0.000000,16384,1318,67653,4,1.000000,0.000000
42205,45127934873,1066039,0,0,1502,0,0.000000,16384,1330,66039,4,1.000000,0.000000
42206,45128996031,1061158,0,0,1559,0,0.000000,16384,1400,61158,4,1.000000,0.000000
42207,45130064048,1068017,0,0,1595,0,0.000000,16384,1416,68017,4,1.000000,0.000000
42208,45131131022,1066974,0,0,1557,0,0.000000,16384,1386,66974,4,1.000000,0.000000
42209,45132192878,1061856,0,0,1596,0,0.000000,16384,1429,61856,4,1.000000,0.000000
42210,45133249596,1056718,0,0,1608,0,0.000000,16384,1415,56718,4,1.000000,0.000000
42211,45134331421,1081825,0,0,1701,0,0.000000,16384,1548,81825,4,1.000000,0.000000
42212,45135390423,1059002,0,0,1482,0,0.000000,16384,1279,59002,4,1.000000,0.000000
42213,45136480261,1089838,0,0,1742,0,0.000000,16384,1580,89838,4,1.000000,0.000000
42214,45137545375,1065114,0,0,1588,0,0.000000,16384,1406,65114,4,1.000000,0.000000
42215,45138627296,1081921,0,0,1414,0,0.000000,16384,1278,81921,4,1.000000,0.000000
42216,45139681216,1053920,0,0,1394,0,0.000000,16384,1208,53920,4,1.000000,0.000000
42217,45140753486,1072270,0,0,1512,0,0.000000,16384,1383,72270,4,1.000000,0.000000
42218,45141824237,1070751,0,0,1477,0,0.000000,16384,1289,70751,4,1.000000,0.000000
42219,45142895349,1071112,0,0,1570,0,0.000000,16384,1344,71112,4,1.000000,0.000000
42220,45143959423,1064074,0,0,1442,0,0.000000,16384,1299,64074,4,1.000000,0.000000
42221,45145047252,1087829,0,0,1600,0,0.000000,16384,1416,87829,4,1.000000,0.000000
42222,45146105371,1058119,0,0,1597,0,0.000000,16384,1445,58119,4,1.000000,0.000000
42223,45147165823,1060452,0,0,1611,0,0.000000,16384,1401,60452,4,1.000000,0.000000
42224,45148224234,1058411,0,0,1599,0,0.000000,16384,1467,58411,4,1.000000,0.000000
42225,45149282382,1058148,0,0,1514,0,0.000000,16384,1305,58148,4,1.000000,0.000000
42226,45150343452,1061070,0,0,1648,0,0.000000,16384,1506,61070,4,1.000000,0.000000
42227,45151414261,1070809,0,0,1490,0,0.000000,16384,1290,70809,4,1.000000,0.000000
42228,45152489229,1074968,0,0,1391,0,0.000000,16384,1276,74968,4,1.000000,0.000000
42229,45153562653,1073424,0,0,1478,0,0.000000,16384,1295,73424,4,1.000000,0.000000
42230,45154626777,1064124,0,0,1554,0,0.000000,16384,1401,64124,4,1.000000,0.000000
42231,45155675707,1048930,0,0,1533,0,0.000000,16384,1350,48930,4,1.000000,0.000000
42232,45156738493,1062786,0,0,1516,0,0.000000,16384,1363,62786,4,1.000000,0.000000
42233,45157803401,1064908,0,0,1521,0,0.000000,16384,1347,64908,4,1.000000,0.000000
42234,45158861866,1058465,0,0,1555,0,0.000000,16384,1393,58465,4,1.000000,0.000000
42235,45159919145,1057279,0,0,1576,0,0.000000,16384,1393,57279,4,1.000000,0.000000
42236,45160976532,1057387,0,0,1654,0,0.000000,16384,1501,57387,4,1.000000,0.000000
42237,45162034125,1057593,0,0,1637,0,0.000000,16384,1417,57593,4,1.000000,0.000000
42238,45163094145,1060020,0,0,1500,0,0.000000,16384,1384,60020,4,1.000000,0.000000
42239,45164156689,1062544,0,0,1510,0,0.000000,16384,1300,62544,4,1.000000,0.000000
42240,45165260427,1103738,0,0,1439,0,0.000000,16384,1312,103738,4,1.000000,0.000000
42241,45166366495,1106068,0,0,1543,0,0.000000,16384,1354,106068,4,1.000000,0.000000
42242,45167434107,1067612,0,0,1548,0,0.000000,16384,1402,67612,4,1.000000,0.000000
42243,45168498018,1063911,0,0,1558,0,0.000000,16384,1364,63911,4,1.000000,0.000000
42244,45169559022,1061004,0,0,1557,0,0.000000,16384,1414,61004,4,1.000000,0.000000
42245,45170622397,1063375,0,0,1468,0,0.000000,16384,1287,63375,4,1.000000,0.000000
42246,45171671540,1049143,0,0,1535,0,0.000000,16384,1380,49143,4,1.000000,0.000000
42247,45172732210,1060670,0,0,1557,0,0.000000,16384,1374,60670,4,1.000000,0.000000
42248,45173792103,1059893,0,0,1558,0,0.000000,16384,1406,59893,4,1.000000,0.000000
42249,45174851908,1059805,0,0,1555,0,0.000000,16384,1365,59805,4,1.000000,0.000000
42250,45175916675,1064767,0,0,1395,0,0.000000,16384,1253,64767,4,1.000000,0.000000
42251,45176998783,1082108,0,0,1563,0,0.000000,16384,1395,82108,4,1.000000,0.000000
42252,45178589891,1591108,0,0,2163,0,0.000000,16384,1917,591108,4,1.000000,0.000000
42253,45179664498,1074607,0,0,1480,0,0.000000,16384,1330,74607,4,1.000000,0.000000
42254,45180735797,1071299,0,0,1558,0,0.000000,16384,1381,71299,4,1.000000,0.000000
42255,45181797251,1061454,0,0,1557,0,0.000000,16384,1398,61454,4,1.000000,0.000000
42256,45182857883,1060632,0,0,1551,0,0.000000,16384,1370,60632,4,1.000000,0.000000
42257,45183921684,1063801,0,0,1437,0,0.000000,16384,1286,63801,4,1.000000,0.000000
42258,45184986577,1064893,0,0,1520,0,0.000000,16384,1359,64893,4,1.000000,0.000000
42259,45186049739,1063162,0,0,1554,0,0.000000,16384,1378,63162,4,1.000000,0.000000
42260,45187109704,1059965,0,0,1556,0,0.000000,16384,1392,59965,4,1.000000,0.000000
42261,45188195423,1085719,0,0,1588,0,0.000000,16384,1413,85719,4,1.000000,0.000000
42262,45189258185,1062762,0,0,1403,0,0.000000,16384,1260,62762,4,1.000000,0.000000
42263,45190441491,1183306,0,0,1731,0,0.000000,16384,1538,183306,4,1.000000,0.000000
42264,45191565181,1123690,0,0,1530,0,0.000000,16384,1351,123690,4,1.000000,0.000000
42265,45192642231,1077050,0,0,1426,0,0.000000,16384,1273,77050,4,1.000000,0.000000
42266,45193678807,1036576,0,0,1499,0,0.000000,16384,1349,36576,4,1.000000,0.000000
42267,45194744865,1066058,0,0,1566,0,0.000000,16384,1380,66058,4,1.000000,0.000000
42268,45195804919,1060054,0,0,1561,0,0.000000,16384,1401,60054,4,1.000000,0.000000
42269,45196867509,1062590,0,0,1511,0,0.000000,16384,1335,62590,4,1.000000,0.000000
42270,45197930319,1062810,0,0,1451,0,0.000000,16384,1317,62810,4,1.000000,0.000000
42271,45199015231,1084912,0,0,1593,0,0.000000,16384,1391,84912,4,1.000000,0.000000
42272,45200073489,1058258,0,0,1560,0,0.000000,16384,1412,58258,4,1.000000,0.000000
42273,45201131691,1058202,0,0,1552,0,0.000000,16384,1364,58202,4,1.000000,0.000000
42274,45202191660,1059969,0,0,1413,0,0.000000,16384,1289,59969,4,1.000000,0.000000
42275,45203250386,1058726,0,0,1553,0,0.000000,16384,1341,58726,4,1.000000,0.000000
42276,45204313044,1062658,0,0,1504,0,0.000000,16384,1386,62658,4,1.000000,0.000000
42277,45205390276,1077232,0,0,1390,0,0.000000,16384,1205,77232,4,1.000000,0.000000
42278,45206463976,1073700,0,0,1506,0,0.000000,16384,1357,73700,4,1.000000,0.000000
42279,45207533488,1069512,0,0,1564,0,0.000000,16384,1379,69512,4,1.000000,0.000000
42280,45208598073,1064585,0,0,1559,0,0.000000,16384,1408,64585,4,1.000000,0.000000
42281,45209682734,1084661,0,0,1577,0,0.000000,16384,1382,84661,4,1.000000,0.000000
42282,45210744126,1061392,0,0,1482,0,0.000000,16384,1341,61392,4,1.000000,0.000000
42283,45211806498,1062372,0,0,1545,0,0.000000,16384,1361,62372,4,1.000000,0.000000
42284,45212864656,1058158,0,0,1556,0,0.000000,16384,1404,58158,4,1.000000,0.000000
42285,45213922927,1058271,0,0,1553,0,0.000000,16384,1364,58271,4,1.000000,0.000000
42286,45214980962,1058035,0,0,1558,0,0.000000,16384,1411,58035,4,1.000000,0.000000
42287,45216039825,1058863,0,0,1419,0,0.000000,16384,1252,58863,4,1.000000,0.000000
42288,45217098667,1058842,0,0,1548,0,0.000000,16384,1379,58842,4,1.000000,0.000000
42289,45218170352,1071685,0,0,1461,0,0.000000,16384,1309,71685,4,1.000000,0.000000
42290,45219243861,1073509,0,0,1418,0,0.000000,16384,1238,73509,4,1.000000,0.000000
42291,45220346408,1102547,0,0,1566,0,0.000000,16384,1430,102547,4,1.000000,0.000000
42292,45221409563,1063155,0,0,1626,0,0.000000,16384,1426,63155,4,1.000000,0.000000
42293,45222469312,1059749,0,0,1658,0,0.000000,16384,1482,59749,4,1.000000,0.000000
42294,45223532093,1062781,0,0,1526,0,0.000000,16384,1362,62781,4,1.000000,0.000000
42295,45224597055,1064962,0,0,1505,0,0.000000,16384,1343,64962,4,1.000000,0.000000
42296,45225657782,1060727,0,0,1655,0,0.000000,16384,1481,60727,4,1.000000,0.000000
42297,45226672267,1014485,0,0,1581,0,0.000000,16384,1389,14485,4,1.000000,0.000000
42298,45227772920,1100653,0,0,1721,0,0.000000,16384,1564,100653,4,1.000000,0.000000
42299,45228834724,1061804,0,0,1499,0,0.000000,16384,1292,61804,4,1.000000,0.000000
42300,45229892247,1057523,0,0,1631,0,0.000000,16384,1493,57523,4,1.000000,0.000000
42301,45230978649,1086402,0,0,1552,0,0.000000,16384,1354,86402,4,1.000000,0.000000
42302,45232053597,1074948,0,0,1381,0,0.000000,16384,1265,74948,4,1.000000,0.000000
42303,45233124703,1071106,0,0,1503,0,0.000000,16384,1304,71106,4,1.000000,0.000000
42304,45234193262,1068559,0,0,1566,0,0.000000,16384,1429,68559,4,1.000000,0.000000
42305,45235258494,1065232,0,0,1565,0,0.000000,16384,1356,65232,4,1.000000,0.000000
42306,45236320751,1062257,0,0,1558,0,0.000000,16384,1431,62257,4,1.000000,0.000000
42307,45237386191,1065440,0,0,1484,0,0.000000,16384,1284,65440,4,1.000000,0.000000
42308,45238449190,1062999,0,0,1563,0,0.000000,16384,1426,62999,4,1.000000,0.000000
42309,45239507448,1058258,0,0,1550,0,0.000000,16384,1345,58258,4,1.000000,0.000000
42310,45240565694,1058246,0,0,1561,0,0.000000,16384,1431,58246,4,1.000000,0.000000
42311,45241646235,1080541,0,0,1681,0,0.000000,16384,1460,80541,4,1.000000,0.000000
42312,45242673761,1027526,0,0,1403,0,0.000000,16384,1288,27526,4,1.000000,0.000000
42313,45243775186,1101425,0,0,1617,0,0.000000,16384,1397,101425,4,1.000000,0.000000
42314,45244853282,1078096,0,0,1447,0,0.000000,16384,1331,78096,4,1.000000,0.000000
42315,45245927243,1073961,0,0,1415,0,0.000000,16384,1235,73961,4,1.000000,0.000000
42316,45246993750,1066507,0,0,1554,0,0.000000,16384,1398,66507,4,1.000000,0.000000
42317,45248053167,1059417,0,0,1543,0,0.000000,16384,1360,59417,4,1.000000,0.000000
42318,45249112942,1059775,0,0,1538,0,0.000000,16384,1385,59775,4,1.000000,0.000000
42319,45250179291,1066349,0,0,1517,0,0.000000,16384,1340,66349,4,1.000000,0.000000
42320,45251243269,1063978,0,0,1518,0,0.000000,16384,1359,63978,4,1.000000,0.000000
42321,45252329942,1086673,0,0,1597,0,0.000000,16384,1414,86673,4,1.000000,0.000000
42322,45253388275,1058333,0,0,1558,0,0.000000,16384,1405,58333,4,1.000000,0.000000
42323,45254446390,1058115,0,0,1556,0,0.000000,16384,1367,58115,4,1.000000,0.000000
42324,45255503506,1057116,0,0,1415,0,0.000000,16384,1272,57116,4,1.000000,0.000000
42325,45256562675,1059169,0,0,1555,0,0.000000,16384,1384,59169,4,1.000000,0.000000
42326,45257623997,1061322,0,0,1572,0,0.000000,16384,1403,61322,4,1.000000,0.000000
42327,45258691739,1067742,0,0,1352,0,0.000000,16384,1218,67742,4,1.000000,0.000000
42328,45259763496,1071757,0,0,1507,0,0.000000,16384,1309,71757,4,1.000000,0.000000
42329,45260832003,1068507,0,0,1579,0,0.000000,16384,1440,68507,4,1.000000,0.000000
42330,45261893859,1061856,0,0,1663,0,0.000000,16384,1466,61856,4,1.000000,0.000000
42331,45262986583,1092724,0,0,1706,0,0.000000,16384,1510,92724,4,1.000000,0.000000
42332,45264050939,1064356,0,0,1499,0,0.000000,16384,1355,64356,4,1.000000,0.000000
42333,45265115394,1064455,0,0,1591,0,0.000000,16384,1398,64455,4,1.000000,0.000000
42334,45266174478,1059084,0,0,1660,0,0.000000,16384,1517,59084,4,1.000000,0.000000
42335,45267234506,1060028,0,0,1612,0,0.000000,16384,1392,60028,4,1.000000,0.000000
42336,45268292299,1057793,0,0,1657,0,0.000000,16384,1502,57793,4,1.000000,0.000000
42337,45269350921,1058622,0,0,1513,0,0.000000,16384,1332,58622,4,1.000000,0.000000
42338,45270439969,1089048,0,0,1676,0,0.000000,16384,1500,89048,4,1.000000,0.000000
42339,45271554149,1114180,0,0,1520,0,0.000000,16384,1355,114180,4,1.000000,0.000000
42340,45272625013,1070864,0,0,1446,0,0.000000,16384,1298,70864,4,1.000000,0.000000
42341,45273750051,1125038,0,0,1615,0,0.000000,16384,1432,125038,4,1.000000,0.000000
42342,45274810621,1060570,0,0,1656,0,0.000000,16384,1466,60570,4,1.000000,0.000000
42343,45275870112,1059491,0,0,1654,0,0.000000,16384,1504,59491,4,1.000000,0.000000
42344,45276935019,1064907,0,0,1566,0,0.000000,16384,1352,64907,4,1.000000,0.000000
42345,45277998419,1063400,0,0,1578,0,0.000000,16384,1451,63400,4,1.000000,0.000000
42346,45279058163,1059744,0,0,1664,0,0.000000,16384,1449,59744,4,1.000000,0.000000
42347,45280115412,1057249,0,0,1663,0,0.000000,16384,1493,57249,4,1.000000,0.000000
42348,45281172016,1056604,0,0,1638,0,0.000000,16384,1468,56604,4,1.000000,0.000000
42349,45282229963,1057947,0,0,1474,0,0.000000,16384,1303,57947,4,1.000000,0.000000
42350,45283289499,1059536,0,0,1655,0,0.000000,16384,1490,59536,4,1.000000,0.000000
42351,45284618152,1328653,0,0,1884,0,0.000000,16384,1664,328653,4,1.000000,0.000000
42352,45285749098,1130946,0,0,1445,0,0.000000,16384,1301,130946,4,1.000000,0.000000
42353,45286822803,1073705,0,0,1440,0,0.000000,16384,1248,73705,4,1.000000,0.000000
42354,45287894768,1071965,0,0,1434,0,0.000000,16384,1318,71965,4,1.000000,0.000000
42355,45288966150,1071382,0,0,1617,0,0.000000,16384,1401,71382,4,1.000000,0.000000
42356,45290031554,1065404,0,0,1518,0,0.000000,16384,1398,65404,4,1.000000,0.000000
42357,45291097639,1066085,0,0,1517,0,0.000000,16384,1311,66085,4,1.000000,0.000000
42358,45292163649,1066010,0,0,1566,0,0.000000,16384,1436,66010,4,1.000000,0.000000
42359,45293226632,1062983,0,0,1560,0,0.000000,16384,1345,62983,4,1.000000,0.000000
42360,45294286174,1059542,0,0,1558,0,0.000000,16384,1435,59542,4,1.000000,0.000000
42361,45295368238,1082064,0,0,1563,0,0.000000,16384,1345,82064,4,1.000000,0.000000
42362,45296427083,1058845,0,0,1432,0,0.000000,16384,1316,58845,4,1.000000,0.000000
42363,45297487812,1060729,0,0,1540,0,0.000000,16384,1340,60729,4,1.000000,0.000000
42364,45298561708,1073896,0,0,1422,0,0.000000,16384,1286,73896,4,1.000000,0.000000
42365,45299635931,1074223,0,0,1424,0,0.000000,16384,1272,74223,4,1.000000,0.000000
42366,45300675566,1039635,0,0,1450,0,0.000000,16384,1270,39635,4,1.000000,0.000000
42367,45301745798,1070232,0,0,1484,0,0.000000,16384,1358,70232,4,1.000000,0.000000
42368,45302812924,1067126,0,0,1566,0,0.000000,16384,1356,67126,4,1.000000,0.000000
42369,45303876981,1064057,0,0,1476,0,0.000000,16384,1360,64057,4,1.000000,0.000000
42370,45304941415,1064434,0,0,1531,0,0.000000,16384,1317,64434,4,1.000000,0.000000
42371,45306026272,1084857,0,0,1594,0,0.000000,16384,1462,84857,4,1.000000,0.000000
42372,45307082813,1056541,0,0,1587,0,0.000000,16384,1377,56541,4,1.000000,0.000000
42373,45308140825,1058012,0,0,1648,0,0.000000,16384,1492,58012,4,1.000000,0.000000
42374,45309199366,1058541,0,0,1484,0,0.000000,16384,1304,58541,4,1.000000,0.000000
42375,45310464642,1265276,0,0,1955,0,0.000000,16384,1731,265276,4,1.000000,0.000000
42376,45311541004,1076362,0,0,1477,0,0.000000,16384,1361,76362,4,1.000000,0.000000
42377,45312617355,1076351,0,0,1462,0,0.000000,16384,1268,76351,4,1.000000,0.000000
42378,45313708849,1091494,0,0,1675,0,0.000000,16384,1527,91494,4,1.000000,0.000000
42379,45314773444,1064595,0,0,1561,0,0.000000,16384,1347,64595,4,1.000000,0.000000
42380,45315838048,1064604,0,0,1649,0,0.000000,16384,1502,64604,4,1.000000,0.000000
42381,45316931006,1092958,0,0,1605,0,0.000000,16384,1416,92958,4,1.000000,0.000000
42382,45317998575,1067569,0,0,1611,0,0.000000,16384,1438,67569,4,1.000000,0.000000
42383,45319060265,1061690,0,0,1557,0,0.000000,16384,1390,61690,4,1.000000,0.000000
42384,45320117525,1057260,0,0,1556,0,0.000000,16384,1381,57260,4,1.000000,0.000000
42385,45321175561,1058036,0,0,1555,0,0.000000,16384,1394,58036,4,1.000000,0.000000
42386,45322234240,1058679,0,0,1417,0,0.000000,16384,1263,58679,4,1.000000,0.000000
42387,45323293307,1059067,0,0,1549,0,0.000000,16384,1371,59067,4,1.000000,0.000000
42388,45324573838,1280531,0,0,1810,0,0.000000,16384,1598,280531,4,1.000000,0.000000
42389,45325647197,1073359,0,0,1401,0,0.000000,16384,1273,73359,4,1.000000,0.000000
42390,45326726790,1079593,0,0,1507,0,0.000000,16384,1334,79593,4,1.000000,0.000000
42391,45327824821,1098031,0,0,1667,0,0.000000,16384,1504,98031,4,1.000000,0.000000
42392,45328891260,1066439,0,0,1655,0,0.000000,16384,1434,66439,4,1.000000,0.000000
42393,45329959153,1067893,0,0,1543,0,0.000000,16384,1422,67893,4,1.000000,0.000000
42394,45331025525,1066372,0,0,1502,0,0.000000,16384,1295,66372,4,1.000000,0.000000
42395,45332087951,1062426,0,0,1556,0,0.000000,16384,1433,62426,4,1.000000,0.000000
42396,45333145266,1057315,0,0,1553,0,0.000000,16384,1334,57315,4,1.000000,0.000000
42397,45334203791,1058525,0,0,1558,0,0.000000,16384,1435,58525,4,1.000000,0.000000
42398,45335263424,1059633,0,0,1549,0,0.000000,16384,1335,59633,4,1.000000,0.000000
42399,45336321548,1058124,0,0,1415,0,0.000000,16384,1299,58124,4,1.000000,0.000000
42400,45337386972,1065424,0,0,1581,0,0.000000,16384,1377,65424,4,1.000000,0.000000
42401,45338560289,1173317,0,0,1527,0,0.000000,16384,1395,173317,4,1.000000,0.000000
42402,45339633974,1073685,0,0,1488,0,0.000000,16384,1297,73685,4,1.000000,0.000000
42403,45340679567,1045593,0,0,1522,0,0.000000,16384,1377,45593,4,1.000000,0.000000
42404,45341740702,1061135,0,0,1562,0,0.000000,16384,1371,61135,4,1.000000,0.000000
42405,45342800477,1059775,0,0,1556,0,0.000000,16384,1411,59775,4,1.000000,0.000000
42406,45343864283,1063806,0,0,1507,0,0.000000,16384,1321,63806,4,1.000000,0.000000
42407,45344931008,1066725,0,0,1535,0,0.000000,16384,1385,66725,4,1.000000,0.000000
42408,45345992173,1061165,0,0,1552,0,0.000000,16384,1365,61165,4,1.000000,0.000000
42409,45347052021,1059848,0,0,1558,0,0.000000,16384,1409,59848,4,1.000000,0.000000
42410,45348111118,1059097,0,0,1550,0,0.000000,16384,1358,59097,4,1.000000,0.000000
42411,45349199252,1088134,0,0,1441,0,0.000000,16384,1297,88134,4,1.000000,0.000000
42412,45350265320,1066068,0,0,1558,0,0.000000,16384,1383,66068,4,1.000000,0.000000
42413,45351686897,1421577,0,0,1926,0,0.000000,16384,1728,421577,4,1.000000,0.000000
42414,45352760642,1073745,0,0,1475,0,0.000000,16384,1292,73745,4,1.000000,0.000000
42415,45353836042,1075400,0,0,1489,0,0.000000,16384,1360,75400,4,1.000000,0.000000
42416,45354903783,1067741,0,0,1560,0,0.000000,16384,1353,67741,4,1.000000,0.000000
42417,45355968885,1065102,0,0,1595,0,0.000000,16384,1452,65102,4,1.000000,0.000000
42418,45357034840,1065955,0,0,1490,0,0.000000,16384,1297,65955,4,1.000000,0.000000
42419,45358101360,1066520,0,0,1550,0,0.000000,16384,1416,66520,4,1.000000,0.000000
42420,45359159821,1058461,0,0,1555,0,0.000000,16384,1353,58461,4,1.000000,0.000000
42421,45360241636,1081815,0,0,1590,0,0.000000,16384,1444,81815,4,1.000000,0.000000
42422,45361300509,1058873,0,0,1552,0,0.000000,16384,1362,58873,4,1.000000,0.000000
42423,45362358972,1058463,0,0,1453,0,0.000000,16384,1322,58463,4,1.000000,0.000000
42424,45363417315,1058343,0,0,1628,0,0.000000,16384,1423,58343,4,1.000000,0.000000
42425,45364483018,1065703,0,0,1533,0,0.000000,16384,1386,65703,4,1.000000,0.000000
42426,45365552617,1069599,0,0,1437,0,0.000000,16384,1248,69599,4,1.000000,0.000000
42427,45366623928,1071311,0,0,1493,0,0.000000,16384,1377,71311,4,1.000000,0.000000
42428,45367679996,1056068,0,0,1509,0,0.000000,16384,1302,56068,4,1.000000,0.000000
42429,45368743575,1063579,0,0,1563,0,0.000000,16384,1434,63579,4,1.000000,0.000000
42430,45369814031,1070456,0,0,1558,0,0.000000,16384,1343,70456,4,1.000000,0.000000
42431,45370910267,1096236,0,0,1535,0,0.000000,16384,1414,96236,4,1.000000,0.000000
42432,45371970137,1059870,0,0,1555,0,0.000000,16384,1338,59870,4,1.000000,0.000000
42433,45373033954,1063817,0,0,1560,0,0.000000,16384,1436,63817,4,1.000000,0.000000
42434,45374096698,1062744,0,0,1561,0,0.000000,16384,1346,62744,4,1.000000,0.000000
42435,45375156035,1059337,0,0,1549,0,0.000000,16384,1423,59337,4,1.000000,0.000000
42436,45376214432,1058397,0,0,1413,0,0.000000,16384,1223,58397,4,1.000000,0.000000
42437,45377274240,1059808,0,0,1552,0,0.000000,16384,1416,59808,4,1.000000,0.000000
42438,45378345755,1071515,0,0,1435,0,0.000000,16384,1255,71515,4,1.000000,0.000000
42439,45379418351,1072596,0,0,1494,0,0.000000,16384,1338,72596,4,1.000000,0.000000
42440,45380486416,1068065,0,0,1562,0,0.000000,16384,1387,68065,4,1.000000,0.000000
42441,45381592273,1105857,0,0,1621,0,0.000000,16384,1459,105857,4,1.000000,0.000000
42442,45382656563,1064290,0,0,1565,0,0.000000,16384,1372,64290,4,1.000000,0.000000
42443,45383677169,1020606,0,0,1416,0,0.000000,16384,1274,20606,4,1.000000,0.000000
42444,45384740762,1063593,0,0,1556,0,0.000000,16384,1384,63593,4,1.000000,0.000000
42445,45385803189,1062427,0,0,1539,0,0.000000,16384,1375,62427,4,1.000000,0.000000
42446,45386866732,1063543,0,0,1499,0,0.000000,16384,1282,63543,4,1.000000,0.000000
42447,45387928867,1062135,0,0,1564,0,0.000000,16384,1393,62135,4,1.000000,0.000000
42448,45388988251,1059384,0,0,1391,0,0.000000,16384,1226,59384,4,1.000000,0.000000
42449,45390046515,1058264,0,0,1557,0,0.000000,16384,1413,58264,4,1.000000,0.000000
42450,45391112556,1066041,0,0,1506,0,0.000000,16384,1313,66041,4,1.000000,0.000000
42451,45392208868,1096312,0,0,1515,0,0.000000,16384,1385,96312,4,1.000000,0.000000
42452,45393273321,1064453,0,0,1555,0,0.000000,16384,1350,64453,4,1.000000,0.000000
42453,45394332895,1059574,0,0,1554,0,0.000000,16384,1417,59574,4,1.000000,0.000000
42454,45395391523,1058628,0,0,1550,0,0.000000,16384,1351,58628,4,1.000000,0.000000
42455,45396507894,1116371,0,0,1633,0,0.000000,16384,1477,116371,4,1.000000,0.000000
42456,45397570230,1062336,0,0,1490,0,0.000000,16384,1310,62336,4,1.000000,0.000000
42457,45398630592,1060362,0,0,1558,0,0.000000,16384,1409,60362,4,1.000000,0.000000
42458,45399673156,1042564,0,0,1521,0,0.000000,16384,1334,42564,4,1.000000,0.000000
42459,45400750897,1077741,0,0,1587,0,0.000000,16384,1434,77741,4,1.000000,0.000000
42460,45401810224,1059327,0,0,1554,0,0.000000,16384,1371,59327,4,1.000000,0.000000
42461,45402891097,1080873,0,0,1447,0,0.000000,16384,1310,80873,4,1.000000,0.000000
42462,45403950135,1059038,0,0,1548,0,0.000000,16384,1348,59038,4,1.000000,0.000000
42463,45405309528,1359393,0,0,1871,0,0.000000,16384,1668,359393,4,1.000000,0.000000
42464,45406378632,1069104,0,0,1512,0,0.000000,16384,1376,69104,4,1.000000,0.000000
42465,45407442356,1063724,0,0,1550,0,0.000000,16384,1354,63724,4,1.000000,0.000000
42466,45408501780,1059424,0,0,1560,0,0.000000,16384,1420,59424,4,1.000000,0.000000
42467,45409560190,1058410,0,0,1555,0,0.000000,16384,1353,58410,4,1.000000,0.000000
42468,45410621628,1061438,0,0,1478,0,0.000000,16384,1344,61438,4,1.000000,0.000000
42469,45411676126,1054498,0,0,1544,0,0.000000,16384,1355,54498,4,1.000000,0.000000
42470,45412734584,1058458,0,0,1553,0,0.000000,16384,1406,58458,4,1.000000,0.000000
42471,45413816438,1081854,0,0,1590,0,0.000000,16384,1389,81854,4,1.000000,0.000000
42472,45414874471,1058033,0,0,1568,0,0.000000,16384,1433,58033,4,1.000000,0.000000
42473,45415933134,1058663,0,0,1514,0,0.000000,16384,1313,58663,4,1.000000,0.000000
42474,45416991803,1058669,0,0,1625,0,0.000000,16384,1489,58669,4,1.000000,0.000000
42475,45418059251,1067448,0,0,1508,0,0.000000,16384,1299,67448,4,1.000000,0.000000
42476,45419123593,1064342,0,0,1540,0,0.000000,16384,1414,64342,4,1.000000,0.000000
42477,45420183718,1060125,0,0,1554,0,0.000000,16384,1342,60125,4,1.000000,0.000000
42478,45421242006,1058288,0,0,1559,0,0.000000,16384,1435,58288,4,1.000000,0.000000
42479,45422299939,1057933,0,0,1553,0,0.000000,16384,1333,57933,4,1.000000,0.000000
42480,45423360272,1060333,0,0,1526,0,0.000000,16384,1410,60333,4,1.000000,0.000000
42481,45424441669,1081397,0,0,1548,0,0.000000,16384,1332,81397,4,1.000000,0.000000
42482,45425505752,1064083,0,0,1580,0,0.000000,16384,1451,64083,4,1.000000,0.000000
42483,45426568082,1062330,0,0,1552,0,0.000000,16384,1341,62330,4,1.000000,0.000000
42484,45427628097,1060015,0,0,1558,0,0.000000,16384,1428,60015,4,1.000000,0.000000
42485,45428672500,1044403,0,0,1622,0,0.000000,16384,1416,44403,4,1.000000,0.000000
42486,45429730412,1057912,0,0,1479,0,0.000000,16384,1345,57912,4,1.000000,0.000000
42487,45430791434,1061022,0,0,1529,0,0.000000,16384,1327,61022,4,1.000000,0.000000
42488,45431858253,1066819,0,0,1490,0,0.000000,16384,1369,66819,4,1.000000,0.000000
42489,45432920279,1062026,0,0,1554,0,0.000000,16384,1339,62026,4,1.000000,0.000000
42490,45433978443,1058164,0,0,1559,0,0.000000,16384,1433,58164,4,1.000000,0.000000
42491,45435071332,1092889,0,0,1603,0,0.000000,16384,1393,92889,4,1.000000,0.000000
42492,45436130142,1058810,0,0,1558,0,0.000000,16384,1416,58810,4,1.000000,0.000000
42493,45437192306,1062164,0,0,1480,0,0.000000,16384,1286,62164,4,1.000000,0.000000
42494,45438251596,1059290,0,0,1557,0,0.000000,16384,1425,59290,4,1.000000,0.000000
42495,45439312270,1060674,0,0,1549,0,0.000000,16384,1344,60674,4,1.000000,0.000000
42496,45440372239,1059969,0,0,1559,0,0.000000,16384,1423,59969,4,1.000000,0.000000
42497,45441430354,1058115,0,0,1555,0,0.000000,16384,1356,58115,4,1.000000,0.000000
42498,45442488462,1058108,0,0,1462,0,0.000000,16384,1338,58108,4,1.000000,0.000000
42499,45443546492,1058030,0,0,1637,0,0.000000,16384,1425,58030,4,1.000000,0.000000
42500,45444611374,1064882,0,0,1553,0,0.000000,16384,1408,64882,4,1.000000,0.000000
42501,45445680069,1068695,0,0,1496,0,0.000000,16384,1305,68695,4,1.000000,0.000000
42502,45446740871,1060802,0,0,1561,0,0.000000,16384,1422,60802,4,1.000000,0.000000
42503,45447798969,1058098,0,0,1553,0,0.000000,16384,1356,58098,4,1.000000,0.000000
42504,45448856104,1057135,0,0,1556,0,0.000000,16384,1412,57135,4,1.000000,0.000000
42505,45449993545,1137441,0,0,1636,0,0.000000,16384,1444,137441,4,1.000000,0.000000
42506,45451056355,1062810,0,0,1510,0,0.000000,16384,1352,62810,4,1.000000,0.000000
42507,45452118057,1061702,0,0,1556,0,0.000000,16384,1378,61702,4,1.000000,0.000000
42508,45453177687,1059630,0,0,1558,0,0.000000,16384,1395,59630,4,1.000000,0.000000
42509,45454235613,1057926,0,0,1557,0,0.000000,16384,1383,57926,4,1.000000,0.000000
42510,45455291928,1056315,0,0,1610,0,0.000000,16384,1432,56315,4,1.000000,0.000000
42511,45456368285,1076357,0,0,1453,0,0.000000,16384,1296,76357,4,1.000000,0.000000
42512,45457399416,1031131,0,0,1562,0,0.000000,16384,1396,31131,4,1.000000,0.000000
42513,45458466814,1067398,0,0,1481,0,0.000000,16384,1311,67398,4,1.000000,0.000000
42514,45459529139,1062325,0,0,1560,0,0.000000,16384,1403,62325,4,1.000000,0.000000
42515,45460587962,1058823,0,0,1557,0,0.000000,16384,1378,58823,4,1.000000,0.000000
42516,45461644708,1056746,0,0,1556,0,0.000000,16384,1393,56746,4,1.000000,0.000000
42517,45462674221,1029513,0,0,1509,0,0.000000,16384,1335,29513,4,1.000000,0.000000
42518,45463736225,1062004,0,0,1489,0,0.000000,16384,1344,62004,4,1.000000,0.000000
42519,45464797105,1060880,0,0,1662,0,0.000000,16384,1471,60880,4,1.000000,0.000000
42520,45465857102,1059997,0,0,1587,0,0.000000,16384,1409,59997,4,1.000000,0.000000
42521,45466938466,1081364,0,0,1692,0,0.000000,16384,1531,81364,4,1.000000,0.000000
42522,45467998184,1059718,0,0,1607,0,0.000000,16384,1389,59718,4,1.000000,0.000000
42523,45469057516,1059332,0,0,1482,0,0.000000,16384,1364,59332,4,1.000000,0.000000
42524,45470116301,1058785,0,0,1656,0,0.000000,16384,1436,58785,4,1.000000,0.000000
42525,45471185851,1069550,0,0,1529,0,0.000000,16384,1402,69550,4,1.000000,0.000000
42526,45472251663,1065812,0,0,1518,0,0.000000,16384,1309,65812,4,1.000000,0.000000
42527,45473312624,1060961,0,0,1560,0,0.000000,16384,1434,60961,4,1.000000,0.000000
42528,45474369650,1057026,0,0,1553,0,0.000000,16384,1343,57026,4,1.000000,0.000000
42529,45475427789,1058139,0,0,1557,0,0.000000,16384,1426,58139,4,1.000000,0.000000
42530,45476486356,1058567,0,0,1547,0,0.000000,16384,1342,58567,4,1.000000,0.000000
42531,45477569473,1083117,0,0,1525,0,0.000000,16384,1396,83117,4,1.000000,0.000000
42532,45478634769,1065296,0,0,1650,0,0.000000,16384,1442,65296,4,1.000000,0.000000
42533,45479673204,1038435,0,0,1769,0,0.000000,16384,1574,38435,4,1.000000,0.000000
42534,45480730251,1057047,0,0,1791,0,0.000000,16384,1620,57047,4,1.000000,0.000000
42535,45481787773,1057522,0,0,1729,0,0.000000,16384,1532,57522,4,1.000000,0.000000
42536,45482845051,1057278,0,0,1594,0,0.000000,16384,1408,57278,4,1.000000,0.000000
42537,45483904254,1059203,0,0,1745,0,0.000000,16384,1583,59203,4,1.000000,0.000000
42538,45484971464,1067210,0,0,1522,0,0.000000,16384,1314,67210,4,1.000000,0.000000
42539,45486037887,1066423,0,0,1541,0,0.000000,16384,1417,66423,4,1.000000,0.000000
42540,45487101629,1063742,0,0,1519,0,0.000000,16384,1306,63742,4,1.000000,0.000000
42541,45488199262,1097633,0,0,1610,0,0.000000,16384,1478,97633,4,1.000000,0.000000
42542,45489260677,1061415,0,0,1554,0,0.000000,16384,1351,61415,4,1.000000,0.000000
42543,45490291495,1030818,0,0,1443,0,0.000000,16384,1327,30818,4,1.000000,0.000000
42544,45491356775,1065280,0,0,1542,0,0.000000,16384,1328,65280,4,1.000000,0.000000
42545,45492418074,1061299,0,0,1566,0,0.000000,16384,1440,61299,4,1.000000,0.000000
42546,45493476147,1058073,0,0,1555,0,0.000000,16384,1339,58073,4,1.000000,0.000000
42547,45494534522,1058375,0,0,1558,0,0.000000,16384,1432,58375,4,1.000000,0.000000
42548,45495594776,1060254,0,0,1422,0,0.000000,16384,1231,60254,4,1.000000,0.000000
42549,45496655004,1060228,0,0,1558,0,0.000000,16384,1423,60228,4,1.000000,0.000000
42550,45497688423,1033419,0,0,1498,0,0.000000,16384,1303,33419,4,1.000000,0.000000
42551,45498774876,1086453,0,0,1528,0,0.000000,16384,1387,86453,4,1.000000,0.000000
42552,45499836495,1061619,0,0,1559,0,0.000000,16384,1363,61619,4,1.000000,0.000000
42553,45500896067,1059572,0,0,1561,0,0.000000,16384,1420,59572,4,1.000000,0.000000
42554,45501956793,1060726,0,0,1549,0,0.000000,16384,1349,60726,4,1.000000,0.000000
42555,45503016058,1059265,0,0,1540,0,0.000000,16384,1405,59265,4,1.000000,0.000000
42556,45504078234,1062176,0,0,1479,0,0.000000,16384,1291,62176,4,1.000000,0.000000
42557,45505138771,1060537,0,0,1561,0,0.000000,16384,1413,60537,4,1.000000,0.000000
42558,45506198079,1059308,0,0,1530,0,0.000000,16384,1340,59308,4,1.000000,0.000000
42559,45507257454,1059375,0,0,1559,0,0.000000,16384,1413,59375,4,1.000000,0.000000
42560,45508317139,1059685,0,0,1455,0,0.000000,16384,1279,59685,4,1.000000,0.000000
42561,45509410117,1092978,0,0,1375,0,0.000000,16384,1219,92978,4,1.000000,0.000000
42562,45510479635,1069518,0,0,1488,0,0.000000,16384,1353,69518,4,1.000000,0.000000
42563,45511550900,1071265,0,0,1425,0,0.000000,16384,1232,71265,4,1.000000,0.000000
42564,45512620308,1069408,0,0,1467,0,0.000000,16384,1343,69408,4,1.000000,0.000000
42565,45513679495,1059187,0,0,1455,0,0.000000,16384,1276,59187,4,1.000000,0.000000
42566,45514742333,1062838,0,0,1449,0,0.000000,16384,1296,62838,4,1.000000,0.000000
42567,45517421585,2679252,0,0,3521,0,0.000000,16384,3149,1679252,4,1.000000,0.000000
42568,45518498995,1077410,0,0,1452,0,0.000000,16384,1264,77410,4,1.000000,0.000000
42569,45519567636,1068641,0,0,1529,0,0.000000,16384,1401,68641,4,1.000000,0.000000
42570,45520629698,1062062,0,0,1512,0,0.000000,16384,1303,62062,4,1.000000,0.000000
42571,45521680672,1050974,0,0,1564,0,0.000000,16384,1439,50974,4,1.000000,0.000000
42572,45522748270,1067598,0,0,1285,0,0.000000,16384,1121,67598,4,1.000000,0.000000
42573,45523815835,1067565,0,0,1584,0,0.000000,16384,1422,67565,4,1.000000,0.000000
42574,45524880441,1064606,0,0,1533,0,0.000000,16384,1353,64606,4,1.000000,0.000000
42575,45525912667,1032226,0,0,1503,0,0.000000,16384,1347,32226,4,1.000000,0.000000
42576,45526974731,1062064,0,0,1511,0,0.000000,16384,1345,62064,4,1.000000,0.000000
42577,45528037453,1062722,0,0,1534,0,0.000000,16384,1367,62722,4,1.000000,0.000000
42578,45529098790,1061337,0,0,1633,0,0.000000,16384,1447,61337,4,1.000000,0.000000
42579,45530480386,1381596,0,0,1904,0,0.000000,16384,1711,381596,4,1.000000,0.000000
42580,45531552399,1072013,0,0,1584,0,0.000000,16384,1404,72013,4,1.000000,0.000000
42581,45532643612,1091213,0,0,1575,0,0.000000,16384,1404,91213,4,1.000000,0.000000
42582,45533676029,1032417,0,0,1452,0,0.000000,16384,1287,32417,4,1.000000,0.000000
42583,45534780944,1104915,0,0,1433,0,0.000000,16384,1301,104915,4,1.000000,0.000000
42584,45535852238,1071294,0,0,1326,0,0.000000,16384,1155,71294,4,1.000000,0.000000
42585,45536978818,1126580,0,0,1638,0,0.000000,16384,1489,126580,4,1.000000,0.000000
42586,45538046007,1067189,0,0,1521,0,0.000000,16384,1319,67189,4,1.000000,0.000000
42587,45539119429,1073422,0,0,1477,0,0.000000,16384,1343,73422,4,1.000000,0.000000
42588,45540186150,1066721,0,0,1548,0,0.000000,16384,1358,66721,4,1.000000,0.000000
42589,45541251678,1065528,0,0,1560,0,0.000000,16384,1414,65528,4,1.000000,0.000000
42590,45542311344,1059666,0,0,1557,0,0.000000,16384,1360,59666,4,1.000000,0.000000
42591,45543436091,1124747,0,0,1605,0,0.000000,16384,1465,124747,4,1.000000,0.000000
42592,45544501804,1065713,0,0,1521,0,0.000000,16384,1317,65713,4,1.000000,0.000000
42593,45545528545,1026741,0,0,1510,0,0.000000,16384,1379,26741,4,1.000000,0.000000
42594,45546587769,1059224,0,0,1525,0,0.000000,16384,1329,59224,4,1.000000,0.000000
42595,45547647638,1059869,0,0,1558,0,0.000000,16384,1418,59869,4,1.000000,0.000000
42596,45548673193,1025555,0,0,1503,0,0.000000,16384,1312,25555,4,1.000000,0.000000
42597,45549732780,1059587,0,0,1408,0,0.000000,16384,1267,59587,4,1.000000,0.000000
42598,45550794258,1061478,0,0,1543,0,0.000000,16384,1375,61478,4,1.000000,0.000000
42599,45551869563,1075305,0,0,1487,0,0.000000,16384,1319,75305,4,1.000000,0.000000
42600,45552935687,1066124,0,0,1522,0,0.000000,16384,1369,66124,4,1.000000,0.000000
42601,45554021999,1086312,0,0,1586,0,0.000000,16384,1403,86312,4,1.000000,0.000000
42602,45555081624,1059625,0,0,1559,0,0.000000,16384,1393,59625,4,1.000000,0.000000
42603,45556140360,1058736,0,0,1558,0,0.000000,16384,1388,58736,4,1.000000,0.000000
42604,45557204031,1063671,0,0,1470,0,0.000000,16384,1316,63671,4,1.000000,0.000000
42605,45558266255,1062224,0,0,1559,0,0.000000,16384,1377,62224,4,1.000000,0.000000
42606,45559323189,1056934,0,0,1555,0,0.000000,16384,1394,56934,4,1.000000,0.000000
42607,45560381225,1058036,0,0,1555,0,0.000000,16384,1379,58036,4,1.000000,0.000000
42608,45561439055,1057830,0,0,1556,0,0.000000,16384,1391,57830,4,1.000000,0.000000
42609,45562500253,1061198,0,0,1432,0,0.000000,16384,1262,61198,4,1.000000,0.000000
42610,45563560208,1059955,0,0,1554,0,0.000000,16384,1408,59955,4,1.000000,0.000000
42611,45564642994,1082786,0,0,1533,0,0.000000,16384,1343,82786,4,1.000000,0.000000
42612,45565681871,1038877,0,0,1485,0,0.000000,16384,1352,38877,4,1.000000,0.000000
42613,45566749135,1067264,0,0,1537,0,0.000000,16384,1334,67264,4,1.000000,0.000000
42614,45567815445,1066310,0,0,1565,0,0.000000,16384,1428,66310,4,1.000000,0.000000
42615,45568877249,1061804,0,0,1542,0,0.000000,16384,1342,61804,4,1.000000,0.000000
42616,45569998842,1121593,0,0,1609,0,0.000000,16384,1460,121593,4,1.000000,0.000000
42617,45571062649,1063807,0,0,1511,0,0.000000,16384,1325,63807,4,1.000000,0.000000
42618,45572122111,1059462,0,0,1558,0,0.000000,16384,1411,59462,4,1.000000,0.000000
42619,45573180583,1058472,0,0,1558,0,0.000000,16384,1369,58472,4,1.000000,0.000000
42620,45574240344,1059761,0,0,1554,0,0.000000,16384,1401,59761,4,1.000000,0.000000
42621,45575320003,1079659,0,0,1585,0,0.000000,16384,1402,79659,4,1.000000,0.000000
42622,45576380169,1060166,0,0,1427,0,0.000000,16384,1289,60166,4,1.000000,0.000000
42623,45577445229,1065060,0,0,1552,0,0.000000,16384,1354,65060,4,1.000000,0.000000
42624,45578511048,1065819,0,0,1487,0,0.000000,16384,1358,65819,4,1.000000,0.000000
42625,45579575861,1064813,0,0,1554,0,0.000000,16384,1347,64813,4,1.000000,0.000000
42626,45580635441,1059580,0,0,1559,0,0.000000,16384,1424,59580,4,1.000000,0.000000
42627,45581673099,1037658,0,0,1512,0,0.000000,16384,1311,37658,4,1.000000,0.000000
42628,45582735942,1062843,0,0,1562,0,0.000000,16384,1429,62843,4,1.000000,0.000000
42629,45583800855,1064913,0,0,1482,0,0.000000,16384,1279,64913,4,1.000000,0.000000
42630,45584860727,1059872,0,0,1560,0,0.000000,16384,1435,59872,4,1.000000,0.000000
42631,45585948513,1087786,0,0,1580,0,0.000000,16384,1369,87786,4,1.000000,0.000000
42632,45587014346,1065833,0,0,1503,0,0.000000,16384,1379,65833,4,1.000000,0.000000
42633,45588079559,1065213,0,0,1508,0,0.000000,16384,1299,65213,4,1.000000,0.000000
42634,45589142626,1063067,0,0,1382,0,0.000000,16384,1262,63067,4,1.000000,0.000000
42635,45590207917,1065291,0,0,1559,0,0.000000,16384,1371,65291,4,1.000000,0.000000
42636,45591276393,1068476,0,0,1504,0,0.000000,16384,1357,68476,4,1.000000,0.000000
42637,45592342809,1066416,0,0,1529,0,0.000000,16384,1351,66416,4,1.000000,0.000000
42638,45593403226,1060417,0,0,1560,0,0.000000,16384,1402,60417,4,1.000000,0.000000
42639,45594461533,1058307,0,0,1555,0,0.000000,16384,1371,58307,4,1.000000,0.000000
42640,45595519870,1058337,0,0,1552,0,0.000000,16384,1400,58337,4,1.000000,0.000000
42641,45596889601,1369731,0,0,1937,0,0.000000,16384,1717,369731,4,1.000000,0.000000
42642,45597951596,1061995,0,0,1546,0,0.000000,16384,1379,61995,4,1.000000,0.000000
42643,45599011309,1059713,0,0,1560,0,0.000000,16384,1389,59713,4,1.000000,0.000000
42644,45600069290,1057981,0,0,1556,0,0.000000,16384,1385,57981,4,1.000000,0.000000
42645,45601127959,1058669,0,0,1556,0,0.000000,16384,1389,58669,4,1.000000,0.000000
42646,45602187841,1059882,0,0,1439,0,0.000000,16384,1288,59882,4,1.000000,0.000000
42647,45603246583,1058742,0,0,1554,0,0.000000,16384,1373,58742,4,1.000000,0.000000
42648,45604306426,1059843,0,0,1530,0,0.000000,16384,1375,59843,4,1.000000,0.000000
42649,45605371125,1064699,0,0,1551,0,0.000000,16384,1370,64699,4,1.000000,0.000000
42650,45606434917,1063792,0,0,1585,0,0.000000,16384,1419,63792,4,1.000000,0.000000
42651,45607516965,1082048,0,0,1669,0,0.000000,16384,1495,82048,4,1.000000,0.000000
42652,45608576048,1059083,0,0,1656,0,0.000000,16384,1446,59083,4,1.000000,0.000000
42653,45609640464,1064416,0,0,1668,0,0.000000,16384,1522,64416,4,1.000000,0.000000
42654,45610681436,1040972,0,0,1491,0,0.000000,16384,1290,40972,4,1.000000,0.000000
42655,45611742028,1060592,0,0,1661,0,0.000000,16384,1511,60592,4,1.000000,0.000000
42656,45612800169,1058141,0,0,1662,0,0.000000,16384,1473,58141,4,1.000000,0.000000
42657,45613858116,1057947,0,0,1655,0,0.000000,16384,1462,57947,4,1.000000,0.000000
42658,45614917240,1059124,0,0,1661,0,0.000000,16384,1518,59124,4,1.000000,0.000000
42659,45615975156,1057916,0,0,1504,0,0.000000,16384,1295,57916,4,1.000000,0.000000
42660,45617053948,1078792,0,0,1676,0,0.000000,16384,1528,78792,4,1.000000,0.000000
42661,45618140070,1086122,0,0,1561,0,0.000000,16384,1362,86122,4,1.000000,0.000000
42662,45619206095,1066025,0,0,1542,0,0.000000,16384,1401,66025,4,1.000000,0.000000
42663,45620270271,1064176,0,0,1562,0,0.000000,16384,1367,64176,4,1.000000,0.000000
42664,45621333784,1063513,0,0,1559,0,0.000000,16384,1411,63513,4,1.000000,0.000000
42665,45622392548,1058764,0,0,1628,0,0.000000,16384,1440,58764,4,1.000000,0.000000
42666,45623454370,1061822,0,0,1521,0,0.000000,16384,1360,61822,4,1.000000,0.000000
42667,45624516460,1062090,0,0,1626,0,0.000000,16384,1447,62090,4,1.000000,0.000000
42668,45625574771,1058311,0,0,1667,0,0.000000,16384,1468,58311,4,1.000000,0.000000
42669,45626634978,1060207,0,0,1630,0,0.000000,16384,1493,60207,4,1.000000,0.000000
42670,45627771371,1136393,0,0,1772,0,0.000000,16384,1551,136393,4,1.000000,0.000000
42671,45628857230,1085859,0,0,1544,0,0.000000,16384,1324,85859,4,1.000000,0.000000
42672,45629914690,1057460,0,0,1654,0,0.000000,16384,1468,57460,4,1.000000,0.000000
42673,45630992625,1077935,0,0,1555,0,0.000000,16384,1401,77935,4,1.000000,0.000000
42674,45632059786,1067161,0,0,1507,0,0.000000,16384,1329,67161,4,1.000000,0.000000
42675,45633121059,1061273,0,0,1560,0,0.000000,16384,1402,61273,4,1.000000,0.000000
42676,45634181680,1060621,0,0,1553,0,0.000000,16384,1370,60621,4,1.000000,0.000000
42677,45635239878,1058198,0,0,1610,0,0.000000,16384,1457,58198,4,1.000000,0.000000
42678,45636296518,1056640,0,0,1649,0,0.000000,16384,1429,56640,4,1.000000,0.000000
42679,45637357765,1061247,0,0,1551,0,0.000000,16384,1430,61247,4,1.000000,0.000000
42680,45638418030,1060265,0,0,1588,0,0.000000,16384,1373,60265,4,1.000000,0.000000
42681,45639498704,1080674,0,0,1624,0,0.000000,16384,1477,80674,4,1.000000,0.000000
42682,45640557364,1058660,0,0,1664,0,0.000000,16384,1470,58660,4,1.000000,0.000000
42683,45641615442,1058078,0,0,1658,0,0.000000,16384,1468,58078,4,1.000000,0.000000
42684,45642676727,1061285,0,0,1467,0,0.000000,16384,1322,61285,4,1.000000,0.000000
42685,45643722143,1045416,0,0,1614,0,0.000000,16384,1424,45416,4,1.000000,0.000000
42686,45644789203,1067060,0,0,1506,0,0.000000,16384,1360,67060,4,1.000000,0.000000
42687,45645853122,1063919,0,0,1486,0,0.000000,16384,1314,63919,4,1.000000,0.000000
42688,45646916481,1063359,0,0,1524,0,0.000000,16384,1360,63359,4,1.000000,0.000000
42689,45647977949,1061468,0,0,1560,0,0.000000,16384,1388,61468,4,1.000000,0.000000
42690,45649035595,1057646,0,0,1557,0,0.000000,16384,1393,57646,4,1.000000,0.000000
42691,45650134664,1099069,0,0,1565,0,0.000000,16384,1386,99069,4,1.000000,0.000000
42692,45651196804,1062140,0,0,1520,0,0.000000,16384,1363,62140,4,1.000000,0.000000
42693,45652256023,1059219,0,0,1557,0,0.000000,16384,1379,59219,4,1.000000,0.000000
42694,45653314430,1058407,0,0,1558,0,0.000000,16384,1400,58407,4,1.000000,0.000000
42695,45654372547,1058117,0,0,1557,0,0.000000,16384,1373,58117,4,1.000000,0.000000
42696,45655435065,1062518,0,0,1438,0,0.000000,16384,1290,62518,4,1.000000,0.000000
42697,45656496445,1061380,0,0,1554,0,0.000000,16384,1384,61380,4,1.000000,0.000000
42698,45657559475,1063030,0,0,1542,0,0.000000,16384,1375,63030,4,1.000000,0.000000
42699,45658624420,1064945,0,0,1492,0,0.000000,16384,1333,64945,4,1.000000,0.000000
42700,45659678010,1053590,0,0,1533,0,0.000000,16384,1357,53590,4,1.000000,0.000000
42701,45660757765,1079755,0,0,1585,0,0.000000,16384,1419,79755,4,1.000000,0.000000
42702,45661815444,1057679,0,0,1557,0,0.000000,16384,1386,57679,4,1.000000,0.000000
42703,45662873439,1057995,0,0,1556,0,0.000000,16384,1385,57995,4,1.000000,0.000000
42704,45663935292,1061853,0,0,1484,0,0.000000,16384,1320,61853,4,1.000000,0.000000
42705,45664996220,1060928,0,0,1561,0,0.000000,16384,1397,60928,4,1.000000,0.000000
42706,45666054558,1058338,0,0,1557,0,0.000000,16384,1385,58338,4,1.000000,0.000000
42707,45667114967,1060409,0,0,1533,0,0.000000,16384,1367,60409,4,1.000000,0.000000
42708,45668172433,1057466,0,0,1552,0,0.000000,16384,1382,57466,4,1.000000,0.000000
42709,45669234273,1061840,0,0,1412,0,0.000000,16384,1270,61840,4,1.000000,0.000000
42710,45670296361,1062088,0,0,1550,0,0.000000,16384,1356,62088,4,1.000000,0.000000
42711,45671382731,1086370,0,0,1532,0,0.000000,16384,1391,86370,4,1.000000,0.000000
42712,45672446186,1063455,0,0,1535,0,0.000000,16384,1340,63455,4,1.000000,0.000000
42713,45673508580,1062394,0,0,1557,0,0.000000,16384,1414,62394,4,1.000000,0.000000
42714,45674566416,1057836,0,0,1554,0,0.000000,16384,1361,57836,4,1.000000,0.000000
42715,45675625462,1059046,0,0,1559,0,0.000000,16384,1410,59046,4,1.000000,0.000000
42716,45676677947,1052485,0,0,1503,0,0.000000,16384,1315,52485,4,1.000000,0.000000
42717,45677739102,1061155,0,0,1525,0,0.000000,16384,1389,61155,4,1.000000,0.000000
42718,45678798380,1059278,0,0,1663,0,0.000000,16384,1464,59278,4,1.000000,0.000000
42719,45679855862,1057482,0,0,1659,0,0.000000,16384,1474,57482,4,1.000000,0.000000
42720,45680912509,1056647,0,0,1660,0,0.000000,16384,1505,56647,4,1.000000,0.000000
42721,45681989920,1077411,0,0,1735,0,0.000000,16384,1515,77411,4,1.000000,0.000000
42722,45683048018,1058098,0,0,1565,0,0.000000,16384,1416,58098,4,1.000000,0.000000
42723,45684109997,1061979,0,0,1705,0,0.000000,16384,1513,61979,4,1.000000,0.000000
42724,45685175567,1065570,0,0,1548,0,0.000000,16384,1370,65570,4,1.000000,0.000000
42725,45686237920,1062353,0,0,1605,0,0.000000,16384,1448,62353,4,1.000000,0.000000
42726,45687299089,1061169,0,0,1525,0,0.000000,16384,1336,61169,4,1.000000,0.000000
42727,45688364075,1064986,0,0,1517,0,0.000000,16384,1370,64986,4,1.000000,0.000000
42728,45689427330,1063255,0,0,1554,0,0.000000,16384,1369,63255,4,1.000000,0.000000
42729,45690491772,1064442,0,0,1479,0,0.000000,16384,1328,64442,4,1.000000,0.000000
42730,45691553271,1061499,0,0,1560,0,0.000000,16384,1384,61499,4,1.000000,0.000000
42731,45692633469,1080198,0,0,1590,0,0.000000,16384,1430,80198,4,1.000000,0.000000
42732,45693672304,1038835,0,0,1526,0,0.000000,16384,1343,38835,4,1.000000,0.000000
42733,45694732384,1060080,0,0,1558,0,0.000000,16384,1405,60080,4,1.000000,0.000000
42734,45695792311,1059927,0,0,1427,0,0.000000,16384,1264,59927,4,1.000000,0.000000
42735,45696851730,1059419,0,0,1558,0,0.000000,16384,1387,59419,4,1.000000,0.000000
42736,45697915305,1063575,0,0,1507,0,0.000000,16384,1346,63575,4,1.000000,0.000000
42737,45698982473,1067168,0,0,1524,0,0.000000,16384,1350,67168,4,1.000000,0.000000
42738,45700044308,1061835,0,0,1551,0,0.000000,16384,1391,61835,4,1.000000,0.000000
42739,45701103069,1058761,0,0,1554,0,0.000000,16384,1379,58761,4,1.000000,0.000000
42740,45702161203,1058134,0,0,1556,0,0.000000,16384,1389,58134,4,1.000000,0.000000
42741,45703256913,1095710,0,0,1578,0,0.000000,16384,1405,95710,4,1.000000,0.000000
42742,45704321160,1064247,0,0,1513,0,0.000000,16384,1349,64247,4,1.000000,0.000000
42743,45705381410,1060250,0,0,1559,0,0.000000,16384,1387,60250,4,1.000000,0.000000
42744,45706438073,1056663,0,0,1554,0,0.000000,16384,1384,56663,4,1.000000,0.000000
42745,45707498135,1060062,0,0,1534,0,0.000000,16384,1368,60062,4,1.000000,0.000000
42746,45708557075,1058940,0,0,1555,0,0.000000,16384,1384,58940,4,1.000000,0.000000
42747,45709616785,1059710,0,0,1417,0,0.000000,16384,1256,59710,4,1.000000,0.000000
42748,45710676006,1059221,0,0,1544,0,0.000000,16384,1394,59221,4,1.000000,0.000000
42749,45711740528,1064522,0,0,1472,0,0.000000,16384,1286,64522,4,1.000000,0.000000
42750,45712806044,1065516,0,0,1558,0,0.000000,16384,1419,65516,4,1.000000,0.000000
42751,45713892488,1086444,0,0,1596,0,0.000000,16384,1399,86444,4,1.000000,0.000000
42752,45714955470,1062982,0,0,1564,0,0.000000,16384,1409,62982,4,1.000000,0.000000
42753,45716013971,1058501,0,0,1557,0,0.000000,16384,1376,58501,4,1.000000,0.000000
42754,45717076281,1062310,0,0,1485,0,0.000000,16384,1339,62310,4,1.000000,0.000000
42755,45718139799,1063518,0,0,1552,0,0.000000,16384,1362,63518,4,1.000000,0.000000
42756,45719198025,1058226,0,0,1557,0,0.000000,16384,1406,58226,4,1.000000,0.000000
42757,45720256633,1058608,0,0,1553,0,0.000000,16384,1368,58608,4,1.000000,0.000000
42758,45721314630,1057997,0,0,1557,0,0.000000,16384,1401,57997,4,1.000000,0.000000
42759,45722373309,1058679,0,0,1426,0,0.000000,16384,1246,58679,4,1.000000,0.000000
42760,45723433090,1059781,0,0,1561,0,0.000000,16384,1424,59781,4,1.000000,0.000000
42761,45724512108,1079018,0,0,1530,0,0.000000,16384,1331,79018,4,1.000000,0.000000
42762,45725578260,1066152,0,0,1520,0,0.000000,16384,1390,66152,4,1.000000,0.000000
42763,45726647015,1068755,0,0,1558,0,0.000000,16384,1352,68755,4,1.000000,0.000000
42764,45727678614,1031599,0,0,1492,0,0.000000,16384,1369,31599,4,1.000000,0.000000
42765,45728739921,1061307,0,0,1555,0,0.000000,16384,1342,61307,4,1.000000,0.000000
42766,45729810563,1070642,0,0,1567,0,0.000000,16384,1436,70642,4,1.000000,0.000000
42767,45730874657,1064094,0,0,1486,0,0.000000,16384,1281,64094,4,1.000000,0.000000
42768,45731934567,1059910,0,0,1564,0,0.000000,16384,1440,59910,4,1.000000,0.000000
42769,45732992704,1058137,0,0,1553,0,0.000000,16384,1341,58137,4,1.000000,0.000000
42770,45734050470,1057766,0,0,1559,0,0.000000,16384,1429,57766,4,1.000000,0.000000
42771,45735130383,1079913,0,0,1585,0,0.000000,16384,1379,79913,4,1.000000,0.000000
42772,45736190291,1059908,0,0,1427,0,0.000000,16384,1311,59908,4,1.000000,0.000000
42773,45737249934,1059643,0,0,1549,0,0.000000,16384,1333,59643,4,1.000000,0.000000
42774,45738314954,1065020,0,0,1476,0,0.000000,16384,1356,65020,4,1.000000,0.000000
42775,45739381130,1066176,0,0,1555,0,0.000000,16384,1350,66176,4,1.000000,0.000000
42776,45740446761,1065631,0,0,1570,0,0.000000,16384,1439,65631,4,1.000000,0.000000
42777,45741508612,1061851,0,0,1560,0,0.000000,16384,1345,61851,4,1.000000,0.000000
42778,45742570286,1061674,0,0,1539,0,0.000000,16384,1418,61674,4,1.000000,0.000000
42779,45743635988,1065702,0,0,1485,0,0.000000,16384,1282,65702,4,1.000000,0.000000
42780,45744673221,1037233,0,0,1512,0,0.000000,16384,1379,37233,4,1.000000,0.000000
42781,45745764208,1090987,0,0,1595,0,0.000000,16384,1388,90987,4,1.000000,0.000000
42782,45746828677,1064469,0,0,1545,0,0.000000,16384,1416,64469,4,1.000000,0.000000
42783,45747890213,1061536,0,0,1554,0,0.000000,16384,1343,61536,4,1.000000,0.000000
42784,45748951884,1061671,0,0,1407,0,0.000000,16384,1282,61671,4,1.000000,0.000000
42785,45750011725,1059841,0,0,1555,0,0.000000,16384,1369,59841,4,1.000000,0.000000
42786,45751074561,1062836,0,0,1504,0,0.000000,16384,1354,62836,4,1.000000,0.000000
42787,45752140330,1065769,0,0,1516,0,0.000000,16384,1343,65769,4,1.000000,0.000000
42788,45753201615,1061285,0,0,1558,0,0.000000,16384,1395,61285,4,1.000000,0.000000
42789,45754261011,1059396,0,0,1555,0,0.000000,16384,1376,59396,4,1.000000,0.000000
42790,45755319387,1058376,0,0,1557,0,0.000000,16384,1400,58376,4,1.000000,0.000000
42791,45756398536,1079149,0,0,1578,0,0.000000,16384,1389,79149,4,1.000000,0.000000
42792,45757459007,1060471,0,0,1488,0,0.000000,16384,1341,60471,4,1.000000,0.000000
42793,45758520347,1061340,0,0,1551,0,0.000000,16384,1371,61340,4,1.000000,0.000000
42794,45759579213,1058866,0,0,1557,0,0.000000,16384,1401,58866,4,1.000000,0.000000
42795,45760639013,1059800,0,0,1555,0,0.000000,16384,1370,59800,4,1.000000,0.000000
42796,45761674712,1035699,0,0,1522,0,0.000000,16384,1370,35699,4,1.000000,0.000000
42797,45762734477,1059765,0,0,1416,0,0.000000,16384,1261,59765,4,1.000000,0.000000
42798,45763798787,1064310,0,0,1548,0,0.000000,16384,1372,64310,4,1.000000,0.000000
42799,45764865968,1067181,0,0,1496,0,0.000000,16384,1344,67181,4,1.000000,0.000000
42800,45765929208,1063240,0,0,1534,0,0.000000,16384,1350,63240,4,1.000000,0.000000
42801,45767007876,1078668,0,0,1542,0,0.000000,16384,1392,78668,4,1.000000,0.000000
42802,45768071802,1063926,0,0,1551,0,0.000000,16384,1365,63926,4,1.000000,0.000000
42803,45769131596,1059794,0,0,1558,0,0.000000,16384,1403,59794,4,1.000000,0.000000
42804,45770192945,1061349,0,0,1489,0,0.000000,16384,1308,61349,4,1.000000,0.000000
42805,45771254751,1061806,0,0,1543,0,0.000000,16384,1398,61806,4,1.000000,0.000000
42806,45772313415,1058664,0,0,1556,0,0.000000,16384,1365,58664,4,1.000000,0.000000
42807,45773374182,1060767,0,0,1545,0,0.000000,16384,1397,60767,4,1.000000,0.000000
42808,45774438658,1064476,0,0,1531,0,0.000000,16384,1343,64476,4,1.000000,0.000000
42809,45775503625,1064967,0,0,1411,0,0.000000,16384,1291,64967,4,1.000000,0.000000
42810,45776563720,1060095,0,0,1553,0,0.000000,16384,1337,60095,4,1.000000,0.000000
42811,45777651581,1087861,0,0,1556,0,0.000000,16384,1431,87861,4,1.000000,0.000000
42812,45778680581,1029000,0,0,1440,0,0.000000,16384,1246,29000,4,1.000000,0.000000
42813,45779742255,1061674,0,0,1562,0,0.000000,16384,1429,61674,4,1.000000,0.000000
42814,45780800582,1058327,0,0,1554,0,0.000000,16384,1344,58327,4,1.000000,0.000000
42815,45781860538,1059956,0,0,1561,0,0.000000,16384,1435,59956,4,1.000000,0.000000
42816,45782923060,1062522,0,0,1557,0,0.000000,16384,1340,62522,4,1.000000,0.000000
42817,45783987992,1064932,0,0,1490,0,0.000000,16384,1371,64932,4,1.000000,0.000000
42818,45785048825,1060833,0,0,1559,0,0.000000,16384,1349,60833,4,1.000000,0.000000
42819,45786107603,1058778,0,0,1562,0,0.000000,16384,1436,58778,4,1.000000,0.000000
42820,45787168425,1060822,0,0,1536,0,0.000000,16384,1324,60822,4,1.000000,0.000000
42821,45788251010,1082585,0,0,1591,0,0.000000,16384,1460,82585,4,1.000000,0.000000
42822,45789274444,1023434,0,0,1300,0,0.000000,16384,1133,23434,4,1.000000,0.000000
42823,45790372392,1097948,0,0,1587,0,0.000000,16384,1425,97948,4,1.000000,0.000000
42824,45791442084,1069692,0,0,1507,0,0.000000,16384,1331,69692,4,1.000000,0.000000
42825,45792505966,1063882,0,0,1540,0,0.000000,16384,1380,63882,4,1.000000,0.000000
42826,45793565322,1059356,0,0,1554,0,0.000000,16384,1376,59356,4,1.000000,0.000000
42827,45794623905,1058583,0,0,1556,0,0.000000,16384,1398,58583,4,1.000000,0.000000
42828,45795671209,1047304,0,0,1536,0,0.000000,16384,1357,47304,4,1.000000,0.000000
42829,45796733062,1061853,0,0,1521,0,0.000000,16384,1363,61853,4,1.000000,0.000000
42830,45797795505,1062443,0,0,1523,0,0.000000,16384,1353,62443,4,1.000000,0.000000
42831,45798887309,1091804,0,0,1605,0,0.000000,16384,1440,91804,4,1.000000,0.000000
42832,45799946022,1058713,0,0,1558,0,0.000000,16384,1371,58713,4,1.000000,0.000000
42833,45801004597,1058575,0,0,1559,0,0.000000,16384,1410,58575,4,1.000000,0.000000
42834,45802061510,1056913,0,0,1478,0,0.000000,16384,1300,56913,4,1.000000,0.000000
42835,45803120299,1058789,0,0,1500,0,0.000000,16384,1342,58789,4,1.000000,0.000000
42836,45804180531,1060232,0,0,1531,0,0.000000,16384,1364,60232,4,1.000000,0.000000
42837,45805245009,1064478,0,0,1490,0,0.000000,16384,1325,64478,4,1.000000,0.000000
42838,45806305928,1060919,0,0,1559,0,0.000000,16384,1395,60919,4,1.000000,0.000000
42839,45807368172,1062244,0,0,1535,0,0.000000,16384,1363,62244,4,1.000000,0.000000
42840,45808428713,1060541,0,0,1555,0,0.000000,16384,1389,60541,4,1.000000,0.000000
42841,45809510077,1081364,0,0,1585,0,0.000000,16384,1411,81364,4,1.000000,0.000000
42842,45810573110,1063033,0,0,1479,0,0.000000,16384,1322,63033,4,1.000000,0.000000
42843,45811633630,1060520,0,0,1558,0,0.000000,16384,1383,60520,4,1.000000,0.000000
42844,45812674297,1040667,0,0,1528,0,0.000000,16384,1366,40667,4,1.000000,0.000000
42845,45813732522,1058225,0,0,1555,0,0.000000,16384,1381,58225,4,1.000000,0.000000
42846,45814789386,1056864,0,0,1554,0,0.000000,16384,1387,56864,4,1.000000,0.000000
42847,45815847670,1058284,0,0,1420,0,0.000000,16384,1251,58284,4,1.000000,0.000000
42848,45817032109,1184439,0,0,1736,0,0.000000,16384,1555,184439,4,1.000000,0.000000
42849,45818099687,1067578,0,0,1503,0,0.000000,16384,1344,67578,4,1.000000,0.000000
42850,45819161885,1062198,0,0,1536,0,0.000000,16384,1368,62198,4,1.000000,0.000000
42851,45820243301,1081416,0,0,1589,0,0.000000,16384,1421,81416,4,1.000000,0.000000
42852,45821300732,1057431,0,0,1557,0,0.000000,16384,1376,57431,4,1.000000,0.000000
42853,45822358966,1058234,0,0,1559,0,0.000000,16384,1404,58234,4,1.000000,0.000000
42854,45823421945,1062979,0,0,1507,0,0.000000,16384,1330,62979,4,1.000000,0.000000
42855,45824484168,1062223,0,0,1630,0,0.000000,16384,1471,62223,4,1.000000,0.000000
42856,45825542837,1058669,0,0,1663,0,0.000000,16384,1443,58669,4,1.000000,0.000000
42857,45826599812,1056975,0,0,1802,0,0.000000,16384,1629,56975,4,1.000000,0.000000
42858,45827659867,1060055,0,0,1587,0,0.000000,16384,1420,60055,4,1.000000,0.000000
42859,45828673726,1013859,0,0,1478,0,0.000000,16384,1314,13859,4,1.000000,0.000000
42860,45829733326,1059600,0,0,1413,0,0.000000,16384,1245,59600,4,1.000000,0.000000
42861,45830813752,1080426,0,0,1596,0,0.000000,16384,1443,80426,4,1.000000,0.000000
42862,45831880745,1066993,0,0,1505,0,0.000000,16384,1322,66993,4,1.000000,0.000000
42863,45832942283,1061538,0,0,1560,0,0.000000,16384,1411,61538,4,1.000000,0.000000
42864,45833999951,1057668,0,0,1586,0,0.000000,16384,1399,57668,4,1.000000,0.000000
42865,45835058615,1058664,0,0,1625,0,0.000000,16384,1450,58664,4,1.000000,0.000000
42866,45836118007,1059392,0,0,1602,0,0.000000,16384,1437,59392,4,1.000000,0.000000
42867,45837180333,1062326,0,0,1524,0,0.000000,16384,1345,62326,4,1.000000,0.000000
42868,45838240963,1060630,0,0,1555,0,0.000000,16384,1398,60630,4,1.000000,0.000000
42869,45839299170,1058207,0,0,1555,0,0.000000,16384,1371,58207,4,1.000000,0.000000
42870,45840355614,1056444,0,0,1619,0,0.000000,16384,1467,56444,4,1.000000,0.000000
42871,45841433346,1077732,0,0,1615,0,0.000000,16384,1401,77732,4,1.000000,0.000000
42872,45842493668,1060322,0,0,1464,0,0.000000,16384,1341,60322,4,1.000000,0.000000
42873,45843552543,1058875,0,0,1633,0,0.000000,16384,1416,58875,4,1.000000,0.000000
42874,45844615857,1063314,0,0,1508,0,0.000000,16384,1390,63314,4,1.000000,0.000000
42875,45845676643,1060786,0,0,1518,0,0.000000,16384,1313,60786,4,1.000000,0.000000
42876,45846734807,1058164,0,0,1550,0,0.000000,16384,1419,58164,4,1.000000,0.000000
42877,45847797600,1062793,0,0,1530,0,0.000000,16384,1325,62793,4,1.000000,0.000000
42878,45848858741,1061141,0,0,1565,0,0.000000,16384,1433,61141,4,1.000000,0.000000
42879,45849948258,1089517,0,0,1572,0,0.000000,16384,1358,89517,4,1.000000,0.000000
42880,45851010914,1062656,0,0,1509,0,0.000000,16384,1388,62656,4,1.000000,0.000000
42881,45852105059,1094145,0,0,1604,0,0.000000,16384,1384,94145,4,1.000000,0.000000
42882,45853162267,1057208,0,0,1558,0,0.000000,16384,1433,57208,4,1.000000,0.000000
42883,45854220646,1058379,0,0,1552,0,0.000000,16384,1341,58379,4,1.000000,0.000000
42884,45855278643,1057997,0,0,1603,0,0.000000,16384,1463,57997,4,1.000000,0.000000
42885,45856336042,1057399,0,0,1489,0,0.000000,16384,1293,57399,4,1.000000,0.000000
42886,45857395535,1059493,0,0,1586,0,0.000000,16384,1448,59493,4,1.000000,0.000000
42887,45858459453,1063918,0,0,1499,0,0.000000,16384,1301,63918,4,1.000000,0.000000
42888,45859521675,1062222,0,0,1554,0,0.000000,16384,1422,62222,4,1.000000,0.000000
42889,45860581375,1059700,0,0,1556,0,0.000000,16384,1352,59700,4,1.000000,0.000000
42890,45861639788,1058413,0,0,1558,0,0.000000,16384,1420,58413,4,1.000000,0.000000
42891,45862677394,1037606,0,0,1619,0,0.000000,16384,1421,37606,4,1.000000,0.000000
42892,45863738786,1061392,0,0,1562,0,0.000000,16384,1405,61392,4,1.000000,0.000000
42893,45864798648,1059862,0,0,1667,0,0.000000,16384,1484,59862,4,1.000000,0.000000
42894,45865854929,1056281,0,0,1661,0,0.000000,16384,1459,56281,4,1.000000,0.000000
42895,45866912471,1057542,0,0,1667,0,0.000000,16384,1521,57542,4,1.000000,0.000000
42896,45867973235,1060764,0,0,1565,0,0.000000,16384,1356,60764,4,1.000000,0.000000
42897,45869035440,1062205,0,0,1408,0,0.000000,16384,1293,62205,4,1.000000,0.000000
42898,45870095825,1060385,0,0,1548,0,0.000000,16384,1327,60385,4,1.000000,0.000000
42899,45871159283,1063458,0,0,1515,0,0.000000,16384,1315,63458,4,1.000000,0.000000
42900,45872230007,1070724,0,0,1442,0,0.000000,16384,1306,70724,4,1.000000,0.000000
42901,45873325552,1095545,0,0,1553,0,0.000000,16384,1371,95545,4,1.000000,0.000000
42902,45874390831,1065279,0,0,1552,0,0.000000,16384,1398,65279,4,1.000000,0.000000
42903,45875451624,1060793,0,0,1558,0,0.000000,16384,1370,60793,4,1.000000,0.000000
42904,45876515949,1064325,0,0,1638,0,0.000000,16384,1490,64325,4,1.000000,0.000000
42905,45877580420,1064471,0,0,1544,0,0.000000,16384,1337,64471,4,1.000000,0.000000
42906,45878639586,1059166,0,0,1659,0,0.000000,16384,1514,59166,4,1.000000,0.000000
42907,45879672567,1032981,0,0,1616,0,0.000000,16384,1412,32981,4,1.000000,0.000000
42908,45880764785,1092218,0,0,1706,0,0.000000,16384,1527,92218,4,1.000000,0.000000
42909,45881823167,1058382,0,0,1550,0,0.000000,16384,1389,58382,4,1.000000,0.000000
42910,45882881446,1058279,0,0,1434,0,0.000000,16384,1279,58279,4,1.000000,0.000000
42911,45883962354,1080908,0,0,1642,0,0.000000,16384,1461,80908,4,1.000000,0.000000
42912,45885026883,1064529,0,0,1507,0,0.000000,16384,1339,64529,4,1.000000,0.000000
42913,45886092891,1066008,0,0,1618,0,0.000000,16384,1450,66008,4,1.000000,0.000000
42914,45887155615,1062724,0,0,1600,0,0.000000,16384,1404,62724,4,1.000000,0.000000
42915,45888218075,1062460,0,0,1554,0,0.000000,16384,1414,62460,4,1.000000,0.000000
42916,45889284252,1066177,0,0,1514,0,0.000000,16384,1321,66177,4,1.000000,0.000000
42917,45890470572,1186320,0,0,1605,0,0.000000,16384,1461,186320,4,1.000000,0.000000
42918,45891541524,1070952,0,0,1475,0,0.000000,16384,1285,70952,4,1.000000,0.000000
42919,45892615146,1073622,0,0,1474,0,0.000000,16384,1329,73622,4,1.000000,0.000000
42920,45893675417,1060271,0,0,1531,0,0.000000,16384,1356,60271,4,1.000000,0.000000
42921,45894762164,1086747,0,0,1586,0,0.000000,16384,1425,86747,4,1.000000,0.000000
42922,45895821517,1059353,0,0,1369,0,0.000000,16384,1220,59353,4,1.000000,0.000000
42923,45897055332,1233815,0,0,1804,0,0.000000,16384,1617,233815,4,1.000000,0.000000
42924,45898120369,1065037,0,0,1503,0,0.000000,16384,1309,65037,4,1.000000,0.000000
42925,45899186565,1066196,0,0,1532,0,0.000000,16384,1389,66196,4,1.000000,0.000000
42926,45900247892,1061327,0,0,1559,0,0.000000,16384,1365,61327,4,1.000000,0.000000
42927,45901306329,1058437,0,0,1558,0,0.000000,16384,1417,58437,4,1.000000,0.000000
42928,45902366650,1060321,0,0,1549,0,0.000000,16384,1349,60321,4,1.000000,0.000000
42929,45903430550,1063900,0,0,1521,0,0.000000,16384,1385,63900,4,1.000000,0.000000
42930,45904493242,1062692,0,0,1523,0,0.000000,16384,1331,62692,4,1.000000,0.000000
42931,45905589010,1095768,0,0,1612,0,0.000000,16384,1468,95768,4,1.000000,0.000000
42932,45906648184,1059174,0,0,1654,0,0.000000,16384,1434,59174,4,1.000000,0.000000
42933,45907676706,1028522,0,0,1574,0,0.000000,16384,1438,28522,4,1.000000,0.000000
42934,45908737394,1060688,0,0,1463,0,0.000000,16384,1262,60688,4,1.000000,0.000000
42935,45909797418,1060024,0,0,1505,0,0.000000,16384,1390,60024,4,1.000000,0.000000
42936,45910858049,1060631,0,0,1539,0,0.000000,16384,1327,60631,4,1.000000,0.000000
42937,45911922739,1064690,0,0,1491,0,0.000000,16384,1367,64690,4,1.000000,0.000000
42938,45912984737,1061998,0,0,1559,0,0.000000,16384,1355,61998,4,1.000000,0.000000
42939,45914043368,1058631,0,0,1559,0,0.000000,16384,1427,58631,4,1.000000,0.000000
42940,45915102669,1059301,0,0,1553,0,0.000000,16384,1343,59301,4,1.000000,0.000000
42941,45916182087,1079418,0,0,1588,0,0.000000,16384,1458,79418,4,1.000000,0.000000
42942,45917243303,1061216,0,0,1483,0,0.000000,16384,1280,61216,4,1.000000,0.000000
42943,45918304172,1060869,0,0,1619,0,0.000000,16384,1481,60869,4,1.000000,0.000000
42944,45919367306,1063134,0,0,1661,0,0.000000,16384,1450,63134,4,1.000000,0.000000
42945,45920427585,1060279,0,0,1662,0,0.000000,16384,1490,60279,4,1.000000,0.000000
42946,45921486597,1059012,0,0,1658,0,0.000000,16384,1490,59012,4,1.000000,0.000000
42947,45922545636,1059039,0,0,1486,0,0.000000,16384,1306,59039,4,1.000000,0.000000
42948,45923688282,1142646,0,0,1745,0,0.000000,16384,1584,142646,4,1.000000,0.000000
42949,45924754215,1065933,0,0,1539,0,0.000000,16384,1324,65933,4,1.000000,0.000000
42950,45925817126,1062911,0,0,1556,0,0.000000,16384,1432,62911,4,1.000000,0.000000
42951,45926897451,1080325,0,0,1606,0,0.000000,16384,1394,80325,4,1.000000,0.000000
42952,45927956571,1059120,0,0,1620,0,0.000000,16384,1468,59120,4,1.000000,0.000000
42953,45929015617,1059046,0,0,1657,0,0.000000,16384,1469,59046,4,1.000000,0.000000
42954,45930077733,1062116,0,0,1581,0,0.000000,16384,1401,62116,4,1.000000,0.000000
42955,45931144566,1066833,0,0,1509,0,0.000000,16384,1353,66833,4,1.000000,0.000000
42956,45932208966,1064400,0,0,1540,0,0.000000,16384,1368,64400,4,1.000000,0.000000
42957,45933274584,1065618,0,0,1537,0,0.000000,16384,1373,65618,4,1.000000,0.000000
42958,45934336916,1062332,0,0,1564,0,0.000000,16384,1389,62332,4,1.000000,0.000000
42959,45935395882,1058966,0,0,1473,0,0.000000,16384,1315,58966,4,1.000000,0.000000
42960,45936452691,1056809,0,0,1490,0,0.000000,16384,1336,56809,4,1.000000,0.000000
42961,45937535378,1082687,0,0,1570,0,0.000000,16384,1388,82687,4,1.000000,0.000000
42962,45938601812,1066434,0,0,1490,0,0.000000,16384,1341,66434,4,1.000000,0.000000
42963,45939664217,1062405,0,0,1555,0,0.000000,16384,1369,62405,4,1.000000,0.000000
42964,45940726264,1062047,0,0,1559,0,0.000000,16384,1403,62047,4,1.000000,0.000000
42965,45941785068,1058804,0,0,1559,0,0.000000,16384,1379,58804,4,1.000000,0.000000
42966,45942843162,1058094,0,0,1559,0,0.000000,16384,1396,58094,4,1.000000,0.000000
42967,45943906103,1062941,0,0,1480,0,0.000000,16384,1307,62941,4,1.000000,0.000000
42968,45944966840,1060737,0,0,1562,0,0.000000,16384,1407,60737,4,1.000000,0.000000
42969,45946027936,1061096,0,0,1550,0,0.000000,16384,1369,61096,4,1.000000,0.000000
42970,45947087334,1059398,0,0,1560,0,0.000000,16384,1400,59398,4,1.000000,0.000000
42971,45948169323,1081989,0,0,1571,0,0.000000,16384,1395,81989,4,1.000000,0.000000
42972,45949228255,1058932,0,0,1415,0,0.000000,16384,1275,58932,4,1.000000,0.000000
42973,45950363622,1135367,0,0,1655,0,0.000000,16384,1459,135367,4,1.000000,0.000000
42974,45951432475,1068853,0,0,1501,0,0.000000,16384,1346,68853,4,1.000000,0.000000
42975,45952495683,1063208,0,0,1536,0,0.000000,16384,1355,63208,4,1.000000,0.000000
42976,45953555034,1059351,0,0,1559,0,0.000000,16384,1402,59351,4,1.000000,0.000000
42977,45954613126,1058092,0,0,1556,0,0.000000,16384,1377,58092,4,1.000000,0.000000
42978,45955673158,1060032,0,0,1556,0,0.000000,16384,1393,60032,4,1.000000,0.000000
42979,45956735362,1062204,0,0,1516,0,0.000000,16384,1342,62204,4,1.000000,0.000000
42980,45957796695,1061333,0,0,1525,0,0.000000,16384,1372,61333,4,1.000000,0.000000
42981,45958889642,1092947,0,0,1575,0,0.000000,16384,1392,92947,4,1.000000,0.000000
42982,45959950697,1061055,0,0,1557,0,0.000000,16384,1395,61055,4,1.000000,0.000000
42983,45961008967,1058270,0,0,1557,0,0.000000,16384,1384,58270,4,1.000000,0.000000
42984,45962065443,1056476,0,0,1495,0,0.000000,16384,1338,56476,4,1.000000,0.000000
42985,45963124351,1058908,0,0,1498,0,0.000000,16384,1319,58908,4,1.000000,0.000000
42986,45964184955,1060604,0,0,1536,0,0.000000,16384,1389,60604,4,1.000000,0.000000
42987,45965248923,1063968,0,0,1487,0,0.000000,16384,1298,63968,4,1.000000,0.000000
42988,45966309883,1060960,0,0,1557,0,0.000000,16384,1418,60960,4,1.000000,0.000000
42989,45967367568,1057685,0,0,1554,0,0.000000,16384,1357,57685,4,1.000000,0.000000
42990,45968427212,1059644,0,0,1553,0,0.000000,16384,1409,59644,4,1.000000,0.000000
42991,45969509798,1082586,0,0,1686,0,0.000000,16384,1490,82586,4,1.000000,0.000000
42992,45970572571,1062773,0,0,1507,0,0.000000,16384,1346,62773,4,1.000000,0.000000
42993,45971633170,1060599,0,0,1558,0,0.000000,16384,1387,60599,4,1.000000,0.000000
42994,45972684536,1051366,0,0,1635,0,0.000000,16384,1447,51366,4,1.000000,0.000000
42995,45973744741,1060205,0,0,1558,0,0.000000,16384,1406,60205,4,1.000000,0.000000
42996,45974801709,1056968,0,0,1555,0,0.000000,16384,1366,56968,4,1.000000,0.000000
42997,45975860152,1058443,0,0,1497,0,0.000000,16384,1350,58443,4,1.000000,0.000000
42998,45977031459,1171307,0,0,1798,0,0.000000,16384,1577,171307,4,1.000000,0.000000
42999,45978100601,1069142,0,0,1507,0,0.000000,16384,1383,69142,4,1.000000,0.000000
43000,45979165491,1064890,0,0,1539,0,0.000000,16384,1328,64890,4,1.000000,0.000000
43001,45980247694,1082203,0,0,1582,0,0.000000,16384,1449,82203,4,1.000000,0.000000
43002,45981305482,1057788,0,0,1553,0,0.000000,16384,1350,57788,4,1.000000,0.000000
43003,45982365058,1059576,0,0,1627,0,0.000000,16384,1475,59576,4,1.000000,0.000000
43004,45983428465,1063407,0,0,1548,0,0.000000,16384,1364,63407,4,1.000000,0.000000
43005,45984492655,1064190,0,0,1532,0,0.000000,16384,1381,64190,4,1.000000,0.000000
43006,45985552974,1060319,0,0,1639,0,0.000000,16384,1452,60319,4,1.000000,0.000000
43007,45986611766,1058792,0,0,1657,0,0.000000,16384,1465,58792,4,1.000000,0.000000
43008,45987671439,1059673,0,0,1656,0,0.000000,16384,1510,59673,4,1.000000,0.000000
43009,45988733447,1062008,0,0,1473,0,0.000000,16384,1274,62008,4,1.000000,0.000000
43010,45989841486,1108039,0,0,1527,0,0.000000,16384,1390,108039,4,1.000000,0.000000
43011,45990927058,1085572,0,0,1544,0,0.000000,16384,1348,85572,4,1.000000,0.000000
43012,45991991928,1064870,0,0,1488,0,0.000000,16384,1347,64870,4,1.000000,0.000000
43013,45993055320,1063392,0,0,1561,0,0.000000,16384,1373,63392,4,1.000000,0.000000
43014,45994112553,1057233,0,0,1552,0,0.000000,16384,1405,57233,4,1.000000,0.000000
43015,45995171612,1059059,0,0,1554,0,0.000000,16384,1361,59059,4,1.000000,0.000000
43016,45996229782,1058170,0,0,1556,0,0.000000,16384,1413,58170,4,1.000000,0.000000
43017,45997292695,1062913,0,0,1477,0,0.000000,16384,1294,62913,4,1.000000,0.000000
43018,45998354182,1061487,0,0,1552,0,0.000000,16384,1399,61487,4,1.000000,0.000000
43019,45999412832,1058650,0,0,1551,0,0.000000,16384,1364,58650,4,1.000000,0.000000
43020,46000470334,1057502,0,0,1631,0,0.000000,16384,1482,57502,4,1.000000,0.000000
43021,46001548011,1077677,0,0,1601,0,0.000000,16384,1384,77677,4,1.000000,0.000000
43022,46002607476,1059465,0,0,1463,0,0.000000,16384,1344,59465,4,1.000000,0.000000
43023,46003674928,1067452,0,0,1634,0,0.000000,16384,1414,67452,4,1.000000,0.000000
43024,46004740802,1065874,0,0,1548,0,0.000000,16384,1426,65874,4,1.000000,0.000000
43025,46005808633,1067831,0,0,1542,0,0.000000,16384,1328,67831,4,1.000000,0.000000
43026,46006871684,1063051,0,0,1566,0,0.000000,16384,1440,63051,4,1.000000,0.000000
43027,46007931095,1059411,0,0,1555,0,0.000000,16384,1345,59411,4,1.000000,0.000000
43028,46008992798,1061703,0,0,1536,0,0.000000,16384,1408,61703,4,1.000000,0.000000
43029,46010058464,1065666,0,0,1519,0,0.000000,16384,1311,65666,4,1.000000,0.000000
43030,46011121992,1063528,0,0,1524,0,0.000000,16384,1406,63528,4,1.000000,0.000000
43031,46012214554,1092562,0,0,1597,0,0.000000,16384,1379,92562,4,1.000000,0.000000
43032,46013271866,1057312,0,0,1558,0,0.000000,16384,1423,57312,4,1.000000,0.000000
43033,46014330159,1058293,0,0,1556,0,0.000000,16384,1355,58293,4,1.000000,0.000000
43034,46015388388,1058229,0,0,1487,0,0.000000,16384,1361,58229,4,1.000000,0.000000
43035,46016448927,1060539,0,0,1503,0,0.000000,16384,1295,60539,4,1.000000,0.000000
43036,46017509663,1060736,0,0,1545,0,0.000000,16384,1426,60736,4,1.000000,0.000000
43037,46018574767,1065104,0,0,1488,0,0.000000,16384,1283,65104,4,1.000000,0.000000
43038,46019641313,1066546,0,0,1515,0,0.000000,16384,1385,66546,4,1.000000,0.000000
43039,46020686379,1045066,0,0,1434,0,0.000000,16384,1254,45066,4,1.000000,0.000000
43040,46021781114,1094735,0,0,1560,0,0.000000,16384,1404,94735,4,1.000000,0.000000
43041,46022866095,1084981,0,0,1592,0,0.000000,16384,1399,84981,4,1.000000,0.000000
43042,46023928545,1062450,0,0,1461,0,0.000000,16384,1318,62450,4,1.000000,0.000000
43043,46024989219,1060674,0,0,1559,0,0.000000,16384,1378,60674,4,1.000000,0.000000
43044,46026046031,1056812,0,0,1553,0,0.000000,16384,1398,56812,4,1.000000,0.000000
43045,46027103931,1057900,0,0,1555,0,0.000000,16384,1370,57900,4,1.000000,0.000000
43046,46028162227,1058296,0,0,1556,0,0.000000,16384,1405,58296,4,1.000000,0.000000
43047,46029224131,1061904,0,0,1388,0,0.000000,16384,1231,61904,4,1.000000,0.000000
43048,46030381217,1157086,0,0,1678,0,0.000000,16384,1499,157086,4,1.000000,0.000000
43049,46031448695,1067478,0,0,1492,0,0.000000,16384,1318,67478,4,1.000000,0.000000
43050,46032484559,1035864,0,0,1492,0,0.000000,16384,1334,35864,4,1.000000,0.000000
43051,46033570824,1086265,0,0,1586,0,0.000000,16384,1409,86265,4,1.000000,0.000000
43052,46034630821,1059997,0,0,1554,0,0.000000,16384,1391,59997,4,1.000000,0.000000
43053,46035681846,1051025,0,0,1540,0,0.000000,16384,1365,51025,4,1.000000,0.000000
43054,46036745685,1063839,0,0,1511,0,0.000000,16384,1350,63839,4,1.000000,0.000000
43055,46037809199,1063514,0,0,1522,0,0.000000,16384,1356,63514,4,1.000000,0.000000
43056,46038867954,1058755,0,0,1554,0,0.000000,16384,1384,58755,4,1.000000,0.000000
43057,46039928182,1060228,0,0,1553,0,0.000000,16384,1384,60228,4,1.000000,0.000000
43058,46040987341,1059159,0,0,1556,0,0.000000,16384,1389,59159,4,1.000000,0.000000
43059,46042045906,1058565,0,0,1495,0,0.000000,16384,1332,58565,4,1.000000,0.000000
43060,46043104857,1058951,0,0,1488,0,0.000000,16384,1319,58951,4,1.000000,0.000000
43061,46044180321,1075464,0,0,1556,0,0.000000,16384,1397,75464,4,1.000000,0.000000
43062,46045250541,1070220,0,0,1410,0,0.000000,16384,1233,70220,4,1.000000,0.000000
43063,46046321038,1070497,0,0,1465,0,0.000000,16384,1349,70497,4,1.000000,0.000000
43064,46047387064,1066026,0,0,1558,0,0.000000,16384,1338,66026,4,1.000000,0.000000
43065,46048454251,1067187,0,0,1557,0,0.000000,16384,1434,67187,4,1.000000,0.000000
43066,46049515546,1061295,0,0,1544,0,0.000000,16384,1331,61295,4,1.000000,0.000000
43067,46050578640,1063094,0,0,1477,0,0.000000,16384,1361,63094,4,1.000000,0.000000
43068,46051638142,1059502,0,0,1552,0,0.000000,16384,1341,59502,4,1.000000,0.000000
43069,46052672266,1034124,0,0,1615,0,0.000000,16384,1479,34124,4,1.000000,0.000000
43070,46053729915,1057649,0,0,1651,0,0.000000,16384,1442,57649,4,1.000000,0.000000
43071,46054813958,1084043,0,0,1686,0,0.000000,16384,1508,84043,4,1.000000,0.000000
43072,46055872850,1058892,0,0,1491,0,0.000000,16384,1333,58892,4,1.000000,0.000000
43073,46057054426,1181576,0,0,1829,0,0.000000,16384,1605,181576,4,1.000000,0.000000
43074,46058120387,1065961,0,0,1546,0,0.000000,16384,1423,65961,4,1.000000,0.000000
43075,46059184260,1063873,0,0,1559,0,0.000000,16384,1345,63873,4,1.000000,0.000000
43076,46060243260,1059000,0,0,1657,0,0.000000,16384,1509,59000,4,1.000000,0.000000
43077,46061302392,1059132,0,0,1630,0,0.000000,16384,1443,59132,4,1.000000,0.000000
43078,46062360684,1058292,0,0,1662,0,0.000000,16384,1471,58292,4,1.000000,0.000000
43079,46063422649,1061965,0,0,1573,0,0.000000,16384,1424,61965,4,1.000000,0.000000
43080,46064482440,1059791,0,0,1590,0,0.000000,16384,1387,59791,4,1.000000,0.000000
43081,46065573273,1090833,0,0,1707,0,0.000000,16384,1553,90833,4,1.000000,0.000000
43082,46066632428,1059155,0,0,1653,0,0.000000,16384,1454,59155,4,1.000000,0.000000
43083,46067769644,1137216,0,0,1768,0,0.000000,16384,1564,137216,4,1.000000,0.000000
43084,46068831250,1061606,0,0,1448,0,0.000000,16384,1312,61606,4,1.000000,0.000000
43085,46069892753,1061503,0,0,1647,0,0.000000,16384,1444,61503,4,1.000000,0.000000
43086,46070951970,1059217,0,0,1561,0,0.000000,16384,1428,59217,4,1.000000,0.000000
43087,46072017490,1065520,0,0,1496,0,0.000000,16384,1299,65520,4,1.000000,0.000000
43088,46073078628,1061138,0,0,1611,0,0.000000,16384,1472,61138,4,1.000000,0.000000
43089,46074136935,1058307,0,0,1661,0,0.000000,16384,1441,58307,4,1.000000,0.000000
43090,46075194340,1057405,0,0,1660,0,0.000000,16384,1500,57405,4,1.000000,0.000000
43091,46076277335,1082995,0,0,1693,0,0.000000,16384,1513,82995,4,1.000000,0.000000
43092,46077337566,1060231,0,0,1475,0,0.000000,16384,1303,60231,4,1.000000,0.000000
43093,46078397713,1060147,0,0,1555,0,0.000000,16384,1390,60147,4,1.000000,0.000000
43094,46079456307,1058594,0,0,1636,0,0.000000,16384,1443,58594,4,1.000000,0.000000
43095,46080514026,1057719,0,0,1661,0,0.000000,16384,1517,57719,4,1.000000,0.000000
43096,46081571652,1057626,0,0,1656,0,0.000000,16384,1438,57626,4,1.000000,0.000000
43097,46082629861,1058209,0,0,1476,0,0.000000,16384,1348,58209,4,1.000000,0.000000
43098,46083686243,1056382,0,0,1532,0,0.000000,16384,1324,56382,4,1.000000,0.000000
43099,46084752720,1066477,0,0,1506,0,0.000000,16384,1388,66477,4,1.000000,0.000000
43100,46085815762,1063042,0,0,1552,0,0.000000,16384,1334,63042,4,1.000000,0.000000
43101,46086895800,1080038,0,0,1679,0,0.000000,16384,1530,80038,4,1.000000,0.000000
43102,46087954800,1059000,0,0,1638,0,0.000000,16384,1451,59000,4,1.000000,0.000000
43103,46089017089,1062289,0,0,1521,0,0.000000,16384,1357,62289,4,1.000000,0.000000
43104,46090082392,1065303,0,0,1505,0,0.000000,16384,1333,65303,4,1.000000,0.000000
43105,46091149941,1067549,0,0,1478,0,0.000000,16384,1335,67549,4,1.000000,0.000000
43106,46092213162,1063221,0,0,1561,0,0.000000,16384,1368,63221,4,1.000000,0.000000
43107,46093271766,1058604,0,0,1559,0,0.000000,16384,1408,58604,4,1.000000,0.000000
43108,46094329327,1057561,0,0,1622,0,0.000000,16384,1436,57561,4,1.000000,0.000000
43109,46095386973,1057646,0,0,1578,0,0.000000,16384,1405,57646,4,1.000000,0.000000
43110,46096444793,1057820,0,0,1567,0,0.000000,16384,1401,57820,4,1.000000,0.000000
43111,46097528016,1083223,0,0,1639,0,0.000000,16384,1445,83223,4,1.000000,0.000000
43112,46098593116,1065100,0,0,1497,0,0.000000,16384,1355,65100,4,1.000000,0.000000
43113,46099654971,1061855,0,0,1558,0,0.000000,16384,1369,61855,4,1.000000,0.000000
43114,46100673285,1018314,0,0,1493,0,0.000000,16384,1346,18314,4,1.000000,0.000000
43115,46101731277,1057992,0,0,1636,0,0.000000,16384,1439,57992,4,1.000000,0.000000
43116,46102790091,1058814,0,0,1647,0,0.000000,16384,1506,58814,4,1.000000,0.000000
43117,46103852114,1062023,0,0,1494,0,0.000000,16384,1287,62023,4,1.000000,0.000000
43118,46104911989,1059875,0,0,1666,0,0.000000,16384,1520,59875,4,1.000000,0.000000
43119,46105969813,1057824,0,0,1660,0,0.000000,16384,1459,57824,4,1.000000,0.000000
43120,46107027896,1058083,0,0,1662,0,0.000000,16384,1480,58083,4,1.000000,0.000000
43121,46108104521,1076625,0,0,1544,0,0.000000,16384,1386,76625,4,1.000000,0.000000
43122,46109163437,1058916,0,0,1457,0,0.000000,16384,1295,58916,4,1.000000,0.000000
43123,46110222996,1059559,0,0,1649,0,0.000000,16384,1407,59559,4,1.000000,0.000000
43124,46111287539,1064543,0,0,1510,0,0.000000,16384,1357,64543,4,1.000000,0.000000
43125,46112353307,1065768,0,0,1640,0,0.000000,16384,1444,65768,4,1.000000,0.000000
43126,46113412363,1059056,0,0,1668,0,0.000000,16384,1522,59056,4,1.000000,0.000000
43127,46114470253,1057890,0,0,1655,0,0.000000,16384,1441,57890,4,1.000000,0.000000
43128,46115527412,1057159,0,0,1659,0,0.000000,16384,1491,57159,4,1.000000,0.000000
43129,46116587485,1060073,0,0,1617,0,0.000000,16384,1445,60073,4,1.000000,0.000000
43130,46117649114,1061629,0,0,1494,0,0.000000,16384,1324,61629,4,1.000000,0.000000
43131,46118744968,1095854,0,0,1703,0,0.000000,16384,1537,95854,4,1.000000,0.000000
43132,46119803991,1059023,0,0,1650,0,0.000000,16384,1430,59023,4,1.000000,0.000000
43133,46120863639,1059648,0,0,1544,0,0.000000,16384,1419,59648,4,1.000000,0.000000
43134,46121921425,1057786,0,0,1657,0,0.000000,16384,1446,57786,4,1.000000,0.000000
43135,46122979434,1058009,0,0,1456,0,0.000000,16384,1325,58009,4,1.000000,0.000000
43136,46124040001,1060567,0,0,1620,0,0.000000,16384,1415,60567,4,1.000000,0.000000
43137,46125102516,1062515,0,0,1543,0,0.000000,16384,1396,62515,4,1.000000,0.000000
43138,46126163560,1061044,0,0,1646,0,0.000000,16384,1457,61044,4,1.000000,0.000000
43139,46127220632,1057072,0,0,1664,0,0.000000,16384,1472,57072,4,1.000000,0.000000
43140,46128277301,1056669,0,0,1654,0,0.000000,16384,1506,56669,4,1.000000,0.000000
43141,46129358352,1081051,0,0,1642,0,0.000000,16384,1422,81051,4,1.000000,0.000000
43142,46130422109,1063757,0,0,1480,0,0.000000,16384,1362,63757,4,1.000000,0.000000
43143,46131481985,1059876,0,0,1630,0,0.000000,16384,1412,59876,4,1.000000,0.000000
43144,46132539200,1057215,0,0,1660,0,0.000000,16384,1500,57215,4,1.000000,0.000000
43145,46133597738,1058538,0,0,1661,0,0.000000,16384,1481,58538,4,1.000000,0.000000
43146,46134654477,1056739,0,0,1657,0,0.000000,16384,1454,56739,4,1.000000,0.000000
43147,46135673766,1019289,0,0,1427,0,0.000000,16384,1294,19289,4,1.000000,0.000000
43148,46136731245,1057479,0,0,1651,0,0.000000,16384,1449,57479,4,1.000000,0.000000
43149,46137795769,1064524,0,0,1581,0,0.000000,16384,1447,64524,4,1.000000,0.000000
43150,46138861564,1065795,0,0,1512,0,0.000000,16384,1308,65795,4,1.000000,0.000000
43151,46139945875,1084311,0,0,1590,0,0.000000,16384,1457,84311,4,1.000000,0.000000
43152,46141005148,1059273,0,0,1646,0,0.000000,16384,1427,59273,4,1.000000,0.000000
43153,46142064273,1059125,0,0,1666,0,0.000000,16384,1506,59125,4,1.000000,0.000000
43154,46143123212,1058939,0,0,1636,0,0.000000,16384,1456,58939,4,1.000000,0.000000
43155,46144184081,1060869,0,0,1534,0,0.000000,16384,1361,60869,4,1.000000,0.000000
43156,46145244630,1060549,0,0,1664,0,0.000000,16384,1501,60549,4,1.000000,0.000000
43157,46146303934,1059304,0,0,1592,0,0.000000,16384,1384,59304,4,1.000000,0.000000
43158,46147360262,1056328,0,0,1621,0,0.000000,16384,1484,56328,4,1.000000,0.000000
43159,46148418431,1058169,0,0,1654,0,0.000000,16384,1443,58169,4,1.000000,0.000000
43160,46149480407,1061976,0,0,1431,0,0.000000,16384,1306,61976,4,1.000000,0.000000
43161,46150560383,1079976,0,0,1618,0,0.000000,16384,1406,79976,4,1.000000,0.000000
43162,46151626363,1065980,0,0,1491,0,0.000000,16384,1362,65980,4,1.000000,0.000000
43163,46152672759,1046396,0,0,1625,0,0.000000,16384,1419,46396,4,1.000000,0.000000
43164,46153729293,1056534,0,0,1596,0,0.000000,16384,1439,56534,4,1.000000,0.000000
43165,46154787107,1057814,0,0,1660,0,0.000000,16384,1477,57814,4,1.000000,0.000000
43166,46155845547,1058440,0,0,1662,0,0.000000,16384,1461,58440,4,1.000000,0.000000
43167,46156907460,1061913,0,0,1539,0,0.000000,16384,1404,61913,4,1.000000,0.000000
43168,46157967933,1060473,0,0,1571,0,0.000000,16384,1365,60473,4,1.000000,0.000000
43169,46159025696,1057763,0,0,1661,0,0.000000,16384,1516,57763,4,1.000000,0.000000
43170,46160081971,1056275,0,0,1654,0,0.000000,16384,1449,56275,4,1.000000,0.000000
43171,46161158888,1076917,0,0,1687,0,0.000000,16384,1504,76917,4,1.000000,0.000000
43172,46162217399,1058511,0,0,1568,0,0.000000,16384,1411,58511,4,1.000000,0.000000
43173,46163274834,1057435,0,0,1745,0,0.000000,16384,1525,57435,4,1.000000,0.000000
43174,46164350838,1076004,0,0,1677,0,0.000000,16384,1524,76004,4,1.000000,0.000000
43175,46165413452,1062614,0,0,1594,0,0.000000,16384,1411,62614,4,1.000000,0.000000
43176,46166472684,1059232,0,0,1565,0,0.000000,16384,1397,59232,4,1.000000,0.000000
43177,46167531032,1058348,0,0,1636,0,0.000000,16384,1464,58348,4,1.000000,0.000000
43178,46168587948,1056916,0,0,1788,0,0.000000,16384,1568,56916,4,1.000000,0.000000
43179,46169648872,1060924,0,0,1581,0,0.000000,16384,1440,60924,4,1.000000,0.000000
43180,46170679848,1030976,0,0,1438,0,0.000000,16384,1243,30976,4,1.000000,0.000000
43181,46171774100,1094252,0,0,1610,0,0.000000,16384,1477,94252,4,1.000000,0.000000
43182,46172831105,1057005,0,0,1556,0,0.000000,16384,1353,57005,4,1.000000,0.000000
43183,46173889258,1058153,0,0,1578,0,0.000000,16384,1435,58153,4,1.000000,0.000000
43184,46174946348,1057090,0,0,1685,0,0.000000,16384,1488,57090,4,1.000000,0.000000
43185,46176004272,1057924,0,0,1634,0,0.000000,16384,1447,57924,4,1.000000,0.000000
43186,46177111553,1107281,0,0,1814,0,0.000000,16384,1639,107281,4,1.000000,0.000000
43187,46178178196,1066643,0,0,1536,0,0.000000,16384,1342,66643,4,1.000000,0.000000
43188,46179240429,1062233,0,0,1545,0,0.000000,16384,1404,62233,4,1.000000,0.000000
43189,46180299702,1059273,0,0,1579,0,0.000000,16384,1384,59273,4,1.000000,0.000000
43190,46181358574,1058872,0,0,1665,0,0.000000,16384,1492,58872,4,1.000000,0.000000
43191,46182432469,1073895,0,0,1675,0,0.000000,16384,1508,73895,4,1.000000,0.000000
43192,46183493453,1060984,0,0,1518,0,0.000000,16384,1327,60984,4,1.000000,0.000000
43193,46184553452,1059999,0,0,1628,0,0.000000,16384,1482,59999,4,1.000000,0.000000
43194,46185610439,1056987,0,0,1654,0,0.000000,16384,1435,56987,4,1.000000,0.000000
43195,46186670126,1059687,0,0,1658,0,0.000000,16384,1503,59687,4,1.000000,0.000000
43196,46187768823,1098697,0,0,1718,0,0.000000,16384,1533,98697,4,1.000000,0.000000
43197,46188826671,1057848,0,0,1517,0,0.000000,16384,1336,57848,4,1.000000,0.000000
43198,46189886942,1060271,0,0,1546,0,0.000000,16384,1391,60271,4,1.000000,0.000000
43199,46190994215,1107273,0,0,1595,0,0.000000,16384,1402,107273,4,1.000000,0.000000
43200,46192062048,1067833,0,0,1475,0,0.000000,16384,1332,67833,4,1.000000,0.000000
43201,46193149127,1087079,0,0,1649,0,0.000000,16384,1448,87079,4,1.000000,0.000000
43202,46194211002,1061875,0,0,1612,0,0.000000,16384,1477,61875,4,1.000000,0.000000
43203,46195269730,1058728,0,0,1662,0,0.000000,16384,1442,58728,4,1.000000,0.000000
43204,46196328842,1059112,0,0,1656,0,0.000000,16384,1493,59112,4,1.000000,0.000000
43205,46197392170,1063328,0,0,1479,0,0.000000,16384,1306,63328,4,1.000000,0.000000
43206,46198451635,1059465,0,0,1626,0,0.000000,16384,1459,59465,4,1.000000,0.000000
43207,46199510140,1058505,0,0,1655,0,0.000000,16384,1482,58505,4,1.000000,0.000000
43208,46200568428,1058288,0,0,1656,0,0.000000,16384,1448,58288,4,1.000000,0.000000
43209,46201628246,1059818,0,0,1571,0,0.000000,16384,1443,59818,4,1.000000,0.000000
43210,46202673605,1045359,0,0,1423,0,0.000000,16384,1233,45359,4,1.000000,0.000000
43211,46203748369,1074764,0,0,1662,0,0.000000,16384,1516,74764,4,1.000000,0.000000
43212,46204811884,1063515,0,0,1514,0,0.000000,16384,1305,63515,4,1.000000,0.000000
43213,46205875694,1063810,0,0,1562,0,0.000000,16384,1435,63810,4,1.000000,0.000000
43214,46206937742,1062048,0,0,1657,0,0.000000,16384,1437,62048,4,1.000000,0.000000
43215,46207996267,1058525,0,0,1657,0,0.000000,16384,1497,58525,4,1.000000,0.000000
43216,46209053707,1057440,0,0,1657,0,0.000000,16384,1477,57440,4,1.000000,0.000000
43217,46210113790,1060083,0,0,1553,0,0.000000,16384,1372,60083,4,1.000000,0.000000
43218,46211175951,1062161,0,0,1502,0,0.000000,16384,1347,62161,4,1.000000,0.000000
43219,46212239250,1063299,0,0,1541,0,0.000000,16384,1368,63299,4,1.000000,0.000000
43220,46213299028,1059778,0,0,1560,0,0.000000,16384,1397,59778,4,1.000000,0.000000
43221,46214376963,1077935,0,0,1651,0,0.000000,16384,1453,77935,4,1.000000,0.000000
43222,46215434842,1057879,0,0,1532,0,0.000000,16384,1394,57879,4,1.000000,0.000000
43223,46216494029,1059187,0,0,1629,0,0.000000,16384,1415,59187,4,1.000000,0.000000
43224,46217554180,1060151,0,0,1614,0,0.000000,16384,1479,60151,4,1.000000,0.000000
43225,46218619046,1064866,0,0,1496,0,0.000000,16384,1289,64866,4,1.000000,0.000000
43226,46219674926,1055880,0,0,1541,0,0.000000,16384,1421,55880,4,1.000000,0.000000
43227,46220733725,1058799,0,0,1623,0,0.000000,16384,1407,58799,4,1.000000,0.000000
43228,46221791750,1058025,0,0,1660,0,0.000000,16384,1500,58025,4,1.000000,0.000000
43229,46222848930,1057180,0,0,1663,0,0.000000,16384,1483,57180,4,1.000000,0.000000
43230,46223906262,1057332,0,0,1638,0,0.000000,16384,1439,57332,4,1.000000,0.000000
43231,46224995876,1089614,0,0,1552,0,0.000000,16384,1415,89614,4,1.000000,0.000000
43232,46226055849,1059973,0,0,1661,0,0.000000,16384,1441,59973,4,1.000000,0.000000
43233,46227113677,1057828,0,0,1658,0,0.000000,16384,1509,57828,4,1.000000,0.000000
43234,46228171296,1057619,0,0,1658,0,0.000000,16384,1467,57619,4,1.000000,0.000000
43235,46229228626,1057330,0,0,1515,0,0.000000,16384,1352,57330,4,1.000000,0.000000
43236,46230291501,1062875,0,0,1530,0,0.000000,16384,1361,62875,4,1.000000,0.000000
43237,46231361357,1069856,0,0,1505,0,0.000000,16384,1348,69856,4,1.000000,0.000000
43238,46232429257,1067900,0,0,1534,0,0.000000,16384,1355,67900,4,1.000000,0.000000
43239,46233495483,1066226,0,0,1569,0,0.000000,16384,1408,66226,4,1.000000,0.000000
43240,46234559102,1063619,0,0,1565,0,0.000000,16384,1390,63619,4,1.000000,0.000000
43241,46235642253,1083151,0,0,1591,0,0.000000,16384,1415,83151,4,1.000000,0.000000
43242,46236673047,1030794,0,0,1489,0,0.000000,16384,1329,30794,4,1.000000,0.000000
43243,46237738087,1065040,0,0,1521,0,0.000000,16384,1360,65040,4,1.000000,0.000000
43244,46238802163,1064076,0,0,1524,0,0.000000,16384,1349,64076,4,1.000000,0.000000
43245,46239862139,1059976,0,0,1559,0,0.000000,16384,1398,59976,4,1.000000,0.000000
43246,46240921815,1059676,0,0,1575,0,0.000000,16384,1399,59676,4,1.000000,0.000000
43247,46241979648,1057833,0,0,1660,0,0.000000,16384,1470,57833,4,1.000000,0.000000
43248,46243036379,1056731,0,0,1460,0,0.000000,16384,1311,56731,4,1.000000,0.000000
43249,46244096466,1060087,0,0,1628,0,0.000000,16384,1440,60087,4,1.000000,0.000000
43250,46245161930,1065464,0,0,1481,0,0.000000,16384,1333,65464,4,1.000000,0.000000
43251,46246243932,1082002,0,0,1583,0,0.000000,16384,1399,82002,4,1.000000,0.000000
43252,46247302187,1058255,0,0,1560,0,0.000000,16384,1408,58255,4,1.000000,0.000000
43253,46248360647,1058460,0,0,1557,0,0.000000,16384,1367,58460,4,1.000000,0.000000
43254,46249482264,1121617,0,0,1638,0,0.000000,16384,1492,121617,4,1.000000,0.000000
43255,46250545846,1063582,0,0,1539,0,0.000000,16384,1330,63582,4,1.000000,0.000000
43256,46251609773,1063927,0,0,1487,0,0.000000,16384,1360,63927,4,1.000000,0.000000
43257,46252672439,1062666,0,0,1553,0,0.000000,16384,1353,62666,4,1.000000,0.000000
43258,46253730516,1058077,0,0,1558,0,0.000000,16384,1422,58077,4,1.000000,0.000000
43259,46254788974,1058458,0,0,1558,0,0.000000,16384,1352,58458,4,1.000000,0.000000
43260,46255846554,1057580,0,0,1426,0,0.000000,16384,1296,57580,4,1.000000,0.000000
43261,46256923517,1076963,0,0,1575,0,0.000000,16384,1385,76963,4,1.000000,0.000000
43262,46257989795,1066278,0,0,1505,0,0.000000,16384,1359,66278,4,1.000000,0.000000
43263,46259057410,1067615,0,0,1536,0,0.000000,16384,1355,67615,4,1.000000,0.000000
43264,46260123736,1066326,0,0,1567,0,0.000000,16384,1412,66326,4,1.000000,0.000000
43265,46261183247,1059511,0,0,1558,0,0.000000,16384,1369,59511,4,1.000000,0.000000
43266,46262240210,1056963,0,0,1557,0,0.000000,16384,1410,56963,4,1.000000,0.000000
43267,46263298456,1058246,0,0,1557,0,0.000000,16384,1362,58246,4,1.000000,0.000000
43268,46264363458,1065002,0,0,1525,0,0.000000,16384,1384,65002,4,1.000000,0.000000
43269,46265427624,1064166,0,0,1524,0,0.000000,16384,1335,64166,4,1.000000,0.000000
43270,46266488246,1060622,0,0,1561,0,0.000000,16384,1414,60622,4,1.000000,0.000000
43271,46267565590,1077344,0,0,1583,0,0.000000,16384,1382,77344,4,1.000000,0.000000
43272,46268622253,1056663,0,0,1558,0,0.000000,16384,1422,56663,4,1.000000,0.000000
43273,46269680511,1058258,0,0,1394,0,0.000000,16384,1221,58258,4,1.000000,0.000000
43274,46270748424,1067913,0,0,1530,0,0.000000,16384,1368,67913,4,1.000000,0.000000
43275,46271815546,1067122,0,0,1484,0,0.000000,16384,1324,67122,4,1.000000,0.000000
43276,46272877231,1061685,0,0,1561,0,0.000000,16384,1389,61685,4,1.000000,0.000000
43277,46273935427,1058196,0,0,1555,0,0.000000,16384,1385,58196,4,1.000000,0.000000
43278,46274991913,1056486,0,0,1553,0,0.000000,16384,1383,56486,4,1.000000,0.000000
43279,46276049682,1057769,0,0,1555,0,0.000000,16384,1384,57769,4,1.000000,0.000000
43280,46277107485,1057803,0,0,1555,0,0.000000,16384,1390,57803,4,1.000000,0.000000
43281,46278201123,1093638,0,0,1562,0,0.000000,16384,1383,93638,4,1.000000,0.000000
43282,46279261277,1060154,0,0,1660,0,0.000000,16384,1503,60154,4,1.000000,0.000000
43283,46280319169,1057892,0,0,1664,0,0.000000,16384,1444,57892,4,1.000000,0.000000
43284,46281375481,1056312,0,0,1665,0,0.000000,16384,1513,56312,4,1.000000,0.000000
43285,46282434358,1058877,0,0,1523,0,0.000000,16384,1339,58877,4,1.000000,0.000000
43286,46283491721,1057363,0,0,1658,0,0.000000,16384,1487,57363,4,1.000000,0.000000
43287,46284554654,1062933,0,0,1537,0,0.000000,16384,1370,62933,4,1.000000,0.000000
43288,46285617301,1062647,0,0,1530,0,0.000000,16384,1364,62647,4,1.000000,0.000000
43289,46286676722,1059421,0,0,1550,0,0.000000,16384,1382,59421,4,1.000000,0.000000
43290,46287733550,1056828,0,0,1556,0,0.000000,16384,1384,56828,4,1.000000,0.000000
43291,46288810893,1077343,0,0,1695,0,0.000000,16384,1527,77343,4,1.000000,0.000000
43292,46289871492,1060599,0,0,1611,0,0.000000,16384,1398,60599,4,1.000000,0.000000
43293,46290934017,1062525,0,0,1524,0,0.000000,16384,1401,62525,4,1.000000,0.000000
43294,46291999511,1065494,0,0,1452,0,0.000000,16384,1261,65494,4,1.000000,0.000000
43295,46293061169,1061658,0,0,1557,0,0.000000,16384,1412,61658,4,1.000000,0.000000
43296,46294118024,1056855,0,0,1551,0,0.000000,16384,1355,56855,4,1.000000,0.000000
43297,46295177212,1059188,0,0,1605,0,0.000000,16384,1465,59188,4,1.000000,0.000000
43298,46296235339,1058127,0,0,1501,0,0.000000,16384,1301,58127,4,1.000000,0.000000
43299,46297294758,1059419,0,0,1610,0,0.000000,16384,1474,59419,4,1.000000,0.000000
43300,46298362260,1067502,0,0,1517,0,0.000000,16384,1308,67502,4,1.000000,0.000000
43301,46299457312,1095052,0,0,1544,0,0.000000,16384,1417,95052,4,1.000000,0.000000
43302,46300522871,1065559,0,0,1550,0,0.000000,16384,1339,65559,4,1.000000,0.000000
43303,46301589824,1066953,0,0,1570,0,0.000000,16384,1445,66953,4,1.000000,0.000000
43304,46302649469,1059645,0,0,1651,0,0.000000,16384,1431,59645,4,1.000000,0.000000
43305,46303677127,1027658,0,0,1505,0,0.000000,16384,1373,27658,4,1.000000,0.000000
43306,46304740116,1062989,0,0,1534,0,0.000000,16384,1329,62989,4,1.000000,0.000000
43307,46305800793,1060677,0,0,1668,0,0.000000,16384,1514,60677,4,1.000000,0.000000
43308,46306852558,1051765,0,0,1653,0,0.000000,16384,1468,51765,4,1.000000,0.000000
43309,46307912347,1059789,0,0,1665,0,0.000000,16384,1467,59789,4,1.000000,0.000000
43310,46308971031,1058684,0,0,1533,0,0.000000,16384,1395,58684,4,1.000000,0.000000
43311,46310051973,1080942,0,0,1641,0,0.000000,16384,1424,80942,4,1.000000,0.000000
43312,46311114543,1062570,0,0,1498,0,0.000000,16384,1379,62570,4,1.000000,0.000000
43313,46312181217,1066674,0,0,1518,0,0.000000,16384,1315,66674,4,1.000000,0.000000
43314,46313241010,1059793,0,0,1613,0,0.000000,16384,1479,59793,4,1.000000,0.000000
43315,46314299320,1058310,0,0,1663,0,0.000000,16384,1444,58310,4,1.000000,0.000000
43316,46315357350,1058030,0,0,1666,0,0.000000,16384,1499,58030,4,1.000000,0.000000
43317,46316415889,1058539,0,0,1668,0,0.000000,16384,1495,58539,4,1.000000,0.000000
43318,46317473140,1057251,0,0,1654,0,0.000000,16384,1443,57251,4,1.000000,0.000000
43319,46318533539,1060399,0,0,1541,0,0.000000,16384,1416,60399,4,1.000000,0.000000
43320,46319591728,1058189,0,0,1796,0,0.000000,16384,1576,58189,4,1.000000,0.000000
43321,46320763956,1172228,0,0,1999,0,0.000000,16384,1775,172228,4,1.000000,0.000000
43322,46321821425,1057469,0,0,1818,0,0.000000,16384,1612,57469,4,1.000000,0.000000
43323,46322878969,1057544,0,0,1599,0,0.000000,16384,1465,57544,4,1.000000,0.000000
43324,46323940001,1061032,0,0,1600,0,0.000000,16384,1380,61032,4,1.000000,0.000000
43325,46325006121,1066120,0,0,1522,0,0.000000,16384,1400,66120,4,1.000000,0.000000
43326,46326065845,1059724,0,0,1641,0,0.000000,16384,1427,59724,4,1.000000,0.000000
43327,46327123433,1057588,0,0,1801,0,0.000000,16384,1607,57588,4,1.000000,0.000000
43328,46328182033,1058600,0,0,1773,0,0.000000,16384,1606,58600,4,1.000000,0.000000
43329,46329239656,1057623,0,0,1814,0,0.000000,16384,1611,57623,4,1.000000,0.000000
43330,46330299649,1059993,0,0,1632,0,0.000000,16384,1426,59993,4,1.000000,0.000000
43331,46331400943,1101294,0,0,1537,0,0.000000,16384,1407,101294,4,1.000000,0.000000
43332,46332460307,1059364,0,0,1630,0,0.000000,16384,1410,59364,4,1.000000,0.000000
43333,46333518293,1057986,0,0,1661,0,0.000000,16384,1514,57986,4,1.000000,0.000000
43334,46334577727,1059434,0,0,1661,0,0.000000,16384,1467,59434,4,1.000000,0.000000
43335,46335636811,1059084,0,0,1583,0,0.000000,16384,1409,59084,4,1.000000,0.000000
43336,46336671197,1034386,0,0,1724,0,0.000000,16384,1563,34386,4,1.000000,0.000000
43337,46337731218,1060021,0,0,1596,0,0.000000,16384,1376,60021,4,1.000000,0.000000
43338,46338795926,1064708,0,0,1537,0,0.000000,16384,1414,64708,4,1.000000,0.000000
43339,46339857304,1061378,0,0,1573,0,0.000000,16384,1360,61378,4,1.000000,0.000000
43340,46340915909,1058605,0,0,1656,0,0.000000,16384,1504,58605,4,1.000000,0.000000
43341,46341993153,1077244,0,0,1735,0,0.000000,16384,1546,77244,4,1.000000,0.000000
43342,46343052853,1059700,1,3,1708,0,0.000000,16384,1477,59700,4,1.000000,0.000000
