version https://git-lfs.github.com/spec/v1
oid sha256:46311da38e3b915d67a68b9e6b0a53052f015deb5ca402d8ee9f8b321daa100c
size 17344105
